1.2 1.15
1.3 0.85
1.4 0.55123983
1.5 0.29399458
1.6 0.088888992
1.6071826 0.076948377
1.6143653 0.065035191
1.6215479 0.053176868
1.6287306 0.041400831
1.6359132 0.029734513
1.6430959 0.018205344
1.6502785 0.0068407533
1.6574612 -0.0043318297
1.6646438 -0.015284975
1.6718265 -0.025991254
1.6790091 -0.036423236
1.6861918 -0.04655349
1.6933744 -0.056354589
1.7005571 -0.065799106
1.7077397 -0.074868806
1.7149224 -0.083574629
1.722105 -0.091933291
1.7292877 -0.099961504
1.7364703 -0.10767598
1.743653 -0.11509345
1.7508356 -0.1222306
1.7580183 -0.12910418
1.7652009 -0.13573088
1.7723835 -0.14212742
1.7795662 -0.14831051
1.7867488 -0.15429688
1.7939315 -0.16010323
1.8011141 -0.16574627
1.8082968 -0.17123852
1.8154794 -0.17658192
1.8226621 -0.18177674
1.8298447 -0.18682325
1.8370274 -0.19172174
1.84421 -0.19647248
1.8513927 -0.20107575
1.8585753 -0.20553182
1.865758 -0.20984097
1.8729406 -0.21400349
1.8801233 -0.21801964
1.8873059 -0.2218897
1.8944886 -0.22561395
1.9016712 -0.22919267
1.9088539 -0.23262696
1.9160365 -0.2359195
1.9232192 -0.23907323
1.9304018 -0.24209104
1.9375844 -0.24497584
1.9447671 -0.24773055
1.9519497 -0.25035807
1.9591324 -0.25286132
1.966315 -0.2552432
1.9734977 -0.25750662
1.9806803 -0.2596545
1.987863 -0.26168973
1.9950456 -0.26361524
2.0022283 -0.26543393
2.0094109 -0.26714878
2.0165936 -0.26876285
2.0237762 -0.27027924
2.0309589 -0.27170101
2.0381415 -0.27303127
2.0453242 -0.27427309
2.0525068 -0.27542955
2.0596895 -0.27650374
2.0668721 -0.27749874
2.0740548 -0.27841764
2.0812374 -0.27926352
2.0884201 -0.28003945
2.0956027 -0.28074853
2.1027853 -0.28139383
2.109968 -0.28197816
2.1171506 -0.28250393
2.1243333 -0.28297355
2.1315159 -0.28338942
2.1386986 -0.28375395
2.1458812 -0.28406953
2.1530639 -0.28433856
2.1602465 -0.28456346
2.1674292 -0.28474661
2.1746118 -0.28489042
2.1817945 -0.28499729
2.1889771 -0.28506963
2.1961598 -0.28510983
2.2033424 -0.28512023
2.2105251 -0.28510153
2.2177077 -0.2850526
2.2248904 -0.28497221
2.232073 -0.28485916
2.2392557 -0.28471222
2.2464383 -0.28453018
2.253621 -0.28431183
2.2608036 -0.28405594
2.2679862 -0.28376131
2.2751689 -0.2834267
2.2823515 -0.28305092
2.2895342 -0.28263272
2.2967168 -0.28217092
2.3038995 -0.28166439
2.3110821 -0.28111411
2.3182648 -0.28052292
2.3254474 -0.27989372
2.3326301 -0.27922942
2.3398127 -0.27853292
2.3469954 -0.27780712
2.354178 -0.27705493
2.3613607 -0.27627925
2.3685433 -0.27548299
2.375726 -0.27466905
2.3829086 -0.27384033
2.3900913 -0.27299973
2.3972739 -0.27215016
2.4044566 -0.27129435
2.4116392 -0.27043255
2.4188219 -0.26956324
2.4260045 -0.26868485
2.4331871 -0.26779579
2.4403698 -0.26689449
2.4475524 -0.26597939
2.4547351 -0.26504891
2.4619177 -0.26410147
2.4691004 -0.26313551
2.476283 -0.26214945
2.4834657 -0.26114171
2.4906483 -0.26011073
2.497831 -0.25905492
2.5050136 -0.25797298
2.5121963 -0.25686625
2.5193789 -0.25573765
2.5265616 -0.25459014
2.5337442 -0.25342665
2.5409269 -0.25225014
2.5481095 -0.25106355
2.5552922 -0.24986984
2.5624748 -0.24867194
2.5696575 -0.2474728
2.5768401 -0.24627538
2.5840228 -0.24508261
2.5912054 -0.24389745
2.598388 -0.24272283
2.6055707 -0.24156128
2.6127533 -0.24041177
2.619936 -0.2392716
2.6271186 -0.23813806
2.6343013 -0.23700842
2.6414839 -0.23587997
2.6486666 -0.23475001
2.6558492 -0.2336158
2.6630319 -0.23247465
2.6702145 -0.23132382
2.6773972 -0.23016062
2.6845798 -0.22898231
2.6917625 -0.2277862
2.6989451 -0.22656955
2.7061278 -0.22533026
2.7133104 -0.22406995
2.7204931 -0.22279167
2.7276757 -0.22149849
2.7348584 -0.22019348
2.742041 -0.21887971
2.7492237 -0.21756022
2.7564063 -0.21623811
2.7635889 -0.21491641
2.7707716 -0.21359821
2.7779542 -0.21228656
2.7851369 -0.21098452
2.7923195 -0.20969518
2.7995022 -0.20842159
2.8066848 -0.20716606
2.8138675 -0.20592724
2.8210501 -0.20470264
2.8282328 -0.20348978
2.8354154 -0.20228616
2.8425981 -0.20108929
2.8497807 -0.19989668
2.8569634 -0.19870585
2.864146 -0.19751431
2.8713287 -0.19631956
2.8785113 -0.19511912
2.885694 -0.1939105
2.8928766 -0.1926912
2.9000593 -0.19145875
2.9072419 -0.19021142
2.9144246 -0.18895052
2.9216072 -0.18767808
2.9287898 -0.18639615
2.9359725 -0.18510676
2.9431551 -0.18381194
2.9503378 -0.18251375
2.9575204 -0.18121422
2.9647031 -0.17991537
2.9718857 -0.17861926
2.9790684 -0.17732793
2.986251 -0.1760434
2.9934337 -0.17476772
3.0006163 -0.17350293
3.007799 -0.17225055
3.0149816 -0.17101053
3.0221643 -0.16978249
3.0293469 -0.16856607
3.0365296 -0.16736091
3.0437122 -0.16616663
3.0508949 -0.16498288
3.0580775 -0.16380928
3.0652602 -0.16264548
3.0724428 -0.1614911
3.0796255 -0.16034577
3.0868081 -0.15920914
3.0939907 -0.15808083
3.1011734 -0.15696049
3.108356 -0.15584768
3.1155387 -0.15474186
3.1227213 -0.15364244
3.129904 -0.15254885
3.1370866 -0.15146052
3.1442693 -0.15037686
3.1514519 -0.14929731
3.1586346 -0.14822128
3.1658172 -0.14714821
3.1729999 -0.1460775
3.1801825 -0.1450086
3.1873652 -0.14394091
3.1945478 -0.14287388
3.2017305 -0.1418069
3.2089131 -0.14073933
3.2160958 -0.13967033
3.2232784 -0.13859903
3.2304611 -0.13752457
3.2376437 -0.13644611
3.2448263 -0.13536276
3.252009 -0.13427368
3.2591916 -0.13317801
3.2663743 -0.13207488
3.2735569 -0.13096345
3.2807396 -0.12984283
3.2879222 -0.12871219
3.2951049 -0.12757065
3.3022875 -0.12641738
3.3094702 -0.12525298
3.3166528 -0.12408038
3.3238355 -0.12290271
3.3310181 -0.1217231
3.3382008 -0.12054469
3.3453834 -0.11937061
3.3525661 -0.118204
3.3597487 -0.11704799
3.3669314 -0.11590572
3.374114 -0.11478033
3.3812967 -0.11367493
3.3884793 -0.11259268
3.395662 -0.11153671
3.4028446 -0.11051009
3.4100272 -0.10951361
3.4172099 -0.10854507
3.4243925 -0.10760203
3.4315752 -0.1066821
3.4387578 -0.10578284
3.4459405 -0.10490185
3.4531231 -0.10403671
3.4603058 -0.103185
3.4674884 -0.1023443
3.4746711 -0.1015122
3.4818537 -0.10068629
3.4890364 -0.099864137
3.496219 -0.099043337
3.5034017 -0.098221519
3.5105843 -0.0973976
3.517767 -0.096571868
3.5249496 -0.095744689
3.5321323 -0.094916418
3.5393149 -0.094087412
3.5464976 -0.093258035
3.5536802 -0.092428643
3.5608629 -0.091599596
3.5680455 -0.090771256
3.5752281 -0.089943977
3.5824108 -0.089118124
3.5895934 -0.08829405
3.5967761 -0.087472118
3.6039587 -0.086652682
3.6111414 -0.08583595
3.618324 -0.085022023
3.6255067 -0.084210987
3.6326893 -0.083402932
3.639872 -0.082597953
3.6470546 -0.081796134
3.6542373 -0.080997568
3.6614199 -0.080202349
3.6686026 -0.079410559
3.6757852 -0.078622297
3.6829679 -0.077837648
3.6901505 -0.077056703
3.6973332 -0.076279554
3.7045158 -0.075506311
3.7116985 -0.074737376
3.7188811 -0.07397335
3.7260638 -0.073214844
3.7332464 -0.072462468
3.740429 -0.071716831
3.7476117 -0.070978545
3.7547943 -0.070248211
3.761977 -0.069526447
3.7691596 -0.068813855
3.7763423 -0.06811105
3.7835249 -0.067418642
3.7907076 -0.066737232
3.7978902 -0.066067439
3.8050729 -0.065409758
3.8122555 -0.064763621
3.8194382 -0.064127828
3.8266208 -0.063501179
3.8338035 -0.062882467
3.8409861 -0.062270488
3.8481688 -0.061664036
3.8553514 -0.061061909
3.8625341 -0.060462903
3.8697167 -0.059865811
3.8768994 -0.059269432
3.884082 -0.058672557
3.8912647 -0.058073987
3.8984473 -0.057472515
3.9056299 -0.056867158
3.9128126 -0.056258659
3.9199952 -0.055648576
3.9271779 -0.05503846
3.9343605 -0.054429873
3.9415432 -0.053824373
3.9487258 -0.053223518
3.9559085 -0.052628862
3.9630911 -0.052041968
3.9702738 -0.05146439
3.9774564 -0.05089769
3.9846391 -0.050343422
3.9918217 -0.049803144
3.9990044 -0.049278416
4.006187 -0.04877047
4.0133697 -0.048278555
4.0205523 -0.047801177
4.027735 -0.047336842
4.0349176 -0.04688405
4.0421003 -0.046441305
4.0492829 -0.046007112
4.0564656 -0.045579975
4.0636482 -0.045158398
4.0708308 -0.044740881
4.0780135 -0.04432593
4.0851961 -0.043912048
4.0923788 -0.04349774
4.0995614 -0.043081506
4.1067441 -0.042662123
4.1139267 -0.04223966
4.1211094 -0.041814573
4.128292 -0.041387329
4.1354747 -0.04095838
4.1426573 -0.040528189
4.14984 -0.040097215
4.1570226 -0.039665914
4.1642053 -0.039234749
4.1713879 -0.038804179
4.1785706 -0.038374664
4.1857532 -0.037946659
4.1929359 -0.037520628
4.2001185 -0.03709703
4.2073012 -0.03667618
4.2144838 -0.036257865
4.2216665 -0.035841742
4.2288491 -0.035427467
4.2360317 -0.035014698
4.2432144 -0.034603091
4.250397 -0.034192304
4.2575797 -0.033781993
4.2647623 -0.033371815
4.271945 -0.032961427
4.2791276 -0.032550487
4.2863103 -0.032138651
4.2934929 -0.031725576
4.3006756 -0.031310919
4.3078582 -0.030894803
4.3150409 -0.03047876
4.3222235 -0.030064583
4.3294062 -0.029654069
4.3365888 -0.029249013
4.3437715 -0.028851211
4.3509541 -0.028462458
4.3581368 -0.028084551
4.3653194 -0.027719284
4.3725021 -0.027368452
4.3796847 -0.027033852
4.3868674 -0.026717278
4.39405 -0.026420528
4.4012326 -0.026145391
4.4084153 -0.025892425
4.4155979 -0.025659205
4.4227806 -0.025442861
4.4299632 -0.025240526
4.4371459 -0.025049331
4.4443285 -0.024866409
4.4515112 -0.024688891
4.4586938 -0.024513908
4.4658765 -0.024338594
4.4730591 -0.024160079
4.4802418 -0.023975495
4.4874244 -0.023781975
4.4946071 -0.023576649
4.5017897 -0.023356664
4.5089724 -0.02312075
4.516155 -0.022870731
4.5233377 -0.022608783
4.5305203 -0.022337085
4.537703 -0.022057814
4.5448856 -0.021773149
4.5520683 -0.021485267
4.5592509 -0.021196346
4.5664335 -0.020908564
4.5736162 -0.020624098
4.5807988 -0.020345127
4.5879815 -0.020073829
4.5951641 -0.019812381
4.6023468 -0.019562941
4.6095294 -0.019326391
4.6167121 -0.019101601
4.6238947 -0.018887263
4.6310774 -0.018682068
4.63826 -0.018484711
4.6454427 -0.018293882
4.6526253 -0.018108275
4.659808 -0.017926581
4.6669906 -0.017747493
4.6741733 -0.017569704
4.6813559 -0.017391905
4.6885386 -0.017212789
4.6957212 -0.017031049
4.7029039 -0.0168454
4.7100865 -0.016655489
4.7172692 -0.016462153
4.7244518 -0.016266309
4.7316344 -0.016068872
4.7388171 -0.015870759
4.7459997 -0.015672885
4.7531824 -0.015476168
4.760365 -0.015281523
4.7675477 -0.015089866
4.7747303 -0.014902114
4.781913 -0.014719182
4.7890956 -0.014541988
4.7962783 -0.014371446
4.8034609 -0.014208444
4.8106436 -0.01405313
4.8178262 -0.013904878
4.8250089 -0.013763025
4.8321915 -0.013626907
4.8393742 -0.013495863
4.8465568 -0.01336923
4.8537395 -0.013246344
4.8609221 -0.013126543
4.8681048 -0.013009163
4.8752874 -0.012893543
4.8824701 -0.01277902
4.8896527 -0.01266493
4.8968353 -0.012550611
4.904018 -0.012435428
4.9112006 -0.012319236
4.9183833 -0.012202313
4.9255659 -0.012084947
4.9327486 -0.011967429
4.9399312 -0.011850049
4.9471139 -0.011733097
4.9542965 -0.011616862
4.9614792 -0.011501635
4.9686618 -0.011387705
4.9758445 -0.011275363
4.9830271 -0.011164898
4.9902098 -0.0110566
4.9973924 -0.010950759
5.03000000e+00 -1.07391680e-02
5.05499499e+00 -1.05806513e-02
5.07998999e+00 -1.04252391e-02
5.10498498e+00 -1.02728556e-02
5.12997998e+00 -1.01234276e-02
5.15497497e+00 -9.97688368e-03
5.17996997e+00 -9.83315458e-03
5.20496496e+00 -9.69217308e-03
5.22995996e+00 -9.55387381e-03
5.25495495e+00 -9.41819330e-03
5.27994995e+00 -9.28506985e-03
5.30494494e+00 -9.15444351e-03
5.32993994e+00 -9.02625600e-03
5.35493493e+00 -8.90045067e-03
5.37992993e+00 -8.77697244e-03
5.40492492e+00 -8.65576775e-03
5.42991992e+00 -8.53678450e-03
5.45491491e+00 -8.41997205e-03
5.47990991e+00 -8.30528111e-03
5.50490490e+00 -8.19266373e-03
5.52989990e+00 -8.08207326e-03
5.55489489e+00 -7.97346431e-03
5.57988989e+00 -7.86679270e-03
5.60488488e+00 -7.76201541e-03
5.62987988e+00 -7.65909059e-03
5.65487487e+00 -7.55797748e-03
5.67986987e+00 -7.45863638e-03
5.70486486e+00 -7.36102865e-03
5.72985986e+00 -7.26511665e-03
5.75485485e+00 -7.17086372e-03
5.77984985e+00 -7.07823412e-03
5.80484484e+00 -6.98719307e-03
5.82983984e+00 -6.89770666e-03
5.85483483e+00 -6.80974184e-03
5.87982983e+00 -6.72326642e-03
5.90482482e+00 -6.63824899e-03
5.92981982e+00 -6.55465897e-03
5.95481481e+00 -6.47246651e-03
5.97980981e+00 -6.39164254e-03
6.00480480e+00 -6.31215869e-03
6.02979980e+00 -6.23398730e-03
6.05479479e+00 -6.15710140e-03
6.07978979e+00 -6.08147466e-03
6.10478478e+00 -6.00708142e-03
6.12977978e+00 -5.93389662e-03
6.15477477e+00 -5.86189584e-03
6.17976977e+00 -5.79105522e-03
6.20476476e+00 -5.72135149e-03
6.22975976e+00 -5.65276193e-03
6.25475475e+00 -5.58526437e-03
6.27974975e+00 -5.51883717e-03
6.30474474e+00 -5.45345919e-03
6.32973974e+00 -5.38910980e-03
6.35473473e+00 -5.32576885e-03
6.37972973e+00 -5.26341666e-03
6.40472472e+00 -5.20203401e-03
6.42971972e+00 -5.14160213e-03
6.45471471e+00 -5.08210269e-03
6.47970971e+00 -5.02351777e-03
6.50470470e+00 -4.96582986e-03
6.52969970e+00 -4.90902187e-03
6.55469469e+00 -4.85307708e-03
6.57968969e+00 -4.79797915e-03
6.60468468e+00 -4.74371213e-03
6.62967968e+00 -4.69026041e-03
6.65467467e+00 -4.63760873e-03
6.67966967e+00 -4.58574219e-03
6.70466466e+00 -4.53464620e-03
6.72965966e+00 -4.48430651e-03
6.75465465e+00 -4.43470916e-03
6.77964965e+00 -4.38584054e-03
6.80464464e+00 -4.33768731e-03
6.82963964e+00 -4.29023642e-03
6.85463463e+00 -4.24347511e-03
6.87962963e+00 -4.19739091e-03
6.90462462e+00 -4.15197160e-03
6.92961962e+00 -4.10720523e-03
6.95461461e+00 -4.06308012e-03
6.97960961e+00 -4.01958481e-03
7.00460460e+00 -3.97670813e-03
7.02959960e+00 -3.93443909e-03
7.05459459e+00 -3.89276699e-03
7.07958959e+00 -3.85168131e-03
7.10458458e+00 -3.81117179e-03
7.12957958e+00 -3.77122835e-03
7.15457457e+00 -3.73184114e-03
7.17956957e+00 -3.69300051e-03
7.20456456e+00 -3.65469702e-03
7.22955956e+00 -3.61692141e-03
7.25455455e+00 -3.57966462e-03
7.27954955e+00 -3.54291777e-03
7.30454454e+00 -3.50667217e-03
7.32953954e+00 -3.47091930e-03
7.35453453e+00 -3.43565082e-03
7.37952953e+00 -3.40085854e-03
7.40452452e+00 -3.36653447e-03
7.42951952e+00 -3.33267074e-03
7.45451451e+00 -3.29925967e-03
7.47950951e+00 -3.26629373e-03
7.50450450e+00 -3.23376551e-03
7.52949950e+00 -3.20166779e-03
7.55449449e+00 -3.16999345e-03
7.57948949e+00 -3.13873556e-03
7.60448448e+00 -3.10788727e-03
7.62947948e+00 -3.07744192e-03
7.65447447e+00 -3.04739293e-03
7.67946947e+00 -3.01773388e-03
7.70446446e+00 -2.98845846e-03
7.72945946e+00 -2.95956049e-03
7.75445445e+00 -2.93103392e-03
7.77944945e+00 -2.90287278e-03
7.80444444e+00 -2.87507125e-03
7.82943944e+00 -2.84762361e-03
7.85443443e+00 -2.82052424e-03
7.87942943e+00 -2.79376764e-03
7.90442442e+00 -2.76734840e-03
7.92941942e+00 -2.74126122e-03
7.95441441e+00 -2.71550091e-03
7.97940941e+00 -2.69006236e-03
8.00440440e+00 -2.66494055e-03
8.02939940e+00 -2.64013059e-03
8.05439439e+00 -2.61562764e-03
8.07938939e+00 -2.59142697e-03
8.10438438e+00 -2.56752393e-03
8.12937938e+00 -2.54391396e-03
8.15437437e+00 -2.52059258e-03
8.17936937e+00 -2.49755540e-03
8.20436436e+00 -2.47479810e-03
8.22935936e+00 -2.45231644e-03
8.25435435e+00 -2.43010627e-03
8.27934935e+00 -2.40816349e-03
8.30434434e+00 -2.38648410e-03
8.32933934e+00 -2.36506415e-03
8.35433433e+00 -2.34389978e-03
8.37932933e+00 -2.32298718e-03
8.40432432e+00 -2.30232263e-03
8.42931932e+00 -2.28190245e-03
8.45431431e+00 -2.26172304e-03
8.47930931e+00 -2.24178087e-03
8.50430430e+00 -2.22207246e-03
8.52929930e+00 -2.20259439e-03
8.55429429e+00 -2.18334332e-03
8.57928929e+00 -2.16431593e-03
8.60428428e+00 -2.14550900e-03
8.62927928e+00 -2.12691933e-03
8.65427427e+00 -2.10854381e-03
8.67926927e+00 -2.09037935e-03
8.70426426e+00 -2.07242293e-03
8.72925926e+00 -2.05467159e-03
8.75425425e+00 -2.03712240e-03
8.77924925e+00 -2.01977250e-03
8.80424424e+00 -2.00261906e-03
8.82923924e+00 -1.98565932e-03
8.85423423e+00 -1.96889054e-03
8.87922923e+00 -1.95231004e-03
8.90422422e+00 -1.93591520e-03
8.92921922e+00 -1.91970341e-03
8.95421421e+00 -1.90367213e-03
8.97920921e+00 -1.88781886e-03
9.00420420e+00 -1.87214113e-03
9.02919920e+00 -1.85663652e-03
9.05419419e+00 -1.84130265e-03
9.07918919e+00 -1.82613716e-03
9.10418418e+00 -1.81113777e-03
9.12917918e+00 -1.79630219e-03
9.15417417e+00 -1.78162820e-03
9.17916917e+00 -1.76711361e-03
9.20416416e+00 -1.75275625e-03
9.22915916e+00 -1.73855401e-03
9.25415415e+00 -1.72450478e-03
9.27914915e+00 -1.71060653e-03
9.30414414e+00 -1.69685723e-03
9.32913914e+00 -1.68325488e-03
9.35413413e+00 -1.66979752e-03
9.37912913e+00 -1.65648324e-03
9.40412412e+00 -1.64331014e-03
9.42911912e+00 -1.63027634e-03
9.45411411e+00 -1.61738001e-03
9.47910911e+00 -1.60461935e-03
9.50410410e+00 -1.59199258e-03
9.52909910e+00 -1.57949793e-03
9.55409409e+00 -1.56713370e-03
9.57908909e+00 -1.55489818e-03
9.60408408e+00 -1.54278970e-03
9.62907908e+00 -1.53080662e-03
9.65407407e+00 -1.51894732e-03
9.67906907e+00 -1.50721020e-03
9.70406406e+00 -1.49559370e-03
9.72905906e+00 -1.48409627e-03
9.75405405e+00 -1.47271638e-03
9.77904905e+00 -1.46145255e-03
9.80404404e+00 -1.45030329e-03
9.82903904e+00 -1.43926715e-03
9.85403403e+00 -1.42834270e-03
9.87902903e+00 -1.41752853e-03
9.90402402e+00 -1.40682325e-03
9.92901902e+00 -1.39622550e-03
9.95401401e+00 -1.38573392e-03
9.97900901e+00 -1.37534720e-03
1.00040040e+01 -1.36506403e-03
1.00289990e+01 -1.35488311e-03
1.00539940e+01 -1.34480318e-03
1.00789890e+01 -1.33482300e-03
1.01039840e+01 -1.32494132e-03
1.01289790e+01 -1.31515695e-03
1.01539740e+01 -1.30546867e-03
1.01789690e+01 -1.29587533e-03
1.02039640e+01 -1.28637575e-03
1.02289590e+01 -1.27696879e-03
1.02539540e+01 -1.26765334e-03
1.02789489e+01 -1.25842827e-03
1.03039439e+01 -1.24929249e-03
1.03289389e+01 -1.24024494e-03
1.03539339e+01 -1.23128453e-03
1.03789289e+01 -1.22241024e-03
1.04039239e+01 -1.21362102e-03
1.04289189e+01 -1.20491586e-03
1.04539139e+01 -1.19629375e-03
1.04789089e+01 -1.18775371e-03
1.05039039e+01 -1.17929477e-03
1.05288989e+01 -1.17091596e-03
1.05538939e+01 -1.16261634e-03
1.05788889e+01 -1.15439497e-03
1.06038839e+01 -1.14625093e-03
1.06288789e+01 -1.13818332e-03
1.06538739e+01 -1.13019125e-03
1.06788689e+01 -1.12227382e-03
1.07038639e+01 -1.11443017e-03
1.07288589e+01 -1.10665945e-03
1.07538539e+01 -1.09896080e-03
1.07788488e+01 -1.09133340e-03
1.08038438e+01 -1.08377642e-03
1.08288388e+01 -1.07628905e-03
1.08538338e+01 -1.06887049e-03
1.08788288e+01 -1.06151995e-03
1.09038238e+01 -1.05423666e-03
1.09288188e+01 -1.04701985e-03
1.09538138e+01 -1.03986875e-03
1.09788088e+01 -1.03278263e-03
1.10038038e+01 -1.02576075e-03
1.10287988e+01 -1.01880238e-03
1.10537938e+01 -1.01190681e-03
1.10787888e+01 -1.00507332e-03
1.11037838e+01 -9.98301223e-04
1.11287788e+01 -9.91589831e-04
1.11537738e+01 -9.84938463e-04
1.11787688e+01 -9.78346451e-04
1.12037638e+01 -9.71813133e-04
1.12287588e+01 -9.65337858e-04
1.12537538e+01 -9.58919982e-04
1.12787487e+01 -9.52558871e-04
1.13037437e+01 -9.46253899e-04
1.13287387e+01 -9.40004448e-04
1.13537337e+01 -9.33809908e-04
1.13787287e+01 -9.27669677e-04
1.14037237e+01 -9.21583162e-04
1.14287187e+01 -9.15549775e-04
1.14537137e+01 -9.09568940e-04
1.14787087e+01 -9.03640084e-04
1.15037037e+01 -8.97762645e-04
1.15286987e+01 -8.91936066e-04
1.15536937e+01 -8.86159799e-04
1.15786887e+01 -8.80433300e-04
1.16036837e+01 -8.74756037e-04
1.16286787e+01 -8.69127480e-04
1.16536737e+01 -8.63547108e-04
1.16786687e+01 -8.58014407e-04
1.17036637e+01 -8.52528869e-04
1.17286587e+01 -8.47089993e-04
1.17536537e+01 -8.41697283e-04
1.17786486e+01 -8.36350250e-04
1.18036436e+01 -8.31048412e-04
1.18286386e+01 -8.25791293e-04
1.18536336e+01 -8.20578421e-04
1.18786286e+01 -8.15409333e-04
1.19036236e+01 -8.10283570e-04
1.19286186e+01 -8.05200678e-04
1.19536136e+01 -8.00160211e-04
1.19786086e+01 -7.95161726e-04
1.20036036e+01 -7.90204788e-04
1.20285986e+01 -7.85288966e-04
1.20535936e+01 -7.80413834e-04
1.20785886e+01 -7.75578972e-04
1.21035836e+01 -7.70783966e-04
1.21285786e+01 -7.66028405e-04
1.21535736e+01 -7.61311884e-04
1.21785686e+01 -7.56634005e-04
1.22035636e+01 -7.51994371e-04
1.22285586e+01 -7.47392594e-04
1.22535536e+01 -7.42828286e-04
1.22785485e+01 -7.38301069e-04
1.23035435e+01 -7.33810566e-04
1.23285385e+01 -7.29356405e-04
1.23535335e+01 -7.24938220e-04
1.23785285e+01 -7.20555648e-04
1.24035235e+01 -7.16208331e-04
1.24285185e+01 -7.11895916e-04
1.24535135e+01 -7.07618052e-04
1.24785085e+01 -7.03374394e-04
1.25035035e+01 -6.99164602e-04
1.25284985e+01 -6.94988337e-04
1.25534935e+01 -6.90845268e-04
1.25784885e+01 -6.86735064e-04
1.26034835e+01 -6.82657401e-04
1.26284785e+01 -6.78611957e-04
1.26534735e+01 -6.74598414e-04
1.26784685e+01 -6.70616459e-04
1.27034635e+01 -6.66665781e-04
1.27284585e+01 -6.62746075e-04
1.27534535e+01 -6.58857036e-04
1.27784484e+01 -6.54998366e-04
1.28034434e+01 -6.51169770e-04
1.28284384e+01 -6.47370953e-04
1.28534334e+01 -6.43601629e-04
1.28784284e+01 -6.39861510e-04
1.29034234e+01 -6.36150314e-04
1.29284184e+01 -6.32467764e-04
1.29534134e+01 -6.28813582e-04
1.29784084e+01 -6.25187495e-04
1.30034034e+01 -6.21589236e-04
1.30283984e+01 -6.18018536e-04
1.30533934e+01 -6.14475134e-04
1.30783884e+01 -6.10958767e-04
1.31033834e+01 -6.07469180e-04
1.31283784e+01 -6.04006117e-04
1.31533734e+01 -6.00569327e-04
1.31783684e+01 -5.97158562e-04
1.32033634e+01 -5.93773575e-04
1.32283584e+01 -5.90414124e-04
1.32533534e+01 -5.87079967e-04
1.32783483e+01 -5.83770869e-04
1.33033433e+01 -5.80486592e-04
1.33283383e+01 -5.77226906e-04
1.33533333e+01 -5.73991580e-04
1.33783283e+01 -5.70780388e-04
1.34033233e+01 -5.67593104e-04
1.34283183e+01 -5.64429507e-04
1.34533133e+01 -5.61289377e-04
1.34783083e+01 -5.58172497e-04
1.35033033e+01 -5.55078652e-04
1.35282983e+01 -5.52007629e-04
1.35532933e+01 -5.48959219e-04
1.35782883e+01 -5.45933214e-04
1.36032833e+01 -5.42929408e-04
1.36282783e+01 -5.39947598e-04
1.36532733e+01 -5.36987584e-04
1.36782683e+01 -5.34049166e-04
1.37032633e+01 -5.31132148e-04
1.37282583e+01 -5.28236335e-04
1.37532533e+01 -5.25361535e-04
1.37782482e+01 -5.22507558e-04
1.38032432e+01 -5.19674215e-04
1.38282382e+01 -5.16861321e-04
1.38532332e+01 -5.14068691e-04
1.38782282e+01 -5.11296143e-04
1.39032232e+01 -5.08543498e-04
1.39282182e+01 -5.05810576e-04
1.39532132e+01 -5.03097201e-04
1.39782082e+01 -5.00403199e-04
1.40032032e+01 -4.97728397e-04
1.40281982e+01 -4.95072625e-04
1.40531932e+01 -4.92435714e-04
1.40781882e+01 -4.89817496e-04
1.41031832e+01 -4.87217806e-04
1.41281782e+01 -4.84636481e-04
1.41531732e+01 -4.82073358e-04
1.41781682e+01 -4.79528278e-04
1.42031632e+01 -4.77001082e-04
1.42281582e+01 -4.74491613e-04
1.42531532e+01 -4.71999716e-04
1.42781481e+01 -4.69525238e-04
1.43031431e+01 -4.67068026e-04
1.43281381e+01 -4.64627930e-04
1.43531331e+01 -4.62204802e-04
1.43781281e+01 -4.59798494e-04
1.44031231e+01 -4.57408860e-04
1.44281181e+01 -4.55035757e-04
1.44531131e+01 -4.52679042e-04
1.44781081e+01 -4.50338573e-04
1.45031031e+01 -4.48014210e-04
1.45280981e+01 -4.45705816e-04
1.45530931e+01 -4.43413254e-04
1.45780881e+01 -4.41136387e-04
1.46030831e+01 -4.38875083e-04
1.46280781e+01 -4.36629207e-04
1.46530731e+01 -4.34398630e-04
1.46780681e+01 -4.32183220e-04
1.47030631e+01 -4.29982849e-04
1.47280581e+01 -4.27797390e-04
1.47530531e+01 -4.25626716e-04
1.47780480e+01 -4.23470703e-04
1.48030430e+01 -4.21329227e-04
1.48280380e+01 -4.19202166e-04
1.48530330e+01 -4.17089399e-04
1.48780280e+01 -4.14990806e-04
1.49030230e+01 -4.12906268e-04
1.49280180e+01 -4.10835668e-04
1.49530130e+01 -4.08778889e-04
1.49780080e+01 -4.06735816e-04
1.50030030e+01 -4.04706336e-04
1.50279980e+01 -4.02690336e-04
1.50529930e+01 -4.00687703e-04
1.50779880e+01 -3.98698327e-04
1.51029830e+01 -3.96722099e-04
1.51279780e+01 -3.94758911e-04
1.51529730e+01 -3.92808654e-04
1.51779680e+01 -3.90871222e-04
1.52029630e+01 -3.88946511e-04
1.52279580e+01 -3.87034416e-04
1.52529530e+01 -3.85134834e-04
1.52779479e+01 -3.83247662e-04
1.53029429e+01 -3.81372800e-04
1.53279379e+01 -3.79510147e-04
1.53529329e+01 -3.77659605e-04
1.53779279e+01 -3.75821074e-04
1.54029229e+01 -3.73994457e-04
1.54279179e+01 -3.72179659e-04
1.54529129e+01 -3.70376584e-04
1.54779079e+01 -3.68585136e-04
1.55029029e+01 -3.66805224e-04
1.55278979e+01 -3.65036753e-04
1.55528929e+01 -3.63279632e-04
1.55778879e+01 -3.61533771e-04
1.56028829e+01 -3.59799078e-04
1.56278779e+01 -3.58075466e-04
1.56528729e+01 -3.56362846e-04
1.56778679e+01 -3.54661129e-04
1.57028629e+01 -3.52970231e-04
1.57278579e+01 -3.51290064e-04
1.57528529e+01 -3.49620544e-04
1.57778478e+01 -3.47961586e-04
1.58028428e+01 -3.46313107e-04
1.58278378e+01 -3.44675025e-04
1.58528328e+01 -3.43047258e-04
1.58778278e+01 -3.41429724e-04
1.59028228e+01 -3.39822344e-04
1.59278178e+01 -3.38225038e-04
1.59528128e+01 -3.36637726e-04
1.59778078e+01 -3.35060332e-04
1.60028028e+01 -3.33492777e-04
1.60277978e+01 -3.31934985e-04
1.60527928e+01 -3.30386880e-04
1.60777878e+01 -3.28848387e-04
1.61027828e+01 -3.27319432e-04
1.61277778e+01 -3.25799940e-04
1.61527728e+01 -3.24289839e-04
1.61777678e+01 -3.22789056e-04
1.62027628e+01 -3.21297520e-04
1.62277578e+01 -3.19815158e-04
1.62527528e+01 -3.18341902e-04
1.62777477e+01 -3.16877681e-04
1.63027427e+01 -3.15422425e-04
1.63277377e+01 -3.13976067e-04
1.63527327e+01 -3.12538538e-04
1.63777277e+01 -3.11109772e-04
1.64027227e+01 -3.09689701e-04
1.64277177e+01 -3.08278259e-04
1.64527127e+01 -3.06875382e-04
1.64777077e+01 -3.05481003e-04
1.65027027e+01 -3.04095060e-04
1.65276977e+01 -3.02717488e-04
1.65526927e+01 -3.01348224e-04
1.65776877e+01 -2.99987205e-04
1.66026827e+01 -2.98634370e-04
1.66276777e+01 -2.97289658e-04
1.66526727e+01 -2.95953006e-04
1.66776677e+01 -2.94624356e-04
1.67026627e+01 -2.93303647e-04
1.67276577e+01 -2.91990820e-04
1.67526527e+01 -2.90685816e-04
1.67776476e+01 -2.89388577e-04
1.68026426e+01 -2.88099046e-04
1.68276376e+01 -2.86817165e-04
1.68526326e+01 -2.85542877e-04
1.68776276e+01 -2.84276127e-04
1.69026226e+01 -2.83016859e-04
1.69276176e+01 -2.81765018e-04
1.69526126e+01 -2.80520548e-04
1.69776076e+01 -2.79283396e-04
1.70026026e+01 -2.78053509e-04
1.70275976e+01 -2.76830832e-04
1.70525926e+01 -2.75615313e-04
1.70775876e+01 -2.74406900e-04
1.71025826e+01 -2.73205542e-04
1.71275776e+01 -2.72011185e-04
1.71525726e+01 -2.70823780e-04
1.71775676e+01 -2.69643277e-04
1.72025626e+01 -2.68469624e-04
1.72275576e+01 -2.67302773e-04
1.72525526e+01 -2.66142674e-04
1.72775475e+01 -2.64989278e-04
1.73025425e+01 -2.63842538e-04
1.73275375e+01 -2.62702404e-04
1.73525325e+01 -2.61568831e-04
1.73775275e+01 -2.60441769e-04
1.74025225e+01 -2.59321174e-04
1.74275175e+01 -2.58206998e-04
1.74525125e+01 -2.57099196e-04
1.74775075e+01 -2.55997722e-04
1.75025025e+01 -2.54902531e-04
1.75274975e+01 -2.53813578e-04
1.75524925e+01 -2.52730819e-04
1.75774875e+01 -2.51654210e-04
1.76024825e+01 -2.50583707e-04
1.76274775e+01 -2.49519268e-04
1.76524725e+01 -2.48460848e-04
1.76774675e+01 -2.47408407e-04
1.77024625e+01 -2.46361901e-04
1.77274575e+01 -2.45321289e-04
1.77524525e+01 -2.44286529e-04
1.77774474e+01 -2.43257580e-04
1.78024424e+01 -2.42234402e-04
1.78274374e+01 -2.41216954e-04
1.78524324e+01 -2.40205196e-04
1.78774274e+01 -2.39199089e-04
1.79024224e+01 -2.38198593e-04
1.79274174e+01 -2.37203668e-04
1.79524124e+01 -2.36214277e-04
1.79774074e+01 -2.35230380e-04
1.80024024e+01 -2.34251941e-04
1.80273974e+01 -2.33278920e-04
1.80523924e+01 -2.32311280e-04
1.80773874e+01 -2.31348985e-04
1.81023824e+01 -2.30391997e-04
1.81273774e+01 -2.29440280e-04
1.81523724e+01 -2.28493798e-04
1.81773674e+01 -2.27552515e-04
1.82023624e+01 -2.26616394e-04
1.82273574e+01 -2.25685402e-04
1.82523524e+01 -2.24759502e-04
1.82773473e+01 -2.23838660e-04
1.83023423e+01 -2.22922841e-04
1.83273373e+01 -2.22012011e-04
1.83523323e+01 -2.21106137e-04
1.83773273e+01 -2.20205185e-04
1.84023223e+01 -2.19309120e-04
1.84273173e+01 -2.18417911e-04
1.84523123e+01 -2.17531524e-04
1.84773073e+01 -2.16649927e-04
1.85023023e+01 -2.15773087e-04
1.85272973e+01 -2.14900973e-04
1.85522923e+01 -2.14033552e-04
1.85772873e+01 -2.13170793e-04
1.86022823e+01 -2.12312665e-04
1.86272773e+01 -2.11459137e-04
1.86522723e+01 -2.10610177e-04
1.86772673e+01 -2.09765756e-04
1.87022623e+01 -2.08925843e-04
1.87272573e+01 -2.08090409e-04
1.87522523e+01 -2.07259422e-04
1.87772472e+01 -2.06432855e-04
1.88022422e+01 -2.05610676e-04
1.88272372e+01 -2.04792858e-04
1.88522322e+01 -2.03979372e-04
1.88772272e+01 -2.03170188e-04
1.89022222e+01 -2.02365278e-04
1.89272172e+01 -2.01564615e-04
1.89522122e+01 -2.00768170e-04
1.89772072e+01 -1.99975916e-04
1.90022022e+01 -1.99187824e-04
1.90271972e+01 -1.98403868e-04
1.90521922e+01 -1.97624021e-04
1.90771872e+01 -1.96848255e-04
1.91021822e+01 -1.96076544e-04
1.91271772e+01 -1.95308862e-04
1.91521722e+01 -1.94545182e-04
1.91771672e+01 -1.93785479e-04
1.92021622e+01 -1.93029726e-04
1.92271572e+01 -1.92277897e-04
1.92521522e+01 -1.91529968e-04
1.92771471e+01 -1.90785913e-04
1.93021421e+01 -1.90045707e-04
1.93271371e+01 -1.89309325e-04
1.93521321e+01 -1.88576743e-04
1.93771271e+01 -1.87847936e-04
1.94021221e+01 -1.87122879e-04
1.94271171e+01 -1.86401549e-04
1.94521121e+01 -1.85683922e-04
1.94771071e+01 -1.84969974e-04
1.95021021e+01 -1.84259681e-04
1.95270971e+01 -1.83553020e-04
1.95520921e+01 -1.82849969e-04
1.95770871e+01 -1.82150503e-04
1.96020821e+01 -1.81454600e-04
1.96270771e+01 -1.80762238e-04
1.96520721e+01 -1.80073393e-04
1.96770671e+01 -1.79388044e-04
1.97020621e+01 -1.78706169e-04
1.97270571e+01 -1.78027745e-04
1.97520521e+01 -1.77352751e-04
1.97770470e+01 -1.76681164e-04
1.98020420e+01 -1.76012965e-04
1.98270370e+01 -1.75348130e-04
1.98520320e+01 -1.74686640e-04
1.98770270e+01 -1.74028472e-04
1.99020220e+01 -1.73373607e-04
1.99270170e+01 -1.72722024e-04
1.99520120e+01 -1.72073701e-04
1.99770070e+01 -1.71428619e-04
2.00020020e+01 -1.70786758e-04
2.00269970e+01 -1.70148096e-04
2.00519920e+01 -1.69512616e-04
2.00769870e+01 -1.68880295e-04
2.01019820e+01 -1.68251116e-04
2.01269770e+01 -1.67625059e-04
2.01519720e+01 -1.67002103e-04
2.01769670e+01 -1.66382231e-04
2.02019620e+01 -1.65765423e-04
2.02269570e+01 -1.65151659e-04
2.02519520e+01 -1.64540922e-04
2.02769469e+01 -1.63933193e-04
2.03019419e+01 -1.63328453e-04
2.03269369e+01 -1.62726683e-04
2.03519319e+01 -1.62127867e-04
2.03769269e+01 -1.61531984e-04
2.04019219e+01 -1.60939019e-04
2.04269169e+01 -1.60348952e-04
2.04519119e+01 -1.59761766e-04
2.04769069e+01 -1.59177443e-04
2.05019019e+01 -1.58595967e-04
2.05268969e+01 -1.58017319e-04
2.05518919e+01 -1.57441483e-04
2.05768869e+01 -1.56868442e-04
2.06018819e+01 -1.56298177e-04
2.06268769e+01 -1.55730674e-04
2.06518719e+01 -1.55165915e-04
2.06768669e+01 -1.54603883e-04
2.07018619e+01 -1.54044563e-04
2.07268569e+01 -1.53487937e-04
2.07518519e+01 -1.52933989e-04
2.07768468e+01 -1.52382705e-04
2.08018418e+01 -1.51834066e-04
2.08268368e+01 -1.51288058e-04
2.08518318e+01 -1.50744665e-04
2.08768268e+01 -1.50203871e-04
2.09018218e+01 -1.49665661e-04
2.09268168e+01 -1.49130019e-04
2.09518118e+01 -1.48596931e-04
2.09768068e+01 -1.48066380e-04
2.10018018e+01 -1.47538351e-04
2.10267968e+01 -1.47012831e-04
2.10517918e+01 -1.46489803e-04
2.10767868e+01 -1.45969253e-04
2.11017818e+01 -1.45451167e-04
2.11267768e+01 -1.44935530e-04
2.11517718e+01 -1.44422327e-04
2.11767668e+01 -1.43911544e-04
2.12017618e+01 -1.43403167e-04
2.12267568e+01 -1.42897182e-04
2.12517518e+01 -1.42393574e-04
2.12767467e+01 -1.41892330e-04
2.13017417e+01 -1.41393436e-04
2.13267367e+01 -1.40896878e-04
2.13517317e+01 -1.40402642e-04
2.13767267e+01 -1.39910715e-04
2.14017217e+01 -1.39421084e-04
2.14267167e+01 -1.38933734e-04
2.14517117e+01 -1.38448654e-04
2.14767067e+01 -1.37965829e-04
2.15017017e+01 -1.37485246e-04
2.15266967e+01 -1.37006893e-04
2.15516917e+01 -1.36530756e-04
2.15766867e+01 -1.36056823e-04
2.16016817e+01 -1.35585081e-04
2.16266767e+01 -1.35115518e-04
2.16516717e+01 -1.34648120e-04
2.16766667e+01 -1.34182876e-04
2.17016617e+01 -1.33719772e-04
2.17266567e+01 -1.33258797e-04
2.17516517e+01 -1.32799939e-04
2.17766466e+01 -1.32343184e-04
2.18016416e+01 -1.31888522e-04
2.18266366e+01 -1.31435940e-04
2.18516316e+01 -1.30985427e-04
2.18766266e+01 -1.30536970e-04
2.19016216e+01 -1.30090558e-04
2.19266166e+01 -1.29646180e-04
2.19516116e+01 -1.29203822e-04
2.19766066e+01 -1.28763475e-04
2.20016016e+01 -1.28325127e-04
2.20265966e+01 -1.27888766e-04
2.20515916e+01 -1.27454382e-04
2.20765866e+01 -1.27021962e-04
2.21015816e+01 -1.26591497e-04
2.21265766e+01 -1.26162974e-04
2.21515716e+01 -1.25736383e-04
2.21765666e+01 -1.25311713e-04
2.22015616e+01 -1.24888954e-04
2.22265566e+01 -1.24468094e-04
2.22515516e+01 -1.24049122e-04
2.22765465e+01 -1.23632030e-04
2.23015415e+01 -1.23216804e-04
2.23265365e+01 -1.22803437e-04
2.23515315e+01 -1.22391916e-04
2.23765265e+01 -1.21982232e-04
2.24015215e+01 -1.21574374e-04
2.24265165e+01 -1.21168333e-04
2.24515115e+01 -1.20764097e-04
2.24765065e+01 -1.20361658e-04
2.25015015e+01 -1.19961005e-04
2.25264965e+01 -1.19562128e-04
2.25514915e+01 -1.19165018e-04
2.25764865e+01 -1.18769664e-04
2.26014815e+01 -1.18376057e-04
2.26264765e+01 -1.17984188e-04
2.26514715e+01 -1.17594046e-04
2.26764665e+01 -1.17205623e-04
2.27014615e+01 -1.16818908e-04
2.27264565e+01 -1.16433893e-04
2.27514515e+01 -1.16050567e-04
2.27764464e+01 -1.15668923e-04
2.28014414e+01 -1.15288950e-04
2.28264364e+01 -1.14910640e-04
2.28514314e+01 -1.14533983e-04
2.28764264e+01 -1.14158970e-04
2.29014214e+01 -1.13785593e-04
2.29264164e+01 -1.13413842e-04
2.29514114e+01 -1.13043709e-04
2.29764064e+01 -1.12675185e-04
2.30014014e+01 -1.12308261e-04
2.30263964e+01 -1.11942928e-04
2.30513914e+01 -1.11579178e-04
2.30763864e+01 -1.11217003e-04
2.31013814e+01 -1.10856393e-04
2.31263764e+01 -1.10497340e-04
2.31513714e+01 -1.10139837e-04
2.31763664e+01 -1.09783874e-04
2.32013614e+01 -1.09429443e-04
2.32263564e+01 -1.09076536e-04
2.32513514e+01 -1.08725145e-04
2.32763463e+01 -1.08375262e-04
2.33013413e+01 -1.08026878e-04
2.33263363e+01 -1.07679987e-04
2.33513313e+01 -1.07334578e-04
2.33763263e+01 -1.06990646e-04
2.34013213e+01 -1.06648181e-04
2.34263163e+01 -1.06307176e-04
2.34513113e+01 -1.05967624e-04
2.34763063e+01 -1.05629516e-04
2.35013013e+01 -1.05292845e-04
2.35262963e+01 -1.04957603e-04
2.35512913e+01 -1.04623783e-04
2.35762863e+01 -1.04291377e-04
2.36012813e+01 -1.03960378e-04
2.36262763e+01 -1.03630778e-04
2.36512713e+01 -1.03302570e-04
2.36762663e+01 -1.02975746e-04
2.37012613e+01 -1.02650299e-04
2.37262563e+01 -1.02326223e-04
2.37512513e+01 -1.02003509e-04
2.37762462e+01 -1.01682150e-04
2.38012412e+01 -1.01362141e-04
2.38262362e+01 -1.01043472e-04
2.38512312e+01 -1.00726138e-04
2.38762262e+01 -1.00410132e-04
2.39012212e+01 -1.00095446e-04
2.39262162e+01 -9.97820733e-05
2.39512112e+01 -9.94700076e-05
2.39762062e+01 -9.91592418e-05
2.40012012e+01 -9.88497692e-05
2.40261962e+01 -9.85415831e-05
2.40511912e+01 -9.82346768e-05
2.40761862e+01 -9.79290436e-05
2.41011812e+01 -9.76246770e-05
2.41261762e+01 -9.73215704e-05
2.41511712e+01 -9.70197173e-05
2.41761662e+01 -9.67191111e-05
2.42011612e+01 -9.64197456e-05
2.42261562e+01 -9.61216143e-05
2.42511512e+01 -9.58247108e-05
2.42761461e+01 -9.55290288e-05
2.43011411e+01 -9.52345621e-05
2.43261361e+01 -9.49413044e-05
2.43511311e+01 -9.46492495e-05
2.43761261e+01 -9.43583912e-05
2.44011211e+01 -9.40687235e-05
2.44261161e+01 -9.37802402e-05
2.44511111e+01 -9.34929353e-05
2.44761061e+01 -9.32068028e-05
2.45011011e+01 -9.29218367e-05
2.45260961e+01 -9.26380311e-05
2.45510911e+01 -9.23553800e-05
2.45760861e+01 -9.20738777e-05
2.46010811e+01 -9.17935182e-05
2.46260761e+01 -9.15142958e-05
2.46510711e+01 -9.12362048e-05
2.46760661e+01 -9.09592393e-05
2.47010611e+01 -9.06833937e-05
2.47260561e+01 -9.04086624e-05
2.47510511e+01 -9.01350398e-05
2.47760460e+01 -8.98625202e-05
2.48010410e+01 -8.95910981e-05
2.48260360e+01 -8.93207679e-05
2.48510310e+01 -8.90515243e-05
2.48760260e+01 -8.87833617e-05
2.49010210e+01 -8.85162747e-05
2.49260160e+01 -8.82502579e-05
2.49510110e+01 -8.79853060e-05
2.49760060e+01 -8.77214137e-05
2.50010010e+01 -8.74585756e-05
2.50259960e+01 -8.71967866e-05
2.50509910e+01 -8.69360413e-05
2.50759860e+01 -8.66763346e-05
2.51009810e+01 -8.64176613e-05
2.51259760e+01 -8.61600162e-05
2.51509710e+01 -8.59033944e-05
2.51759660e+01 -8.56477906e-05
2.52009610e+01 -8.53931999e-05
2.52259560e+01 -8.51396172e-05
2.52509510e+01 -8.48870376e-05
2.52759459e+01 -8.46354561e-05
2.53009409e+01 -8.43848677e-05
2.53259359e+01 -8.41352677e-05
2.53509309e+01 -8.38866510e-05
2.53759259e+01 -8.36390129e-05
2.54009209e+01 -8.33923486e-05
2.54259159e+01 -8.31466533e-05
2.54509109e+01 -8.29019222e-05
2.54759059e+01 -8.26581506e-05
2.55009009e+01 -8.24153338e-05
2.55258959e+01 -8.21734671e-05
2.55508909e+01 -8.19325460e-05
2.55758859e+01 -8.16925657e-05
2.56008809e+01 -8.14535217e-05
2.56258759e+01 -8.12154094e-05
2.56508709e+01 -8.09782243e-05
2.56758659e+01 -8.07419619e-05
2.57008609e+01 -8.05066177e-05
2.57258559e+01 -8.02721873e-05
2.57508509e+01 -8.00386661e-05
2.57758458e+01 -7.98060499e-05
2.58008408e+01 -7.95743342e-05
2.58258358e+01 -7.93435147e-05
2.58508308e+01 -7.91135870e-05
2.58758258e+01 -7.88845468e-05
2.59008208e+01 -7.86563900e-05
2.59258158e+01 -7.84291121e-05
2.59508108e+01 -7.82027091e-05
2.59758058e+01 -7.79771766e-05
2.60008008e+01 -7.77525105e-05
2.60257958e+01 -7.75287066e-05
2.60507908e+01 -7.73057609e-05
2.60757858e+01 -7.70836692e-05
2.61007808e+01 -7.68624273e-05
2.61257758e+01 -7.66420314e-05
2.61507708e+01 -7.64224772e-05
2.61757658e+01 -7.62037609e-05
2.62007608e+01 -7.59858783e-05
2.62257558e+01 -7.57688256e-05
2.62507508e+01 -7.55525988e-05
2.62757457e+01 -7.53371939e-05
2.63007407e+01 -7.51226072e-05
2.63257357e+01 -7.49088346e-05
2.63507307e+01 -7.46958723e-05
2.63757257e+01 -7.44837165e-05
2.64007207e+01 -7.42723634e-05
2.64257157e+01 -7.40618092e-05
2.64507107e+01 -7.38520501e-05
2.64757057e+01 -7.36430823e-05
2.65007007e+01 -7.34349022e-05
2.65256957e+01 -7.32275061e-05
2.65506907e+01 -7.30208901e-05
2.65756857e+01 -7.28150508e-05
2.66006807e+01 -7.26099843e-05
2.66256757e+01 -7.24056872e-05
2.66506707e+01 -7.22021558e-05
2.66756657e+01 -7.19993865e-05
2.67006607e+01 -7.17973757e-05
2.67256557e+01 -7.15961200e-05
2.67506507e+01 -7.13956157e-05
2.67756456e+01 -7.11958595e-05
2.68006406e+01 -7.09968477e-05
2.68256356e+01 -7.07985769e-05
2.68506306e+01 -7.06010438e-05
2.68756256e+01 -7.04042448e-05
2.69006206e+01 -7.02081765e-05
2.69256156e+01 -7.00128357e-05
2.69506106e+01 -6.98182188e-05
2.69756056e+01 -6.96243225e-05
2.70006006e+01 -6.94311436e-05
2.70255956e+01 -6.92386786e-05
2.70505906e+01 -6.90469244e-05
2.70755856e+01 -6.88558776e-05
2.71005806e+01 -6.86655349e-05
2.71255756e+01 -6.84758932e-05
2.71505706e+01 -6.82869492e-05
2.71755656e+01 -6.80986996e-05
2.72005606e+01 -6.79111414e-05
2.72255556e+01 -6.77242713e-05
2.72505506e+01 -6.75380862e-05
2.72755455e+01 -6.73525829e-05
2.73005405e+01 -6.71677584e-05
2.73255355e+01 -6.69836095e-05
2.73505305e+01 -6.68001331e-05
2.73755255e+01 -6.66173262e-05
2.74005205e+01 -6.64351857e-05
2.74255155e+01 -6.62537086e-05
2.74505105e+01 -6.60728919e-05
2.74755055e+01 -6.58927326e-05
2.75005005e+01 -6.57132276e-05
2.75254955e+01 -6.55343741e-05
2.75504905e+01 -6.53561690e-05
2.75754855e+01 -6.51786095e-05
2.76004805e+01 -6.50016925e-05
2.76254755e+01 -6.48254153e-05
2.76504705e+01 -6.46497749e-05
2.76754655e+01 -6.44747684e-05
2.77004605e+01 -6.43003930e-05
2.77254555e+01 -6.41266459e-05
2.77504505e+01 -6.39535242e-05
2.77754454e+01 -6.37810251e-05
2.78004404e+01 -6.36091458e-05
2.78254354e+01 -6.34378835e-05
2.78504304e+01 -6.32672354e-05
2.78754254e+01 -6.30971989e-05
2.79004204e+01 -6.29277712e-05
2.79254154e+01 -6.27589495e-05
2.79504104e+01 -6.25907312e-05
2.79754054e+01 -6.24231135e-05
2.80004004e+01 -6.22560937e-05
2.80253954e+01 -6.20896693e-05
2.80503904e+01 -6.19238376e-05
2.80753854e+01 -6.17585958e-05
2.81003804e+01 -6.15939415e-05
2.81253754e+01 -6.14298720e-05
2.81503704e+01 -6.12663846e-05
2.81753654e+01 -6.11034769e-05
2.82003604e+01 -6.09411462e-05
2.82253554e+01 -6.07793901e-05
2.82503504e+01 -6.06182058e-05
2.82753453e+01 -6.04575911e-05
2.83003403e+01 -6.02975432e-05
2.83253353e+01 -6.01380598e-05
2.83503303e+01 -5.99791383e-05
2.83753253e+01 -5.98207762e-05
2.84003203e+01 -5.96629712e-05
2.84253153e+01 -5.95057208e-05
2.84503103e+01 -5.93490224e-05
2.84753053e+01 -5.91928738e-05
2.85003003e+01 -5.90372724e-05
2.85252953e+01 -5.88822160e-05
2.85502903e+01 -5.87277020e-05
2.85752853e+01 -5.85737282e-05
2.86002803e+01 -5.84202922e-05
2.86252753e+01 -5.82673917e-05
2.86502703e+01 -5.81150242e-05
2.86752653e+01 -5.79631875e-05
2.87002603e+01 -5.78118793e-05
2.87252553e+01 -5.76610973e-05
2.87502503e+01 -5.75108392e-05
2.87752452e+01 -5.73611027e-05
2.88002402e+01 -5.72118855e-05
2.88252352e+01 -5.70631855e-05
2.88502302e+01 -5.69150003e-05
2.88752252e+01 -5.67673278e-05
2.89002202e+01 -5.66201657e-05
2.89252152e+01 -5.64735119e-05
2.89502102e+01 -5.63273640e-05
2.89752052e+01 -5.61817201e-05
2.90002002e+01 -5.60365778e-05
2.90251952e+01 -5.58919350e-05
2.90501902e+01 -5.57477896e-05
2.90751852e+01 -5.56041395e-05
2.91001802e+01 -5.54609825e-05
2.91251752e+01 -5.53183164e-05
2.91501702e+01 -5.51761393e-05
2.91751652e+01 -5.50344490e-05
2.92001602e+01 -5.48932434e-05
2.92251552e+01 -5.47525205e-05
2.92501502e+01 -5.46122781e-05
2.92751451e+01 -5.44725143e-05
2.93001401e+01 -5.43332270e-05
2.93251351e+01 -5.41944142e-05
2.93501301e+01 -5.40560738e-05
2.93751251e+01 -5.39182039e-05
2.94001201e+01 -5.37808025e-05
2.94251151e+01 -5.36438675e-05
2.94501101e+01 -5.35073970e-05
2.94751051e+01 -5.33713890e-05
2.95001001e+01 -5.32358415e-05
2.95250951e+01 -5.31007527e-05
2.95500901e+01 -5.29661206e-05
2.95750851e+01 -5.28319432e-05
2.96000801e+01 -5.26982186e-05
2.96250751e+01 -5.25649449e-05
2.96500701e+01 -5.24321203e-05
2.96750651e+01 -5.22997428e-05
2.97000601e+01 -5.21678105e-05
2.97250551e+01 -5.20363217e-05
2.97500501e+01 -5.19052743e-05
2.97750450e+01 -5.17746666e-05
2.98000400e+01 -5.16444967e-05
2.98250350e+01 -5.15147629e-05
2.98500300e+01 -5.13854632e-05
2.98750250e+01 -5.12565958e-05
2.99000200e+01 -5.11281590e-05
2.99250150e+01 -5.10001510e-05
2.99500100e+01 -5.08725699e-05
2.99750050e+01 -5.07454140e-05
3.00000000e+01 -5.06186815e-05

