    0.11999999999999999556E+01    0.00000000000000000000E+00    0.00000000000000000000E+00
    0.12087877968068068135E+01    0.52005014885163339124E-11    0.11666887488842206378E-16
    0.12175755936136136715E+01   -0.77806255198367188043E-11    0.88845225142112858550E-17
    0.12263633904204203073E+01   -0.74083220091323074400E-11    0.69262355586328500060E-17
    0.12351511872272271653E+01    0.16704354224263857742E-10    0.63743874333398156962E-17
    0.12439389840340340232E+01    0.16544391398200501240E-10    0.30047027951648213388E-18
    0.12527267808408408811E+01   -0.30841148771458783462E-10   -0.12687736805411864957E-16
    0.12615145776476475170E+01   -0.71054520451156534102E-10   -0.21857422332755437121E-16
    0.12703023744544543749E+01   -0.41461955080386984608E-10   -0.16151065111465476258E-16
    0.12790901712612612329E+01    0.29697083231646199484E-10   -0.35792200415331384416E-18
    0.12878779680680680908E+01    0.44053415085474569009E-10    0.80516895479425914545E-17
    0.12966657648748749487E+01   -0.29466945106673938918E-10    0.94421326472092953257E-18
    0.13054535616816815846E+01   -0.84015130575246579403E-10   -0.81253996581849395811E-17
    0.13142413584884884425E+01   -0.11695166489440170835E-10   -0.22739439969590101438E-17
    0.13230291552952953005E+01    0.11436727893778164687E-09    0.12834176909988129111E-16
    0.13318169521021021584E+01    0.97047619567437375414E-10    0.12785529039278663259E-16
    0.13406047489089087943E+01   -0.98604722586110041120E-10   -0.13078708392251652998E-16
    0.13493925457157156522E+01   -0.21196225768220683315E-09   -0.43277154515696533405E-16
    0.13581803425225225102E+01   -0.96127709086676328073E-11   -0.50522438908364071007E-16
    0.13669681393293293681E+01    0.30195131868995499358E-09   -0.38808263223313048218E-16
    0.13757559361361360040E+01    0.23662648251917185899E-09   -0.37586845325333459324E-16
    0.13845437329429428619E+01   -0.26894980349886198579E-09   -0.55012030853406543420E-16
    0.13933315297497497198E+01   -0.54350691256822065183E-09   -0.55588674428966306433E-16
    0.14021193265565565778E+01   -0.73799838641931123258E-11   -0.11302935253513061356E-16
    0.14109071233633634357E+01    0.78945434460089312784E-09    0.33604450749656293110E-16
    0.14196949201701700716E+01    0.59928461828395997691E-09   -0.70128098532448915572E-17
    0.14284827169769769295E+01   -0.71629072267762046967E-09   -0.14185268483310253463E-15
    0.14372705137837837874E+01   -0.14040806026119943824E-08   -0.24865046626515793500E-15
    0.14460583105905906454E+01    0.25235502902519763515E-10   -0.20964713308294497537E-15
    0.14548461073973975033E+01    0.21213577455166532758E-08   -0.85267103180008522813E-16
    0.14636339042042041392E+01    0.16764881792134705860E-08   -0.71314928663523471798E-16
    0.14724217010110109971E+01   -0.15184704849866274045E-08   -0.25350777490165626850E-15
    0.14812094978178178550E+01   -0.25528676579984917654E-08   -0.46707500787037690078E-15
    0.14899972946246244909E+01    0.32447765742848305832E-08   -0.47395046798591815706E-15
    0.14987850914314313489E+01    0.13953043591912628621E-07   -0.22273676932272582283E-15
    0.15075728882382382068E+01    0.26423189188195317248E-07    0.12092575479872919033E-15
    0.15163606850450450647E+01    0.52689324662699506682E-07    0.36163626776241056372E-15
    0.15251484818518519226E+01    0.13574419678047463089E-06    0.42993308928432522404E-15
    0.15339362786586585585E+01    0.36044461646534886923E-06    0.39464334153911631790E-15
    0.15427240754654654165E+01    0.87931898974524589836E-06    0.41098801695437420877E-15
    0.15515118722722722744E+01    0.20475236695573977354E-05    0.59213926161082194946E-15
    0.15602996690790791323E+01    0.46687658029387584844E-05    0.81876486684110099776E-15
    0.15690874658858859902E+01    0.10461845030270460602E-04    0.71821854300753301958E-15
    0.15778752626926926261E+01    0.23016649803878458212E-04    0.63214192736170341517E-16
    0.15866630594994994841E+01    0.49239043322027084820E-04   -0.77989275396768708864E-15
    0.15954508563063063420E+01    0.10280990986481360300E-03   -0.10663862595646377655E-14
    0.16042386531131129779E+01    0.20965718667738806789E-03   -0.48690638927665893992E-15
    0.16130264499199198358E+01    0.41718938469176785428E-03    0.39925785386186476106E-15
    0.16218142467267266937E+01    0.81175207783669412441E-03    0.80008400710669480290E-15
    0.16306020435335335517E+01    0.15418304410108457907E-02    0.57235653167239264221E-15
    0.16393898403403404096E+01    0.28591166977749563928E-02    0.21640647878005628394E-15
    0.16481776371471470455E+01    0.51763982257217056732E-02    0.65712747687535222777E-16
    0.16569654339539539034E+01    0.91394703347316402081E-02   -0.18926982794098337641E-15
    0.16657532307607607613E+01    0.15726635938510757917E-01   -0.96689426941384049326E-15
    0.16745410275675676193E+01    0.26354903768246128876E-01   -0.20456899528926605694E-14
    0.16833288243743744772E+01    0.42966472829996021909E-01   -0.27346752341654831450E-14
    0.16921166211811811131E+01    0.68092830283537991720E-01   -0.28619063645382827281E-14
    0.17009044179879879710E+01    0.10482431892344130919E+00   -0.32679250542109295895E-14
    0.17096922147947948289E+01    0.15656860850106901761E+00   -0.49280453886071912484E-14
    0.17184800116016014648E+01    0.22668457009309805894E+00   -0.77985064633018100866E-14
    0.17272678084084085448E+01    0.31780181768254989194E+00   -0.10959337053673634567E-13
    0.17360556052152151807E+01    0.43085761221598961601E+00   -0.13904610774201167897E-13
    0.17448434020220220386E+01    0.56405783987488533615E+00   -0.17243494808791254862E-13
    0.17536311988288288966E+01    0.71174547188878112269E+00   -0.21739243956569036738E-13
    0.17624189956356355324E+01    0.86337730738626061733E+00   -0.26990148612011889188E-13
    0.17712067924424426124E+01    0.10033709327470210493E+01   -0.31485876704296730664E-13
    0.17799945892492492483E+01    0.11117705651089551111E+01   -0.33881107802688039626E-13
    0.17887823860560561062E+01    0.11659041450673419682E+01   -0.33867068628995058415E-13
    0.17975701828628629642E+01    0.11440503086726541149E+01   -0.31802081895127340201E-13
    0.18063579796696696000E+01    0.10298518675592307492E+01   -0.27984571484829543724E-13
    0.18151457764764764580E+01    0.81704752535938807156E+00   -0.22363984472812799685E-13
    0.18239335732832833159E+01    0.51437330637349798490E+00   -0.14657827467902815500E-13
    0.18327213700900899518E+01    0.14855012956142754632E+00   -0.46688313006799424278E-14
    0.18415091668968970318E+01   -0.23705426489435088566E+00    0.70614592204963997086E-14
    0.18502969637037036676E+01   -0.58611238948621158240E+00    0.18651117708564573368E-13
    0.18590847605105105256E+01   -0.83828580633461347027E+00    0.27288891571151697959E-13
    0.18678725573173173835E+01   -0.94268076198997308168E+00    0.30518033441315327341E-13
    0.18766603541241240194E+01   -0.87059221456990465438E+00    0.27272088022378633097E-13
    0.18854481509309310994E+01   -0.62547108716273203122E+00    0.18131178772296833150E-13
    0.18942359477377377353E+01   -0.24993433277417989591E+00    0.52303546982676987473E-14
    0.19030237445445445932E+01    0.17930528573849532914E+00   -0.83333214900155965878E-14
    0.19118115413513514511E+01    0.56709083144859362413E+00   -0.19507824966473390052E-13
    0.19205993381581580870E+01    0.81926484754018968903E+00   -0.26060843291158148257E-13
    0.19293871349649649449E+01    0.86767014379148188485E+00   -0.26738513899046312111E-13
    0.19381749317717718029E+01    0.69422789957676822592E+00   -0.21249810057580488321E-13
    0.19469627285785784387E+01    0.33849041873610202780E+00   -0.10443298788131545213E-13
    0.19557505253853855187E+01   -0.10948397938839496413E+00    0.33685437400077527501E-14
    0.19645383221921921546E+01   -0.52645597853402759103E+00    0.16532875746414243533E-13
    0.19733261189989990125E+01   -0.79173925510950549089E+00    0.25188837054764187225E-13
    0.19821139158058058705E+01   -0.82627008003647173240E+00    0.26644530297363881496E-13
    0.19909017126126125063E+01   -0.61535462464204915278E+00    0.20221809481193871975E-13
    0.19996895094194195863E+01   -0.21661956309017457722E+00    0.76139084286550302081E-14
    0.20084773062262262222E+01    0.24837022873094968811E+00   -0.73158323691377055767E-14
    0.20172651030330328581E+01    0.63393401949447358845E+00   -0.19816001581868140810E-13
    0.20260528998398399381E+01    0.81828552190272463296E+00   -0.25832057768596858563E-13
    0.20348406966466465740E+01    0.73900393002059172609E+00   -0.23284635305126237167E-13
    0.20436284934534532098E+01    0.41666054397396962150E+00   -0.13034296565121422493E-13
    0.20524162902602602898E+01   -0.42567237377118267994E-01    0.10881300292995916893E-14
    0.20612040870670673698E+01   -0.48615787193019888157E+00    0.14163557378700357793E-13
    0.20699918838738740057E+01   -0.76688760151762147554E+00    0.22437071031015098882E-13
    0.20787796806806806416E+01   -0.78717706845320833953E+00    0.24118062667830849441E-13
    0.20875674774874877215E+01   -0.53580393772958156973E+00    0.18965576777439314716E-13
    0.20963552742942943574E+01   -0.10051635677311349104E+00    0.80206697690747287454E-14
    0.21051430711011009933E+01    0.36838729116694907129E+00   -0.60650226343171900160E-14
    0.21139308679079080733E+01    0.70995226456944116045E+00   -0.18792797328914351568E-13
    0.21227186647147147092E+01    0.80244223153332860932E+00   -0.25197013864912171072E-13
    0.21315064615215213450E+01    0.60983072132561544354E+00   -0.22508364171228123520E-13
    0.21402942583283284250E+01    0.20242859225938067413E+00   -0.11800280154758321514E-13
    0.21490820551351350609E+01   -0.27576531445547142196E+00    0.27887267422877223145E-14
    0.21578698519419421409E+01   -0.65723782811160769146E+00    0.15683478444424478718E-13
    0.21666576487487487768E+01   -0.80390226382554397233E+00    0.21925993036160304529E-13
    0.21754454455555558567E+01   -0.66050210282856236521E+00    0.19489246149825929176E-13
    0.21842332423623624926E+01   -0.28140241594520554180E+00    0.10272719702740055762E-13
    0.21930210391691691285E+01    0.19783494545078825211E+00   -0.16882183480062719466E-14
    0.22018088359759762085E+01    0.60762808252942879239E+00   -0.12620527213608909764E-13
    0.22105966327827828444E+01    0.79862232645270747611E+00   -0.19885926221362431383E-13
    0.22193844295895894803E+01    0.69984490630528639610E+00   -0.21618713991881789702E-13
    0.22281722263963965602E+01    0.35032031847641553757E+00   -0.16714273663280701579E-13
    0.22369600232032031961E+01   -0.12463523542797037835E+00   -0.58088139128085671851E-14
    0.22457478200100098320E+01   -0.55649745371303593888E+00    0.77717897998529145692E-14
    0.22545356168168169120E+01   -0.78781338458530636437E+00    0.18942696900666243225E-13
    0.22633234136236239920E+01   -0.73367334527380123621E+00    0.23277690147704229154E-13
    0.22721112104304301837E+01   -0.41734178982817049519E+00    0.18947139870722902358E-13
    0.22808990072372372637E+01    0.48208169110349148589E-01    0.73546390906959844630E-14
    0.22896868040440443437E+01    0.49833607905475868494E+00   -0.69436642647528417220E-14
    0.22984746008508509796E+01    0.76991898226088417712E+00   -0.18024540542491230549E-13
    0.23072623976576576155E+01    0.76485796480077150594E+00   -0.21665412230836964013E-13
    0.23160501944644646954E+01    0.48909684885671694810E+00   -0.17270032685659366056E-13
    0.23248379912712713313E+01    0.40118643220595801013E-01   -0.72218728733417712076E-14
    0.23336257880780779672E+01   -0.42489874438011360214E+00    0.45550763832563631045E-14
    0.23424135848848850472E+01   -0.73978851386050903383E+00    0.14045324945995109294E-13
    0.23512013816916916831E+01   -0.79337668199532040969E+00    0.18545784657984708615E-13
    0.23599891784984983190E+01   -0.57126767310229842334E+00    0.17413033013503558391E-13
    0.23687769753053053989E+01   -0.15056079660919813312E+00    0.11511874543866737225E-13
    0.23775647721121124789E+01    0.32400472270696589749E+00    0.23938769061602238081E-14
    0.23863525689189186707E+01    0.68651605595467724008E+00   -0.78566502015166193482E-14
    0.23951403657257257507E+01    0.81263296348588909268E+00   -0.16289196486855136924E-13
    0.24039281625325328307E+01    0.66357485341123223499E+00   -0.19467841464435936996E-13
    0.24127159593393394665E+01    0.28967786067213924239E+00   -0.15358256881493848718E-13
    0.24215037561461461024E+01   -0.18327313958933136306E+00   -0.52182687674491943146E-14
    0.24302915529529531824E+01   -0.59427689271276951111E+00    0.68862060274200653712E-14
    0.24390793497597598183E+01   -0.80681442181491314081E+00    0.16385870422976121812E-13
    0.24478671465665664542E+01   -0.75429712947836591308E+00    0.20122193685950604826E-13
    0.24566549433733735341E+01   -0.45367820814492365589E+00    0.17131100435629356544E-13
    0.24654427401801801700E+01   -0.37768026272037595256E-02    0.88947200277225186274E-14
    0.24742305369869868059E+01    0.44657608057009706704E+00   -0.14214351733027020230E-14
    0.24830183337937938859E+01    0.75279482992748525394E+00   -0.10482069042360219493E-13
    0.24918061306006009659E+01    0.81990501090026224329E+00   -0.15961495515584721398E-13
    0.25005939274074071577E+01    0.62622301788227885400E+00   -0.16926971407373772747E-13
    0.25093817242142142376E+01    0.23438517641648370926E+00   -0.13870395882189320819E-13
    0.25181695210210213176E+01   -0.22983975686402849381E+00   -0.81393657198293973380E-14
    0.25269573178278279535E+01   -0.62288336561795143442E+00   -0.95589835397002386997E-15
    0.25357451146346345894E+01   -0.82578652361586435404E+00    0.69083900194631937859E-14
    0.25445329114414416694E+01   -0.77630199600277094429E+00    0.14122190523093914766E-13
    0.25533207082482483052E+01   -0.49184008926677458273E+00    0.17860659479051874686E-13
    0.25621085050550549411E+01   -0.61049696358862100276E-01    0.15256264437202061750E-13
    0.25708963018618620211E+01    0.38831062853456832507E+00    0.65207591051746380683E-14
    0.25796840986686686570E+01    0.72470067663675419301E+00   -0.40574182945503980758E-14
    0.25884718954754752929E+01    0.84970852060745039047E+00   -0.11463394268422002393E-13
    0.25972596922822823728E+01    0.73012738538974109037E+00   -0.13821293916120928244E-13
    0.26060474890890894528E+01    0.40329090349893892409E+00   -0.12496694453281524818E-13
    0.26148352858958960887E+01   -0.38034269550562285755E-01   -0.94299494804948605506E-14
    0.26236230827027027246E+01   -0.46932384379538949482E+00   -0.53617096843174958524E-14
    0.26324108795095098046E+01   -0.77032605269526022163E+00   -0.24771421056871084704E-15
    0.26411986763163164404E+01   -0.86098216168894248224E+00    0.57696063425444299853E-14
    0.26499864731231230763E+01   -0.71907425924549739360E+00    0.11746148928701820092E-13
    0.26587742699299301563E+01   -0.38359830139316819508E+00    0.15648135747402414627E-13
    0.26675620667367367922E+01    0.53739045880992430959E-01    0.14927562854176350537E-13
    0.26763498635435434281E+01    0.47661636605672413891E+00    0.86436062284666775874E-14
    0.26851376603503505081E+01    0.77631369548669693081E+00   -0.65373186283309753745E-15
    0.26939254571571571439E+01    0.87677936111666077146E+00   -0.83902737317912718598E-14
    0.27027132539639637798E+01    0.75363676723691586101E+00   -0.11766426807665558200E-13
    0.27115010507707708598E+01    0.44132883334557609922E+00   -0.11575712223654335136E-13
    0.27202888475775779398E+01    0.19377187174438120776E-01   -0.99566720318561729086E-14
    0.27290766443843845757E+01   -0.40805119262334660357E+00   -0.75734184840941748713E-14
    0.27378644411911912115E+01   -0.73659026224731816157E+00   -0.35997492835857265208E-14
    0.27466522379979982915E+01   -0.88841513070646849215E+00    0.23029954085393094408E-14
    0.27554400348048049274E+01   -0.83079763500410119814E+00    0.88727269979617828664E-14
    0.27642278316116115633E+01   -0.57924142831327707359E+00    0.14059515223235129029E-13
    0.27730156284184186433E+01   -0.19394638823560997332E+00    0.16241196209832802122E-13
    0.27818034252252252791E+01    0.23524931946711388764E+00    0.14791048840358556037E-13
    0.27905912220320319150E+01    0.61199535755261613712E+00    0.10154437827870328568E-13
    0.27993790188388389950E+01    0.85445968140878791885E+00    0.36487690863218749829E-14
    0.28081668156456460750E+01    0.91116493764634598485E+00   -0.31548310603754305763E-14
    0.28169546124524522668E+01    0.77281136721873167073E+00   -0.90537642071594134959E-14
    0.28257424092592593468E+01    0.47171550364776954067E+00   -0.13301897708607542052E-13
    0.28345302060660664267E+01    0.72233541818050056582E-01   -0.15327605183443126870E-13
    0.28433180028728730626E+01   -0.34235257492326531814E+00   -0.14631851916581125110E-13
    0.28521057996796796985E+01   -0.68780813008113372842E+00   -0.11070061201479591109E-13
    0.28608935964864867785E+01   -0.89685861441695646779E+00   -0.51549082536260373123E-14
    0.28696813932932934144E+01   -0.93052165571531963995E+00    0.20389145134168656260E-14
    0.28784691901001000502E+01   -0.78440764741667035054E+00    0.92457736976525523694E-14
    0.28872569869069071302E+01   -0.48934120575680295495E+00    0.15287944887120180820E-13
    0.28960447837137137661E+01   -0.10267068068718908369E+00    0.19145990012742834783E-13
    0.29048325805205204020E+01    0.30328798342012602829E+00    0.20001379361737877266E-13
    0.29136203773273274820E+01    0.65444876991915679199E+00    0.17413440387672250478E-13
    0.29224081741341345619E+01    0.88903515308939085049E+00    0.11578812315885756371E-13
    0.29311959709409407537E+01    0.96825381911976449167E+00    0.34110088727625171214E-14
    0.29399837677477478337E+01    0.88080025699827790842E+00   -0.57103835013377294904E-14
    0.29487715645545549137E+01    0.64439131535010352181E+00   -0.14261982841440924015E-13
    0.29575593613613615496E+01    0.30114622449279287997E+00   -0.20820226438539730254E-13
    0.29663471581681681855E+01   -0.91315210654590375783E-01   -0.24250132458255329018E-13
    0.29751349549749752654E+01   -0.46952348059250215151E+00   -0.23905305120904809669E-13
    0.29839227517817819013E+01   -0.77444731970436575530E+00   -0.19854710133106396502E-13
    0.29927105485885885372E+01   -0.96106522648463454939E+00   -0.13010960667533318908E-13
    0.30014983453953956172E+01   -0.10038629788711310731E+01   -0.47726386664394917129E-14
    0.30102861422022022531E+01   -0.89934752903089620890E+00    0.36433675023698528723E-14
    0.30190739390090088889E+01   -0.66580561533021787035E+00    0.11533435911375349662E-13
    0.30278617358158159689E+01   -0.33873665666421975962E+00    0.18410783798635770639E-13
    0.30366495326226230489E+01    0.35055464840544947602E-01    0.23632333659190179560E-13
    0.30454373294294292407E+01    0.40431257910449391879E+00    0.26426401281162353611E-13
    0.30542251262362363207E+01    0.72071239888269522655E+00    0.26191365837976363716E-13
    0.30630129230430434006E+01    0.94504134050076193940E+00    0.22747123649287017719E-13
    0.30718007198498500365E+01    0.10511894372197940761E+01    0.16464418550518017826E-13
    0.30805885166566566724E+01    0.10289575072458942984E+01    0.82881055896062595022E-14
    0.30893763134634637524E+01    0.88405839377280770464E+00   -0.57485054385490219421E-15
    0.30981641102702703883E+01    0.63616580480287410193E+00   -0.91712533350562752389E-14
    0.31069519070770770242E+01    0.31594491281065956167E+00   -0.17016580053867868732E-13
    0.31157397038838841041E+01   -0.39364743400918070226E-01   -0.23769915957322794079E-13
    0.31245275006906907400E+01   -0.39062963525009009036E+00   -0.28869042378896679997E-13
    0.31333152974974973759E+01   -0.70101709233697206969E+00   -0.31607082231040823504E-13
    0.31421030943043044559E+01   -0.93979285549679303369E+00   -0.31496977682817709891E-13
    0.31508908911111115358E+01   -0.10851526588544586627E+01   -0.28521847399007685429E-13
    0.31596786879179177276E+01   -0.11254781298038458726E+01   -0.23151619499259249937E-13
    0.31684664847247248076E+01   -0.10598822061916854942E+01   -0.16250275540212406588E-13
    0.31772542815315318876E+01   -0.89738717380606336516E+00   -0.87626150631193560817E-14
    0.31860420783383385235E+01   -0.65517737690604394007E+00   -0.12790123043124781681E-14
    0.31948298751451451594E+01   -0.35647820077397140981E+00    0.60842186872921090484E-14
    0.32036176719519522393E+01   -0.27940564006012601206E-01    0.13262438993534293666E-13
    0.32124054687587593193E+01    0.30301414244887409088E+00    0.19802217105123597813E-13
    0.32211932655655655111E+01    0.61047747802121166139E+00    0.24938756331147597428E-13
    0.32299810623723725911E+01    0.87205661079509244615E+00    0.28006109282847742462E-13
    0.32387688591791796711E+01    0.10703845968326748395E+01    0.28743411753436251550E-13
    0.32475566559859858629E+01    0.11938521558836594494E+01    0.27382905580730589208E-13
    0.32563444527927929428E+01    0.12369938431312930138E+01    0.24604719724701421309E-13
    0.32651322495996000228E+01    0.12002186843481972289E+01    0.21150532481944559984E-13
    0.32739200464064062146E+01    0.10891025994570349145E+01    0.17252106279442374823E-13
    0.32827078432132132946E+01    0.91347351211666849569E+00    0.12535445495539017437E-13
    0.32914956400200203745E+01    0.68621515649797037995E+00    0.67254791580870800810E-14
    0.33002834368268265663E+01    0.42202189550926255679E+00    0.32787866887845072226E-15
    0.33090712336336336463E+01    0.13624114413843710358E+00   -0.56336076364891817200E-14
    0.33178590304404407263E+01   -0.15621339634662223528E+00   -0.10459864292584172194E-13
    0.33266468272472478063E+01   -0.44176558050734965333E+00   -0.14238161130549810024E-13
    0.33354346240540539981E+01   -0.70879178206105963866E+00   -0.17609859818512826983E-13
    0.33442224208608610780E+01   -0.94809328700365236298E+00   -0.21341497824168579831E-13
    0.33530102176676681580E+01   -0.11530634807379953610E+01   -0.25781344254853631774E-13
    0.33617980144744743498E+01   -0.13196520189125235945E+01   -0.30298845981045288438E-13
    0.33705858112812814298E+01   -0.14462040268905631546E+01   -0.33430968162479274766E-13
    0.33793736080880885098E+01   -0.15331239589305050153E+01   -0.34161073570859786304E-13
    0.33881614048948947016E+01   -0.15824913933382074305E+01   -0.33054283089033253133E-13
    0.33969492017017017815E+01   -0.15976531150898098943E+01   -0.31640531329818955216E-13
    0.34057369985085088615E+01   -0.15828036472331312723E+01   -0.30766288529636898671E-13
    0.34145247953153150533E+01   -0.15426041127730203417E+01   -0.29932003178509640455E-13
    0.34233125921221221333E+01   -0.14818639893824585574E+01   -0.28323359602905602371E-13
    0.34321003889289292133E+01   -0.14052616256213874557E+01   -0.25945468873834484966E-13
    0.34408881857357362932E+01   -0.13171632334930682973E+01   -0.23499489897624548503E-13
    0.34496759825425424850E+01   -0.12215064889653621805E+01   -0.21504661973518087609E-13
    0.34584637793493495650E+01   -0.11217255431553287970E+01   -0.19866749665423901203E-13
    0.34672515761561566450E+01   -0.10207336666812916182E+01   -0.18241177905971714038E-13
    0.34760393729629628368E+01   -0.92092532765516399440E+00   -0.16483542760111468335E-13
    0.34848271697697699167E+01   -0.82420201294940231840E+00   -0.14684719747245879267E-13
    0.34936149665765769967E+01   -0.73201309335523867539E+00   -0.12953959850844464158E-13
    0.35024027633833831885E+01   -0.64540275454523921006E+00   -0.11288733980383524451E-13
    0.35111905601901902685E+01   -0.56506461229007665104E+00   -0.96102571788873848644E-14
    0.35199783569969973485E+01   -0.49139703076107910107E+00   -0.78425488475408269205E-14
    0.35287661538038035403E+01   -0.42455396277282059225E+00   -0.60104627299579897556E-14
    0.35375539506106106202E+01   -0.36449266280722292244E+00   -0.43353749237207926032E-14
    0.35463417474174177002E+01   -0.31101686306202702692E+00   -0.31615314125443920256E-14
    0.35551295442242247802E+01   -0.26381325877145628267E+00   -0.26225186159493421499E-14
    0.35639173410310309720E+01   -0.22248512321682584192E+00   -0.23814050565856828760E-14
    0.35727051378378380520E+01   -0.18658061694051591983E+00   -0.19110643494128330214E-14
    0.35814929346446451319E+01   -0.15561756405341131693E+00   -0.10686138981979333576E-14
    0.35902807314514513237E+01   -0.12910425026801641835E+00   -0.24501988139142260227E-15
    0.35990685282582584037E+01   -0.10655449500958460995E+00    0.16777764707095099432E-15
    0.36078563250650654837E+01   -0.87500346638640563723E-01    0.28118934340045465758E-15
    0.36166441218718716755E+01   -0.71500545989745978304E-01    0.47439557262210608932E-15
    0.36254319186786787554E+01   -0.58146291506324693232E-01    0.75510011515615557051E-15
    0.36342197154854858354E+01   -0.47065025818454349349E-01    0.64228797853621465100E-15
    0.36430075122922929154E+01   -0.37921505749538876595E-01   -0.11728309422537945361E-15
    0.36517953090990991072E+01   -0.30417907013569330660E-01   -0.93644805728203873398E-15
    0.36605831059059061872E+01   -0.24292557630393420837E-01   -0.93454717144309272475E-15
    0.36693709027127132671E+01   -0.19317827843169887297E-01   -0.97353187932483697250E-16
    0.36781586995195194589E+01   -0.15297647610099461557E-01    0.52156325640820659111E-15
    0.36869464963263265389E+01   -0.12064554712543699294E-01    0.10225784835445523394E-15
    0.36957342931331336189E+01   -0.94766580226015775107E-02   -0.77653001384338586255E-15
    0.37045220899399398107E+01   -0.74146824073425248586E-02   -0.82903021258219944893E-15
    0.37133098867467468907E+01   -0.57790785456570013465E-02    0.24995847563206410284E-15
    0.37220976835535539706E+01   -0.44873197897463308614E-02    0.13243604226579798593E-14
    0.37308854803603601624E+01   -0.34714730998809330449E-02    0.12848404318815325668E-14
    0.37396732771671672424E+01   -0.26759192171038636600E-02    0.44460038333852196386E-15
    0.37484610739739743224E+01   -0.20554140496237341407E-02   -0.88229380438432075814E-17
    0.37572488707807814023E+01   -0.15733668571777676554E-02    0.38964023621548744748E-15
    0.37660366675875875941E+01   -0.12003238062988045177E-02    0.86788400331878731281E-15
    0.37748244643943946741E+01   -0.91273399814054926183E-03    0.60407624455807689851E-15
    0.37836122612012017541E+01   -0.69183641723899393268E-03   -0.12714269197207795232E-15
    0.37924000580080079459E+01   -0.52277145040560593203E-03   -0.40588618758491286032E-15
    0.38011878548148150259E+01   -0.39383169433260142812E-03    0.33759533635479524558E-16
    0.38099756516216221058E+01   -0.29582298493531570789E-03    0.44122106424779598620E-15
    0.38187634484284282976E+01   -0.22157338937498912107E-03    0.13851305467846349848E-15
    0.38275512452352353776E+01   -0.16550135961139594560E-03   -0.47744634704932008155E-15
    0.38363390420420424576E+01   -0.12328576022655330898E-03   -0.46443216079988853072E-15
    0.38451268388488486494E+01   -0.91598096943953122317E-04    0.34026860482266161312E-15
    0.38539146356556557294E+01   -0.67879401607911767167E-04    0.98860237080138732439E-15
    0.38627024324624628093E+01   -0.50175999950972203644E-04    0.60466779106681232348E-15
    0.38714902292692698893E+01   -0.36997833127916371549E-04   -0.51249353967110241668E-15
    0.38802780260760760811E+01   -0.27213693882070882733E-04   -0.13164290602584893530E-14
    0.38890658228828831611E+01   -0.19968724772389940506E-04   -0.12456869084286325605E-14
    0.38978536196896902410E+01   -0.14617052794164353888E-04   -0.68574288267554990098E-15
    0.39066414164964964328E+01   -0.10674108004673175864E-04   -0.24870532500440742112E-15
    0.39154292133033035128E+01   -0.77762070142850964758E-05   -0.40115895002787401685E-16
    0.39242170101101105928E+01   -0.56514951246954569407E-05    0.18174105189768860481E-15
    0.39330048069169167846E+01   -0.40976550479474722606E-05    0.38746483354898454112E-15
    0.39417926037237238646E+01   -0.29639686587155979315E-05    0.16899402497331663281E-15
    0.39505804005305309445E+01   -0.21389607186185333103E-05   -0.60204429267323378888E-15
    0.39593681973373371363E+01   -0.15400590011765685874E-05   -0.12533860853877515176E-14
    0.39681559941441442163E+01   -0.11063276287920797319E-05   -0.89407277049812606620E-15
    0.39769437909509512963E+01   -0.79301031988879751898E-06    0.46924447294514483311E-15
    0.39857315877577583763E+01   -0.56718508078247085721E-06    0.17253184463408946074E-14
    0.39945193845645645681E+01   -0.40482552376830622924E-06    0.17786948608278018694E-14
    0.40033071813713716480E+01   -0.28836317107840871264E-06    0.61339001997731945053E-15
    0.40120949781781787280E+01   -0.20500169332420291573E-06   -0.86404659153545368775E-15
    0.40208827749849849198E+01   -0.14546959589793211483E-06   -0.16409049777969684541E-14
    0.40296705717917919998E+01   -0.10303599446913433466E-06   -0.12204906742654288129E-14
    0.40384583685985990797E+01   -0.72855916488206087504E-07    0.92184301728971224495E-16
    0.40472461654054052715E+01   -0.51431908268293560754E-07    0.12009308403823772679E-14
    0.40560339622122123515E+01   -0.36248803605427892475E-07    0.10461309014341253974E-14
    0.40648217590190194315E+01   -0.25508380286109589059E-07   -0.22651814485580960706E-15
    0.40736095558258256233E+01   -0.17921708645532977078E-07   -0.12391726011004251715E-14
    0.40823973526326327033E+01   -0.12572886530861832084E-07   -0.95607422773625200920E-15
    0.40911851494394397832E+01   -0.88079366501802565653E-08    0.18233712252574226548E-16
    0.40999729462462468632E+01   -0.61612738935243770418E-08    0.30106132964951517628E-15
    0.41087607430530530550E+01   -0.43035831518772304747E-08   -0.37368329384222931618E-15
    0.41175485398598601350E+01   -0.30012786699256954723E-08   -0.77240552872315760626E-15
    0.41263363366666672150E+01   -0.20900704634459847829E-08    0.69571558830491673744E-16
    0.41351241334734734068E+01   -0.14535501180725264091E-08    0.13385939481086265051E-14
    0.41439119302802804867E+01   -0.10093998003411530528E-08    0.13963202883951416946E-14
    0.41526997270870875667E+01   -0.69988738491778195219E-09   -0.93556927485583945852E-16
    0.41614875238938937585E+01   -0.48446468309586681650E-09   -0.16577012026576764107E-14
    0.41702753207007008385E+01   -0.33487571350673165586E-09   -0.17961851588237604559E-14
    0.41790631175075079184E+01   -0.23119978649221876680E-09   -0.62372050019570378347E-15
    0.41878509143143141102E+01   -0.15940231043138517376E-09    0.59866508166265759801E-15
    0.41966387111211211902E+01   -0.10971920424747035372E-09    0.97592540063877568465E-15
    0.42054265079279282702E+01   -0.75379831236979634552E-10    0.63161786450411492158E-15
    0.42142143047347353502E+01   -0.51719593095536447307E-10    0.11811931330848156213E-15
    0.42230021015415415420E+01   -0.35458104988201293852E-10   -0.24650550647350624122E-15
    0.42317898983483486219E+01   -0.24282920063486171479E-10   -0.43897570599154660586E-15
    0.42405776951551557019E+01   -0.16598519279197116271E-10   -0.48463386189061495238E-15
    0.42493654919619618937E+01   -0.11319524322988864113E-10   -0.34411636318726111587E-15
    0.42581532887687689737E+01   -0.77100837289103322927E-11   -0.15911651468203249480E-17
    0.42669410855755760537E+01   -0.52513476073599821390E-11    0.44342446735573932928E-15
    0.42757288823823822455E+01   -0.35742043811104295910E-11    0.80819837675397157401E-15
    0.42845166791891893254E+01   -0.24263448349630357533E-11    0.92322132483955929937E-15
    0.42933044759959964054E+01   -0.16416708145652557988E-11    0.72097910394057202798E-15
    0.43020922728028034854E+01   -0.11102002981860438345E-11    0.30801034343216551246E-15
    0.43108800696096096772E+01   -0.75265166263392306484E-12   -0.28402714191273661519E-16
    0.43196678664164167571E+01   -0.51061185612948158560E-12   -0.24735124736805111981E-16
    0.43284556632232238371E+01   -0.34462097115822170085E-12    0.27352635226057331518E-15
    0.43372434600300300289E+01   -0.23066224874788087902E-12    0.51228416732606549162E-15
    0.43460312568368371089E+01   -0.15397488944276927028E-12    0.40699970341647395882E-15
    0.43548190536436441889E+01   -0.10351683715286759160E-12    0.53537331643914522092E-16
    0.43636068504504503807E+01   -0.70353479174062597024E-13   -0.23280678304928785956E-15
    0.43723946472572574606E+01   -0.48024924599106413235E-13   -0.29467720528579873295E-15
    0.43811824440640645406E+01   -0.32521816177448162260E-13   -0.25208334500674607738E-15
    0.43899702408708707324E+01   -0.21603975408799631083E-13   -0.27196519593627917551E-15
    0.43987580376776778124E+01   -0.14055633467416604533E-13   -0.35005164183422406442E-15
    0.44075458344844848924E+01   -0.91470909744371823762E-14   -0.35613723664277942529E-15
    0.44163336312912919723E+01   -0.62268632271717843485E-14   -0.20528700528740113376E-15
    0.44251214280980981641E+01   -0.45556049171135958255E-14    0.52464483112392751585E-16
    0.44339092249049052441E+01   -0.34415163556405753935E-14    0.25738511435406769373E-15
    0.44426970217117123241E+01   -0.24166420853102852026E-14    0.21290614551682364828E-15
    0.44514848185185185159E+01   -0.13603232125056539612E-14   -0.15605954403148147046E-15
    0.44602726153253255958E+01   -0.56425359539644322310E-15   -0.62870334505087475353E-15
    0.44690604121321326758E+01   -0.49500371504336228246E-15   -0.77190922547278060647E-15
    0.44778482089389388676E+01   -0.11826416883908094591E-14   -0.35021647453683747014E-15
    0.44866360057457459476E+01   -0.18586669351943481570E-14    0.36735629865464051516E-15
    0.44954238025525530276E+01   -0.16370505619545738234E-14    0.83683900820694025152E-15
    0.45042115993593592194E+01   -0.60379080333512922356E-15    0.71102875428167279135E-15
    0.45129993961661662993E+01    0.16110788863414974067E-15    0.66190034666259220406E-16
    0.45217871929729733793E+01   -0.73972959055569395130E-16   -0.69931941024846002482E-15
    0.45305749897797804593E+01   -0.67440601973319922915E-15   -0.10671983990388271801E-14
    0.45393627865865866511E+01   -0.48771973631646834820E-15   -0.73131918669683731047E-15
    0.45481505833933937311E+01    0.53634395756124166988E-15    0.54271176145963608840E-16
    0.45569383802002008110E+01    0.11540751928434358091E-14    0.57858490263809900690E-15
    0.45657261770070070028E+01    0.46157925366571695165E-15    0.33706249173931374840E-15
    0.45745139738138140828E+01   -0.81779703123462326529E-15   -0.45089397428570488044E-15
    0.45833017706206211628E+01   -0.12256666143424588701E-14   -0.11200109149844636442E-14
    0.45920895674274273546E+01   -0.37589520312499835346E-15   -0.11926135565576776612E-14
    0.46008773642342344345E+01    0.66550595057419970472E-15   -0.68964258101568566014E-15
    0.46096651610410415145E+01    0.82048712337659167668E-15   -0.16118336679424668638E-16
    0.46184529578478477063E+01    0.23144358077117352572E-15    0.27303522084910297637E-15
    0.46272407546546547863E+01   -0.20996464414994985699E-15   -0.15743875936311088200E-15
    0.46360285514614618663E+01   -0.69870279467755079601E-16   -0.10434695670058435781E-14
    0.46448163482682689462E+01    0.26501407923460242736E-15   -0.16483998998524405522E-14
    0.46536041450750751380E+01    0.30470698410873807214E-15   -0.15048068107978681919E-14
    0.46623919418818822180E+01    0.99737427650252329254E-16   -0.94581498743556443037E-15
    0.46711797386886892980E+01    0.46398856239003959074E-16   -0.62893380820032926531E-15
    0.46799675354954954898E+01    0.32890750443110157848E-15   -0.66128387219549156734E-15
    0.46887553323023025698E+01    0.73035924061733260540E-15   -0.50424960086206151000E-15
    0.46975431291091096497E+01    0.91468342262793418778E-15    0.15705581691431756306E-15
    0.47063309259159158415E+01    0.71864610308455299513E-15    0.77662476044452688362E-15
    0.47151187227227229215E+01    0.21559385905735410162E-15    0.56488641339171894997E-15
    0.47239065195295300015E+01   -0.33750113038252201080E-15   -0.41029984865253313777E-15
    0.47326943163363361933E+01   -0.62174839115153013126E-15   -0.11455417266535695619E-14
    0.47414821131431432732E+01   -0.45172281924435039223E-15   -0.87650480717293576988E-15
    0.47502699099499503532E+01    0.88988307738274796923E-16    0.65276497386500986863E-17
    0.47590577067567574332E+01    0.73643613266869681772E-15    0.51761249854986183436E-15
    0.47678455035635636250E+01    0.12305216761277679941E-14    0.23522256065668951544E-15
    0.47766333003703707050E+01    0.14086611499123329874E-14   -0.37949747444868553964E-15
    0.47854210971771777849E+01    0.11863000236805352402E-14   -0.70216189965310828543E-15
    0.47942088939839839767E+01    0.55641726093472254622E-15   -0.60212027533988778133E-15
    0.48029966907907910567E+01   -0.29325087052506707434E-15   -0.36001950724821563673E-15
    0.48117844875975981367E+01   -0.85165331804276572578E-15   -0.26082346732905569851E-15
    0.48205722844044043285E+01   -0.53802353911391116738E-15   -0.37555646500790747093E-15
    0.48293600812112114085E+01    0.60286050443272904449E-15   -0.58710858215655298446E-15
    0.48381478780180184884E+01    0.15515781899219199189E-14   -0.68339836829007626346E-15
    0.48469356748248246802E+01    0.12398562612985708345E-14   -0.52762627131662791930E-15
    0.48557234716316317602E+01   -0.98210250034488039065E-16   -0.23544057132465309393E-15
    0.48645112684384388402E+01   -0.99915762857036087265E-15   -0.10490423105307988515E-15
    0.48732990652452459202E+01   -0.51871975800540426919E-15   -0.26084374712719955145E-15
    0.48820868620520521119E+01    0.51838335192541495886E-15   -0.42998129586560735954E-15
    0.48908746588588591919E+01    0.61187036543929706869E-15   -0.25242705802262757666E-15
    0.48996624556656662719E+01   -0.44561671002423748703E-15    0.21874214292889661326E-15
    0.49084502524724724637E+01   -0.13092221597369054297E-14    0.51291785103161199611E-15
    0.49172380492792795437E+01   -0.84189970499365685561E-15    0.31688065237906058725E-15
    0.49260258460860866236E+01    0.48930017269892720394E-15   -0.10970378964432945955E-15
    0.49348136428928928154E+01    0.12991973028362754115E-14   -0.27943430450266486162E-15
    0.49436014396996998954E+01    0.80531216780603993792E-15   -0.10262831590505278101E-15
    0.49523892365065069754E+01   -0.59566176021545149978E-15    0.39604502028027116723E-16
    0.49611770333133140554E+01   -0.18861766723388408659E-14   -0.13265858373585740391E-15
    0.49699648301201202472E+01   -0.21234429233093270279E-14   -0.38007609011297885350E-15
    0.49787526269269273271E+01   -0.98503903182239284336E-15   -0.29188257318532316004E-15
    0.49875404237337344071E+01    0.84361067960173301263E-15    0.92696475496232620804E-16
    0.49963282205405405989E+01    0.20328279650417732538E-14    0.25790155266806812381E-15
    0.50051160173473476789E+01    0.18057554151899845449E-14   -0.12929493379356918294E-15
    0.50139038141541547589E+01    0.73930705972244492468E-15   -0.74464263583899905612E-15
    0.50226916109609609506E+01    0.15926653478578368619E-16   -0.99626454511146161974E-15
    0.50314794077677680306E+01    0.10974653609243825103E-15   -0.72772377648916303360E-15
    0.50402672045745751106E+01    0.50477066329992635086E-15   -0.32722943066669815041E-15
    0.50490550013813813024E+01    0.60116777044485924556E-15   -0.15511549064225536351E-15
    0.50578427981881883824E+01    0.46047445492354424456E-15   -0.10560632221683828023E-15
    0.50666305949949954623E+01    0.53160860224157580321E-15    0.12617195821601372215E-15
    0.50754183918018025423E+01    0.98255716057525221643E-15    0.52420130568701992863E-15
    0.50842061886086087341E+01    0.14894317506724969270E-14    0.70953378064764062739E-15
    0.50929939854154158141E+01    0.15582540273363481356E-14    0.44057506392603263813E-15
    0.51017817822222228941E+01    0.89456071505438875933E-15   -0.28301266568485918552E-16
    0.51105695790290290859E+01   -0.33482766001947139145E-15   -0.24036754160104019186E-15
    0.51193573758358361658E+01   -0.13575038105239467940E-14   -0.62035113892215607822E-16
    0.51281451726426432458E+01   -0.12156315341598762644E-14    0.22302355271755060546E-15
    0.51369329694494494376E+01    0.21155381289350517792E-15    0.30651635180147383986E-15
    0.51457207662562565176E+01    0.16857641785435728902E-14    0.17792519298641352431E-15
    0.51545085630630635976E+01    0.17708349240503786336E-14    0.30170173144530382674E-16
    0.51632963598698697893E+01    0.51050207315062854653E-15    0.47764721394714197855E-17
    0.51720841566766768693E+01   -0.58725401290084970426E-15    0.97907264342424047511E-16
    0.51808719534834839493E+01   -0.42952677472687938323E-15    0.25062636731003564325E-15
    0.51896597502902910293E+01    0.34123930937652553405E-15    0.43711590484915065409E-15
    0.51984475470970972211E+01    0.40900899782568358838E-15    0.66619702888253356313E-15
    0.52072353439039043010E+01   -0.35170453429067411962E-15    0.94427052682524108206E-15
    0.52160231407107113810E+01   -0.74598887790337300347E-15    0.12279294215938355987E-14
    0.52248109375175184610E+01   -0.32584826036796742557E-16    0.13697031639415943689E-14
    0.52335987343243246528E+01    0.86117266670260141295E-15    0.11378263797426042052E-14
    0.52423865311311317328E+01    0.49214392989493963118E-15    0.44384786487444577981E-15
    0.52511743279379388127E+01   -0.11677703801086957361E-14   -0.39334283151179939763E-15
    0.52599621247447450045E+01   -0.25817787843172579836E-14   -0.78745780982625622578E-15
    0.52687499215515520845E+01   -0.24375103886974466488E-14   -0.45408367617806870786E-15
    0.52775377183583591645E+01   -0.10120683255297410042E-14    0.23095663142076740723E-15
    0.52863255151651653563E+01    0.44429270845570219906E-15    0.63269228013039753981E-15
    0.52951133119719724363E+01    0.10513455563900912703E-14    0.50974586332718012495E-15
    0.53039011087787795162E+01    0.81221989960311030376E-15    0.14252666486477176722E-15
    0.53126889055855857080E+01    0.20651808324462106925E-15   -0.10674858425770221858E-15
    0.53214767023923927880E+01   -0.26705095756197754317E-15   -0.15236806098399253105E-15
    0.53302644991991998680E+01   -0.30498645499769361637E-15   -0.86934506096145454299E-16
    0.53390522960060069479E+01    0.10321109275330811065E-15    0.74640761973739034295E-16
    0.53478400928128131397E+01    0.69039339529965743604E-15    0.40233314567690029055E-15
    0.53566278896196202197E+01    0.10434722282173638445E-14    0.79332875987522275613E-15
    0.53654156864264272997E+01    0.79212080363105613887E-15    0.85997419600976738302E-15
    0.53742034832332334915E+01   -0.96518572886768640252E-16    0.31646914561724416515E-15
    0.53829912800400405715E+01   -0.10570184776724476015E-14   -0.51626715856626938873E-15
    0.53917790768468476514E+01   -0.12487217631967469817E-14   -0.86667117100363748287E-15
    0.54005668736536538432E+01   -0.47235095383916366585E-15   -0.35437045155892329987E-15
    0.54093546704604609232E+01    0.36853290055774784801E-15    0.48790481325676552867E-15
    0.54181424672672680032E+01    0.25362051798329047923E-15    0.81645932772478698096E-15
    0.54269302640740750832E+01   -0.58260403162046791959E-15    0.42690638705442599742E-15
    0.54357180608808812750E+01   -0.81750419880157494185E-15   -0.12740963442391679666E-15
    0.54445058576876883549E+01    0.20522871039614143716E-15   -0.28853960521132629417E-15
    0.54532936544944954349E+01    0.13931249233173491832E-14   -0.72310817264578956993E-16
    0.54620814513013016267E+01    0.12118355374947394815E-14    0.15274803811009025806E-15
    0.54708692481081087067E+01   -0.30805252647713261348E-15    0.16302269433444139934E-15
    0.54796570449149157866E+01   -0.15391798567511985578E-14    0.27322981293432144266E-16
    0.54884448417217219784E+01   -0.12625445636374194592E-14   -0.11534389876351590377E-15
    0.54972326385285290584E+01   -0.65151977649394106022E-16   -0.23199797620662605354E-15
    0.55060204353353361384E+01    0.62437428544920258825E-15   -0.31117748928735840961E-15
    0.55148082321421423302E+01    0.25868425988584814592E-15   -0.20835843209049972425E-15
    0.55235960289489494102E+01   -0.48631117306967954500E-15    0.25662417636393873463E-15
    0.55323838257557564901E+01   -0.79849100949261117362E-15    0.95074213481251887673E-15
    0.55411716225625635701E+01   -0.59341443199556723623E-15    0.12950372106168501261E-14
    0.55499594193693697619E+01   -0.26834467025451279242E-15    0.78464180280430115834E-15
    0.55587472161761768419E+01   -0.76916382604328763804E-16   -0.33869291039554659799E-15
    0.55675350129829839219E+01    0.49350939604902270017E-16   -0.11833824193741000783E-14
    0.55763228097897901137E+01    0.21612382429672493267E-15   -0.10777488050271380263E-14
    0.55851106065965971936E+01    0.35020012551399265496E-15   -0.19012422382328115960E-15
    0.55938984034034042736E+01    0.32900014907966378345E-15    0.77307675855080613624E-15
    0.56026862002102104654E+01    0.20993363441458361319E-15    0.11907933072456493187E-14
    0.56114739970170175454E+01    0.20190627755294056964E-15    0.85453709856307754238E-15
    0.56202617938238246253E+01    0.38017822427819505344E-15   -0.18084129223411300582E-16
    0.56290495906306308171E+01    0.53238029276069765550E-15   -0.89928099265881378297E-15
    0.56378373874374378971E+01    0.42910573909355273369E-15   -0.12834748551105275397E-14
    0.56466251842442449771E+01    0.19496830773352873699E-15   -0.10535582767282930920E-14
    0.56554129810510520571E+01    0.22170298549905814765E-15   -0.49236915226687671908E-15
    0.56642007778578582489E+01    0.63328342875250530555E-15    0.55369190295768948745E-16
    0.56729885746646653288E+01    0.99443158533088354508E-15    0.43767296596037773415E-15
    0.56817763714714724088E+01    0.78779266363067516544E-15    0.61783359839779802701E-15
    0.56905641682782786006E+01    0.86749362365659042265E-16    0.50105535264897505018E-15
    0.56993519650850856806E+01   -0.47608696006595919100E-15   -0.13455397020774231303E-16
    0.57081397618918927606E+01   -0.42982735676386498742E-15   -0.76262793677399770680E-15
    0.57169275586986989524E+01    0.45390011908708932984E-16   -0.12274921280209495079E-14
    0.57257153555055060323E+01    0.44234544071730240755E-15   -0.95850108822141635108E-15
    0.57345031523123131123E+01    0.49832310905511287185E-15   -0.11053751221860626145E-15
    0.57432909491191193041E+01    0.32963101220830394737E-15    0.62879777292721845879E-15
    0.57520787459259263841E+01    0.13455297333319966513E-15    0.69749227636259303645E-15
    0.57608665427327334640E+01   -0.41785890767512138871E-16    0.13127608907565531504E-15
    0.57696543395395405440E+01   -0.24495898396054645909E-15   -0.62045885479922665356E-15
    0.57784421363463467358E+01   -0.45413590500636459621E-15   -0.11004681335317123792E-14
    0.57872299331531538158E+01   -0.54861243023108034532E-15   -0.10659157451773477151E-14
    0.57960177299599608958E+01   -0.39758908262229975407E-15   -0.52386360706919096831E-15
    0.58048055267667670876E+01    0.31583703725159477512E-16    0.28349547303889760543E-15
    0.58135933235735741675E+01    0.56079176424827981486E-15    0.95516326946329545277E-15
    0.58223811203803812475E+01    0.73868396353541739033E-15    0.10504195329772485247E-14
    0.58311689171871874393E+01    0.12619934325110361102E-15    0.34032859101773919159E-15
    0.58399567139939945193E+01   -0.11040512265359520591E-14   -0.82976163974664104807E-15
    0.58487445108008015993E+01   -0.19697295361848117351E-14   -0.15128247945842913280E-14
    0.58575323076076077911E+01   -0.15526037409447709230E-14   -0.97897313504815013483E-15
    0.58663201044144148710E+01   -0.86526148172722720964E-16    0.33759536404576643565E-15
    0.58751079012212219510E+01    0.11797694613205288365E-14    0.11308804766271992264E-14
    0.58838956980280290310E+01    0.12694568717736203240E-14    0.66730386087380388115E-15
    0.58926834948348352228E+01    0.36529255670259750472E-15   -0.35925569171947166553E-15
    0.59014712916416423027E+01   -0.62210714400745480171E-15   -0.74778292248457881545E-15
    0.59102590884484493827E+01   -0.91165428073245237224E-15   -0.17824381899451420791E-15
    0.59190468852552555745E+01   -0.31371011374838106296E-15    0.62236494313404647662E-15
    0.59278346820620626545E+01    0.70493217115455236836E-15    0.86485207542509718643E-15
    0.59366224788688697345E+01    0.12409171347052553164E-14    0.44615720767972129506E-15
    0.59454102756756759263E+01    0.72731811118634986864E-15   -0.21938497084872508888E-15
    0.59541980724824830062E+01   -0.27977312838656945088E-15   -0.67144031558576557186E-15
    0.59629858692892900862E+01   -0.53729615045240529698E-15   -0.66819793136479135974E-15
    0.59717736660960962780E+01    0.34732928020827584214E-15   -0.24513606561836493428E-15
    0.59805614629029033580E+01    0.11768882279789283057E-14    0.31654107116747703056E-15
    0.59893492597097104380E+01    0.63419238594095488640E-15    0.67169774416484317592E-15
    0.59981370565165175179E+01   -0.80771465849612209146E-15    0.62784828139224133409E-15
    0.60069248533233237097E+01   -0.12741145044219703436E-14    0.23681084050327584636E-15
    0.60157126501301307897E+01    0.43821440152285606295E-16   -0.23359549080296126428E-15
    0.60245004469369378697E+01    0.15635778498499898656E-14   -0.41529898740111233976E-15
    0.60332882437437440615E+01    0.12608782455244256680E-14   -0.12360674254532673544E-15
    0.60420760405505511415E+01   -0.66228730771646200392E-15    0.37084027533444712282E-15
    0.60508638373573582214E+01   -0.19909766565254614239E-14    0.52627549462899888095E-15
    0.60596516341641644132E+01   -0.13100809539352056142E-14    0.11695728052438217488E-15
    0.60684394309709714932E+01    0.29867808073076687527E-15   -0.46307552310376903187E-15
    0.60772272277777785732E+01    0.88736750959357345342E-15   -0.66675822626227707704E-15
    0.60860150245845856531E+01    0.83712980499212666774E-16   -0.43089530738320595548E-15
    0.60948028213913918449E+01   -0.77939855406512238820E-15   -0.16635120270337335723E-15
    0.61035906181981989249E+01   -0.61669608141043336187E-15   -0.16916450592337334894E-15
    0.61123784150050060049E+01    0.14271901034897363531E-15   -0.25869651123660847482E-15
    0.61211662118118121967E+01    0.44739566752805546699E-15   -0.98941139364913553845E-16
    0.61299540086186192767E+01    0.60548835887399486143E-16    0.31549784607225621983E-15
    0.61387418054254263566E+01   -0.32470824430476630882E-15    0.64021677947227765884E-15
    0.61475296022322325484E+01   -0.15195186866837630847E-15    0.57943475561703858107E-15
    0.61563173990390396284E+01    0.30729209024584054167E-15    0.17454512037775532579E-15
    0.61651051958458467084E+01    0.44038524933981794795E-15   -0.27234981859984462706E-15
    0.61738929926526529002E+01    0.79522253744187509553E-16   -0.40493295769730778412E-15
    0.61826807894594599802E+01   -0.39083968831755371264E-15   -0.38946963433611138862E-16
    0.61914685862662670601E+01   -0.53199002057264979877E-15    0.60886966525129966073E-15
    0.62002563830730741401E+01   -0.24411533383062164643E-15    0.93090763408110405803E-15
    0.62090441798798803319E+01    0.24076762382544774113E-15    0.47509849674306118298E-15
    0.62178319766866874119E+01    0.51968830304831984036E-15   -0.45559831576854986230E-15
    0.62266197734934944918E+01    0.27763250482782098008E-15   -0.10040355681931616750E-14
    0.62354075703003006836E+01   -0.38437466346104258785E-15   -0.64746803152790554722E-15
    0.62441953671071077636E+01   -0.88955769831238140771E-15    0.27547978189332946062E-15
    0.62529831639139148436E+01   -0.73972953763846626614E-15    0.10243658546162001139E-14
    0.62617709607207210354E+01   -0.14605129987664802844E-15    0.11665797856995474098E-14
    0.62705587575275281154E+01    0.14012738372205852096E-15    0.76875978138508960213E-15
    0.62793465543343351953E+01   -0.32194202581705803960E-15    0.13151378350892082893E-15
    0.62881343511411413871E+01   -0.11659400994036065134E-14   -0.44791620880061625557E-15
    0.62969221479479484671E+01   -0.16794403664485439287E-14   -0.73235950549393807993E-15
    0.63057099447547555471E+01   -0.15023216889354405071E-14   -0.55317027832793054604E-15
    0.63144977415615626271E+01   -0.81506189188051495596E-15    0.10548018068824349124E-15
    0.63232855383683688189E+01   -0.78783915749261436618E-16    0.96369375290494735028E-15
    0.63320733351751758988E+01    0.26208321123885327160E-15    0.14674785266762911674E-14
    0.63408611319819829788E+01    0.43636283661164625555E-16    0.11836186568662801661E-14
    0.63496489287887891706E+01   -0.43423298622645847992E-15    0.23481122570553154552E-15
    0.63584367255955962506E+01   -0.63342278350049851846E-15   -0.76303199701662097505E-15
    0.63672245224024033305E+01   -0.33630610030772024050E-15   -0.11859569115494206478E-14
    0.63760123192092095223E+01    0.86287960708575279731E-16   -0.80171255405840211302E-15
    0.63848001160160166023E+01    0.11776863181279406616E-15    0.12123650248691695140E-15
    0.63935879128228236823E+01   -0.32230606837100215463E-15    0.86515676529457725911E-15
    0.64023757096296298741E+01   -0.85586609694933421949E-15    0.68930585615335577248E-15
    0.64111635064364369541E+01   -0.10951909752546048329E-14   -0.45374555118198750856E-15
    0.64199513032432440340E+01   -0.96721286934739871200E-15   -0.16678588698288764020E-14
    0.64287391000500511140E+01   -0.65584264200491488060E-15   -0.19302636799878504184E-14
    0.64375268968568573058E+01   -0.42160642505342330169E-15   -0.10888450574860608627E-14
    0.64463146936636643858E+01   -0.43561185593238064127E-15    0.11759861937925849795E-15
    0.64551024904704714658E+01   -0.63595930179540808735E-15    0.85393609457219810902E-15
    0.64638902872772776576E+01   -0.72989071164837128995E-15    0.79386685335075936397E-15
    0.64726780840840847375E+01   -0.49886431162356231814E-15    0.12797694710948934131E-15
    0.64814658808908918175E+01   -0.11881568736585271252E-15   -0.63952450811802022124E-15
    0.64902536776976980093E+01   -0.60010508867016216709E-17   -0.99427187707107358650E-15
    0.64990414745045050893E+01   -0.28352695777660362376E-15   -0.78117232097625541195E-15
    0.65078292713113121692E+01   -0.54904444501252231090E-15   -0.33443661363162174327E-15
    0.65166170681181183610E+01   -0.36293703305569815386E-15   -0.90079498337875205425E-16
    0.65254048649249254410E+01    0.15887318415554594619E-15   -0.11924296044420156114E-15
    0.65341926617317325210E+01    0.46884272921484974213E-15   -0.15349495875808989179E-15
    0.65429804585385396010E+01    0.28660340396727881022E-15   -0.76831823900265553312E-17
    0.65517682553453457928E+01   -0.47293128928596676937E-16    0.18142840419947483766E-15
    0.65605560521521528727E+01   -0.66518865901523062859E-16    0.19061601060305369988E-15
    0.65693438489589599527E+01    0.18465971457870195964E-15    0.34131569859338643660E-16
    0.65781316457657661445E+01    0.23525290742367287148E-15   -0.60949392752192762399E-16
    0.65869194425725732245E+01   -0.15392857600579331913E-15    0.41405956438375668564E-16
    0.65957072393793803045E+01   -0.64256398225921924535E-15    0.22071224331116713711E-15
    0.66044950361861864963E+01   -0.73213129175696046566E-15    0.28211155777255245689E-15
    0.66132828329929935762E+01   -0.33440136805619443829E-15    0.20091506427940408037E-15
    0.66220706297998006562E+01    0.18600992674737436285E-15    0.10652084933209138844E-15
    0.66308584266066068480E+01    0.39460339103771429938E-15    0.60248553137843303412E-16
    0.66396462234134139280E+01    0.11089648142187847339E-15   -0.53755501292134268938E-16
    0.66484340202202210079E+01   -0.48250150949878063345E-15   -0.36176962676124879924E-15
    0.66572218170270280879E+01   -0.85795962985192726779E-15   -0.79126931107060244259E-15
    0.66660096138338342797E+01   -0.48974863038826054530E-15   -0.11001500035671833967E-14
    0.66747974106406413597E+01    0.56162656911121383074E-15   -0.10941192463902818089E-14
    0.66835852074474484397E+01    0.14931558011421973809E-14   -0.77352842907587711440E-15
    0.66923730042542546315E+01    0.15182543444595592584E-14   -0.29692593459622033008E-15
    0.67011608010610617114E+01    0.72276074301007489619E-15    0.11302772789132756637E-15
    0.67099485978678687914E+01   -0.84080208087517424009E-16    0.26912674818843495860E-15
    0.67187363946746749832E+01   -0.29707863536169093704E-15    0.11936529840520476276E-15
    0.67275241914814820632E+01   -0.51247257270272039389E-16   -0.20703456203096546838E-15
    0.67363119882882891432E+01    0.18937187170894114755E-15   -0.46134804442844961533E-15
    0.67450997850950962231E+01    0.23083525480584938622E-15   -0.38123044490027915912E-15
    0.67538875819019024149E+01    0.20288381999997074583E-15    0.14342116123713240597E-15
    0.67626753787087094949E+01    0.18986748818678208278E-15    0.87097841694827540979E-15
    0.67714631755155165749E+01    0.45981127370099233778E-16    0.12330229304517553295E-14
    0.67802509723223227667E+01   -0.33724344919181037893E-15    0.81049068403855728957E-15
    0.67890387691291298466E+01   -0.71794876305804403714E-15   -0.17561641943697822349E-15
    0.67978265659359369266E+01   -0.67592188397270983263E-15   -0.10206156535586799314E-14
    0.68066143627427431184E+01   -0.14441628748841379351E-15   -0.11832723491249820415E-14
    0.68154021595495501984E+01    0.39254485956161670979E-15   -0.68663957204971082838E-15
    0.68241899563563572784E+01    0.43194725143614977568E-15    0.64361054385179135286E-16
    0.68329777531631634702E+01    0.60313171739229540290E-16    0.61937683395568571567E-15
    0.68417655499699705501E+01   -0.18206670497686092969E-15    0.70929617230105342838E-15
    0.68505533467767776301E+01    0.64842121189269275423E-17    0.37639962307188306802E-15
    0.68593411435835847101E+01    0.33846170076202101834E-15   -0.46990134443673220702E-16
    0.68681289403903909019E+01    0.36152496143590981373E-15   -0.23509194456215802382E-15
    0.68769167371971979819E+01    0.10701311600151765224E-16   -0.17358599407535922948E-15
    0.68857045340040050618E+01   -0.37019349645218768079E-15   -0.83670313465419234062E-16
    0.68944923308108112536E+01   -0.41056803800818788506E-15   -0.66313454918408011441E-16
    0.69032801276176183336E+01   -0.64041052906495731709E-17    0.51684132522923543901E-16
    0.69120679244244254136E+01    0.63603383980199532301E-15    0.42892541244317567462E-15
    0.69208557212312316054E+01    0.10691564594754389034E-14    0.87829755020871725283E-15
    0.69296435180380386853E+01    0.87452353823486713632E-15    0.98686001806714979563E-15
    0.69384313148448457653E+01    0.66131024941152198806E-16    0.56519223787192485360E-15
    0.69472191116516519571E+01   -0.80769400248778131862E-15   -0.12685592501813623124E-15
    0.69560069084584590371E+01   -0.11624090527307683029E-14   -0.64380376717486027028E-15
    0.69647947052652661171E+01   -0.92874185700757275059E-15   -0.71474630561205637298E-15
    0.69735825020720731970E+01   -0.48766887728826509766E-15   -0.37016200600409437302E-15
    0.69823702988788793888E+01   -0.15551096255489674252E-15    0.11393123936429832099E-15
    0.69911580956856864688E+01    0.94431734259714064197E-16    0.36392407080597520494E-15
    0.69999458924924935488E+01    0.37972089809727397612E-15    0.19611531968791799705E-15
    0.70087336892992997406E+01    0.58702143881934566461E-15   -0.14485842819262972394E-15
    0.70175214861061068206E+01    0.46948176407237231456E-15   -0.19658160902768965145E-15
    0.70263092829129139005E+01    0.41059914739536505748E-16    0.19617839738186310706E-15
    0.70350970797197200923E+01   -0.29456984475733884253E-15    0.66686992754062371411E-15
    0.70438848765265271723E+01   -0.16567825018889006333E-15    0.75074780722740982593E-15
    0.70526726733333342523E+01    0.30609650172915364345E-15    0.38694043175224974598E-15
    0.70614604701401404441E+01    0.62850351781260143236E-15   -0.95480128748427136477E-16
    0.70702482669469475240E+01    0.47766849981899083957E-15   -0.36545328400179227479E-15
    0.70790360637537546040E+01   -0.97001614597046688447E-17   -0.35076880991215407223E-15
    0.70878238605605616840E+01   -0.47615923944308122977E-15   -0.19611645470656843666E-15
    0.70966116573673678758E+01   -0.68227500279695596677E-15   -0.13054297181329345557E-15
    0.71053994541741749558E+01   -0.59184202561465073555E-15   -0.31025917069569661795E-15
    0.71141872509809820357E+01   -0.27223199173308902544E-15   -0.65500835265581971933E-15
    0.71229750477877882275E+01    0.17334694559398929039E-15   -0.84494416771944919073E-15
    0.71317628445945953075E+01    0.58302793670687520911E-15   -0.61328406956302798962E-15
    0.71405506414014023875E+01    0.71930226557924819697E-15   -0.46648174090625577956E-16
    0.71493384382082085793E+01    0.40400306710970140099E-15    0.48047249800211178013E-15
    0.71581262350150156593E+01   -0.24983280224045317304E-15    0.63022539254330277274E-15
    0.71669140318218227392E+01   -0.81061099472582122615E-15    0.33066592076596939631E-15
    0.71757018286286289310E+01   -0.88922538997501963195E-15   -0.21319339811625493322E-15
    0.71844896254354360110E+01   -0.51279442274546845622E-15   -0.60388866000731952681E-15
    0.71932774222422430910E+01   -0.40640366128584095944E-16   -0.50522297054841877471E-15
    0.72020652190490501710E+01    0.23663935758662836869E-15    0.44136212289324235369E-17
    0.72108530158558563627E+01    0.31732904446777738448E-15    0.39283052153107357633E-15
    0.72196408126626634427E+01    0.32986526529114054411E-15    0.21711388195238521653E-15
    0.72284286094694705227E+01    0.31799344538673041789E-15   -0.33146106572166531089E-15
    0.72372164062762767145E+01    0.25418015871077629909E-15   -0.63609821826579110944E-15
    0.72460042030830837945E+01    0.20631564923418082168E-15   -0.37386825839079397836E-15
    0.72547919998898908744E+01    0.35531308897482110320E-15    0.14551500434343386214E-15
    0.72635797966966970662E+01    0.72220425933402439847E-15    0.40437998111093139461E-15
    0.72723675935035041462E+01    0.93186313821073029405E-15    0.21305822921693517943E-15
    0.72811553903103112262E+01    0.52240930998104452903E-15   -0.20798846651510277991E-15
    0.72899431871171174180E+01   -0.39653823674767957792E-15   -0.46847201498639326357E-15
    0.72987309839239244980E+01   -0.10106415642320773411E-14   -0.26662653272215953948E-15
    0.73075187807307315779E+01   -0.65123733821194212906E-15    0.37314378175069858999E-15
    0.73163065775375386579E+01    0.34648443824559952800E-15    0.96846090035402144592E-15
    0.73250943743443448497E+01    0.98531182208615262167E-15    0.91590694519212202958E-15
    0.73338821711511519297E+01    0.74350260120616445598E-15    0.12390808800753109235E-15
    0.73426699679579590097E+01    0.92326850350921113990E-16   -0.79414553028015725778E-15
    0.73514577647647652014E+01   -0.19770696079606304956E-15   -0.11435886771575294018E-14
    0.73602455615715722814E+01    0.98290282487626065025E-16   -0.82672814654479679173E-15
    0.73690333583783793614E+01    0.60771915985889762910E-15   -0.26745563751358305863E-15
    0.73778211551851855532E+01    0.85091105429209650069E-15    0.16653764938772962120E-15
    0.73866089519919926332E+01    0.61459424792680936500E-15    0.45814633452662155982E-15
    0.73953967487987997131E+01    0.38180268371205386426E-16    0.66659876663474545940E-15
    0.74041845456056067931E+01   -0.43272586770972250492E-15    0.61341110196738847150E-15
    0.74129723424124129849E+01   -0.35418174094172390700E-15    0.72420326552565619986E-16
    0.74217601392192200649E+01    0.25696380336673527583E-15   -0.72553760133192329376E-15
    0.74305479360260271449E+01    0.83950427393132969133E-15   -0.10377954796623291219E-14
    0.74393357328328333367E+01    0.87225828759354826407E-15   -0.37446964661424485120E-15
    0.74481235296396404166E+01    0.45719526530397165294E-15    0.77576045223181295483E-15
    0.74569113264464474966E+01    0.10696354801217885745E-15    0.13649452193487824007E-14
    0.74656991232532536884E+01    0.26020856199287930464E-16    0.93370059453526434818E-15
    0.74744869200600607684E+01   -0.13070481461768795924E-15    0.74270786881484821911E-16
    0.74832747168668678484E+01   -0.61255188080745240515E-15   -0.37989934878120929892E-15
    0.74920625136736740401E+01   -0.94453974147213811133E-15   -0.27036232777188243373E-15
    0.75008503104804811201E+01   -0.40097919619882137321E-15   -0.28613149091499948543E-16
    0.75096381072872882001E+01    0.84610747509930113815E-15    0.54727594027433973551E-16
    0.75184259040940952801E+01    0.15076747702867756222E-14    0.15626368037229196082E-15
    0.75272137009009014719E+01    0.62096710984838126781E-15    0.47143753772818459828E-15
    0.75360014977077085518E+01   -0.10595290409160340169E-14    0.73453921920876427118E-15
    0.75447892945145156318E+01   -0.17914514076838918527E-14    0.47808630858815356765E-15
    0.75535770913213218236E+01   -0.89384759993508163625E-15   -0.25422895821368185131E-15
    0.75623648881281289036E+01    0.47918275890437329949E-15   -0.74073318888257796165E-15
    0.75711526849349359836E+01    0.88257175119288868119E-15   -0.39064650852756507287E-15
    0.75799404817417421754E+01    0.26413178357359708276E-15    0.46081113413921921833E-15
    0.75887282785485492553E+01   -0.31612422880518059863E-15    0.90337313308408933069E-15
    0.75975160753553563353E+01   -0.20383019561705450930E-15    0.51271670382664777546E-15
    0.76063038721621625271E+01    0.16801874199665585736E-15   -0.22132402253486287511E-15
    0.76150916689689696071E+01    0.15193246969836141629E-15   -0.61214130838198986421E-15
    0.76238794657757766871E+01   -0.13402529640123626086E-15   -0.57338514912615424202E-15
    0.76326672625825837670E+01   -0.54818336353724054190E-16   -0.51348881752210832346E-15
    0.76414550593893899588E+01    0.53788172428527009019E-15   -0.66688896544751927743E-15
    0.76502428561961970388E+01    0.97131852645156287864E-15   -0.80020785388110506589E-15
    0.76590306530030041188E+01    0.61599296423446377452E-15   -0.60930586019908609928E-15
    0.76678184498098103106E+01   -0.23611883521907746271E-15   -0.16369281057016831496E-15
    0.76766062466166173905E+01   -0.71418219287522326780E-15    0.18320804848132324908E-15
    0.76853940434234244705E+01   -0.45137685781630652397E-15    0.21401468106736858913E-15
    0.76941818402302306623E+01    0.10118237203560248209E-16    0.49273839111462133870E-16
    0.77029696370370377423E+01    0.13036326766373739618E-16   -0.48938517430536898008E-16
    0.77117574338438448223E+01   -0.37042810788839742366E-15    0.71204951793248211174E-16
    0.77205452306506510141E+01   -0.53325765590919418123E-15    0.38041957173582403647E-15
    0.77293330274574580940E+01   -0.15994528699545262739E-15    0.71746080521205338429E-15
    0.77381208242642651740E+01    0.41916935222684136474E-15    0.88189322757839870189E-15
    0.77469086210710722540E+01    0.71506764275196841690E-15    0.78110870814753955233E-15
    0.77556964178778784458E+01    0.63270550631787014180E-15    0.53659144639862991848E-15
    0.77644842146846855258E+01    0.43676601054305877331E-15    0.36261919241291839506E-15
    0.77732720114914926057E+01    0.35754970181863851762E-15    0.31557366367669357125E-15
    0.77820598082982987975E+01    0.37911506813799277175E-15    0.23693120485657317199E-15
    0.77908476051051058775E+01    0.36384632336679578456E-15    0.20851408624546480923E-16
    0.77996354019119129575E+01    0.22813973617666758258E-15   -0.14674037887988562752E-15
    0.78084231987187191493E+01   -0.65878332263690060339E-17    0.56423817968720675031E-17
    0.78172109955255262292E+01   -0.24366671760762895026E-15    0.38044583760107448904E-15
    0.78259987923323333092E+01   -0.36301500784039465569E-15    0.46536239789847434573E-15
    0.78347865891391395010E+01   -0.29770827586813790084E-15   -0.37298952085151399853E-16
    0.78435743859459465810E+01   -0.93612578519809498656E-16   -0.66293664339003309875E-15
    0.78523621827527536610E+01    0.12534857439412880796E-15   -0.63954829553795819233E-15
    0.78611499795595607409E+01    0.24817150089668480367E-15    0.94844349258256632138E-16
    0.78699377763663669327E+01    0.23622322422506616959E-15    0.66602211732695323994E-15
    0.78787255731731740127E+01    0.12628713101639434985E-15    0.34212656025493773475E-15
    0.78875133699799810927E+01    0.13494377709734951747E-16   -0.45454147393478240096E-15
    0.78963011667867872845E+01    0.63811819166946790176E-17   -0.66804073232332599258E-15
    0.79050889635935943645E+01    0.16585181206066873549E-15    0.15621852112561230967E-17
    0.79138767604004014444E+01    0.45603913241297510272E-15    0.68156983417364165620E-15
    0.79226645572072076362E+01    0.71640795094392494046E-15    0.52009733749794235174E-15
    0.79314523540140147162E+01    0.68788348411701409609E-15   -0.15363744228353290410E-15
    0.79402401508208217962E+01    0.23772787128561002749E-15   -0.32586133841123915515E-15
    0.79490279476276279880E+01   -0.32783910880858010197E-15    0.27212992634337017809E-15
    0.79578157444344350679E+01   -0.36529597604684728822E-15    0.74278325346526136431E-15
    0.79666035412412421479E+01    0.36084370568335355540E-15    0.25650366190876690333E-15
    0.79753913380480492279E+01    0.11001731389124242066E-14   -0.75635891560576000388E-15
    0.79841791348548554197E+01    0.80655689190257256478E-15   -0.11167808866499112742E-14
    0.79929669316616624997E+01   -0.49612644313702183300E-15   -0.36418999972938857074E-15
    0.80017547284684695796E+01   -0.14771599322291183176E-14    0.72197380702437237053E-15
    0.80105425252752748833E+01   -0.10538529887183704351E-14    0.11478200800583981581E-14
    0.80193303220820819632E+01    0.18772810026253092968E-15    0.77899753510390292782E-15
    0.80281181188888890432E+01    0.73129558929570693244E-15    0.20218601951657170420E-15
    0.80369059156956961232E+01    0.55353111192380702438E-16   -0.10636997333436111626E-15
    0.80456937125025032032E+01   -0.77512203785542363662E-15   -0.17272917307984631606E-15
    0.80544815093093102831E+01   -0.65667537563256172248E-15   -0.17771959707988747075E-15
    0.80632693061161173631E+01    0.57616443150213670304E-16   -0.73898208992286712612E-16
    0.80720571029229226667E+01    0.17503158826105603971E-15    0.27918734026445540508E-15
    0.80808448997297297467E+01   -0.57191371276904967002E-15    0.70397432041032855361E-15
    0.80896326965365368267E+01   -0.10641324934817215626E-14    0.68979891949763916055E-15
    0.80984204933433439066E+01   -0.40247974436175387274E-15   -0.30659423774221757544E-17
    0.81072082901501509866E+01    0.63356211476271685016E-15   -0.84788396467138486362E-15
    0.81159960869569580666E+01    0.50503314097967370780E-15   -0.10178334014558410196E-14
    0.81247838837637633702E+01   -0.91145164237413798184E-15   -0.35636569304348285810E-15
    0.81335716805705704502E+01   -0.18657041235681732526E-14    0.39021194410774692099E-15
    0.81423594773773775302E+01   -0.94526118685133750977E-15    0.48405588413236065622E-15
    0.81511472741841846101E+01    0.92539032033079321782E-15    0.53546559205556085084E-16
    0.81599350709909916901E+01    0.15826229457574795549E-14   -0.23240429643928022755E-15
    0.81687228677977987701E+01    0.36377133870548225993E-15   -0.12328691836635442500E-15
    0.81775106646046058501E+01   -0.10866736952018721586E-14   -0.70355254114272783416E-16
    0.81862984614114111537E+01   -0.10139909603927755803E-14   -0.45572703351827748663E-15
    0.81950862582182182337E+01    0.31776388254149664882E-15   -0.89291118082346244747E-15
    0.82038740550250253136E+01    0.12694822947022928208E-14   -0.68214762372434327022E-15
    0.82126618518318323936E+01    0.96122709703646905144E-15    0.14181389827536287316E-15
    0.82214496486386394736E+01    0.89868825422984686601E-16    0.63140078919750237232E-15
    0.82302374454454465535E+01   -0.31635527304929724947E-15    0.68069736826611592799E-16
    0.82390252422522518572E+01   -0.18679785324537185681E-15   -0.10268904037120143104E-14
    0.82478130390590589371E+01   -0.16951266124423138701E-15   -0.14590607926095599044E-14
    0.82566008358658660171E+01   -0.57427826051062567344E-15   -0.75079724098343304933E-15
    0.82653886326726730971E+01   -0.98198590447107779127E-15    0.38532375886686873862E-15
    0.82741764294794801771E+01   -0.89347190732866252052E-15    0.97372899546217046254E-15
    0.82829642262862872570E+01   -0.38236657593822971032E-15    0.74042258057510783932E-15
    0.82917520230930943370E+01    0.72420992592198754495E-16    0.91459175594928498214E-16
    0.83005398198998996406E+01    0.18745248487242007996E-15   -0.45114276151519784517E-15
    0.83093276167067067206E+01    0.10539999699698915203E-15   -0.60980140442688359114E-15
    0.83181154135135138006E+01    0.56341240252922567411E-16   -0.36766943367192601234E-15
    0.83269032103203208806E+01    0.19366494718819679542E-16    0.99268590208151442968E-16
    0.83356910071271279605E+01   -0.16631480014300286408E-15    0.53069050081513506136E-15
    0.83444788039339350405E+01   -0.46220210333295212860E-15    0.70971492121370288335E-15
    0.83532666007407403441E+01   -0.56798433709173669360E-15    0.55766157997447570045E-15
    0.83620543975475474241E+01   -0.27055535412585455405E-15    0.17924200993982858691E-15
    0.83708421943543545041E+01    0.24424768353956484332E-15   -0.14609477506893083999E-15
    0.83796299911611615840E+01    0.53402659467784196995E-15   -0.13182542975955122596E-15
    0.83884177879679686640E+01    0.28262786229337258795E-15    0.27522803817311725689E-15
    0.83972055847747757440E+01   -0.45510190596457660682E-15    0.82450162158448076179E-15
    0.84059933815815828240E+01   -0.12271845742092548208E-14    0.11369295247498433362E-14
    0.84147811783883881276E+01   -0.13189310691641769439E-14    0.92409832293845507810E-15
    0.84235689751951952076E+01   -0.30436728463257496726E-15    0.18094042074545865187E-15
    0.84323567720020022875E+01    0.12541728295709994029E-14   -0.66722783301739818212E-15
    0.84411445688088093675E+01    0.19819560541249014957E-14   -0.94903126404261526213E-15
    0.84499323656156164475E+01    0.10890775927395788105E-14   -0.38311842183998225685E-15
    0.84587201624224235275E+01   -0.53838661682880408424E-15    0.46757928992652295791E-15
    0.84675079592292288311E+01   -0.12511701626888978182E-14    0.72920804602548350791E-15
    0.84762957560360359111E+01   -0.51543738180956539589E-15    0.21559055841857240839E-15
    0.84850835528428429910E+01    0.58527683426850258928E-15   -0.36412859965751995079E-15
    0.84938713496496500710E+01    0.82282558240485125380E-15   -0.32354566186975475911E-15
    0.85026591464564571510E+01    0.20832522367439063760E-15    0.18003772721187528706E-15
    0.85114469432632642309E+01   -0.37343038233575478711E-15    0.48703219924228790461E-15
    0.85202347400700713109E+01   -0.40373997713657763161E-15    0.34452508219078979388E-15
    0.85290225368768766145E+01   -0.19083899828097105751E-15    0.16047175992150205469E-15
    0.85378103336836836945E+01   -0.19564937934853632716E-15    0.31952449545118721250E-15
    0.85465981304904907745E+01   -0.37179872960690408182E-15    0.58003474977901581572E-15
    0.85553859272972978545E+01   -0.36320357821024772301E-15    0.42422002317171305367E-15
    0.85641737241041049344E+01   -0.11544283564261382491E-15   -0.14385549470728424421E-15
    0.85729615209109120144E+01   -0.33623759624954808271E-18   -0.46312783250870418234E-15
    0.85817493177177173180E+01   -0.25161625762986545513E-15   -0.97094744110404622837E-17
    0.85905371145245243980E+01   -0.50989876947751670217E-15    0.91555967278621775894E-15
    0.85993249113313314780E+01   -0.22871200261140220462E-15    0.15188828608577874485E-14
    0.86081127081381385580E+01    0.53162692621101418231E-15    0.13395925088901625207E-14
    0.86169005049449456379E+01    0.10265561950274217470E-14    0.58787129094236967751E-15
    0.86256883017517527179E+01    0.73522682494716751744E-15   -0.21213248216266570166E-15
    0.86344760985585597979E+01    0.94189999525045740349E-16   -0.64028359220070939418E-15
    0.86432638953653651015E+01   -0.43232375132763527237E-16   -0.53497709407731308060E-15
    0.86520516921721721815E+01    0.47164469953035279399E-15   -0.20537716950875458120E-17
    0.86608394889789792614E+01    0.87527571038882192654E-15    0.64076507614713495988E-15
    0.86696272857857863414E+01    0.53718407016110910307E-15    0.99400638273736175267E-15
    0.86784150825925934214E+01   -0.15866192201033468193E-15    0.73912330839369565217E-15
    0.86872028793994005014E+01   -0.33088590314950210520E-15   -0.13752640301921293423E-15
    0.86959906762062058050E+01    0.24129666050785993009E-15   -0.11310027834027530233E-14
    0.87047784730130128850E+01    0.84701178270270728210E-15   -0.14262755060625883385E-14
    0.87135662698198199649E+01    0.78412306721760214263E-15   -0.65478405859940430446E-15
    0.87223540666266270449E+01    0.19528356864261240282E-15    0.56702101512357763100E-15
    0.87311418634334341249E+01   -0.24324590982879263543E-15    0.11961158205832774048E-14
    0.87399296602402412049E+01   -0.16908099555521203601E-15    0.81251091127562229767E-15
    0.87487174570470482848E+01    0.18020845501883921202E-15   -0.76109269871315488581E-16
    0.87575052538538535885E+01    0.45105146912040395292E-15   -0.73536907586133121456E-15
    0.87662930506606606684E+01    0.62425556168946821922E-15   -0.88559173570081716775E-15
    0.87750808474674677484E+01    0.85832985155303452047E-15   -0.67162516691855075454E-15
    0.87838686442742748284E+01    0.10634952742736364895E-14   -0.28984910946704885496E-15
    0.87926564410810819084E+01    0.88301051717277500452E-15    0.17183846008767925570E-15
    0.88014442378878889883E+01    0.21543931874837041609E-15    0.59493018361612749622E-15
    0.88102320346946942919E+01   -0.42011101728707332798E-15    0.72366554401841731547E-15
    0.88190198315015013719E+01   -0.38007699520638075852E-15    0.35423894630982568840E-15
    0.88278076283083084519E+01    0.25494283617136623576E-15   -0.35899426753656080641E-15
    0.88365954251151155319E+01    0.64337516010191816442E-15   -0.91667682713474607780E-15
    0.88453832219219226118E+01    0.20218962005398811907E-15   -0.90223626924959204552E-15
    0.88541710187287296918E+01   -0.59637682323000450563E-15   -0.34768611823077919131E-15
    0.88629588155355367718E+01   -0.81126907353907519540E-15    0.35987489787252785187E-15
    0.88717466123423420754E+01   -0.21548498810078060657E-15    0.79311645109818628812E-15
    0.88805344091491491554E+01    0.45851274041569383289E-15    0.70997793518253267957E-15
    0.88893222059559562354E+01    0.49794493168056103256E-15    0.14819578431474696860E-15
    0.88981100027627633153E+01    0.51650837695850924124E-16   -0.56768860094491190662E-15
    0.89068977995695703953E+01   -0.21408651881837713656E-15   -0.10248817251567883589E-14
    0.89156855963763774753E+01    0.13009402785000266246E-16   -0.10044085173591796077E-14
    0.89244733931831827789E+01    0.41440458531574409346E-15   -0.58863997224537743400E-15
    0.89332611899899898589E+01    0.54524809972095769334E-15   -0.43408797870400899096E-16
    0.89420489867967969388E+01    0.31962328726842046889E-15    0.33387363816927676631E-15
    0.89508367836036040188E+01   -0.28644482911651633292E-16    0.34217739348533346514E-15
    0.89596245804104110988E+01   -0.23299271866293812449E-15   -0.18183913112298092890E-16
    0.89684123772172181788E+01   -0.17930310610260166773E-15   -0.54355473809576260796E-15
    0.89772001740240252587E+01    0.54180303541766254834E-16   -0.95153025071996283548E-15
    0.89859879708308305624E+01    0.23341286077090629112E-15   -0.10171588760697965106E-14
    0.89947757676376376423E+01    0.16477787144251650062E-15   -0.67273928725887282356E-15
    0.90035635644444447223E+01   -0.62513358490343995799E-16   -0.75571841783289757173E-16
    0.90123513612512518023E+01   -0.12480279431931644488E-15    0.45510393100448037670E-15
    0.90211391580580588823E+01    0.13037857046856949533E-15    0.65881913928936666550E-15
    0.90299269548648659622E+01    0.41021555891426243438E-15    0.51140687286348347130E-15
    0.90387147516716712659E+01    0.32090137142110200521E-15    0.17657581019276683163E-15
    0.90475025484784783458E+01   -0.53764138128796816475E-16   -0.14616096689461947953E-15
    0.90562903452852854258E+01   -0.16206679057924641233E-15   -0.32255967571144280472E-15
    0.90650781420920925058E+01    0.27962588108221226537E-15   -0.31498850283098132484E-15
    0.90738659388988995858E+01    0.76888152375179042239E-15   -0.18250139488690675855E-15
    0.90826537357057066657E+01    0.58530035827891918683E-15   -0.21934798933768970477E-16
    0.90914415325125137457E+01   -0.22365687550439696290E-15    0.11138216013210348834E-15
    0.91002293293193190493E+01   -0.77809957062573732911E-15    0.21289957839567634046E-15
    0.91090171261261261293E+01   -0.43346635365726105524E-15    0.25319401040089679092E-15
    0.91178049229329332093E+01    0.39446156342826635231E-15    0.13571994711903052107E-15
    0.91265927197397402892E+01    0.77385874370392603221E-15   -0.19569169525588993254E-15
    0.91353805165465473692E+01    0.35836365674652936866E-15   -0.60013236656174641038E-15
    0.91441683133533544492E+01   -0.33401103036468264595E-15   -0.77697443889869039137E-15
    0.91529561101601597528E+01   -0.65866666603571206926E-15   -0.53678329998823109752E-15
    0.91617439069669668328E+01   -0.50731766425147498697E-15   -0.11719867813841713688E-16
    0.91705317037737739128E+01   -0.19796917678920079162E-15    0.44445148313694757768E-15
    0.91793195005805809927E+01   -0.27839031341253613063E-16    0.49661164565443151002E-15
    0.91881072973873880727E+01   -0.58797869838796079620E-16    0.19180834285313567464E-16
    0.91968950941941951527E+01   -0.19982833894561695790E-15   -0.78359099444983775207E-15
    0.92056828910010004563E+01   -0.32329894228156805463E-15   -0.13829190802007092538E-14
    0.92144706878078075363E+01   -0.32846591974412811955E-15   -0.12752016117724203731E-14
    0.92232584846146146162E+01   -0.17864607805004058297E-15   -0.44417780731032130611E-15
    0.92320462814214216962E+01    0.75582884897763501663E-16    0.59118936856861007618E-15
    0.92408340782282287762E+01    0.28938531182871690037E-15    0.12212116404893965642E-14
    0.92496218750350358562E+01    0.26247751158686261981E-15    0.11577058774607016953E-14
    0.92584096718418411598E+01   -0.92653231085101049156E-16    0.49661701181703333444E-15
    0.92671974686486482398E+01   -0.55709050836289525812E-15   -0.38902249067572055524E-15
    0.92759852654554553197E+01   -0.70515491337868645836E-15   -0.10275780881399882333E-14
    0.92847730622622623997E+01   -0.34243557933876185613E-15   -0.10987380480484913768E-14
    0.92935608590690694797E+01    0.20863052497794732350E-15   -0.61792853197428498119E-15
    0.93023486558758765597E+01    0.44721101484142883910E-15    0.11033425001594156902E-15
    0.93111364526826818633E+01    0.26062259559835810514E-15    0.65059196230525492263E-15
    0.93199242494894889433E+01    0.83605180175823814532E-17    0.64564282074966542472E-15
    0.93287120462962960232E+01    0.39451745358014666231E-16    0.74049333808028533642E-16
    0.93374998431031031032E+01    0.29799535129226697942E-15   -0.63429163368495102284E-15
    0.93462876399099101832E+01    0.46774307954832055213E-15   -0.92499079294367955566E-15
    0.93550754367167172632E+01    0.33785257222459631987E-15   -0.60210595733738615966E-15
    0.93638632335235243431E+01   -0.22494343280417813840E-16    0.57244210482289035305E-16
    0.93726510303303296467E+01   -0.32306756452176938236E-15    0.61761133237852187760E-15
    0.93814388271371367267E+01   -0.20951519907966810532E-15    0.79511976198535112325E-15
    0.93902266239439438067E+01    0.40636675938498685696E-15    0.54620515508026367783E-15
    0.93990144207507508867E+01    0.10144113748705072983E-14    0.47368034577632447532E-16
    0.94078022175575579666E+01    0.80019391152688354937E-15   -0.40583477589130613711E-15
    0.94165900143643650466E+01   -0.36555783166943375790E-15   -0.58387068201638619403E-15
    0.94253778111711703502E+01   -0.13853198791553772965E-14   -0.45953618692260712936E-15
    0.94341656079779774302E+01   -0.10166108675341669543E-14   -0.16343183496897561924E-15
    0.94429534047847845102E+01    0.52626767569978568491E-15    0.13637001142757264712E-15
    0.94517412015915915902E+01    0.16136942792402060713E-14    0.31828314559488779138E-15
    0.94605289983983986701E+01    0.10963039953647408405E-14    0.34530659081394476597E-15
    0.94693167952052057501E+01   -0.32392652000716660940E-15    0.26926746341487857378E-15
    0.94781045920120128301E+01   -0.10830229462776640276E-14    0.15931190489848900540E-15
    0.94868923888188181337E+01   -0.60402547127399537633E-15    0.11587907100611547339E-16
    0.94956801856256252137E+01    0.29776107894068856960E-15   -0.22398611934380856368E-15
    0.95044679824324322936E+01    0.65192616196683073178E-15   -0.48853501226830835448E-15
    0.95132557792392393736E+01    0.36813452925637381012E-15   -0.54262261598421437273E-15
    0.95220435760460464536E+01   -0.46218509207813934341E-16   -0.18992551594834477214E-15
    0.95308313728528535336E+01   -0.27281166488921157139E-15    0.41512890635934243486E-15
    0.95396191696596588372E+01   -0.41166437708793670007E-15    0.81684799438114672223E-15
    0.95484069664664659172E+01   -0.57436262343762828828E-15    0.70120154913965424709E-15
    0.95571947632732729971E+01   -0.57677728270260765543E-15    0.21371697140870723055E-15
    0.95659825600800800771E+01   -0.19367461014092626126E-15   -0.24864523666635844605E-15
    0.95747703568868871571E+01    0.40488324982668251663E-15   -0.43890760761528137517E-15
    0.95835581536936942371E+01    0.69757616921451935052E-15   -0.39531055819040436529E-15
    0.95923459505005013170E+01    0.38293604765094812800E-15   -0.27660529304115230137E-15
    0.96011337473073066207E+01   -0.23308269447543278183E-15   -0.19698960252983947206E-15
    0.96099215441141137006E+01   -0.58949002118640068902E-15   -0.19053409273390471755E-15
    0.96187093409209207806E+01   -0.47686716534820361167E-15   -0.23286116090729657613E-15
    0.96274971377277278606E+01   -0.15919591716435250266E-15   -0.27727440121505283424E-15
    0.96362849345345349406E+01    0.38174255797096992812E-16   -0.30276215574795893040E-15
    0.96450727313413420205E+01    0.67872842195510759213E-16   -0.33180007490134912174E-15
    0.96538605281481491005E+01    0.72064874337690223442E-16   -0.35991411680738615320E-15
    0.96626483249549544041E+01    0.13528988135903615424E-15   -0.27073154068961237426E-15
    0.96714361217617614841E+01    0.21069181574872225378E-15    0.72446118356270112614E-16
    0.96802239185685685641E+01    0.23839203608683308775E-15    0.55133272871226595191E-15
    0.96890117153753756440E+01    0.23432956307061280653E-15    0.69349187362232198663E-15
    0.96977995121821827240E+01    0.21834853224210673286E-15    0.13043729651717690792E-15
    0.97065873089889898040E+01    0.98482649152523441930E-16   -0.80917046804906031155E-15
    0.97153751057957951076E+01   -0.26415593918737730105E-15   -0.12592865470745097545E-14
    0.97241629026026021876E+01   -0.80180821155346239868E-15   -0.76934123612764103542E-15
    0.97329506994094092676E+01   -0.11305443889793396388E-14    0.97053594695170316880E-16
    0.97417384962162163475E+01   -0.90711415602802115116E-15    0.44481509665166390622E-15
    0.97505262930230234275E+01   -0.30473809365285636063E-15    0.12767580501759482951E-15
    0.97593140898298305075E+01    0.75688139538408881132E-16   -0.18818712685702112705E-15
    0.97681018866366375875E+01   -0.11503085776120620396E-15   -0.35492089070922450361E-16
    0.97768896834434428911E+01   -0.53633016065200029364E-15    0.18234028695162197923E-15
    0.97856774802502499710E+01   -0.60228343352898441608E-15   -0.14138958928924331646E-15
    0.97944652770570570510E+01   -0.20257312378300940216E-15   -0.75575884991269872393E-15
    0.98032530738638641310E+01    0.22201477965262441971E-15   -0.66762555560465091408E-15
    0.98120408706706712110E+01    0.28303833725479004600E-15    0.51905560656078654447E-15
    0.98208286674774782909E+01    0.87840736236515819672E-16    0.17934576826967665431E-14
    0.98296164642842835946E+01   -0.75501518688753697181E-17    0.18119663200711540792E-14
    0.98384042610910906745E+01    0.12509924795181092666E-15    0.52809110873435281166E-15
    0.98471920578978977545E+01    0.29382119683005473993E-15   -0.74118894279791254482E-15
    0.98559798547047048345E+01    0.29780225218902444035E-15   -0.87205496455319828853E-15
    0.98647676515115119145E+01    0.16892885097838091738E-15   -0.75691959924682908909E-16
    0.98735554483183189944E+01    0.74879325104872962587E-16    0.67268845071253247346E-15
    0.98823432451251260744E+01    0.10577952630136486753E-15    0.78730055522792310869E-15
    0.98911310419319313780E+01    0.20817875515220525361E-15    0.43099789008400455299E-15
    0.98999188387387384580E+01    0.27472970029349164109E-15    0.38634810981090199382E-16
    0.99087066355455455380E+01    0.23811170124671895705E-15   -0.13629499163624666717E-15
    0.99174944323523526180E+01    0.11733606074590335545E-15   -0.99821925950733017212E-16
    0.99262822291591596979E+01    0.30700642163199238320E-16   -0.32143186357297485603E-16
    0.99350700259659667779E+01    0.10542280329924822725E-15   -0.10501969992541730189E-15
    0.99438578227727720815E+01    0.29005638234098648157E-15   -0.21708658365012458101E-15
    0.99526456195795791615E+01    0.33062903347117719865E-15    0.84942594254396714571E-17
    0.99614334163863862415E+01    0.20273969761161545828E-15    0.52201077179232346751E-15
    0.99702212131931933214E+01    0.29716917560917757575E-15    0.33054031908956876075E-15
    0.99790090100000004014E+01   -0.14461778096385403470E-14    0.29844449354764771488E-15
