    0.11999999999999999556E+01    0.00000000000000000000E+00    0.00000000000000000000E+00
    0.12087877968068068135E+01   -0.42072867699358107499E-14   -0.29844913184915308989E-16
    0.12175755936136136715E+01    0.59936028334428663644E-14   -0.25082533293888955877E-16
    0.12263633904204203073E+01    0.60040021144005707810E-14   -0.18186580554590209497E-16
    0.12351511872272271653E+01   -0.12816384612668233826E-13   -0.13463872703108373179E-16
    0.12439389840340340232E+01   -0.13116605026667374342E-13   -0.11614268608350460432E-16
    0.12527267808408408811E+01    0.23362550938756751254E-13   -0.11411497167659205519E-16
    0.12615145776476475170E+01    0.54752945489492539995E-13   -0.93399939816531778831E-17
    0.12703023744544543749E+01    0.32390690372752949529E-13   -0.21532462729044080403E-17
    0.12790901712612612329E+01   -0.22425473249321473647E-13    0.98499305347792210171E-17
    0.12878779680680680908E+01   -0.34053521055859822313E-13    0.22491746386216710535E-16
    0.12966657648748749487E+01    0.21910440253565111186E-13    0.30317937382200732685E-16
    0.13054535616816815846E+01    0.64101573016325684976E-13    0.29377602258698464935E-16
    0.13142413584884884425E+01    0.97163332975191263797E-14    0.19427993945469384422E-16
    0.13230291552952953005E+01   -0.86385532847289909018E-13    0.54453730117322756637E-17
    0.13318169521021021584E+01   -0.74427313227768530893E-13   -0.41291383968534848944E-17
    0.13406047489089087943E+01    0.73201891929722066961E-13   -0.23028933339278817135E-17
    0.13493925457157156522E+01    0.16019483408422714342E-12    0.11710763818673731146E-16
    0.13581803425225225102E+01    0.94298460568117081144E-14    0.29201358445644644363E-16
    0.13669681393293293681E+01   -0.22557934808196378434E-12    0.30985952743979930659E-16
    0.13757559361361360040E+01   -0.17970450560890913335E-12   -0.15545923197743633471E-17
    0.13845437329429428619E+01    0.19742127975913022364E-12   -0.64503380172098223693E-16
    0.13933315297497497198E+01    0.40621139878908689159E-12   -0.12442141100824440570E-15
    0.14021193265565565778E+01    0.11729361161047021097E-13   -0.15176493047809294769E-15
    0.14109071233633634357E+01   -0.58247851070900777084E-12   -0.16106983952675701958E-15
    0.14196949201701700716E+01   -0.45073628090976439752E-12   -0.19388196356369318998E-15
    0.14284827169769769295E+01    0.51821942131365410913E-12   -0.24814378544938914348E-15
    0.14372705137837837874E+01    0.10389210667743946121E-11   -0.24669011914903922402E-15
    0.14460583105905906454E+01    0.11684473752419134696E-13   -0.11821776421346375368E-15
    0.14548461073973975033E+01   -0.15064596826791342853E-11    0.99335074332818525024E-16
    0.14636339042042041392E+01   -0.11401737450498742639E-11    0.28646133799405597274E-15
    0.14724217010110109971E+01    0.13650492554501786481E-11    0.39166747429548432293E-15
    0.14812094978178178550E+01    0.26765631198173958416E-11    0.49956725237444445653E-15
    0.14899972946246244909E+01   -0.14588771464012936546E-13    0.66402983053187161289E-15
    0.14987850914314313489E+01   -0.39240875076479239948E-11    0.70731225712839941612E-15
    0.15075728882382382068E+01   -0.29076997975419735434E-11    0.36899689754999893813E-15
    0.15163606850450450647E+01    0.36171177635597986651E-11   -0.22834335214147826570E-15
    0.15251484818518519226E+01    0.69491668226655134965E-11   -0.43831218965209554493E-15
    0.15339362786586585585E+01   -0.13596764573067956233E-12    0.17701260168550840319E-15
    0.15427240754654654165E+01   -0.10241685794527754904E-10    0.99484568864359801818E-15
    0.15515118722722722744E+01   -0.73181897814518809569E-11    0.78709868643278000884E-15
    0.15602996690790791323E+01    0.10057423411580581200E-10   -0.63961014807578861534E-15
    0.15690874658858859902E+01    0.19269767553461771858E-10   -0.17183845229119361666E-14
    0.15778752626926926261E+01    0.22921640891147778621E-11   -0.91804326166640321540E-15
    0.15866630594994994841E+01   -0.19493581396179703323E-10    0.99130531722228268637E-15
    0.15954508563063063420E+01    0.30159319666620182977E-12    0.15535084794500621382E-14
    0.16042386531131129779E+01    0.74801997437003122417E-10   -0.14929987841105528949E-15
    0.16130264499199198358E+01    0.16739286922935066079E-09   -0.18550922440757854786E-14
    0.16218142467267266937E+01    0.28619857363310168238E-09   -0.96372690546645202168E-15
    0.16306020435335335517E+01    0.60741829378956532186E-09    0.17053734465641750092E-14
    0.16393898403403404096E+01    0.15282096764077469817E-08    0.26039035439026516081E-14
    0.16481776371471470455E+01    0.36674438683679751089E-08    0.15241348039018261920E-15
    0.16569654339539539034E+01    0.81641452300780252879E-08   -0.27305265511973106465E-14
    0.16657532307607607613E+01    0.17683172083115182882E-07   -0.22987631810938985514E-14
    0.16745410275675676193E+01    0.37909881444273437967E-07    0.10096801925488776592E-14
    0.16833288243743744772E+01    0.80546813792005170430E-07    0.30359111687678448706E-14
    0.16921166211811811131E+01    0.16787133295211330843E-06    0.12747113026861880571E-14
    0.17009044179879879710E+01    0.34196307110687215443E-06   -0.19451479498561607178E-14
    0.17096922147947948289E+01    0.68424256445798920712E-06   -0.27272457444152389752E-14
    0.17184800116016014648E+01    0.13433520772755296919E-05   -0.41910892832698361057E-15
    0.17272678084084085448E+01    0.25925140261293173785E-05    0.21275593952644347682E-14
    0.17360556052152151807E+01    0.49157814739785886380E-05    0.23803542765361927554E-14
    0.17448434020220220386E+01    0.91511412600529078978E-05    0.74370998268008561726E-15
    0.17536311988288288966E+01    0.16755193474900855903E-04   -0.71417189532190522433E-15
    0.17624189956356355324E+01    0.30156870651633238019E-04   -0.64635762116109719979E-15
    0.17712067924424426124E+01    0.53399800828243306763E-04    0.71280212953173303163E-15
    0.17799945892492492483E+01    0.93058866218161275354E-04    0.20937900913823415069E-14
    0.17887823860560561062E+01    0.15957297941642146913E-03    0.20660330988832983650E-14
    0.17975701828628629642E+01    0.26944241874572792510E-03    0.26227846404224035048E-15
    0.18063579796696696000E+01    0.44797315364305406466E-03   -0.16414488307169285178E-14
    0.18151457764764764580E+01    0.73354151506025799638E-03   -0.11834926994026967443E-14
    0.18239335732832833159E+01    0.11832572058801914261E-02    0.17502969018352837412E-14
    0.18327213700900899518E+01    0.18801190227092999096E-02    0.37747347115432300951E-14
    0.18415091668968970318E+01    0.29431307291397849728E-02    0.17770071210450558918E-14
    0.18502969637037036676E+01    0.45389133279861272954E-02   -0.25965065392037276412E-14
    0.18590847605105105256E+01    0.68962459920906661950E-02   -0.43322878901468342521E-14
    0.18678725573173173835E+01    0.10323168112039191047E-01   -0.14498794899231932457E-14
    0.18766603541241240194E+01    0.15224885420006710468E-01    0.18310627397677361939E-14
    0.18854481509309310994E+01    0.22122773031722421655E-01    0.38801631864022425054E-15
    0.18942359477377377353E+01    0.31672829337988574194E-01   -0.49465002137569896758E-14
    0.19030237445445445932E+01    0.44678611484910125962E-01   -0.83722015063960064871E-14
    0.19118115413513514511E+01    0.62098953707207332764E-01   -0.67806626507769344498E-14
    0.19205993381581580870E+01    0.85046525292458458045E-01   -0.39169054109697427843E-14
    0.19293871349649649449E+01    0.11476763024378242029E+00   -0.51614614519787477259E-14
    0.19381749317717718029E+01    0.15261112419260339235E+00   -0.10434059026872162529E-13
    0.19469627285785784387E+01    0.19997013749920813930E+00   -0.14631908143811763558E-13
    0.19557505253853855187E+01    0.25819984948369156808E+00   -0.14446633767523566369E-13
    0.19645383221921921546E+01    0.32851777562052736359E+00   -0.12307163415641557271E-13
    0.19733261189989990125E+01    0.41187214298593444184E+00   -0.12477930175835552371E-13
    0.19821139158058058705E+01    0.50879843302308325192E+00   -0.15484177697629399924E-13
    0.19909017126126125063E+01    0.61926873046447405979E+00   -0.18024124266143135109E-13
    0.19996895094194195863E+01    0.74253617047325759515E+00   -0.17508276839982493958E-13
    0.20084773062262262222E+01    0.87699784510892220268E+00   -0.14906243115645258287E-13
    0.20172651030330328581E+01    0.10200987201304090313E+01   -0.12811927944585646355E-13
    0.20260528998398399381E+01    0.11682631443899340606E+01   -0.12357681954611169390E-13
    0.20348406966466465740E+01    0.13169081287789934365E+01   -0.12585564768763815586E-13
    0.20436284934534532098E+01    0.14605280754812148825E+01   -0.11912840092059912752E-13
    0.20524162902602602898E+01    0.15928414885854738081E+01   -0.94790448591500317714E-14
    0.20612040870670673698E+01    0.17070524758643672580E+01   -0.57313388379359414710E-14
    0.20699918838738740057E+01    0.17961613979810351349E+01   -0.25170638190774630888E-14
    0.20787796806806806416E+01    0.18533428599760293221E+01   -0.17738037842785883381E-14
    0.20875674774874877215E+01    0.18723786464335145929E+01   -0.31546825339183235454E-14
    0.20963552742942943574E+01    0.18480873931752257455E+01   -0.35041656362347636439E-14
    0.21051430711011009933E+01    0.17767341798550799759E+01   -0.48273630648037095686E-15
    0.21139308679079080733E+01    0.16564139335893766081E+01    0.35164607225940635960E-14
    0.21227186647147147092E+01    0.14873229305889601459E+01    0.34002352980469116119E-14
    0.21315064615215213450E+01    0.12719328892044707846E+01   -0.18719733916107479720E-14
    0.21402942583283284250E+01    0.10150627691732168056E+01   -0.65927777860223923467E-14
    0.21490820551351350609E+01    0.72375917053892857567E+00   -0.51731362633183459281E-14
    0.21578698519419421409E+01    0.40708797650706779470E+00   -0.18008446506771921641E-15
    0.21666576487487487768E+01    0.75771058313469100143E-01    0.22094857657743615027E-15
    0.21754454455555558567E+01   -0.25830483297937412157E+00   -0.67783252547209900614E-14
    0.21842332423623624926E+01   -0.58262992955496173408E+00   -0.13710049162004855033E-13
    0.21930210391691691285E+01   -0.88468924877199528467E+00   -0.12298419975520760192E-13
    0.22018088359759762085E+01   -0.11525948234801881576E+01   -0.49247544906705997931E-14
    0.22105966327827828444E+01   -0.13756645408204872805E+01   -0.18702167413686571461E-14
    0.22193844295895894803E+01   -0.15449529521660703146E+01   -0.73554521895958946014E-14
    0.22281722263963965602E+01   -0.16537020159836703925E+01   -0.13025416474084427518E-13
    0.22369600232032031961E+01   -0.16976380509820856446E+01   -0.91729482217266978120E-14
    0.22457478200100098320E+01   -0.16751899389655879880E+01    0.15263118802948276939E-14
    0.22545356168168169120E+01   -0.15875393337601986232E+01    0.70560761834433265410E-14
    0.22633234136236239920E+01   -0.14385315218632876988E+01    0.22013433620462083337E-14
    0.22721112104304301837E+01   -0.12344815086399008042E+01   -0.38315117113531886273E-14
    0.22808990072372372637E+01   -0.98379746621508390447E+00    0.65067613600190705145E-16
    0.22896868040440443437E+01   -0.69653300798878026168E+00    0.11510672392651636128E-13
    0.22984746008508509796E+01   -0.38386062986562746735E+00    0.17663053696289308605E-13
    0.23072623976576576155E+01   -0.57484185836040237183E-01    0.12500994488591682527E-13
    0.23160501944644646954E+01    0.27094020991733092085E+00    0.51229084895761053255E-14
    0.23248379912712713313E+01    0.59035309392995882760E+00    0.69516896093352064371E-14
    0.23336257880780779672E+01    0.89080696714807316994E+00    0.15932186771754900403E-13
    0.23424135848848850472E+01    0.11638506793226512936E+01    0.19453174316416461814E-13
    0.23512013816916916831E+01    0.14028052866884606065E+01    0.11630445353253493051E-13
    0.23599891784984983190E+01    0.16029387174497948809E+01    0.16175383311751425785E-14
    0.23687769753053053989E+01    0.17614611582177552851E+01    0.10583312469823843360E-14
    0.23775647721121124789E+01    0.18774468630396274893E+01    0.85844484277062957831E-14
    0.23863525689189186707E+01    0.19516546590134127293E+01    0.12397335375378399669E-13
    0.23951403657257257507E+01    0.19862691769306577427E+01    0.65950591583990435499E-14
    0.24039281625325328307E+01    0.19846181912930522806E+01   -0.93654333674539954052E-15
    0.24127159593393394665E+01    0.19508590511199481732E+01   -0.74873959886963564978E-16
    0.24215037561461461024E+01    0.18896636530093675610E+01    0.73235866375029382741E-14
    0.24302915529529531824E+01    0.18059448235586497145E+01    0.10054276570279541126E-13
    0.24390793497597598183E+01    0.17046171313314582019E+01    0.28599842346678063418E-14
    0.24478671465665664542E+01    0.15903968376275965380E+01   -0.62848419503254124466E-14
    0.24566549433733735341E+01    0.14676716159040585907E+01   -0.70714636766616629830E-14
    0.24654427401801801700E+01    0.13403985261980111421E+01   -0.24702396145760101926E-15
    0.24742305369869868059E+01    0.12120407727921802543E+01    0.42999095082748710303E-14
    0.24830183337937938859E+01    0.10855349135059511045E+01    0.88416637493188362584E-15
    0.24918061306006009659E+01    0.96327773460127164018E+00   -0.52217205072375068129E-14
    0.25005939274074071577E+01    0.84714530763118722767E+00   -0.60257061358602588876E-14
    0.25093817242142142376E+01    0.73852404588696618504E+00   -0.12878702229970041822E-14
    0.25181695210210213176E+01    0.63835461763976930616E+00    0.23506523875007652049E-14
    0.25269573178278279535E+01    0.54718550031400092770E+00    0.66074133566119374725E-15
    0.25357451146346345894E+01    0.46522757599214525914E+00   -0.32817399643439982216E-14
    0.25445329114414416694E+01    0.39240887413343034096E+00   -0.42534095618728519368E-14
    0.25533207082482483052E+01    0.32842893554692975666E+00   -0.16166511527792458545E-14
    0.25621085050550549411E+01    0.27281102348847435790E+00    0.92067352754095093856E-15
    0.25708963018618620211E+01    0.22495246275910057987E+00    0.69073494966664659082E-15
    0.25796840986686686570E+01    0.18417076889296662978E+00   -0.99595990685280838943E-15
    0.25884718954754752929E+01    0.14974210076261604274E+00   -0.15256549475298240181E-14
    0.25972596922822823728E+01    0.12093570122874790218E+00   -0.54885361768816519104E-15
    0.26060474890890894528E+01    0.97039300511400750082E-01    0.16253429055470730846E-15
    0.26148352858958960887E+01    0.77377564864932441013E-01   -0.43924424055568381766E-15
    0.26236230827027027246E+01    0.61326224732704666398E-01   -0.12740345691968308166E-14
    0.26324108795095098046E+01    0.48319328668716320097E-01   -0.93777409660557757729E-15
    0.26411986763163164404E+01    0.37853728574894662806E-01    0.12728954253589356771E-15
    0.26499864731231230763E+01    0.29489578847718984217E-01    0.23367742201463789930E-15
    0.26587742699299301563E+01    0.22847850688325774260E-01   -0.99218649167371089544E-15
    0.26675620667367367922E+01    0.17606603360941455727E-01   -0.16988046509757016888E-14
    0.26763498635435434281E+01    0.13495471330519068914E-01   -0.31832368080211499277E-15
    0.26851376603503505081E+01    0.10289675994766956171E-01    0.17690563012857325111E-14
    0.26939254571571571439E+01    0.78041921476887455081E-02    0.16083554067611382885E-14
    0.27027132539639637798E+01    0.58880597270893264214E-02   -0.11677357280131065876E-14
    0.27115010507707708598E+01    0.44190777227125326021E-02   -0.30190840856293688072E-14
    0.27202888475775779398E+01    0.32991810549192496921E-02   -0.91149382033257552272E-15
    0.27290766443843845757E+01    0.24501550129762661966E-02    0.30423552651862903537E-14
    0.27378644411911912115E+01    0.18100623876454130338E-02    0.37253970215073734572E-14
    0.27466522379979982915E+01    0.13302078734464149387E-02   -0.17914787771403692062E-15
    0.27554400348048049274E+01    0.97248177127780581139E-03   -0.37354994986985745008E-14
    0.27642278316116115633E+01    0.70730719770430692823E-03   -0.20593864602595245573E-14
    0.27730156284184186433E+01    0.51183583113496920573E-03    0.28395551864923745701E-14
    0.27818034252252252791E+01    0.36853393114782750711E-03    0.44254866915133529863E-14
    0.27905912220320319150E+01    0.26405653296643469188E-03    0.31638610555096073081E-15
    0.27993790188388389950E+01    0.18828743049918231765E-03   -0.42346774577640858595E-14
    0.28081668156456460750E+01    0.13363196160557107143E-03   -0.33354491693552820725E-14
    0.28169546124524522668E+01    0.94410790215448075037E-04    0.17031284215758942327E-14
    0.28257424092592593468E+01    0.66403896597936785278E-04    0.43211888851950463692E-14
    0.28345302060660664267E+01    0.46504144171160646825E-04    0.13601940357199927404E-14
    0.28433180028728730626E+01    0.32429230547345521091E-04   -0.30851501507391484906E-14
    0.28521057996796796985E+01    0.22520699696314489744E-04   -0.35290593180046736885E-14
    0.28608935964864867785E+01    0.15576495077322343152E-04    0.23323827637826609908E-16
    0.28696813932932934144E+01    0.10729947507333892793E-04    0.29412738520746618422E-14
    0.28784691901001000502E+01    0.73622239040368661544E-05    0.21335720250614176601E-14
    0.28872569869069071302E+01    0.50312769732696832362E-05   -0.76409471462081536552E-15
    0.28960447837137137661E+01    0.34248295058615739625E-05   -0.23533594164401043859E-14
    0.29048325805205204020E+01    0.23223259294943370240E-05   -0.13743204668438120192E-14
    0.29136203773273274820E+01    0.15685036822713255231E-05    0.80275685840512581516E-15
    0.29224081741341345619E+01    0.10552315680384235620E-05    0.20712488514910095213E-14
    0.29311959709409407537E+01    0.70703945846488794790E-06    0.12150434976172299368E-14
    0.29399837677477478337E+01    0.47186582304141529681E-06   -0.13174819659058605182E-14
    0.29487715645545549137E+01    0.31371985067617186120E-06   -0.32741186369566486720E-14
    0.29575593613613615496E+01    0.20775589014784072926E-06   -0.23494740779636071938E-14
    0.29663471581681681855E+01    0.13704378459061932218E-06    0.93151203364354406181E-15
    0.29751349549749752654E+01    0.90025370865822499736E-07    0.28507853640500599791E-14
    0.29839227517817819013E+01    0.58910308433977934378E-07    0.69983427102264180144E-15
    0.29927105485885885372E+01    0.38417625969620554738E-07   -0.31959984924412122527E-14
    0.30014983453953956172E+01    0.24963425727113195394E-07   -0.38403186771652420365E-14
    0.30102861422022022531E+01    0.16158451048734569683E-07   -0.23139869862877966882E-16
    0.30190739390090088889E+01    0.10413771831810808578E-07    0.35572130425317752355E-14
    0.30278617358158159689E+01    0.66872009179691671542E-08    0.22783214006924404645E-14
    0.30366495326226230489E+01    0.42840348047379491227E-08   -0.21550601123017729967E-14
    0.30454373294294292407E+01    0.27371678314890793930E-08   -0.39274145187792129274E-14
    0.30542251262362363207E+01    0.17415411919247794843E-08   -0.77801507696977499922E-15
    0.30630129230430434006E+01    0.11018001078513852627E-08    0.30321264385121527948E-14
    0.30718007198498500365E+01    0.69463380773434715685E-09    0.26004681087823748278E-14
    0.30805885166566566724E+01    0.43821518317876771943E-09   -0.12132460965054255246E-14
    0.30893763134634637524E+01    0.27646763888851948928E-09   -0.33791042353763415272E-14
    0.30981641102702703883E+01    0.17329572234099984153E-09   -0.14237660603808129181E-14
    0.31069519070770770242E+01    0.10734358816264474123E-09    0.17103021195237386555E-14
    0.31157397038838841041E+01    0.66219997895004430660E-10    0.21074742454290893834E-14
    0.31245275006906907400E+01    0.41334415752458386290E-10   -0.11567643470356452542E-15
    0.31333152974974973759E+01    0.26072742478543487504E-10   -0.16695994500191084332E-14
    0.31421030943043044559E+01    0.16169525337942246179E-10   -0.70050188502874076582E-15
    0.31508908911111115358E+01    0.96453531145454198179E-11    0.11472115485252234290E-14
    0.31596786879179177276E+01    0.57038492155798968732E-11    0.14777370468075141985E-14
    0.31684664847247248076E+01    0.35832548051477966282E-11    0.28906036508961054677E-15
    0.31772542815315318876E+01    0.23769043714745725880E-11   -0.52764588433424533197E-15
    0.31860420783383385235E+01    0.14788802335407272520E-11    0.70072178857483333584E-17
    0.31948298751451451594E+01    0.78427292347034637152E-12    0.77935584566751552580E-15
    0.32036176719519522393E+01    0.39434044771584294571E-12    0.42228424064780622160E-15
    0.32124054687587593193E+01    0.27309293477787682106E-12   -0.68134366843951743670E-15
    0.32211932655655655111E+01    0.23680376870676437939E-12   -0.10060572471567079735E-14
    0.32299810623723725911E+01    0.15527115462814266116E-12   -0.99902023897152337563E-16
    0.32387688591791796711E+01    0.50763423397256548658E-13    0.67280052503976116435E-15
    0.32475566559859858629E+01   -0.52016614131545695075E-15    0.33790418941103194984E-16
    0.32563444527927929428E+01    0.11807843148881293493E-13   -0.12918498494580796807E-14
    0.32651322495996000228E+01    0.33948436698701342949E-13   -0.14483338913368836593E-14
    0.32739200464064062146E+01    0.25875227350504478401E-13   -0.60213482998868106258E-17
    0.32827078432132132946E+01    0.39823711682595939186E-15    0.12520450197361092753E-14
    0.32914956400200203745E+01   -0.11466772292177118382E-13    0.65589002303123844819E-15
    0.33002834368268265663E+01   -0.32139023219688820378E-14   -0.10265969282130790988E-14
    0.33090712336336336463E+01    0.77361919785906096955E-14   -0.15601440067399453502E-14
    0.33178590304404407263E+01    0.76100682710215122946E-14   -0.19184092376254173827E-15
    0.33266468272472478063E+01    0.36612311559332319407E-15    0.13298936888472008054E-14
    0.33354346240540539981E+01   -0.35665879753840236111E-14    0.11157826010296485520E-14
    0.33442224208608610780E+01   -0.14272114804490958534E-14   -0.42510726792265152572E-15
    0.33530102176676681580E+01    0.18000428278375309433E-14   -0.13141262085637276643E-14
    0.33617980144744743498E+01    0.20005274927210288132E-14   -0.63375470761463789185E-15
    0.33705858112812814298E+01    0.32562961585950660234E-15    0.44816385900560450623E-15
    0.33793736080880885098E+01   -0.28023161958614426576E-15    0.47031351227026023857E-15
    0.33881614048948947016E+01    0.62775174244048259081E-15   -0.41275064783062859883E-15
    0.33969492017017017815E+01    0.12523695744690622491E-14   -0.88766725367121467380E-15
    0.34057369985085088615E+01    0.56725881128727169459E-15   -0.34962463907042815298E-15
    0.34145247953153150533E+01   -0.38962542424141056504E-15    0.37610416223395555302E-15
    0.34233125921221221333E+01   -0.29461839973486383508E-15    0.30675102766226185200E-15
    0.34321003889289292133E+01    0.54239019061873465876E-15   -0.36377641744289778151E-15
    0.34408881857357362932E+01    0.73083202113476124274E-15   -0.65889133900894102764E-15
    0.34496759825425424850E+01   -0.19952715259214756210E-15   -0.22427569313086493848E-15
    0.34584637793493495650E+01   -0.11170864357037241030E-14    0.20253384129154100418E-15
    0.34672515761561566450E+01   -0.85733563621938553168E-15   -0.84598992537472932262E-16
    0.34760393729629628368E+01    0.19328458362784532773E-15   -0.65929543155517401502E-15
    0.34848271697697699167E+01    0.64608038003766561271E-15   -0.50548910063173590586E-15
    0.34936149665765769967E+01   -0.10371325213054422462E-15    0.50606306356934279042E-15
    0.35024027633833831885E+01   -0.11926199708852382572E-14    0.12419763938445964298E-14
    0.35111905601901902685E+01   -0.14694482904438478128E-14    0.75444477896793003895E-15
    0.35199783569969973485E+01   -0.78026981622297085399E-15   -0.35209774176517971958E-15
    0.35287661538038035403E+01    0.10283695649351890012E-15   -0.62878499974490340701E-15
    0.35375539506106106202E+01    0.36738961044353690725E-15    0.33823154165535207823E-15
    0.35463417474174177002E+01   -0.21915284539703973517E-15    0.13463328698238765516E-14
    0.35551295442242247802E+01   -0.11973621778302236805E-14    0.11341594518590625186E-14
    0.35639173410310309720E+01   -0.15798998561166283923E-14   -0.57126705003286079033E-16
    0.35727051378378380520E+01   -0.65244645596757668150E-15   -0.91077846073185511608E-15
    0.35814929346446451319E+01    0.94198151913214936487E-15   -0.60675666673419634645E-15
    0.35902807314514513237E+01    0.13770913788178532861E-14    0.42830452154437400013E-15
    0.35990685282582584037E+01   -0.23338939988572841124E-15    0.11622758098022528744E-14
    0.36078563250650654837E+01   -0.21328885619873040095E-14    0.82937299638455468125E-15
    0.36166441218718716755E+01   -0.16846561577508080171E-14   -0.55375113867545547175E-15
    0.36254319186786787554E+01    0.10263126027901270973E-14   -0.19522544149922866311E-14
    0.36342197154854858354E+01    0.26290982759895952197E-14   -0.18466950536211751828E-14
    0.36430075122922929154E+01    0.69994560129332844897E-15    0.10760866367173640086E-15
    0.36517953090990991072E+01   -0.25057628148835481579E-14    0.19250164714725060224E-14
    0.36605831059059061872E+01   -0.26124872988466199498E-14    0.11356595495849537331E-14
    0.36693709027127132671E+01    0.94051464767001700221E-15   -0.18324088997424175191E-14
    0.36781586995195194589E+01    0.35703655782028854015E-14   -0.33372286755260225465E-14
    0.36869464963263265389E+01    0.14921071214154336256E-14   -0.96436226627915624159E-15
    0.36957342931331336189E+01   -0.28542352958943683588E-14    0.26692742421118726543E-14
    0.37045220899399398107E+01   -0.37912178992688802482E-14    0.27944797349383833074E-14
    0.37133098867467468907E+01    0.84960779840037299270E-16   -0.11023579267999206644E-14
    0.37220976835535539706E+01    0.38472203321428272161E-14   -0.39346119722105932537E-14
    0.37308854803603601624E+01    0.27639302251833654786E-14   -0.15627917638933072103E-14
    0.37396732771671672424E+01   -0.15091792479252598654E-14    0.32868527652210582006E-14
    0.37484610739739743224E+01   -0.34390219029939070666E-14    0.43482520480055671788E-14
    0.37572488707807814023E+01   -0.82500223843929262360E-15    0.53110685814366764362E-16
    0.37660366675875875941E+01    0.27638016271959597611E-14   -0.42250900679348538332E-14
    0.37748244643943946741E+01    0.30707905902005357797E-14   -0.32596749109775133195E-14
    0.37836122612012017541E+01    0.26896717830149231924E-15    0.13166922461188030572E-14
    0.37924000580080079459E+01   -0.21463062956051993339E-14    0.36322383907857105152E-14
    0.38011878548148150259E+01   -0.18724427769458548007E-14    0.11919409471088816043E-14
    0.38099756516216221058E+01    0.15637389391166989728E-15   -0.24902759308783960775E-14
    0.38187634484284282976E+01    0.16852204770080703935E-14   -0.30414002539250370255E-14
    0.38275512452352353776E+01    0.14604351415368189876E-14   -0.44193381689624325265E-15
    0.38363390420420424576E+01   -0.18935568911130625379E-15    0.19715119320066377216E-14
    0.38451268388488486494E+01   -0.18197843902552917166E-14    0.18781147182223922759E-14
    0.38539146356556557294E+01   -0.18036771358594689631E-14    0.39390489055772546153E-18
    0.38627024324624628093E+01    0.17633095169504647904E-15   -0.16008402171870511443E-14
    0.38714902292692698893E+01    0.22151792123539183227E-14   -0.16429423088466887170E-14
    0.38802780260760760811E+01    0.19057049437960413550E-14   -0.25268917487459785911E-15
    0.38890658228828831611E+01   -0.67364813041177449873E-15    0.13023487324187216716E-14
    0.38978536196896902410E+01   -0.25818917905960998890E-14    0.14307933553265131881E-14
    0.39066414164964964328E+01   -0.14936590119136218195E-14   -0.27758842253458413380E-15
    0.39154292133033035128E+01    0.12653868091049872306E-14   -0.20925082956560834540E-14
    0.39242170101101105928E+01    0.23965344181107147222E-14   -0.17599201135355142307E-14
    0.39330048069169167846E+01    0.71444657112705862062E-15    0.65217781639909301293E-15
    0.39417926037237238646E+01   -0.16009171485007699577E-14    0.24038063393322893689E-14
    0.39505804005305309445E+01   -0.20031604310817786807E-14    0.13835130890118648512E-14
    0.39593681973373371363E+01   -0.51016374069071823482E-15   -0.10561479810691979938E-14
    0.39681559941441442163E+01    0.92966951186680468870E-15   -0.18208219256524474502E-14
    0.39769437909509512963E+01    0.94538616796106835803E-15   -0.76136913612798455879E-16
    0.39857315877577583763E+01   -0.99616041964418975929E-16    0.17328578591930543700E-14
    0.39945193845645645681E+01   -0.10294096798120566068E-14    0.12620616266120821702E-14
    0.40033071813713716480E+01   -0.10154374772608012510E-14   -0.65160334544256178197E-15
    0.40120949781781787280E+01   -0.16488132481863001217E-16   -0.13653445229272624386E-14
    0.40208827749849849198E+01    0.12227317904948711066E-14   -0.36931814045096196901E-16
    0.40296705717917919998E+01    0.16079581461645842511E-14    0.13756564756950485772E-14
    0.40384583685985990797E+01    0.69148253993504882478E-15    0.94432105690112908112E-15
    0.40472461654054052715E+01   -0.64281637981523873957E-15   -0.63981413006727512615E-15
    0.40560339622122123515E+01   -0.10360688270744268032E-14   -0.12121178863996645134E-14
    0.40648217590190194315E+01   -0.23811866899450823136E-15   -0.12794998332788172911E-15
    0.40736095558258256233E+01    0.58182476464548550065E-15    0.94066507402703755526E-15
    0.40823973526326327033E+01    0.34312179362555414986E-15    0.40025706523375571278E-15
    0.40911851494394397832E+01   -0.60585029836893711012E-15   -0.10974451733886180821E-14
    0.40999729462462468632E+01   -0.10793509626999574061E-14   -0.16463175028666808438E-14
    0.41087607430530530550E+01   -0.59771585840317418094E-15   -0.62328230353358707668E-15
    0.41175485398598601350E+01    0.12687573949047856792E-15    0.59849831114051998134E-15
    0.41263363366666672150E+01    0.23309668285973377331E-15    0.56302476705985669031E-15
    0.41351241334734734068E+01   -0.28317397097067490370E-15   -0.48463438865156884202E-15
    0.41439119302802804867E+01   -0.78933755636386020875E-15   -0.11599117440325295763E-14
    0.41526997270870875667E+01   -0.85221555428753246683E-15   -0.66844424884310086640E-15
    0.41614875238938937585E+01   -0.58955783399898851734E-15    0.47972177605726383608E-15
    0.41702753207007008385E+01   -0.31203868867041377320E-15    0.12344972307472115628E-14
    0.41790631175075079184E+01   -0.13830166813730109705E-15    0.92281245715807480011E-15
    0.41878509143143141102E+01   -0.15117561166092647666E-16   -0.34047155405948907056E-15
    0.41966387111211211902E+01    0.62443719859840007127E-16   -0.15748872228740395277E-14
    0.42054265079279282702E+01    0.40043815717973716248E-17   -0.14937195236431407338E-14
    0.42142143047347353502E+01   -0.17548243651845215061E-15    0.12085586840464585134E-15
    0.42230021015415415420E+01   -0.21785130315984000932E-15    0.15853424350917281504E-14
    0.42317898983483486219E+01    0.12767240023484894379E-15    0.92749703909543974963E-15
    0.42405776951551557019E+01    0.69176631838439242421E-15   -0.14607746248825299587E-14
    0.42493654919619618937E+01    0.91436191193491840582E-15   -0.27392921120045819414E-14
    0.42581532887687689737E+01    0.47202768152434020838E-15   -0.10215998954147115674E-14
    0.42669410855755760537E+01   -0.23701909898803435891E-15    0.19180235704043607351E-14
    0.42757288823823822455E+01   -0.50104802237956055062E-15    0.26805856474568351421E-14
    0.42845166791891893254E+01   -0.11017398249019784497E-15    0.44191467085888573449E-15
    0.42933044759959964054E+01    0.43993548812303260997E-15   -0.20894862896294367665E-14
    0.43020922728028034854E+01    0.58196984939375348742E-15   -0.21511472157301569994E-14
    0.43108800696096096772E+01    0.27176994529796655564E-15   -0.65177243440265706290E-16
    0.43196678664164167571E+01   -0.10463118800890339653E-15    0.17181161705075512327E-14
    0.43284556632232238371E+01   -0.16585867617575171037E-15    0.15409247590658850826E-14
    0.43372434600300300289E+01    0.18349767582585544788E-15   -0.16016245218931869467E-15
    0.43460312568368371089E+01    0.70172989514122097684E-15   -0.18258592457184418460E-14
    0.43548190536436441889E+01    0.89392284506826251972E-15   -0.20626596584964614229E-14
    0.43636068504504503807E+01    0.40124345925627027703E-15   -0.52245923169037060941E-15
    0.43723946472572574606E+01   -0.51202057701826885512E-15    0.15549672629402183080E-14
    0.43811824440640645406E+01   -0.10501068743631018962E-14    0.20292232200201467968E-14
    0.43899702408708707324E+01   -0.72875788032967938889E-15    0.94374109885255317699E-16
    0.43987580376776778124E+01   -0.12143844051527363709E-16   -0.22425917654254615772E-14
    0.44075458344844848924E+01    0.21485615422638129920E-15   -0.21897684764868907499E-14
    0.44163336312912919723E+01   -0.31320631207836374499E-15    0.33761560960247435609E-15
    0.44251214280980981641E+01   -0.98636558801756384779E-15    0.23448886314138741946E-14
    0.44339092249049052441E+01   -0.11051115887359610712E-14    0.14766481021395938971E-14
    0.44426970217117123241E+01   -0.60746507573329007957E-15   -0.96887231427835268771E-15
    0.44514848185185185159E+01    0.47059694977403954690E-16   -0.18989540252173831333E-14
    0.44602726153253255958E+01    0.39730938093965320001E-15   -0.42251796546352789572E-15
    0.44690604121321326758E+01    0.28957624470444764076E-15    0.12500131731340203220E-14
    0.44778482089389388676E+01   -0.11297207719078960948E-15    0.98307017380201155792E-15
    0.44866360057457459476E+01   -0.43215513887612987861E-15   -0.56679226204800141006E-15
    0.44954238025525530276E+01   -0.35752740909075989346E-15   -0.12220715585588959526E-14
    0.45042115993593592194E+01    0.19230920622804690249E-16   -0.30496339963872232287E-15
    0.45129993961661662993E+01    0.23430181179328017336E-15    0.66627029674798187997E-15
    0.45217871929729733793E+01   -0.58298211793104375243E-16    0.31973064445915070476E-15
    0.45305749897797804593E+01   -0.68917318055570511107E-15   -0.62599344587217005262E-15
    0.45393627865865866511E+01   -0.11502632429790398147E-14   -0.52398456349108495802E-15
    0.45481505833933937311E+01   -0.10387669153744263984E-14    0.73025753162071523148E-15
    0.45569383802002008110E+01   -0.34037527470439531387E-15    0.13842126380774522791E-14
    0.45657261770070070028E+01    0.51132210791629778453E-15    0.27793857401714626302E-15
    0.45745139738138140828E+01    0.76809084128371696980E-15   -0.12849981429217375773E-14
    0.45833017706206211628E+01   -0.13431338428217909324E-16   -0.11406576170211818578E-14
    0.45920895674274273546E+01   -0.12259492844623276544E-14    0.72191099687314661883E-15
    0.46008773642342344345E+01   -0.15013892958878738507E-14    0.18691475307611068679E-14
    0.46096651610410415145E+01   -0.27531324794777908218E-15    0.57117963142385154440E-15
    0.46184529578478477063E+01    0.11715826033249316915E-14   -0.17572915949745599387E-14
    0.46272407546546547863E+01    0.10631110677976985908E-14   -0.23353562162396326310E-14
    0.46360285514614618663E+01   -0.59053402090508823870E-15   -0.53367666720509059724E-15
    0.46448163482682689462E+01   -0.18084409380719167467E-14    0.14518471463735944232E-14
    0.46536041450750751380E+01   -0.10703034911284935492E-14    0.15107819495435995059E-14
    0.46623919418818822180E+01    0.76912786525623595148E-15    0.69961350193903487516E-16
    0.46711797386886892980E+01    0.16610346003545236103E-14   -0.91278180969097190809E-15
    0.46799675354954954898E+01    0.83272950479281043098E-15   -0.43517004473982575612E-15
    0.46887553323023025698E+01   -0.55787868843619936032E-15    0.73321903699515139110E-15
    0.46975431291091096497E+01   -0.10499884629042858983E-14    0.13553148127636783838E-14
    0.47063309259159158415E+01   -0.38236466626474051964E-15    0.10063613164786986722E-14
    0.47151187227227229215E+01    0.65150932100145421980E-15    0.10879373335460992966E-15
    0.47239065195295300015E+01    0.11064688191933355166E-14   -0.61959254265371754632E-15
    0.47326943163363361933E+01    0.54026559219057109052E-15   -0.65000411221011310254E-15
    0.47414821131431432732E+01   -0.68776962153184816929E-15   -0.21085065155856869655E-17
    0.47502699099499503532E+01   -0.14688653519695486200E-14    0.64950125149009580645E-15
    0.47590577067567574332E+01   -0.88581392908404904090E-15    0.58106787124642673819E-15
    0.47678455035635636250E+01    0.58651684608703907548E-15   -0.13593739731727414807E-15
    0.47766333003703707050E+01    0.12910382143624521781E-14   -0.65009243148406847553E-15
    0.47854210971771777849E+01    0.27813431718510877229E-15   -0.37596474429251920161E-15
    0.47942088939839839767E+01   -0.13648416721704515834E-14    0.23753606945632364907E-15
    0.48029966907907910567E+01   -0.17820634302471009992E-14    0.33100438799501332752E-15
    0.48117844875975981367E+01   -0.61330180942498005373E-15   -0.20692577564214080191E-15
    0.48205722844044043285E+01    0.65901470748702804443E-15   -0.59865675857570063177E-15
    0.48293600812112114085E+01    0.67354383602006074736E-15   -0.26204428271783583559E-15
    0.48381478780180184884E+01   -0.22958528667189342231E-15    0.36654673361032823900E-15
    0.48469356748248246802E+01   -0.78422956695048896384E-15    0.43390381585984789839E-15
    0.48557234716316317602E+01   -0.51154092163686996765E-15   -0.18274812846148926330E-15
    0.48645112684384388402E+01   -0.10389277540605385342E-15   -0.71763852194834614889E-15
    0.48732990652452459202E+01   -0.20734000379592739023E-15   -0.54032154340008909989E-15
    0.48820868620520521119E+01   -0.46799561969661436267E-15    0.43216992187840222782E-16
    0.48908746588588591919E+01   -0.18105270312137484882E-15    0.25611557805079892078E-15
    0.48996624556656662719E+01    0.47334611668972684515E-15   -0.18485675202587517343E-15
    0.49084502524724724637E+01    0.46484947967693320341E-15   -0.80880377164441226886E-15
    0.49172380492792795437E+01   -0.56370433876002649795E-15   -0.97419626303466015789E-15
    0.49260258460860866236E+01   -0.13387276679652863223E-14   -0.44770816838130383300E-15
    0.49348136428928928154E+01   -0.41538274274838439924E-15    0.45058673711635148807E-15
    0.49436014396996998954E+01    0.15622085474085202012E-14    0.94663967096349360341E-15
    0.49523892365065069754E+01    0.21136453802382856758E-14    0.31018854555362207370E-15
    0.49611770333133140554E+01    0.71432444745302784646E-16   -0.12211091812213538829E-14
    0.49699648301201202472E+01   -0.23496395332531828373E-14   -0.20855875570138148478E-14
    0.49787526269269273271E+01   -0.20632193036626975076E-14   -0.91615509426419844802E-15
    0.49875404237337344071E+01    0.79127054058111531135E-15    0.13978894662232623672E-14
    0.49963282205405405989E+01    0.27159339803235469720E-14    0.21539650816412478632E-14
    0.50051160173473476789E+01    0.12801035347732886620E-14    0.12164367580642861028E-15
    0.50139038141541547589E+01   -0.16672493714363113336E-14   -0.23512736197167360068E-14
    0.50226916109609609506E+01   -0.24871118107711229419E-14   -0.20168727053071472136E-14
    0.50314794077677680306E+01   -0.32327127996619542818E-15    0.97004333685152997979E-15
    0.50402672045745751106E+01    0.21170445355102657568E-14    0.29425366799018263508E-14
    0.50490550013813813024E+01    0.21467640362918514998E-14    0.13832154018828451836E-14
    0.50578427981881883824E+01    0.34525033542700442068E-16   -0.17285895420969303713E-14
    0.50666305949949954623E+01   -0.19657892876249777245E-14   -0.25839774066975473234E-14
    0.50754183918018025423E+01   -0.21462587049488350026E-14   -0.36500291850495044917E-15
    0.50842061886086087341E+01   -0.52732006725707417458E-15    0.20397096357501690849E-14
    0.50929939854154158141E+01    0.15608445090281800773E-14    0.19871659767267449709E-14
    0.51017817822222228941E+01    0.23291907245756276966E-14    0.16060633333312599124E-15
    0.51105695790290290859E+01    0.87933297001704727433E-15   -0.97241416963701235660E-15
    0.51193573758358361658E+01   -0.14899196419440737707E-14   -0.41461444982103811158E-15
    0.51281451726426432458E+01   -0.20728315540290864809E-14    0.60858317828297515535E-15
    0.51369329694494494376E+01    0.17538416657681483398E-15    0.73883571480774421754E-15
    0.51457207662562565176E+01    0.28104521392067235959E-14    0.17197665253706292591E-15
    0.51545085630630635976E+01    0.25925617842522661021E-14   -0.66860552008902633033E-16
    0.51632963598698697893E+01   -0.37183794102601371329E-15    0.27612778256694980379E-15
    0.51720841566766768693E+01   -0.25581900370761018998E-14    0.43740678066443745401E-15
    0.51808719534834839493E+01   -0.14438716877183977421E-14   -0.94190896772750321444E-16
    0.51896597502902910293E+01    0.13363183546848588339E-14   -0.69197408191390300642E-15
    0.51984475470970972211E+01    0.23444419111219672249E-14   -0.44613092580401447435E-15
    0.52072353439039043010E+01    0.61135828431951275822E-15    0.42388163835179154246E-15
    0.52160231407107113810E+01   -0.16176087838503122354E-14    0.64906552567749596264E-15
    0.52248109375175184610E+01   -0.20387581376294405970E-14   -0.38233163152958684401E-15
    0.52335987343243246528E+01   -0.80884200179389433021E-15   -0.15354852619902675608E-14
    0.52423865311311317328E+01    0.38058459643826473583E-15   -0.12497010078286747444E-14
    0.52511743279379388127E+01    0.50349243525000942519E-15    0.37984376385020322052E-15
    0.52599621247447450045E+01   -0.83266029894922477619E-16    0.15729282502587986602E-14
    0.52687499215515520845E+01   -0.57699879523295666826E-15    0.10583530999413625532E-14
    0.52775377183583591645E+01   -0.61184172750147327956E-15   -0.37397248342465935324E-15
    0.52863255151651653563E+01   -0.29456396300714681792E-15   -0.10190529463809443280E-14
    0.52951133119719724363E+01    0.10257198585326340678E-15   -0.32241738617187185524E-15
    0.53039011087787795162E+01    0.34035702004803035515E-15    0.72325701387468162331E-15
    0.53126889055855857080E+01    0.27866243734555989932E-15    0.99502972984773798102E-15
    0.53214767023923927880E+01   -0.84694358583110971474E-16    0.40407850071147712597E-15
    0.53302644991991998680E+01   -0.59420069092961750023E-15   -0.37498870698466708953E-15
    0.53390522960060069479E+01   -0.94412715906246794152E-15   -0.71980390343631998117E-15
    0.53478400928128131397E+01   -0.83283323223622145555E-15   -0.46542132977947258768E-15
    0.53566278896196202197E+01   -0.26509497336810758058E-15    0.15285455920694213408E-15
    0.53654156864264272997E+01    0.31319860282775227679E-15    0.67339899716445124935E-15
    0.53742034832332334915E+01    0.39111314772342595261E-15    0.70913792266652055096E-15
    0.53829912800400405715E+01   -0.82655778415916769997E-16    0.25893779666096909444E-15
    0.53917790768468476514E+01   -0.64421362923481262026E-15   -0.29505716175023822066E-15
    0.54005668736536538432E+01   -0.75554717074757975219E-15   -0.51834245425333734461E-15
    0.54093546704604609232E+01   -0.21634775086832490144E-15   -0.22585043811307334188E-15
    0.54181424672672680032E+01    0.69920606853249960396E-15    0.42409948077000877989E-15
    0.54269302640740750832E+01    0.12745389242757290488E-14    0.95494205501282245780E-15
    0.54357180608808812750E+01    0.80081406873229652901E-15    0.84963271484508454774E-15
    0.54445058576876883549E+01   -0.56646999083054166742E-15    0.74729414455797392408E-16
    0.54532936544944954349E+01   -0.15009845270339713086E-14   -0.68901847468976869565E-15
    0.54620814513013016267E+01   -0.80787548287461342823E-15   -0.68596000613777813330E-15
    0.54708692481081087067E+01    0.90042505991116185918E-15    0.43156303894709699653E-16
    0.54796570449149157866E+01    0.15755934363364175452E-14    0.67586861271372512744E-15
    0.54884448417217219784E+01    0.18978892713141846756E-15    0.53431660930195413472E-15
    0.54972326385285290584E+01   -0.17565743547574131124E-14   -0.22712265711162291636E-15
    0.55060204353353361384E+01   -0.19985572012942544942E-14   -0.90473900177778459547E-15
    0.55148082321421423302E+01   -0.24035302339023850367E-15   -0.88600004169957280875E-15
    0.55235960289489494102E+01    0.16083540934947980207E-14   -0.56546705544998512790E-16
    0.55323838257557564901E+01    0.17588436345937290764E-14    0.10569427740468381692E-14
    0.55411716225625635701E+01    0.32840562707287229248E-15    0.14558412589292072838E-14
    0.55499594193693697619E+01   -0.12307774782503565200E-14    0.54720526551624352937E-15
    0.55587472161761768419E+01   -0.15645202484936162457E-14   -0.89876608568550979598E-15
    0.55675350129829839219E+01   -0.30742199415583152390E-15   -0.12415433366962099472E-14
    0.55763228097897901137E+01    0.16307883896443709662E-14    0.10362978065529122067E-15
    0.55851106065965971936E+01    0.23841693628575961335E-14    0.16188333105263026676E-14
    0.55938984034034042736E+01    0.77964670997083478524E-15    0.14127105350475217068E-14
    0.56026862002102104654E+01   -0.18635037343855326996E-14   -0.32340987642865301958E-15
    0.56114739970170175454E+01   -0.25865709586943306446E-14   -0.14639935322802266116E-14
    0.56202617938238246253E+01   -0.24280142085693078758E-15   -0.69154295979769124803E-15
    0.56290495906306308171E+01    0.25927962523704821842E-14    0.76769525202999233156E-15
    0.56378373874374378971E+01    0.25552821743532851077E-14    0.88986293524679502765E-15
    0.56466251842442449771E+01   -0.29711950965080354527E-15   -0.42444365106071803583E-15
    0.56554129810510520571E+01   -0.25384617654330971725E-14   -0.13157382684198682922E-14
    0.56642007778578582489E+01   -0.16539645996218732507E-14   -0.59302800741445075465E-15
    0.56729885746646653288E+01    0.10645336415551464845E-14    0.60696568394435774355E-15
    0.56817763714714724088E+01    0.25799065092503001075E-14    0.52607692850074985368E-15
    0.56905641682782786006E+01    0.16808434905160188432E-14   -0.61270579132927886355E-15
    0.56993519650850856806E+01   -0.26565476905489870084E-15   -0.81115355640418870886E-15
    0.57081397618918927606E+01   -0.13723967067253647977E-14    0.75976381294609201439E-15
    0.57169275586986989524E+01   -0.98220546122595834802E-15    0.21129359437762289500E-14
    0.57257153555055060323E+01    0.31259718445077142644E-15    0.96721692408479762507E-15
    0.57345031523123131123E+01    0.13322928964874395118E-14   -0.17395293379891608226E-14
    0.57432909491191193041E+01    0.11024331124132297185E-14   -0.24918414021077211877E-14
    0.57520787459259263841E+01   -0.27687834768070779552E-15    0.16855095529221308407E-15
    0.57608665427327334640E+01   -0.13990840713772987839E-14    0.30695200738493929405E-14
    0.57696543395395405440E+01   -0.91676000474872268652E-15    0.22599690948940639527E-14
    0.57784421363463467358E+01    0.77740312761399454192E-15   -0.15763294979624748429E-14
    0.57872299331531538158E+01    0.18400237515076819910E-14   -0.36374935960199419411E-14
    0.57960177299599608958E+01    0.11425485110148641015E-14   -0.11906718329769192159E-14
    0.58048055267667670876E+01   -0.39312573636763929546E-15    0.26873899273272758324E-14
    0.58135933235735741675E+01   -0.11032588007390992867E-14    0.32105739059162585014E-14
    0.58223811203803812475E+01   -0.60628777322162820684E-15    0.30210807382418012266E-16
    0.58311689171871874393E+01    0.36231036403370611889E-16   -0.26455462261925064905E-14
    0.58399567139939945193E+01   -0.60054737895086680914E-16   -0.16786941717844730905E-14
    0.58487445108008015993E+01   -0.52113989539627426010E-15    0.12891177368721216875E-14
    0.58575323076076077911E+01   -0.51154669894319341865E-15    0.26171306831017626865E-14
    0.58663201044144148710E+01   -0.30092378550142190761E-16    0.12573395355587424092E-14
    0.58751079012212219510E+01    0.11992160363635848902E-15   -0.65349113961738282483E-15
    0.58838956980280290310E+01   -0.39328570591304576649E-15   -0.10087986736053457731E-14
    0.58926834948348352228E+01   -0.73942893714200699406E-15   -0.39504645016164120174E-16
    0.59014712916416423027E+01   -0.31215971564249597833E-16    0.75476613489180973982E-15
    0.59102590884484493827E+01    0.11936108131545487917E-14    0.66855756291205242797E-15
    0.59190468852552555745E+01    0.13586921733999072761E-14    0.21515789414127835095E-15
    0.59278346820620626545E+01   -0.44990122187216781750E-16   -0.30683589617197451181E-17
    0.59366224788688697345E+01   -0.13893941739137751359E-14   -0.93796303649086537139E-16
    0.59454102756756759263E+01   -0.82993143880141932993E-15   -0.40943154484096085591E-15
    0.59541980724824830062E+01    0.11364631245687937995E-14   -0.76099524540359367210E-15
    0.59629858692892900862E+01    0.20579560846141270430E-14   -0.54488395297253070880E-15
    0.59717736660960962780E+01    0.61390470169023686208E-15    0.29490474192921190567E-15
    0.59805614629029033580E+01   -0.15911293986783670829E-14    0.82627366282155118805E-15
    0.59893492597097104380E+01   -0.20875262379613070322E-14    0.16740176724515596597E-15
    0.59981370565165175179E+01   -0.54544711533747641607E-15   -0.11968092362232735458E-14
    0.60069248533233237097E+01    0.10968126166439258680E-14   -0.17449363214213267660E-14
    0.60157126501301307897E+01    0.11471657060978163521E-14   -0.73805438197192313097E-15
    0.60245004469369378697E+01   -0.10169048698512645442E-15    0.76262742631568243168E-15
    0.60332882437437440615E+01   -0.12234409867851273812E-14    0.11852662567698996802E-14
    0.60420760405505511415E+01   -0.12719836759589960569E-14    0.28726094542412666302E-15
    0.60508638373573582214E+01   -0.35397891426263325577E-15   -0.75305166916081733662E-15
    0.60596516341641644132E+01    0.77729559089845629979E-15   -0.83648345149704106755E-15
    0.60684394309709714932E+01    0.12595948193592841578E-14   -0.13985175849412438499E-16
    0.60772272277777785732E+01    0.67846488520662396272E-15    0.89424216710135714479E-15
    0.60860150245845856531E+01   -0.49011582732646936235E-15    0.11354127660049343833E-14
    0.60948028213913918449E+01   -0.11971641793085702684E-14    0.49240406199468926267E-15
    0.61035906181981989249E+01   -0.80428469538313511652E-15   -0.60730037279297994210E-15
    0.61123784150050060049E+01    0.31271621962227710014E-15   -0.12656794032512882472E-14
    0.61211662118118121967E+01    0.12180160929310577900E-14   -0.83245325719429751884E-15
    0.61299540086186192767E+01    0.11889388783982685697E-14    0.34642772867299140380E-15
    0.61387418054254263566E+01    0.16503129568945457538E-15    0.11801134213224199319E-14
    0.61475296022322325484E+01   -0.11216520695835861786E-14    0.96021103814176939565E-15
    0.61563173990390396284E+01   -0.14352983383588896414E-14    0.54310249883281150765E-16
    0.61651051958458467084E+01   -0.18362610864303711577E-15   -0.62626567893492665402E-15
    0.61738929926526529002E+01    0.14599573165998926009E-14   -0.50029924401235305136E-15
    0.61826807894594599802E+01    0.14250047645842198280E-14    0.32812783685176663047E-15
    0.61914685862662670601E+01   -0.69091131086324258044E-15    0.11950694007618278459E-14
    0.62002563830730741401E+01   -0.25276218811575381030E-14    0.12339684451445099464E-14
    0.62090441798798803319E+01   -0.16249233950884072126E-14    0.12086142847142076730E-15
    0.62178319766866874119E+01    0.12727975667365687541E-14   -0.12571301852994432616E-14
    0.62266197734934944918E+01    0.28738332533732175543E-14   -0.14131704173728902202E-14
    0.62354075703003006836E+01    0.14097194161122006580E-14    0.49077349918739034726E-16
    0.62441953671071077636E+01   -0.11188942717741140027E-14    0.16708087697980563922E-14
    0.62529831639139148436E+01   -0.16577215213676548249E-14    0.17158858902378990632E-14
    0.62617709607207210354E+01    0.12180674303631149521E-15    0.19297104422205014266E-15
    0.62705587575275281154E+01    0.18178735493370912362E-14   -0.12535380967877850177E-14
    0.62793465543343351953E+01    0.15515425919608475812E-14   -0.12884898404064081103E-14
    0.62881343511411413871E+01    0.17534843273895793374E-16   -0.16508926239285003017E-15
    0.62969221479479484671E+01   -0.96052754177473163664E-15    0.94042503792856297030E-15
    0.63057099447547555471E+01   -0.72011217614893427970E-15    0.11358865694265486389E-14
    0.63144977415615626271E+01   -0.57594772764447973762E-16    0.33901001922698800735E-15
    0.63232855383683688189E+01    0.19183448517535634347E-15   -0.81218013674761384445E-15
    0.63320733351751758988E+01    0.99422104484464767025E-16   -0.13205987341776689423E-14
    0.63408611319819829788E+01    0.11462763899911032469E-15   -0.62516981923359194270E-15
    0.63496489287887891706E+01    0.20380936643785410312E-15    0.66073044435250455538E-15
    0.63584367255955962506E+01   -0.71786203107924141580E-16    0.11990669108552640030E-14
    0.63672245224024033305E+01   -0.69284796605022105333E-15    0.35792200274581999411E-15
    0.63760123192092095223E+01   -0.84951579082716623137E-15   -0.10335517908476733205E-14
    0.63848001160160166023E+01    0.50353925339157837790E-16   -0.16343682860223695348E-14
    0.63935879128228236823E+01    0.12305613051164064687E-14   -0.92647043706544291987E-15
    0.64023757096296298741E+01    0.11533725264022505323E-14    0.49082747726489015477E-15
    0.64111635064364369541E+01   -0.44267607039773567566E-15    0.15029042298375057505E-14
    0.64199513032432440340E+01   -0.17225296324921442020E-14    0.11920581863516648622E-14
    0.64287391000500511140E+01   -0.88631767397297656210E-15   -0.43605629782956183441E-15
    0.64375268968568573058E+01    0.12927566390110312542E-14   -0.19773376561533366609E-14
    0.64463146936636643858E+01    0.21682967028353987615E-14   -0.16312739530690024696E-14
    0.64551024904704714658E+01    0.56244461541998380867E-15    0.63787248854424239117E-15
    0.64638902872772776576E+01   -0.15699331571788177240E-14    0.24002428913950642247E-14
    0.64726780840840847375E+01   -0.16621034653173020396E-14    0.14279628046938915216E-14
    0.64814658808908918175E+01    0.20773006221267446328E-15   -0.12477394857214185549E-14
    0.64902536776976980093E+01    0.16108881881008443517E-14   -0.22952936496853912301E-14
    0.64990414745045050893E+01    0.96227642988523334137E-15   -0.27898550828209735350E-15
    0.65078292713113121692E+01   -0.66119456410315889517E-15    0.22999013587930482496E-14
    0.65166170681181183610E+01   -0.12685108937206821958E-14    0.22411879841392849163E-14
    0.65254048649249254410E+01   -0.43067389441940783394E-15   -0.23564263181696294955E-15
    0.65341926617317325210E+01    0.60279911214008380496E-15   -0.19812932808042370826E-14
    0.65429804585385396010E+01    0.71426852513576240724E-15   -0.11220192799586482752E-14
    0.65517682553453457928E+01    0.76295481604400250666E-16    0.68032117822699681968E-15
    0.65605560521521528727E+01   -0.48817853700709983072E-15    0.86340605635456241058E-15
    0.65693438489589599527E+01   -0.56420677974818686185E-15   -0.53215069823905395512E-15
    0.65781316457657661445E+01   -0.34466384038887215096E-15   -0.12118516309127442748E-14
    0.65869194425725732245E+01   -0.12793233818093806588E-15   -0.49407042273535778017E-16
    0.65957072393793803045E+01    0.30642924035620150901E-16    0.12130747788643879230E-14
    0.66044950361861864963E+01    0.19282738154121606211E-15    0.49879196514881970105E-15
    0.66132828329929935762E+01    0.30969652407663744068E-15   -0.14498692378470614944E-14
    0.66220706297998006562E+01    0.25728407184851189300E-15   -0.18646021001542167681E-14
    0.66308584266066068480E+01    0.78368311445874175370E-16    0.16674440452293796441E-15
    0.66396462234134139280E+01    0.54389125187258345535E-16    0.19971266481768426413E-14
    0.66484340202202210079E+01    0.38599355105567712062E-15    0.83778068791846344727E-15
    0.66572218170270280879E+01    0.84517968792393051419E-15   -0.21765494610072632941E-14
    0.66660096138338342797E+01    0.94008696171312033093E-15   -0.31187905239419330574E-14
    0.66747974106406413597E+01    0.47541909423039332342E-15   -0.42772683314699317451E-15
    0.66835852074474484397E+01   -0.17681825737519934511E-15    0.27040078867146668004E-14
    0.66923730042542546315E+01   -0.47699939966465529816E-15    0.24029946523847955175E-14
    0.67011608010610617114E+01   -0.24387305308268914877E-15   -0.87634831360509851759E-15
    0.67099485978678687914E+01    0.25686080431902405707E-15   -0.30839972561883299326E-14
    0.67187363946746749832E+01    0.57564707066900210010E-15   -0.17527061874106444756E-14
    0.67275241914814820632E+01    0.37165461030581858734E-15    0.12072251373252477689E-14
    0.67363119882882891432E+01   -0.31083692181547275359E-15    0.24205811912047299969E-14
    0.67450997850950962231E+01   -0.88296914827464719360E-15    0.10155792198809417299E-14
    0.67538875819019024149E+01   -0.65146138088103110506E-15   -0.11051318636948250300E-14
    0.67626753787087094949E+01    0.30870143235492532947E-15   -0.18802375253369532700E-14
    0.67714631755155165749E+01    0.93648030488275567456E-15   -0.92599728991502701354E-15
    0.67802509723223227667E+01    0.35291152033195456416E-15    0.77096068147333567711E-15
    0.67890387691291298466E+01   -0.88720895765213977778E-15    0.18029772728139339626E-14
    0.67978265659359369266E+01   -0.13256551768725859968E-14    0.12524424966600808997E-14
    0.68066143627427431184E+01   -0.46032185592508635134E-15   -0.48754891565919051573E-15
    0.68154021595495501984E+01    0.47550568514756067016E-15   -0.17319113212433529915E-14
    0.68241899563563572784E+01    0.12224956087246583336E-15   -0.11498289580756649151E-14
    0.68329777531631634702E+01   -0.11287233450352130915E-14    0.55493819813686114468E-15
    0.68417655499699705501E+01   -0.16084227490603845323E-14    0.13449945852933846210E-14
    0.68505533467767776301E+01   -0.59430901118821805872E-15    0.31332331769306707560E-15
    0.68593411435835847101E+01    0.67537500055131590900E-15   -0.11823193907472510194E-14
    0.68681289403903909019E+01    0.68541070853861387295E-15   -0.13191089021114452316E-14
    0.68769167371971979819E+01   -0.33523927203426454150E-15   -0.21005187061747737540E-16
    0.68857045340040050618E+01   -0.79996861025557319806E-15    0.12125740582835210652E-14
    0.68944923308108112536E+01    0.66620754574689609902E-16    0.12603303070035474036E-14
    0.69032801276176183336E+01    0.11955481861940802166E-14    0.49087716501976857694E-15
    0.69120679244244254136E+01    0.11727582644250259758E-14   -0.92852044332796677960E-16
    0.69208557212312316054E+01    0.78574834365371748102E-16   -0.78548225069671851004E-16
    0.69296435180380386853E+01   -0.75035594043303914959E-15    0.20487227416028554496E-15
    0.69384313148448457653E+01   -0.49013908071609625788E-15    0.34482163589036220976E-15
    0.69472191116516519571E+01    0.25042197550866074012E-15    0.28039577852027379570E-15
    0.69560069084584590371E+01    0.42068662772258968105E-15    0.16018053779550929036E-15
    0.69647947052652661171E+01   -0.17302082257762509537E-15    0.73655438984546767653E-16
    0.69735825020720731970E+01   -0.83106366546708963970E-15   -0.50953216938453547068E-17
    0.69823702988788793888E+01   -0.86158479959614326444E-15   -0.11340213745691506835E-15
    0.69911580956856864688E+01   -0.20744054122794150212E-15   -0.22029438044425986380E-15
    0.69999458924924935488E+01    0.62053147364464681606E-15   -0.22270983504918217815E-15
    0.70087336892992997406E+01    0.85954545047053892948E-15    0.14909705204156113703E-16
    0.70175214861061068206E+01    0.58757222394300810235E-16    0.51295601025485362985E-15
    0.70263092829129139005E+01   -0.12249511597590979564E-14    0.96718783819647468202E-15
    0.70350970797197200923E+01   -0.15197213233478875503E-14    0.83108638558649286059E-15
    0.70438848765265271723E+01   -0.28822914052314571501E-16   -0.45792258163227078563E-16
    0.70526726733333342523E+01    0.18863876333886501371E-14   -0.86524313646139752690E-15
    0.70614604701401404441E+01    0.18833591278210601355E-14   -0.54434490308121259010E-15
    0.70702482669469475240E+01   -0.35276189857230068997E-15    0.79613522071861267219E-15
    0.70790360637537546040E+01   -0.21625819399670175032E-14    0.14922382502474880359E-14
    0.70878238605605616840E+01   -0.11136009302192112528E-14    0.27229397259603253223E-15
    0.70966116573673678758E+01    0.15869945435863111138E-14   -0.17686857365043328287E-14
    0.71053994541741749558E+01    0.24097753122233432641E-14   -0.21691212923508837890E-14
    0.71141872509809820357E+01    0.10755715904876681681E-15   -0.15895676378348977268E-15
    0.71229750477877882275E+01   -0.24322037641021138558E-14    0.21317365025049773604E-14
    0.71317628445945953075E+01   -0.19614825610889727887E-14    0.22195926820072164922E-14
    0.71405506414014023875E+01    0.86049042509028663757E-15    0.18860824134656625628E-15
    0.71493384382082085793E+01    0.24660379716632387739E-14   -0.16887503323923694134E-14
    0.71581262350150156593E+01    0.10386245001091608776E-14   -0.16540323009755217233E-14
    0.71669140318218227392E+01   -0.13416730402203302432E-14   -0.45327926187199718990E-16
    0.71757018286286289310E+01   -0.17518882368546363219E-14    0.15572931352061141057E-14
    0.71844896254354360110E+01   -0.82771529636846065533E-16    0.17483686328874844325E-14
    0.71932774222422430910E+01    0.13443459911650769297E-14    0.16748668413516606178E-15
    0.72020652190490501710E+01    0.96848030149750693955E-15   -0.20872729719660626034E-14
    0.72108530158558563627E+01   -0.35947638872852280348E-15   -0.29198424331728096914E-14
    0.72196408126626634427E+01   -0.96974230665735045110E-15   -0.11920792919968339120E-14
    0.72284286094694705227E+01   -0.43716756804425220372E-15    0.15484760094821776972E-14
    0.72372164062762767145E+01    0.35753879782157797201E-15    0.23874658638149164248E-14
    0.72460042030830837945E+01    0.56277039255824357289E-15    0.38849309884966213487E-15
    0.72547919998898908744E+01    0.17192153179865343648E-15   -0.21396196177793485801E-14
    0.72635797966966970662E+01   -0.31673633172999949203E-15   -0.24161328199473600632E-14
    0.72723675935035041462E+01   -0.48406052763408438847E-15   -0.33222085388446119014E-15
    0.72811553903103112262E+01   -0.24289336372248618268E-15    0.18385418558591785407E-14
    0.72899431871171174180E+01    0.15639507728993411719E-15    0.20884947065165200909E-14
    0.72987309839239244980E+01    0.27950760346293471714E-15    0.35339894445354848404E-15
    0.73075187807307315779E+01   -0.97013395878736792277E-16   -0.19089005329971955788E-14
    0.73163065775375386579E+01   -0.65530332331224088067E-15   -0.27616618626931510670E-14
    0.73250943743443448497E+01   -0.80931687400719397303E-15   -0.11009694657817740928E-14
    0.73338821711511519297E+01   -0.37016502939516956162E-15    0.19640012732156137226E-14
    0.73426699679579590097E+01    0.20543416260780046294E-15    0.33642836107315758499E-14
    0.73514577647647652014E+01    0.35861413392236302010E-15    0.11921334033916919669E-14
    0.73602455615715722814E+01    0.40864579926271822116E-16   -0.24487256659890882447E-14
    0.73690333583783793614E+01   -0.32940852055065511783E-15   -0.33776333958613302053E-14
    0.73778211551851855532E+01   -0.35440320476390390514E-15   -0.35544266523448345762E-15
    0.73866089519919926332E+01    0.69320289266784213223E-17    0.31217328754675119266E-14
    0.73953967487987997131E+01    0.43494455053118120880E-15    0.30975560576799132465E-14
    0.74041845456056067931E+01    0.39763368488362427280E-15   -0.16960730573841971015E-15
    0.74129723424124129849E+01   -0.40450176349215498901E-15   -0.30250259598304545714E-14
    0.74217601392192200649E+01   -0.14429349867673484409E-14   -0.28599181652334397892E-14
    0.74305479360260271449E+01   -0.14933411321209147830E-14   -0.47451966500119041939E-15
    0.74393357328328333367E+01   -0.38234217875816138848E-16    0.16815070981024853310E-14
    0.74481235296396404166E+01    0.15364450575403747406E-14    0.19793844129911753918E-14
    0.74569113264464474966E+01    0.11809183163062343200E-14    0.42706450968477439490E-15
    0.74656991232532536884E+01   -0.10777570176837234652E-14   -0.16782785029204750913E-14
    0.74744869200600607684E+01   -0.25263961210122924451E-14   -0.25464919632162022116E-14
    0.74832747168668678484E+01   -0.10029345885258150701E-14   -0.12811132125381738061E-14
    0.74920625136736740401E+01    0.19429847996005364113E-14    0.10291720961050435889E-14
    0.75008503104804811201E+01    0.26905989214097403642E-14    0.22274017281377458715E-14
    0.75096381072872882001E+01    0.19796047962993347060E-15    0.12663326624253904462E-14
    0.75184259040940952801E+01   -0.24119821440791873240E-14   -0.81677088318739080798E-15
    0.75272137009009014719E+01   -0.18651127150677564002E-14   -0.21395888735610091708E-14
    0.75360014977077085518E+01    0.10433542111258036267E-14   -0.15701947684983211366E-14
    0.75447892945145156318E+01    0.26687250977864913788E-14    0.61111347865448319239E-15
    0.75535770913213218236E+01    0.11729011082885548132E-14    0.27361461906308989973E-14
    0.75623648881281289036E+01   -0.14618354844825347870E-14    0.26052899451496857534E-14
    0.75711526849349359836E+01   -0.23201672787381886701E-14   -0.36892450298527564022E-15
    0.75799404817417421754E+01   -0.89810702127857614871E-15   -0.35584509943024827656E-14
    0.75887282785485492553E+01    0.99733620122706371590E-15   -0.33222705621552785744E-14
    0.75975160753553563353E+01    0.15659897273174633860E-14    0.53485640616033573647E-15
    0.76063038721621625271E+01    0.49254162461053583677E-15    0.37196522076766295088E-14
    0.76150916689689696071E+01   -0.12755558210915039668E-14    0.23700345879183032962E-14
    0.76238794657757766871E+01   -0.22474090648354693906E-14   -0.20624946542107608985E-14
    0.76326672625825837670E+01   -0.14172799240090659060E-14   -0.45931889460910776486E-14
    0.76414550593893899588E+01    0.60333668536988185419E-15   -0.25980879611578868338E-14
    0.76502428561961970388E+01    0.17127751357115088384E-14    0.15713078201752922743E-14
    0.76590306530030041188E+01    0.52155990564120611775E-15    0.39111669737106768241E-14
    0.76678184498098103106E+01   -0.16875760835507513036E-14    0.27776247628378702008E-14
    0.76766062466166173905E+01   -0.22600737406655849986E-14   -0.47698147605974947134E-15
    0.76853940434234244705E+01   -0.41572772054001662497E-15   -0.30808489948304774816E-14
    0.76941818402302306623E+01    0.16903471908759312876E-14   -0.26637803432311423247E-14
    0.77029696370370377423E+01    0.17129612730367225195E-14    0.82688867751158980008E-15
    0.77117574338438448223E+01   -0.39366689448532612932E-16    0.40768380804449851441E-14
    0.77205452306506510141E+01   -0.13249817422885903734E-14    0.31473243307009751360E-14
    0.77293330274574580940E+01   -0.85588106216593961493E-15   -0.16672303474094865065E-14
    0.77381208242642651740E+01    0.42992979520523340986E-15   -0.50603253958636598788E-14
    0.77469086210710722540E+01    0.97539495553194128814E-15   -0.27647892681007284658E-14
    0.77556964178778784458E+01    0.45478713050043093925E-15    0.27498436935558495532E-14
    0.77644842146846855258E+01   -0.30242723922925259310E-15    0.50795160093280688711E-14
    0.77732720114914926057E+01   -0.56981463155213918778E-15    0.17078015015399487725E-14
    0.77820598082982987975E+01   -0.39100352424871830785E-15   -0.31281412241177720427E-14
    0.77908476051051058775E+01   -0.15402743459675548474E-15   -0.41095384215353304023E-14
    0.77996354019119129575E+01   -0.30533001375374189609E-16   -0.91925441835257906577E-15
    0.78084231987187191493E+01    0.51063328952562473244E-16    0.25389041571415088067E-14
    0.78172109955255262292E+01    0.11012588366030179756E-15    0.30747232163323626089E-14
    0.78259987923323333092E+01    0.16667231650594689481E-16    0.90636250340655435994E-15
    0.78347865891391395010E+01   -0.25363959814897421168E-15   -0.17037994448249723721E-14
    0.78435743859459465810E+01   -0.40074330930478509367E-15   -0.25831760934652878847E-14
    0.78523621827527536610E+01   -0.78343681229530831798E-16   -0.96776700632735105822E-15
    0.78611499795595607409E+01    0.55853771568839702078E-15    0.18026826275069516970E-14
    0.78699377763663669327E+01    0.81702921927111887951E-15    0.29504977792529815848E-14
    0.78787255731731740127E+01    0.26044700638795073785E-15    0.97317341756319305442E-15
    0.78875133699799810927E+01   -0.59490814286714087116E-15   -0.21632432724722686067E-14
    0.78963011667867872845E+01   -0.78240564437762032224E-15   -0.29331734848733484377E-14
    0.79050889635935943645E+01   -0.62135600288266588214E-16   -0.45279690116691396213E-15
    0.79138767604004014444E+01    0.73263512125965013527E-15    0.23165703599564225609E-14
    0.79226645572072076362E+01    0.71606868597032904601E-15    0.22820059534204055495E-14
    0.79314523540140147162E+01   -0.24150017128294240454E-16   -0.90473608115770078477E-16
    0.79402401508208217962E+01   -0.67124263982348286196E-15   -0.18281080997903980659E-14
    0.79490279476276279880E+01   -0.66141320322182887815E-15   -0.12325572806829655502E-14
    0.79578157444344350679E+01   -0.16270213283254039173E-15    0.51655297249046685202E-15
    0.79666035412412421479E+01    0.30575926857513132572E-15    0.14203461736565606034E-14
    0.79753913380480492279E+01    0.37466127401697826410E-15    0.97315814498356502889E-15
    0.79841791348548554197E+01    0.10773964481467342584E-16    0.99010880368138921547E-16
    0.79929669316616624997E+01   -0.50062467795892819707E-15   -0.30274226105614206900E-15
    0.80017547284684695796E+01   -0.71735228326791338854E-15   -0.15995396222403031674E-15
    0.80105425252752748833E+01   -0.39702342089056767280E-15    0.12079574431197941852E-15
    0.80193303220820819632E+01    0.22381448631243628271E-15    0.18835819415502509886E-15
    0.80281181188888890432E+01    0.63560123589700149658E-15   -0.26826842291791483613E-16
    0.80369059156956961232E+01    0.53246939241842474516E-15   -0.28934542296194910079E-15
    0.80456937125025032032E+01    0.45683036095243386822E-16   -0.22806748883709821620E-15
    0.80544815093093102831E+01   -0.42114706372642537124E-15    0.22884158292768325514E-15
    0.80632693061161173631E+01   -0.45329196103682834373E-15    0.56469939589105487336E-15
    0.80720571029229226667E+01    0.89164448782887442008E-16    0.19444540205757729477E-15
    0.80808448997297297467E+01    0.80801139839063651857E-15   -0.61274949787250301766E-15
    0.80896326965365368267E+01    0.93834920520896895604E-15   -0.74415084089623850133E-15
    0.80984204933433439066E+01    0.16360963951349335822E-15    0.31380853511045357518E-15
    0.81072082901501509866E+01   -0.76705669192352114635E-15    0.13334040393207457908E-14
    0.81159960869569580666E+01   -0.75134197973603997793E-15    0.62143181740891436350E-15
    0.81247838837637633702E+01    0.26783596295522018920E-15   -0.14743249655529758717E-14
    0.81335716805705704502E+01    0.10486900985084031329E-14   -0.23360681966652372930E-14
    0.81423594773773775302E+01    0.56061199196237570163E-15   -0.33748372344918178107E-15
    0.81511472741841846101E+01   -0.65011244773192331164E-15    0.24137584380779158361E-14
    0.81599350709909916901E+01   -0.11571102001029959924E-14    0.23141843341584890146E-14
    0.81687228677977987701E+01   -0.44965994824138893567E-15   -0.92290436720680236229E-15
    0.81775106646046058501E+01    0.49862672662763262259E-15   -0.33236396906799840608E-14
    0.81862984614114111537E+01    0.57297065619262979488E-15   -0.16377333722919813966E-14
    0.81950862582182182337E+01   -0.15302768288196289244E-15    0.21873996661550920130E-14
    0.82038740550250253136E+01   -0.74007550381970632184E-15    0.34392119318018089679E-14
    0.82126618518318323936E+01   -0.60199155912834356861E-15    0.69263147692116306147E-15
    0.82214496486386394736E+01   -0.28731708643542901299E-16   -0.24498678238332700926E-14
    0.82302374454454465535E+01    0.39269901368678934608E-15   -0.22426998229544536654E-14
    0.82390252422522518572E+01    0.43174595110469083909E-15    0.53678719541377805892E-15
    0.82478130390590589371E+01    0.24476271209609706548E-15    0.21800485227539334028E-14
    0.82566008358658660171E+01    0.58098189519895336284E-16    0.94909819040449031306E-15
    0.82653886326726730971E+01   -0.28165802569619829430E-16   -0.11789694058818620984E-14
    0.82741764294794801771E+01   -0.27903078206683528350E-16   -0.16370395641775789323E-14
    0.82829642262862872570E+01   -0.10615052862121354551E-16   -0.41400188875972219530E-15
    0.82917520230930943370E+01   -0.38745033623324372250E-16    0.63443008232073946640E-15
    0.83005398198998996406E+01   -0.10816438251404145657E-15    0.50092692694215276849E-15
    0.83093276167067067206E+01   -0.14814681710252176593E-15    0.18642780068059693776E-16
    0.83181154135135138006E+01   -0.10558998215417663861E-15    0.20298620584113333239E-15
    0.83269032103203208806E+01   -0.14052317405020974709E-16    0.65513674130928736091E-15
    0.83356910071271279605E+01    0.59738073581171020899E-16    0.28110093387495956268E-15
    0.83444788039339350405E+01    0.12833200912133930072E-15   -0.83151319688718030090E-15
    0.83532666007407403441E+01    0.28629134757135519803E-15   -0.11464817029744617066E-14
    0.83620543975475474241E+01    0.55314988051627401023E-15    0.21304122346661735720E-15
    0.83708421943543545041E+01    0.75528720879843458235E-15    0.17572087891937370516E-14
    0.83796299911611615840E+01    0.67363749393334734187E-15    0.12225912818021907799E-14
    0.83884177879679686640E+01    0.31859457128916500270E-15   -0.12506120825238110193E-14
    0.83972055847747757440E+01   -0.22410543806433815807E-16   -0.27160742868675496948E-14
    0.84059933815815828240E+01   -0.67016826090424921123E-16   -0.10372533310184395787E-14
    0.84147811783883881276E+01    0.19185277111373088087E-15    0.20503535426596418115E-14
    0.84235689751951952076E+01    0.50819290781538220138E-15    0.29233113177377716759E-14
    0.84323567720020022875E+01    0.56839089385090377939E-15    0.53815202177647147894E-15
    0.84411445688088093675E+01    0.19560703146953747983E-15   -0.23483556588585393274E-14
    0.84499323656156164475E+01   -0.43753273318124458244E-15   -0.26832608025704575006E-14
    0.84587201624224235275E+01   -0.75271573260451550202E-15   -0.47850470897047363182E-15
    0.84675079592292288311E+01   -0.27775747622542837509E-15    0.18414561721580335780E-14
    0.84762957560360359111E+01    0.61192146933448787410E-15    0.21796021757800841966E-14
    0.84850835528428429910E+01    0.80698154146334454129E-15    0.34888166589731232620E-15
    0.84938713496496500710E+01   -0.23362265582250824169E-15   -0.21324186550169383161E-14
    0.85026591464564571510E+01   -0.15019514051720413178E-14   -0.28890871045661161516E-14
    0.85114469432632642309E+01   -0.14663021635141211110E-14   -0.52900144653062499356E-15
    0.85202347400700713109E+01   -0.26667759705091416659E-16    0.32508524518443101676E-14
    0.85290225368768766145E+01    0.11670200725971976878E-14    0.43752141188763216775E-14
    0.85378103336836836945E+01    0.70016159215526406793E-15    0.93332291153593231486E-15
    0.85465981304904907745E+01   -0.87247115486318829140E-15   -0.34971410570285235455E-14
    0.85553859272972978545E+01   -0.18155333501658433405E-14   -0.35422855822435368087E-14
    0.85641737241041049344E+01   -0.12353351730980306741E-14    0.10827012602749369498E-14
    0.85729615209109120144E+01    0.14982811006359839128E-15    0.46020118138934258368E-14
    0.85817493177177173180E+01    0.10345902051078710858E-14    0.24279306953113127786E-14
    0.85905371145245243980E+01    0.69017877532453296767E-15   -0.27323025348803110477E-14
    0.85993249113313314780E+01   -0.63947159925263635708E-15   -0.44784047199829474866E-14
    0.86081127081381385580E+01   -0.18099927924580581812E-14   -0.88796530302887953537E-15
    0.86169005049449456379E+01   -0.14552678983306832171E-14    0.33856443310248016454E-14
    0.86256883017517527179E+01    0.57523369683367986624E-15    0.34936540380339171771E-14
    0.86344760985585597979E+01    0.23836103514090562779E-14    0.19256882881359215343E-15
    0.86432638953653651015E+01    0.17948770811155367086E-14   -0.21452378207081053376E-14
    0.86520516921721721815E+01   -0.77657031934453829060E-15   -0.12576477938506724934E-14
    0.86608394889789792614E+01   -0.22445184567892796295E-14    0.10051349931911550723E-14
    0.86696272857857863414E+01   -0.52590302252853583466E-15    0.19083690236323850436E-14
    0.86784150825925934214E+01    0.25369447352968381993E-14    0.10244531472630699038E-14
    0.86872028793994005014E+01    0.33401631365711119976E-14   -0.19786700111601056633E-15
    0.86959906762062058050E+01    0.98959274191431680053E-15   -0.63115439498375075528E-15
    0.87047784730130128850E+01   -0.16844304480659875418E-14   -0.41555354149330922806E-15
    0.87135662698198199649E+01   -0.18189052271804137896E-14   -0.12412027318775862654E-15
    0.87223540666266270449E+01    0.18350380125016719396E-15    0.11313785912548516060E-15
    0.87311418634334341249E+01    0.17730270272099765525E-14    0.45747904625262282925E-15
    0.87399296602402412049E+01    0.14546666167031393025E-14    0.73930714514700925692E-15
    0.87487174570470482848E+01    0.11628504169762181708E-16    0.44585903964404415399E-15
    0.87575052538538535885E+01   -0.10049179165928221352E-14   -0.46916023776481554912E-15
    0.87662930506606606684E+01   -0.88658043751267977735E-15   -0.10573427589574402796E-14
    0.87750808474674677484E+01    0.40692026753070010203E-16   -0.31798670309654215647E-15
    0.87838686442742748284E+01    0.95434130931544701998E-15    0.12734880142222494848E-14
    0.87926564410810819084E+01    0.10869206866214773552E-14    0.18637248678821764364E-14
    0.88014442378878889883E+01    0.23561478509460771652E-15    0.44453111716711395410E-15
    0.88102320346946942919E+01   -0.96996262013242352564E-15   -0.15060950504019016187E-14
    0.88190198315015013719E+01   -0.15753376276099923639E-14   -0.16511207718310975788E-14
    0.88278076283083084519E+01   -0.11460269029460347479E-14    0.19277867162223451135E-15
    0.88365954251151155319E+01   -0.78846654683211394817E-16    0.16600390063712759582E-14
    0.88453832219219226118E+01    0.79559637316884381699E-15    0.86897052272015195093E-15
    0.88541710187287296918E+01    0.73872448643339485864E-15   -0.11105514086866361414E-14
    0.88629588155355367718E+01   -0.38585713691842092102E-15   -0.17592443895011728436E-14
    0.88717466123423420754E+01   -0.17021912874420608496E-14   -0.34462436627818266693E-15
    0.88805344091491491554E+01   -0.17854746071506712489E-14    0.13242011427502571416E-14
    0.88893222059559562354E+01   -0.20897073524371673998E-15    0.13953757700394881864E-14
    0.88981100027627633153E+01    0.14770377541740969928E-14    0.15858623954854298078E-15
    0.89068977995695703953E+01    0.12681528230123119022E-14   -0.75940576804352686069E-15
    0.89156855963763774753E+01   -0.77346116030060652936E-15   -0.53328166410365310439E-15
    0.89244733931831827789E+01   -0.23202208947843730550E-14    0.17088747249163840823E-15
    0.89332611899899898589E+01   -0.15451142072968280922E-14    0.41158294897337098045E-15
    0.89420489867967969388E+01    0.65302893102084199930E-15    0.10957070144636485451E-15
    0.89508367836036040188E+01    0.19207733725981540519E-14   -0.19436146637961337107E-15
    0.89596245804104110988E+01    0.12348245718609597369E-14   -0.19960797118331763575E-15
    0.89684123772172181788E+01   -0.26829430196307561172E-15   -0.12085457175462879592E-15
    0.89772001740240252587E+01   -0.99085887068710701748E-15   -0.19674287919804185134E-15
    0.89859879708308305624E+01   -0.50093273315944732493E-15   -0.27271050231149927691E-15
    0.89947757676376376423E+01    0.53535836494509595608E-15   -0.64840806275380958457E-16
    0.90035635644444447223E+01    0.12225682148156238699E-14    0.30347611861943041685E-15
    0.90123513612512518023E+01    0.10544277869660913088E-14    0.31575930692786226336E-15
    0.90211391580580588823E+01    0.16449673246004124417E-15   -0.23363131458063337989E-15
    0.90299269548648659622E+01   -0.67930522366764258651E-15   -0.76164842052970890546E-15
    0.90387147516716712659E+01   -0.68004290065544458054E-15   -0.52456071590589104108E-15
    0.90475025484784783458E+01    0.17624495804633508631E-15    0.33474200796735702004E-15
    0.90562903452852854258E+01    0.10624993150858654721E-14    0.78909736480446793123E-15
    0.90650781420920925058E+01    0.11816364954907646159E-14    0.22617232724883700218E-15
    0.90738659388988995858E+01    0.51488968992994543152E-15   -0.61326079083125861475E-15
    0.90826537357057066657E+01   -0.33066832335233971724E-15   -0.54728974434662468444E-15
    0.90914415325125137457E+01   -0.68976838434699313002E-15    0.41697955983960352886E-15
    0.91002293293193190493E+01   -0.25846009050504644831E-15    0.96416469839931189867E-15
    0.91090171261261261293E+01    0.69797617367368722550E-15    0.20935327119071581374E-15
    0.91178049229329332093E+01    0.13682519617571323862E-14   -0.10026487403566070004E-14
    0.91265927197397402892E+01    0.10186604343062400150E-14   -0.11724085275122759800E-14
    0.91353805165465473692E+01   -0.19189636042222718627E-15   -0.14810057335601338100E-15
    0.91441683133533544492E+01   -0.12234808177826955671E-14    0.64512996712616157695E-15
    0.91529561101601597528E+01   -0.11632084759976371847E-14    0.14162001213316483315E-15
    0.91617439069669668328E+01   -0.74927406656928119880E-16   -0.88864799921831232439E-15
    0.91705317037737739128E+01    0.11694919747107298703E-14   -0.93263935378277955966E-15
    0.91793195005805809927E+01    0.15394200052315626984E-14    0.17461397058918725949E-15
    0.91881072973873880727E+01    0.51060519824108591611E-15    0.99407100139548647735E-15
    0.91968950941941951527E+01   -0.12964534441708081520E-14    0.44949263857805637777E-15
    0.92056828910010004563E+01   -0.20537064659413353352E-14   -0.67407978581685387040E-15
    0.92144706878078075363E+01   -0.39644795770011891083E-15   -0.81762230039089403005E-15
    0.92232584846146146162E+01    0.24191178362118691729E-14    0.26650727599876664864E-15
    0.92320462814214216962E+01    0.31341602944629813387E-14    0.12169025398987676980E-14
    0.92408340782282287762E+01    0.35542472183779870294E-15    0.91261108975421584401E-15
    0.92496218750350358562E+01   -0.29385774902551864198E-14   -0.83781566142295468821E-16
    0.92584096718418411598E+01   -0.26539772702831283762E-14   -0.40646830016790981926E-15
    0.92671974686486482398E+01    0.10949858737667712060E-14    0.32684910777378146333E-15
    0.92759852654554553197E+01    0.37235827424716021428E-14    0.11461711343296617364E-14
    0.92847730622622623997E+01    0.18821677971964510332E-14    0.10570808828640757262E-14
    0.92935608590690694797E+01   -0.22621237190335569261E-14    0.16446165970774297061E-15
    0.93023486558758765597E+01   -0.39827120781731519758E-14   -0.66432726663360095876E-15
    0.93111364526826818633E+01   -0.17325888948351144815E-14   -0.74882850713671106849E-15
    0.93199242494894889433E+01    0.15719191804058360610E-14   -0.79193723349400303635E-16
    0.93287120462962960232E+01    0.25469760740332826530E-14    0.77836174606333763385E-15
    0.93374998431031031032E+01    0.82761608967693053605E-15    0.99747396285232134505E-15
    0.93462876399099101832E+01   -0.15472663945639583706E-14    0.17566025520463040256E-15
    0.93550754367167172632E+01   -0.24953496666001722707E-14   -0.95372724185056564672E-15
    0.93638632335235243431E+01   -0.13177548974055781526E-14   -0.96846824714860551605E-15
    0.93726510303303296467E+01    0.10568688418114044649E-14    0.49298695160344154224E-15
    0.93814388271371367267E+01    0.24784179584720751544E-14    0.17407623042178281312E-14
    0.93902266239439438067E+01    0.13098210953063311100E-14    0.88685252796807056166E-15
    0.93990144207507508867E+01   -0.15455940927956141742E-14   -0.13959356255833775866E-14
    0.94078022175575579666E+01   -0.31151700967301286279E-14   -0.21699676914509168161E-14
    0.94165900143643650466E+01   -0.16403030892057524429E-14    0.44846937315138328493E-17
    0.94253778111711703502E+01    0.11753654892221861354E-14    0.26154769092844434187E-14
    0.94341656079779774302E+01    0.22405095099895668061E-14    0.21690784230285956002E-14
    0.94429534047847845102E+01    0.70586837513029138961E-15   -0.10169343682557833190E-14
    0.94517412015915915902E+01   -0.13846129347931367039E-14   -0.27984528850466463495E-14
    0.94605289983983986701E+01   -0.18510572181231767010E-14   -0.59519108053149406541E-15
    0.94693167952052057501E+01   -0.66758593929152629725E-15    0.28717497174957853376E-14
    0.94781045920120128301E+01    0.66386629597087049665E-15    0.30769880405163582624E-14
    0.94868923888188181337E+01    0.90756056408899088253E-15   -0.31216831535869299255E-15
    0.94956801856256252137E+01   -0.42855732024859523637E-16   -0.29565289822600321886E-14
    0.95044679824324322936E+01   -0.14048916721553408838E-14   -0.15780597396136051765E-14
    0.95132557792392393736E+01   -0.20333730835735769605E-14    0.18377560433652057106E-14
    0.95220435760460464536E+01   -0.12563505156353252022E-14    0.29978724556281236830E-14
    0.95308313728528535336E+01    0.30441099397016577244E-15    0.80349962680830369273E-15
    0.95396191696596588372E+01    0.11121932499020371230E-14   -0.17292138793996717638E-14
    0.95484069664664659172E+01    0.39375945932189601517E-15   -0.16926530073092130570E-14
    0.95571947632732729971E+01   -0.80535580758124843395E-15    0.37042603699036790956E-15
    0.95659825600800800771E+01   -0.89331458034212846030E-15    0.18864580456291471872E-14
    0.95747703568868871571E+01    0.23598801322167576932E-15    0.14508707313950505300E-14
    0.95835581536936942371E+01    0.11057619125725254029E-14   -0.14422856458675486055E-15
    0.95923459505005013170E+01    0.68685543999641395193E-15   -0.13400041933166780302E-14
    0.96011337473073066207E+01   -0.20086637214411653089E-15   -0.12475058584101827701E-14
    0.96099215441141137006E+01   -0.16303485086005222264E-15   -0.33490058686766726336E-16
    0.96187093409209207806E+01    0.63548582234705146758E-15    0.12178964121483912687E-14
    0.96274971377277278606E+01    0.56105801705372378600E-15    0.12266453694475145292E-14
    0.96362849345345349406E+01   -0.98661702102495730116E-15   -0.17968979028130896278E-15
    0.96450727313413420205E+01   -0.20871895850667111822E-14   -0.14640558045619628311E-14
    0.96538605281481491005E+01   -0.63577647745357040029E-15   -0.95866094524978896884E-15
    0.96626483249549544041E+01    0.22267502576279975108E-14    0.94434779480373777127E-15
    0.96714361217617614841E+01    0.27365691953837405594E-14    0.20056700502354159142E-14
    0.96802239185685685641E+01   -0.54644586206605884772E-15    0.92199139416430971273E-15
    0.96890117153753756440E+01   -0.38150652598531716382E-14   -0.85672056396393014640E-15
    0.96977995121821827240E+01   -0.24158373601002321816E-14   -0.10184289354245963545E-14
    0.97065873089889898040E+01    0.26008300796407469121E-14    0.55016710786050021611E-15
    0.97153751057957951076E+01    0.49774274288961443452E-14    0.16474315791729940621E-14
    0.97241629026026021876E+01    0.12259686317883243324E-14    0.78566736894989092942E-15
    0.97329506994094092676E+01   -0.42180876948415078808E-14   -0.75410771940887216599E-15
    0.97417384962162163475E+01   -0.45287786499519288353E-14   -0.78583072013061028020E-15
    0.97505262930230234275E+01    0.65483860267948110278E-15    0.69272390960260099408E-15
    0.97593140898298305075E+01    0.48022930224520349201E-14    0.14500903395456165127E-14
    0.97681018866366375875E+01    0.29909775624847505149E-14    0.18259236408174795289E-15
    0.97768896834434428911E+01   -0.20749753618742787761E-14   -0.14412000354042137309E-14
    0.97856774802502499710E+01   -0.42601150756730991063E-14   -0.10117854831835442706E-14
    0.97944652770570570510E+01   -0.15723005980220129471E-14    0.11207216841768834889E-14
    0.98032530738638641310E+01    0.24080318530644330002E-14    0.20041237290112512397E-14
    0.98120408706706712110E+01    0.36159346108367143185E-14    0.56269852957466690358E-16
    0.98208286674774782909E+01    0.16496848886795952727E-14   -0.24298480802290001889E-14
    0.98296164642842835946E+01   -0.11316256772576745508E-14   -0.21662270910734115438E-14
    0.98384042610910906745E+01   -0.23997802021981132662E-14    0.66736962504203386556E-15
    0.98471920578978977545E+01   -0.14027359400751349906E-14    0.24771458929289628194E-14
    0.98559798547047048345E+01    0.88192574008790700385E-15    0.98068506426292748548E-15
    0.98647676515115119145E+01    0.22719287404848434287E-14   -0.16872225123206281887E-14
    0.98735554483183189944E+01    0.11511542130082609222E-14   -0.19160063086448643869E-14
    0.98823432451251260744E+01   -0.15991075379494364565E-14    0.61383697011257161926E-15
    0.98911310419319313780E+01   -0.31664481732552328919E-14    0.26551940086246657088E-14
    0.98999188387387384580E+01   -0.18942242983384615777E-14    0.17406190768992301979E-14
    0.99087066355455455380E+01    0.74913592049421546617E-15   -0.79032286482950780015E-15
    0.99174944323523526180E+01    0.20557996343951827734E-14   -0.19330772293841425554E-14
    0.99262822291591596979E+01    0.11564163235167835637E-14   -0.79143236255746634015E-15
    0.99350700259659667779E+01   -0.41830360492062176368E-15    0.79017302583510957849E-15
    0.99438578227727720815E+01   -0.76877618861649380798E-15    0.83027090984041009973E-15
    0.99526456195795791615E+01    0.51256045773991479474E-15   -0.56466844122990687230E-15
    0.99614334163863862415E+01    0.18779668060812015234E-14   -0.11492191142508942601E-14
    0.99702212131931933214E+01    0.64046218322298950061E-15    0.13692814712084751187E-14
    0.99790090100000004014E+01   -0.10213218035112649227E-14   -0.19254989609287389795E-14
