    0.11999999999999999556E+01    0.00000000000000000000E+00    0.00000000000000000000E+00
    0.12087877968068068135E+01   -0.30359555379755488497E-13   -0.51937194263498482266E-17
    0.12175755936136136715E+01    0.43839885260083926301E-13   -0.41908901759686584056E-17
    0.12263633904204203073E+01    0.43589090382838943152E-13   -0.31461635486856184698E-17
    0.12351511872272271653E+01   -0.93482890051507801876E-13   -0.29558568642542571827E-17
    0.12439389840340340232E+01   -0.95263117141757739704E-13   -0.29130361802834412916E-17
    0.12527267808408408811E+01    0.17087165910358783052E-12   -0.26188756672974399757E-17
    0.12615145776476475170E+01    0.39945732932891353880E-12   -0.28576498451287817162E-17
    0.12703023744544543749E+01    0.23590244187835970486E-12   -0.44696790184476921851E-17
    0.12790901712612612329E+01   -0.16397469076670038453E-12   -0.67266059583788969269E-17
    0.12878779680680680908E+01   -0.24823845137446017287E-12   -0.76559815832119130207E-17
    0.12966657648748749487E+01    0.16069047676821961877E-12   -0.62600196229763703835E-17
    0.13054535616816815846E+01    0.46835784679215188865E-12   -0.35489187356014027441E-17
    0.13142413584884884425E+01    0.70406581001102351197E-13    0.45687549384062863718E-19
    0.13230291552952953005E+01   -0.63159316401057613682E-12    0.77110774628201550196E-17
    0.13318169521021021584E+01   -0.54307974839720266299E-12    0.22810031528967968135E-16
    0.13406047489089087943E+01    0.53673398361503715626E-12    0.39387352546852883280E-16
    0.13493925457157156522E+01    0.11716230922678138936E-11    0.40196040587649916479E-16
    0.13581803425225225102E+01    0.66962934720967460187E-13    0.15401945279205835063E-16
    0.13669681393293293681E+01   -0.16522206745697822604E-11   -0.15577173926986323518E-16
    0.13757559361361360040E+01   -0.13135956296474963745E-11   -0.14627778885404494665E-16
    0.13845437329429428619E+01    0.14490175667314232644E-11    0.33676107441327580450E-16
    0.13933315297497497198E+01    0.29751896968791988046E-11    0.96658002264428326696E-16
    0.14021193265565565778E+01    0.81461975305977667767E-13    0.11757756599469086157E-15
    0.14109071233633634357E+01   -0.42698831100959362251E-11    0.55835535998630299557E-16
    0.14196949201701700716E+01   -0.32936768116826538042E-11   -0.89621369082634727837E-16
    0.14284827169769769295E+01    0.38171004729267140359E-11   -0.27429791352535738268E-15
    0.14372705137837837874E+01    0.76254278555262782823E-11   -0.41957179998195673296E-15
    0.14460583105905906454E+01    0.68867269394220836817E-13   -0.46079617774978808367E-15
    0.14548461073973975033E+01   -0.11075012629623145949E-10   -0.39913113938225528307E-15
    0.14636339042042041392E+01   -0.83583413575043292106E-11   -0.28674257328369167862E-15
    0.14724217010110109971E+01    0.10065467249799855766E-10   -0.15045665217462635175E-15
    0.14812094978178178550E+01    0.19678894392295551003E-10    0.38863565284852659621E-16
    0.14899972946246244909E+01   -0.15403500757301085521E-12    0.26732179245731305598E-15
    0.14987850914314313489E+01   -0.28901069072252825779E-10    0.36458374363593664563E-15
    0.15075728882382382068E+01   -0.21329449609016405525E-10    0.11227358560502642980E-15
    0.15163606850450450647E+01    0.26800095434575558952E-10   -0.44634439775646298770E-15
    0.15251484818518519226E+01    0.51381302146997714054E-10   -0.88643467849329355334E-15
    0.15339362786586585585E+01   -0.62287042866874664585E-12   -0.79692458519605915375E-15
    0.15427240754654654165E+01   -0.74162273346576067926E-10   -0.27569809313520827562E-15
    0.15515118722722722744E+01   -0.49778889845734913443E-10    0.15669928136745788177E-15
    0.15602996690790791323E+01    0.85349623047155721823E-10    0.17850809394874794723E-15
    0.15690874658858859902E+01    0.17043224874111038104E-09    0.40021212383032455247E-16
    0.15778752626926926261E+01    0.88761736681093711022E-10    0.18695740295529815555E-15
    0.15866630594994994841E+01    0.36000641817997692973E-10    0.68763159268004281160E-15
    0.15954508563063063420E+01    0.44755293751172319232E-09    0.11511856779374123924E-14
    0.16042386531131129779E+01    0.16264961707257331320E-08    0.11056960544236601168E-14
    0.16130264499199198358E+01    0.37667898834540484263E-08    0.36734236024568401220E-15
    0.16218142467267266937E+01    0.79921856188830073692E-08   -0.74953357781964192273E-15
    0.16306020435335335517E+01    0.17826272925657812081E-07   -0.13786373367715941804E-14
    0.16393898403403404096E+01    0.41085983792536401847E-07   -0.68163147656408913549E-15
    0.16481776371471470455E+01    0.92362570616524530897E-07    0.10333985112215647800E-14
    0.16569654339539539034E+01    0.20025911881852750725E-06    0.20281474230480276880E-14
    0.16657532307607607613E+01    0.42551864009202457559E-06    0.94158410525308872429E-15
    0.16745410275675676193E+01    0.88786234120331213306E-06   -0.11239240283744976665E-14
    0.16833288243743744772E+01    0.18234291009513385772E-05   -0.14628304323206336083E-14
    0.16921166211811811131E+01    0.36729627483710933907E-05    0.77169357996497641866E-15
    0.17009044179879879710E+01    0.72410818374305723437E-05    0.29044172593757389356E-14
    0.17096922147947948289E+01    0.14010449449822367195E-04    0.19491748842914321050E-14
    0.17184800116016014648E+01    0.26574137236789752554E-04   -0.12436496377864017400E-14
    0.17272678084084085448E+01    0.49466211708778719421E-04   -0.27327436807122589973E-14
    0.17360556052152151807E+01    0.90376258337855166808E-04   -0.55501927851895321727E-15
    0.17448434020220220386E+01    0.16199696164807337239E-03    0.24946403421512641005E-14
    0.17536311988288288966E+01    0.28520726741002093386E-03    0.25039067656772006872E-14
    0.17624189956356355324E+01    0.49313060145032134012E-03   -0.52434731443618515721E-15
    0.17712067924424426124E+01    0.83772568625946439592E-03   -0.28962829706862206913E-14
    0.17799945892492492483E+01    0.13987379077917115339E-02   -0.20879118126285134379E-14
    0.17887823860560561062E+01    0.22953903354879325906E-02    0.28821608164769213905E-15
    0.17975701828628629642E+01    0.37036080385629997422E-02    0.10586401848045565034E-14
    0.18063579796696696000E+01    0.58760823312600631366E-02   -0.59071394418508762199E-15
    0.18151457764764764580E+01    0.91680178976361222098E-02   -0.26938357449015868254E-14
    0.18239335732832833159E+01    0.14067867557839340217E-01   -0.31794993236086404821E-14
    0.18327213700900899518E+01    0.21229063723768818589E-01   -0.18651066284675121287E-14
    0.18415091668968970318E+01    0.31502614609226736730E-01   -0.95788210093366718432E-16
    0.18502969637037036676E+01    0.45967365869687526470E-01    0.41387056162775783360E-15
    0.18590847605105105256E+01    0.65944327085037168779E-01   -0.13159373027940172686E-14
    0.18678725573173173835E+01    0.92995880973912065093E-01   -0.45442356070825114011E-14
    0.18766603541241240194E+01    0.12889929147941484033E+00   -0.68518855983991884284E-14
    0.18854481509309310994E+01    0.17556726462694974278E+00   -0.64245413367656188352E-14
    0.18942359477377377353E+01    0.23493904998246684102E+00   -0.45135992751130058542E-14
    0.19030237445445445932E+01    0.30880253295206855357E+00   -0.44125403617783382536E-14
    0.19118115413513514511E+01    0.39855576065393233387E+00   -0.75028944399532401850E-14
    0.19205993381581580870E+01    0.50493759316807462767E+00   -0.11259170095459354768E-13
    0.19293871349649649449E+01    0.62770640215734641032E+00   -0.12298348995911710348E-13
    0.19381749317717718029E+01    0.76531009900763091736E+00   -0.10423420599461456457E-13
    0.19469627285785784387E+01    0.91460812264742696875E+00   -0.85189009624135249350E-14
    0.19557505253853855187E+01    0.10706440043197564815E+01   -0.89195951295858071159E-14
    0.19645383221921921546E+01    0.12265334561335829999E+01   -0.11035299319044568149E-13
    0.19733261189989990125E+01    0.13735908039315423146E+01   -0.12591959728090112976E-13
    0.19821139158058058705E+01    0.15015855639209338968E+01   -0.11864138938058831567E-13
    0.19909017126126125063E+01    0.15992976708102990546E+01   -0.86686461510071277347E-14
    0.19996895094194195863E+01    0.16553300641932982007E+01   -0.42482253675299945166E-14
    0.20084773062262262222E+01    0.16590485271374939558E+01   -0.54303059000087619053E-15
    0.20172651030330328581E+01    0.16017312128966689766E+01    0.15755106170310710261E-14
    0.20260528998398399381E+01    0.14777578494264107523E+01    0.38769555143080433704E-14
    0.20348406966466465740E+01    0.12856287458685389247E+01    0.92374974393766322424E-14
    0.20436284934534532098E+01    0.10288226668646707207E+01    0.17621014798346372683E-13
    0.20524162902602602898E+01    0.71632824927669913606E+00    0.24628236127042350951E-13
    0.20612040870670673698E+01    0.36251820908362170082E+00    0.26108780587782700243E-13
    0.20699918838738740057E+01   -0.13310028580435988993E-01    0.23527096676609864585E-13
    0.20787796806806806416E+01   -0.38807877850554056698E+00    0.22308620608229773149E-13
    0.20875674774874877215E+01   -0.73665082111289648115E+00    0.24504275997336322607E-13
    0.20963552742942943574E+01   -0.10337762226990816483E+01    0.25371112600865886985E-13
    0.21051430711011009933E+01   -0.12563788875439010351E+01    0.19551234702799315052E-13
    0.21139308679079080733E+01   -0.13858807317111165869E+01    0.87263068421387898307E-14
    0.21227186647147147092E+01   -0.14101168564797330607E+01    0.51582853194054741189E-16
    0.21315064615215213450E+01   -0.13248812310747379861E+01   -0.28420173644562051072E-14
    0.21402942583283284250E+01   -0.11349001472567346038E+01   -0.43323911375641868222E-14
    0.21490820551351350609E+01   -0.85369409779770677460E+00   -0.10144803310732100479E-13
    0.21578698519419421409E+01   -0.50291293629362154860E+00   -0.18884159375842611212E-13
    0.21666576487487487768E+01   -0.11070802789276512623E+00   -0.23442519020012044261E-13
    0.21754454455555558567E+01    0.29068705976588216089E+00   -0.20306276079853621151E-13
    0.21842332423623624926E+01    0.66762516371912539181E+00   -0.14302129987676873606E-13
    0.21930210391691691285E+01    0.98804941293612347231E+00   -0.12116113504162603375E-13
    0.22018088359759762085E+01    0.12244966705707367449E+01   -0.13893439318327978277E-13
    0.22105966327827828444E+01    0.13565087028925764123E+01   -0.13930520708378959941E-13
    0.22193844295895894803E+01    0.13725256689510321184E+01   -0.86112787331471266677E-14
    0.22281722263963965602E+01    0.12711066647922610873E+01   -0.85017771648273414110E-15
    0.22369600232032031961E+01    0.10608837165790310220E+01    0.42336002602361872794E-14
    0.22457478200100098320E+01    0.75993612604105953423E+00    0.53461926961964808289E-14
    0.22545356168168169120E+01    0.39416026981612345415E+00    0.53004768463098209725E-14
    0.22633234136236239920E+01   -0.51712008230839498837E-02    0.67139291925131490954E-14
    0.22721112104304301837E+01   -0.40410442273101937483E+00    0.92172954082480315834E-14
    0.22808990072372372637E+01   -0.76903840564610437269E+00    0.10729878506916346074E-13
    0.22896868040440443437E+01   -0.10697594147277986742E+01    0.97609248107219355021E-14
    0.22984746008508509796E+01   -0.12819044735956199865E+01    0.64237672757435482926E-14
    0.23072623976576576155E+01   -0.13889337502062935048E+01    0.23624967199193502433E-14
    0.23160501944644646954E+01   -0.13834611947679402721E+01   -0.25343527987194993509E-16
    0.23248379912712713313E+01   -0.12673967648016630783E+01    0.45443734492672412000E-15
    0.23336257880780779672E+01   -0.10515565430054150120E+01    0.20761249502419485662E-14
    0.23424135848848850472E+01   -0.75437453963762624021E+00    0.17232497647306292346E-14
    0.23512013816916916831E+01   -0.39990492471772504102E+00   -0.11631341382566967521E-14
    0.23599891784984983190E+01   -0.15645315391164767160E-01   -0.31678865266985545181E-14
    0.23687769753053053989E+01    0.36984775878907294455E+00   -0.10277693850431414685E-14
    0.23775647721121124789E+01    0.72932151076400064671E+00    0.37158997186277113198E-14
    0.23863525689189186707E+01    0.10387361242963311092E+01    0.62476485361948015595E-14
    0.23951403657257257507E+01    0.12787948368496091511E+01    0.46636314177916006135E-14
    0.24039281625325328307E+01    0.14360462506428637308E+01    0.26699970984094183052E-14
    0.24127159593393394665E+01    0.15032182796360353816E+01    0.44546977470107883035E-14
    0.24215037561461461024E+01    0.14792239340341712950E+01    0.86443340879069254610E-14
    0.24302915529529531824E+01    0.13686578577297683346E+01    0.98743950274905598851E-14
    0.24390793497597598183E+01    0.11808963651657171656E+01    0.60535067720412152785E-14
    0.24478671465665664542E+01    0.92906748462292843005E+00    0.15961417225218897305E-14
    0.24566549433733735341E+01    0.62884617359422867455E+00    0.16426214663525223242E-14
    0.24654427401801801700E+01    0.29721782935006085813E+00    0.51858369310215082460E-14
    0.24742305369869868059E+01   -0.48651497781352415206E-01    0.65272493085710106530E-14
    0.24830183337937938859E+01   -0.39245279835430985083E+00    0.29219415020044577266E-14
    0.24918061306006009659E+01   -0.71961051861683145159E+00   -0.18212574934979350716E-14
    0.25005939274074071577E+01   -0.10178638614433486165E+01   -0.27779879198284069598E-14
    0.25093817242142142376E+01   -0.12777092532637874811E+01   -0.52333810631835902355E-15
    0.25181695210210213176E+01   -0.14925763089876102896E+01   -0.33028465567094031527E-16
    0.25269573178278279535E+01   -0.16587956803472714284E+01   -0.38916541952983259679E-14
    0.25357451146346345894E+01   -0.17754394608391395050E+01   -0.89714002806893056205E-14
    0.25445329114414416694E+01   -0.18439566587779370188E+01   -0.10854605291089000337E-13
    0.25533207082482483052E+01   -0.18677398778663820700E+01   -0.93356584422855290418E-14
    0.25621085050550549411E+01   -0.18516468630388307481E+01   -0.78611997186939674806E-14
    0.25708963018618620211E+01   -0.18014915031290199554E+01   -0.85260047672677621379E-14
    0.25796840986686686570E+01   -0.17235733699470652258E+01   -0.95781306644795521502E-14
    0.25884718954754752929E+01   -0.16242865103108594660E+01   -0.85221628978876118249E-14
    0.25972596922822823728E+01   -0.15097711433182132712E+01   -0.59352760320360638046E-14
    0.26060474890890894528E+01   -0.13856661604690774237E+01   -0.46876089763954293154E-14
    0.26148352858958960887E+01   -0.12569397859971458420E+01   -0.58571220402178333227E-14
    0.26236230827027027246E+01   -0.11277775281397588447E+01   -0.70097708155980229900E-14
    0.26324108795095098046E+01   -0.10015638472971413186E+01   -0.55339447040858972593E-14
    0.26411986763163164404E+01   -0.88089951832753721206E+00   -0.24321783943963789239E-14
    0.26499864731231230763E+01   -0.76766307144948675578E+00   -0.11474353711068458154E-14
    0.26587742699299301563E+01   -0.66310444071273655364E+00   -0.28744673244759565790E-14
    0.26675620667367367922E+01   -0.56794080575489336304E+00   -0.46633487282838959811E-14
    0.26763498635435434281E+01   -0.48245071820831625375E+00   -0.33553030209357319751E-14
    0.26851376603503505081E+01   -0.40656574711573323366E+00   -0.15252602204084747832E-16
    0.26939254571571571439E+01   -0.33995225996515548994E+00    0.13771111829502979677E-14
    0.27027132539639637798E+01   -0.28208544569912691324E+00   -0.73365657045594059989E-15
    0.27115010507707708598E+01   -0.23231448319576755712E+00   -0.32329450093258867195E-14
    0.27202888475775779398E+01   -0.18991266900407197116E+00   -0.25072895949414758265E-14
    0.27290766443843845757E+01   -0.15412091733777869007E+00    0.77000605036839102587E-15
    0.27378644411911912115E+01   -0.12417951316527238437E+00    0.26838950761126013218E-14
    0.27466522379979982915E+01   -0.99351116488090113199E-01    0.12011773064823211319E-14
    0.27554400348048049274E+01   -0.78938929764997847749E-01   -0.14299599246936828273E-14
    0.27642278316116115633E+01   -0.62297497804235747731E-01   -0.19640776119915876205E-14
    0.27730156284184186433E+01   -0.48840584263155892297E-01   -0.14307418828070360132E-15
    0.27818034252252252791E+01   -0.38044820189871202121E-01    0.15959198098021729544E-14
    0.27905912220320319150E+01   -0.29450234395358376727E-01    0.14121999821309885731E-14
    0.27993790188388389950E+01   -0.22658990635511098988E-01   -0.10526228582586113556E-15
    0.28081668156456460750E+01   -0.17331393327530350557E-01   -0.12539823490758986419E-14
    0.28169546124524522668E+01   -0.13181027822161480931E-01   -0.11052649718001058706E-14
    0.28257424092592593468E+01   -0.99693609967950510414E-02    0.34150757931079195458E-16
    0.28345302060660664267E+01   -0.74999773376485234094E-02    0.11942095006815440946E-14
    0.28433180028728730626E+01   -0.56129375747888286471E-02    0.14221952422186095530E-14
    0.28521057996796796985E+01   -0.41794195601086384789E-02    0.48509396363011871726E-15
    0.28608935964864867785E+01   -0.30965802445196252864E-02   -0.67812848981593420981E-15
    0.28696813932932934144E+01   -0.22831016142309868734E-02   -0.71965309982880131066E-15
    0.28784691901001000502E+01   -0.16752475073060796740E-02    0.56953812247426422563E-15
    0.28872569869069071302E+01   -0.12233760932776405802E-02    0.17983610953545769028E-14
    0.28960447837137137661E+01   -0.88918325645127545883E-03    0.15709518956330668633E-14
    0.29048325805205204020E+01   -0.64325734181002066064E-03    0.18392175221314790808E-15
    0.29136203773273274820E+01   -0.46316890248222216753E-03   -0.80903512376624493209E-15
    0.29224081741341345619E+01   -0.33194682756397373867E-03   -0.46617059693650327517E-15
    0.29311959709409407537E+01   -0.23678888160622425883E-03    0.61175627124281405488E-15
    0.29399837677477478337E+01   -0.16812561222072936059E-03    0.12311678806421923687E-14
    0.29487715645545549137E+01   -0.11882307054589204189E-03    0.84653611898585851907E-15
    0.29575593613613615496E+01   -0.83591443383982869239E-04   -0.18422426997404480886E-15
    0.29663471581681681855E+01   -0.58540107618477923036E-04   -0.10395626127389540518E-14
    0.29751349549749752654E+01   -0.40810783028300881006E-04   -0.97308737065870071121E-15
    0.29839227517817819013E+01   -0.28324819168221175889E-04    0.85147496470924485494E-16
    0.29927105485885885372E+01   -0.19573530505233323584E-04    0.11622644233882043966E-14
    0.30014983453953956172E+01   -0.13467531931331167981E-04    0.10335429799950476135E-14
    0.30102861422022022531E+01   -0.92275349513245182303E-05   -0.27538240738852661804E-15
    0.30190739390090088889E+01   -0.62959591552287485626E-05   -0.11795075138147336940E-14
    0.30278617358158159689E+01   -0.42783852178010734011E-05   -0.39236525040625510392E-15
    0.30366495326226230489E+01   -0.28960149788878250036E-05    0.12452522498098818194E-14
    0.30454373294294292407E+01   -0.19526274063780230181E-05    0.16582778722033216280E-14
    0.30542251262362363207E+01   -0.13116032945562471220E-05    0.16902285005791965948E-15
    0.30630129230430434006E+01   -0.87765246021253041722E-06   -0.15437900156695297022E-14
    0.30718007198498500365E+01   -0.58513338887704682573E-06   -0.16055412926363512720E-14
    0.30805885166566566724E+01   -0.38876225106076376922E-06   -0.27424886566719407582E-15
    0.30893763134634637524E+01   -0.25737878862831071321E-06    0.62517148827756765973E-15
    0.30981641102702703883E+01   -0.16981028784516147299E-06    0.12695233911467311054E-15
    0.31069519070770770242E+01   -0.11163041896778093025E-06   -0.82097125908079923276E-15
    0.31157397038838841041E+01   -0.73138127425385147723E-07   -0.89755569301570077857E-15
    0.31245275006906907400E+01   -0.47775944059280883745E-07   -0.15383077018022632904E-15
    0.31333152974974973759E+01   -0.31109989559897736613E-07    0.30573010315303253833E-15
    0.31421030943043044559E+01   -0.20190670841329291391E-07   -0.44079221188939076384E-16
    0.31508908911111115358E+01   -0.13055104994535804179E-07   -0.48932594158248144892E-15
    0.31596786879179177276E+01   -0.84147594447147789364E-08   -0.23668570950567465095E-15
    0.31684664847247248076E+01   -0.54119016444211233764E-08    0.35237324508796494489E-15
    0.31772542815315318876E+01   -0.34718387905862382690E-08    0.24383669187719824788E-15
    0.31860420783383385235E+01   -0.22191433186352543055E-08   -0.72656776933932169310E-15
    0.31948298751451451594E+01   -0.14116338925316650265E-08   -0.13997103382188849571E-14
    0.32036176719519522393E+01   -0.89519041383044816891E-09   -0.79598567651443084194E-15
    0.32124054687587593193E+01   -0.56767762776331369191E-09    0.40235062747692355614E-15
    0.32211932655655655111E+01   -0.35975072687991367784E-09    0.61377554439658826324E-15
    0.32299810623723725911E+01   -0.22672646852437166392E-09   -0.51383376238318352702E-15
    0.32387688591791796711E+01   -0.14154704911268339081E-09   -0.14506112171993977442E-14
    0.32475566559859858629E+01   -0.88064333439476682371E-10   -0.74901640303940459589E-15
    0.32563444527927929428E+01   -0.55230427939151929548E-10    0.97105150705144441672E-15
    0.32651322495996000228E+01   -0.34865359777101994229E-10    0.17712863748870001093E-14
    0.32739200464064062146E+01   -0.21715277314158386463E-10    0.81438432955676345428E-15
    0.32827078432132132946E+01   -0.13141623639535802940E-10   -0.68587814702390001315E-15
    0.32914956400200203745E+01   -0.79055734224047189764E-11   -0.11362350965848253012E-14
    0.33002834368268265663E+01   -0.49597565735315959884E-11   -0.40378460302429104417E-15
    0.33090712336336336463E+01   -0.32280124016308013877E-11    0.39576519463881771444E-15
    0.33178590304404407263E+01   -0.20041737934256469524E-11    0.38274425760270205344E-15
    0.33266468272472478063E+01   -0.11123141993036039268E-11   -0.28934571240888783844E-15
    0.33354346240540539981E+01   -0.60070987671923866116E-12   -0.91637741410656570607E-15
    0.33442224208608610780E+01   -0.39980987739604639872E-12   -0.94623934903122702715E-15
    0.33530102176676681580E+01   -0.31077208846651242247E-12   -0.28868853516610475189E-15
    0.33617980144744743498E+01   -0.19772605750858188545E-12    0.64668459789976320073E-15
    0.33705858112812814298E+01   -0.77512662502643794298E-13    0.11565990969000102081E-14
    0.33793736080880885098E+01   -0.19151352219464027663E-13    0.80558596275425823004E-15
    0.33881614048948947016E+01   -0.26361173704790327163E-13   -0.10273309612290514493E-15
    0.33969492017017017815E+01   -0.42152371742467280357E-13   -0.79386768842363763533E-15
    0.34057369985085088615E+01   -0.27615564390293918740E-13   -0.73376528679077337064E-15
    0.34145247953153150533E+01    0.11153620273949802036E-14   -0.29471442816413976716E-16
    0.34233125921221221333E+01    0.11567163881621892586E-13    0.72106796665469626609E-15
    0.34321003889289292133E+01    0.85920889491381203003E-16    0.76594651901056735144E-15
    0.34408881857357362932E+01   -0.11470267154905941584E-13   -0.23597344331355692354E-15
    0.34496759825425424850E+01   -0.81484384997302306788E-14   -0.15792601535798353271E-14
    0.34584637793493495650E+01    0.28384079034611302696E-14   -0.17683708781572708386E-14
    0.34672515761561566450E+01    0.73949566965725030691E-14   -0.18032399482908375449E-15
    0.34760393729629628368E+01    0.25718871824682414284E-14    0.16154481128722632593E-14
    0.34848271697697699167E+01   -0.38960506659336158468E-14    0.13181095651469536581E-14
    0.34936149665765769967E+01   -0.51489106751570544740E-14   -0.11112012023197551160E-14
    0.35024027633833831885E+01   -0.15192105837511968816E-14   -0.28735879510464135321E-14
    0.35111905601901902685E+01    0.26546606279023485602E-14   -0.17004845632054468920E-14
    0.35199783569969973485E+01    0.37828182012299608946E-14    0.10237978013995068835E-14
    0.35287661538038035403E+01    0.10816807737493037469E-14    0.19067684874866799805E-14
    0.35375539506106106202E+01   -0.31711089642553438613E-14   -0.11393102058118096884E-15
    0.35463417474174177002E+01   -0.49822425797932638204E-14   -0.23944347584921559522E-14
    0.35551295442242247802E+01   -0.22370886901423654019E-14   -0.20928590471389663936E-14
    0.35639173410310309720E+01    0.24893917609853409988E-14    0.30797276625134017400E-15
    0.35727051378378380520E+01    0.43842066595304322327E-14    0.19913924035991307097E-14
    0.35814929346446451319E+01    0.17574802071281324240E-14    0.13819127712822406468E-14
    0.35902807314514513237E+01   -0.21836590544520613968E-14   -0.34402839813611148419E-15
    0.35990685282582584037E+01   -0.33800130207316421822E-14   -0.12010411936222736275E-14
    0.36078563250650654837E+01   -0.11756337913908712727E-14   -0.59703217409470101953E-15
    0.36166441218718716755E+01    0.19247767103073550893E-14    0.59800857885998445467E-15
    0.36254319186786787554E+01    0.31465297125313161268E-14    0.12464582938250581979E-14
    0.36342197154854858354E+01    0.14767830074192490013E-14    0.80054411743663705141E-15
    0.36430075122922929154E+01   -0.19124303392443064897E-14   -0.49562922866263944322E-15
    0.36517953090990991072E+01   -0.40696577082940144997E-14   -0.16968817389133168448E-14
    0.36605831059059061872E+01   -0.24957534211183075135E-14   -0.18152382523612573213E-14
    0.36693709027127132671E+01    0.17994711847313272036E-14   -0.75277589178516356065E-15
    0.36781586995195194589E+01    0.43662993035664867931E-14    0.51468988296477703403E-15
    0.36869464963263265389E+01    0.21531152388709639688E-14    0.90842431454717716568E-15
    0.36957342931331336189E+01   -0.23444393129033528788E-14    0.22852223657773517736E-15
    0.37045220899399398107E+01   -0.38277981240761073478E-14   -0.83839551991966959766E-15
    0.37133098867467468907E+01   -0.64129785027633992793E-15   -0.12948478642940360671E-14
    0.37220976835535539706E+01    0.32743418342959609082E-14   -0.47658566901767668709E-15
    0.37308854803603601624E+01    0.35009065692526522600E-14    0.12709428065589364561E-14
    0.37396732771671672424E+01    0.23680709912055890637E-15    0.23339780561411946519E-14
    0.37484610739739743224E+01   -0.28079666927159403721E-14    0.12172268113247592068E-14
    0.37572488707807814023E+01   -0.29581265135029976369E-14   -0.12987239464042047635E-14
    0.37660366675875875941E+01   -0.78710800797419242371E-15   -0.22480524046765337745E-14
    0.37748244643943946741E+01    0.14715438661390831386E-14    0.49586980176853114931E-16
    0.37836122612012017541E+01    0.20510890558053770277E-14    0.31676057467564076696E-14
    0.37924000580080079459E+01    0.62586344974794646446E-15    0.30972841348413274885E-14
    0.38011878548148150259E+01   -0.14761901142170896805E-14   -0.49044131793034708976E-15
    0.38099756516216221058E+01   -0.20631651702721964933E-14   -0.32385198156582184876E-14
    0.38187634484284282976E+01   -0.24310190513343981393E-15   -0.15752908126627960975E-14
    0.38275512452352353776E+01    0.20270626300014437805E-14    0.23979935275746517790E-14
    0.38363390420420424576E+01    0.18643600134204462412E-14    0.36027366766422203126E-14
    0.38451268388488486494E+01   -0.88585999093977272165E-15    0.62095709146185694596E-15
    0.38539146356556557294E+01   -0.30176306573822502519E-14   -0.25036620508716768710E-14
    0.38627024324624628093E+01   -0.18661853923674919767E-14   -0.18432026408027172191E-14
    0.38714902292692698893E+01    0.12119323985254814253E-14    0.12223537184543940518E-14
    0.38802780260760760811E+01    0.26239683261105400647E-14    0.22507285318516778789E-14
    0.38890658228828831611E+01    0.10525325655008577462E-14   -0.15950334656277634028E-15
    0.38978536196896902410E+01   -0.11532202814976685810E-14   -0.26225844416902111059E-14
    0.39066414164964964328E+01   -0.13198175217172836008E-14   -0.18289392397793731900E-14
    0.39154292133033035128E+01    0.30370148022256873695E-15    0.93452360060446564530E-15
    0.39242170101101105928E+01    0.14193359016246993191E-14    0.17981238198484138901E-14
    0.39330048069169167846E+01    0.72168344228900760974E-15   -0.33454188716138970416E-15
    0.39417926037237238646E+01   -0.86561634674946513200E-15   -0.23411291999951264046E-14
    0.39505804005305309445E+01   -0.17248051993751263098E-14   -0.12958013739513457241E-14
    0.39593681973373371363E+01   -0.12502443914064744819E-14    0.14881478582644609682E-14
    0.39681559941441442163E+01   -0.25046245321184834307E-16    0.23561170284074734953E-14
    0.39769437909509512963E+01    0.86556383922943495472E-15    0.21528001568280951854E-15
    0.39857315877577583763E+01    0.57370051005206239476E-15   -0.20928782976932027948E-14
    0.39945193845645645681E+01   -0.78595743649936299850E-15   -0.16593378301774909980E-14
    0.40033071813713716480E+01   -0.18338441321756329002E-14    0.86455173725390419051E-15
    0.40120949781781787280E+01   -0.11538353105151160009E-14    0.25117382880883841129E-14
    0.40208827749849849198E+01    0.80748740109016347543E-15    0.17342798629341571683E-14
    0.40296705717917919998E+01    0.17514481868678774960E-14   -0.17869220502048548314E-15
    0.40384583685985990797E+01    0.24907162008809808927E-15   -0.11402816650983358096E-14
    0.40472461654054052715E+01   -0.20747263837348820244E-14   -0.45579090712558826467E-15
    0.40560339622122123515E+01   -0.23262410580253552482E-14    0.10311120401611143214E-14
    0.40648217590190194315E+01   -0.35062808861841971572E-16    0.19164996493802712136E-14
    0.40736095558258256233E+01    0.20762314438345407956E-14    0.12051592399981355099E-14
    0.40823973526326327033E+01    0.15186576404565364270E-14   -0.84405037019930098576E-15
    0.40911851494394397832E+01   -0.89518626181392070910E-15   -0.24180098721662795364E-14
    0.40999729462462468632E+01   -0.23417287506093983222E-14   -0.17064802732895795802E-14
    0.41087607430530530550E+01   -0.14405266682003358896E-14    0.75604622706102130752E-15
    0.41175485398598601350E+01    0.50562868589437631129E-15    0.21181408652858946133E-14
    0.41263363366666672150E+01    0.14885857170094539242E-14    0.53437995255092336426E-15
    0.41351241334734734068E+01    0.86630736691143576009E-15   -0.21833859332492412619E-14
    0.41439119302802804867E+01   -0.54679711755658238644E-15   -0.26587471033912852168E-14
    0.41526997270870875667E+01   -0.14525483834057121117E-14   -0.27058856176679085270E-15
    0.41614875238938937585E+01   -0.96898009404317877740E-15    0.19720993257605194611E-14
    0.41702753207007008385E+01    0.66883481843314394336E-15    0.14018524614533378139E-14
    0.41790631175075079184E+01    0.18969807463647851542E-14   -0.85253096838356167885E-15
    0.41878509143143141102E+01    0.11836502594989062520E-14   -0.16340109047020461862E-14
    0.41966387111211211902E+01   -0.97165650594159003056E-15   -0.69925466798813052075E-17
    0.42054265079279282702E+01   -0.21033067949364056224E-14    0.16746379690427538776E-14
    0.42142143047347353502E+01   -0.65581952197153730926E-15    0.11685428326781775820E-14
    0.42230021015415415420E+01    0.17641603276926534364E-14   -0.64663662755339741054E-15
    0.42317898983483486219E+01    0.22404105879592574108E-14   -0.12029714267621847465E-14
    0.42405776951551557019E+01    0.27433095478107550722E-15    0.23459659481046515071E-15
    0.42493654919619618937E+01   -0.15085357068734857211E-14    0.16973998163484630196E-14
    0.42581532887687689737E+01   -0.81160878019735802109E-15    0.13308629329988191930E-14
    0.42669410855755760537E+01    0.13643164250723145864E-14   -0.13490062890356860574E-15
    0.42757288823823822455E+01    0.22287268521668052730E-14   -0.60011810306826810519E-15
    0.42845166791891893254E+01    0.79780577460388534155E-15    0.48105472727620995683E-15
    0.42933044759959964054E+01   -0.11039248552740638004E-14    0.14305732991717823209E-14
    0.43020922728028034854E+01   -0.14231618437246561664E-14    0.77436051908278208695E-15
    0.43108800696096096772E+01   -0.26426958115025709700E-15   -0.67711115734122740589E-15
    0.43196678664164167571E+01    0.75265212806678573755E-15   -0.98065231710274132998E-15
    0.43284556632232238371E+01    0.58360205232232207983E-15    0.31470202522234088607E-15
    0.43372434600300300289E+01   -0.37556556328598360129E-15    0.15878007611829964681E-14
    0.43460312568368371089E+01   -0.11443216928090977079E-14    0.13433180324005247025E-14
    0.43548190536436441889E+01   -0.11366838877051614748E-14    0.11101149191893212571E-15
    0.43636068504504503807E+01   -0.44262658721613632054E-15   -0.46316206794572696012E-15
    0.43723946472572574606E+01    0.28235327395267300491E-15    0.19394950609255881140E-15
    0.43811824440640645406E+01    0.24129046225113128350E-15    0.10112872665412805882E-14
    0.43899702408708707324E+01   -0.71207099893258853196E-15    0.88760450230437151268E-15
    0.43987580376776778124E+01   -0.16213496102122003089E-14    0.11598901060757378455E-15
    0.44075458344844848924E+01   -0.13439382654396142549E-14   -0.21282285454936799405E-15
    0.44163336312912919723E+01   -0.19237632871707767529E-16    0.27641140742979091787E-15
    0.44251214280980981641E+01    0.86793233088847289512E-15    0.83512945312250150376E-15
    0.44339092249049052441E+01    0.25694733224651517867E-15    0.66445634943744634763E-15
    0.44426970217117123241E+01   -0.10868549281315521803E-14   -0.11084401664163615613E-15
    0.44514848185185185159E+01   -0.15265626356014829901E-14   -0.72009593926868812255E-15
    0.44602726153253255958E+01   -0.54268989810300228577E-15   -0.61225314334852695729E-15
    0.44690604121321326758E+01    0.75939131707154090741E-15    0.10318218663134237072E-15
    0.44778482089389388676E+01    0.10963348930859320727E-14    0.80230413918047378867E-15
    0.44866360057457459476E+01    0.35141135190680211683E-15    0.70124306735623519954E-15
    0.44954238025525530276E+01   -0.60811582278185740986E-15   -0.46694432506827971853E-15
    0.45042115993593592194E+01   -0.84981378424126234677E-15   -0.17438274177717176658E-14
    0.45129993961661662993E+01   -0.31054146583036606577E-16   -0.14604673749771953369E-14
    0.45217871929729733793E+01    0.13393609588573745794E-14    0.72585324884964995279E-15
    0.45305749897797804593E+01    0.20069717253417069690E-14    0.25891803316464323233E-14
    0.45393627865865866511E+01    0.10312858324787835873E-14    0.15731938283379508629E-14
    0.45481505833933937311E+01   -0.86135727307566055275E-15   -0.16374984222928139387E-14
    0.45569383802002008110E+01   -0.15952647039715541028E-14   -0.31983595142102108596E-14
    0.45657261770070070028E+01   -0.14746507100886024221E-15   -0.80125518168830128305E-15
    0.45745139738138140828E+01    0.17790482715545386700E-14    0.28499937668255374378E-14
    0.45833017706206211628E+01    0.16392764864499008312E-14    0.31806780938043659209E-14
    0.45920895674274273546E+01   -0.64646677932858186543E-15   -0.40469008559366329845E-15
    0.46008773642342344345E+01   -0.23579046273227534765E-14   -0.36369271419413955984E-14
    0.46096651610410415145E+01   -0.13907562779244588588E-14   -0.27892287120353680268E-14
    0.46184529578478477063E+01    0.10344464448201445706E-14    0.85899353051937866052E-15
    0.46272407546546547863E+01    0.20607495503296755143E-14    0.31638728597077311294E-14
    0.46360285514614618663E+01    0.72801497852198021061E-15    0.21010882740977004079E-14
    0.46448163482682689462E+01   -0.11653721389804022608E-14   -0.61889553301911068232E-15
    0.46536041450750751380E+01   -0.15853718295327510090E-14   -0.22469690018084384684E-14
    0.46623919418818822180E+01   -0.49741759947337977356E-15   -0.16854579328671547544E-14
    0.46711797386886892980E+01    0.70624794191524745061E-15    0.26566995468893488296E-15
    0.46799675354954954898E+01    0.10142292799058907150E-14    0.18633537608888560352E-14
    0.46887553323023025698E+01    0.54369200726561187174E-15    0.15834942825500250602E-14
    0.46975431291091096497E+01   -0.78980147457283898430E-16   -0.56324918075791298610E-15
    0.47063309259159158415E+01   -0.40762197847213774231E-15   -0.24827711271152651461E-14
    0.47151187227227229215E+01   -0.33064048246021143017E-15   -0.19207639253769849507E-14
    0.47239065195295300015E+01    0.30797817379955918608E-16    0.75365339851011322514E-15
    0.47326943163363361933E+01    0.42855802944289175182E-15    0.25980121222076566274E-14
    0.47414821131431432732E+01    0.58258661525986614962E-15    0.15821292739855683283E-14
    0.47502699099499503532E+01    0.29362521682791059895E-15   -0.81419733101940332016E-15
    0.47590577067567574332E+01   -0.38391786556741682631E-15   -0.15944796976120840024E-14
    0.47678455035635636250E+01   -0.98547800987951249628E-15   -0.50712386764753271826E-16
    0.47766333003703707050E+01   -0.87555258284239672039E-15    0.15778446499564810760E-14
    0.47854210971771777849E+01    0.51256262585147551792E-16    0.12862396463937192514E-14
    0.47942088939839839767E+01    0.96792224105574630441E-15   -0.15224139323444947621E-15
    0.48029966907907910567E+01    0.86853091367936644718E-15   -0.61906024422349453073E-15
    0.48117844875975981367E+01   -0.25894555488356842847E-15    0.34470885991746773773E-15
    0.48205722844044043285E+01   -0.13182440576085817320E-14    0.10564242196797068393E-14
    0.48293600812112114085E+01   -0.12599735752889751206E-14    0.26296293392757195040E-15
    0.48381478780180184884E+01   -0.79131887466480002304E-16   -0.92158061301789543448E-15
    0.48469356748248246802E+01    0.13217593573411501584E-14   -0.57407803714437263957E-15
    0.48557234716316317602E+01    0.18018686466388968673E-14    0.11755578009653873841E-14
    0.48645112684384388402E+01    0.70767065666621770587E-15    0.20112734041011807786E-14
    0.48732990652452459202E+01   -0.13846338429263054400E-14    0.53852612376121760608E-15
    0.48820868620520521119E+01   -0.25404719258131847315E-14   -0.15069575665285935072E-14
    0.48908746588588591919E+01   -0.11834215993109863212E-14   -0.13854562370834663765E-14
    0.48996624556656662719E+01    0.16609373802329656183E-14    0.93590111423407214799E-15
    0.49084502524724724637E+01    0.28412872505829391879E-14    0.25279608599924738772E-14
    0.49172380492792795437E+01    0.70328424012581137010E-15    0.13087312819973412175E-14
    0.49260258460860866236E+01   -0.24642586126167867011E-14   -0.11426881069469244737E-14
    0.49348136428928928154E+01   -0.30347068883260589812E-14   -0.17429105713364489501E-14
    0.49436014396996998954E+01   -0.48431912915103529712E-15    0.86309864067733750535E-16
    0.49523892365065069754E+01    0.20529028147228449379E-14    0.18436176315976719069E-14
    0.49611770333133140554E+01    0.17687942930568238891E-14    0.13962478394885116145E-14
    0.49699648301201202472E+01   -0.64845849121007029197E-15   -0.35478538972297574966E-15
    0.49787526269269273271E+01   -0.24412885703392225513E-14   -0.10672721533352330013E-14
    0.49875404237337344071E+01   -0.20286266990475879100E-14   -0.14741740856583638904E-15
    0.49963282205405405989E+01   -0.15206612535860330557E-15    0.73380565919375770704E-15
    0.50051160173473476789E+01    0.14690384070300386744E-14    0.23160568654657947369E-15
    0.50139038141541547589E+01    0.16049090557321458032E-14   -0.73698723839186235045E-15
    0.50226916109609609506E+01    0.14948204630882584250E-15   -0.44499645477449955489E-15
    0.50314794077677680306E+01   -0.17235070637092918304E-14    0.99183666112810045011E-15
    0.50402672045745751106E+01   -0.22742956561603819409E-14    0.15206054748242610169E-14
    0.50490550013813813024E+01   -0.84458871940094870942E-15   -0.24203794160824755788E-16
    0.50578427981881883824E+01    0.11714437622689044530E-14   -0.19852641391270408847E-14
    0.50666305949949954623E+01    0.17400006016983837692E-14   -0.18707845499084672558E-14
    0.50754183918018025423E+01    0.42053187385336544007E-15    0.31147958467201777707E-15
    0.50842061886086087341E+01   -0.12974437070539074010E-14    0.18803769476157394590E-14
    0.50929939854154158141E+01   -0.18082852659199483959E-14    0.87723461668308060870E-15
    0.51017817822222228941E+01   -0.91809453151104853700E-15   -0.14469429670706193194E-14
    0.51105695790290290859E+01    0.42818760098187924385E-15   -0.23695788871173566508E-14
    0.51193573758358361658E+01    0.11660529258478362954E-14   -0.96946061466118391309E-15
    0.51281451726426432458E+01    0.79249070624652758846E-15    0.11320177462440168981E-14
    0.51369329694494494376E+01   -0.37598464775102411806E-15    0.19015452083824556823E-14
    0.51457207662562565176E+01   -0.12845159835587222819E-14    0.80699202607913238701E-15
    0.51545085630630635976E+01   -0.98882704710690674138E-15   -0.11726558712936300841E-14
    0.51632963598698697893E+01    0.30569497056056908136E-15   -0.23907797905688631862E-14
    0.51720841566766768693E+01    0.13371719110961339071E-14   -0.15988227581848629179E-14
    0.51808719534834839493E+01    0.11200671180243235021E-14    0.81602020719601576058E-15
    0.51896597502902910293E+01   -0.57908672565897205483E-16    0.24836557609115364535E-14
    0.51984475470970972211E+01   -0.11230941195156138855E-14    0.12689892272687946096E-14
    0.52072353439039043010E+01   -0.12706229961600899523E-14   -0.18433640369562690454E-14
    0.52160231407107113810E+01   -0.46967657682091224189E-15   -0.32785827071912781258E-14
    0.52248109375175184610E+01    0.66283897591807762899E-15   -0.10927379188565733955E-14
    0.52335987343243246528E+01    0.12048528904877754926E-14    0.22790271407898166101E-14
    0.52423865311311317328E+01    0.59835121347043817568E-15    0.29419548647617615627E-14
    0.52511743279379388127E+01   -0.66682159323867945700E-15    0.32054413974761615332E-15
    0.52599621247447450045E+01   -0.13341728251132853837E-14   -0.23467199894698708787E-14
    0.52687499215515520845E+01   -0.68602002173729431913E-15   -0.21777898902638982830E-14
    0.52775377183583591645E+01    0.59462010834351798797E-15    0.17038968074901751527E-15
    0.52863255151651653563E+01    0.12105749233250760973E-14    0.19960213458962081056E-14
    0.52951133119719724363E+01    0.60534880141126011407E-15    0.17416679030258792737E-14
    0.53039011087787795162E+01   -0.65111561172005797468E-15    0.66427257153840084154E-16
    0.53126889055855857080E+01   -0.15385105277966159706E-14   -0.14209927298823042641E-14
    0.53214767023923927880E+01   -0.13248743748840829755E-14   -0.15249036444993740025E-14
    0.53302644991991998680E+01   -0.36430976571203111899E-16   -0.11851769602818776694E-15
    0.53390522960060069479E+01    0.13003784713921780968E-14    0.16256963047088462746E-14
    0.53478400928128131397E+01    0.12942848216985675310E-14    0.19950557616963456788E-14
    0.53566278896196202197E+01   -0.28613245108298190522E-15    0.49262366135617213576E-15
    0.53654156864264272997E+01   -0.17729829937925114400E-14   -0.12440397643172981176E-14
    0.53742034832332334915E+01   -0.13311852426332503521E-14   -0.11792330435858594223E-14
    0.53829912800400405715E+01    0.63972095326716209870E-15    0.62182558848824697287E-15
    0.53917790768468476514E+01    0.17458486456023233125E-14    0.20067704602600274704E-14
    0.54005668736536538432E+01    0.59668445838087211348E-15    0.13859711173022326826E-14
    0.54093546704604609232E+01   -0.12666570411113193348E-14   -0.41013692573238635899E-15
    0.54181424672672680032E+01   -0.13849187090002987274E-14   -0.14299528341558063953E-14
    0.54269302640740750832E+01    0.40654751052657153122E-15   -0.94111838308299275423E-15
    0.54357180608808812750E+01    0.18431887172184099011E-14    0.90735027834732976324E-16
    0.54445058576876883549E+01    0.13055015097243942233E-14    0.48955126753576291622E-15
    0.54532936544944954349E+01   -0.94041388931285651652E-16    0.91501338809794696056E-16
    0.54620814513013016267E+01   -0.27456680815614099950E-15   -0.49486462614753009824E-15
    0.54708692481081087067E+01    0.87672318307679447921E-15   -0.67228307404952751679E-15
    0.54796570449149157866E+01    0.14215519606934673457E-14   -0.27601821142314951873E-15
    0.54884448417217219784E+01    0.23135110214152523686E-15    0.40668399354723223265E-15
    0.54972326385285290584E+01   -0.11917552759078512302E-14    0.79383554927864627106E-15
    0.55060204353353361384E+01   -0.73003782170165286861E-15    0.47473193625760094250E-15
    0.55148082321421423302E+01    0.12486257784088463618E-14   -0.29105863796016069906E-15
    0.55235960289489494102E+01    0.20909284373427552941E-14   -0.73515807041833091751E-15
    0.55323838257557564901E+01    0.41377274222717178116E-15   -0.40474262592638767751E-15
    0.55411716225625635701E+01   -0.17091577916609221343E-14    0.31000836423662707340E-15
    0.55499594193693697619E+01   -0.13533559152021618887E-14    0.66384591981312848985E-15
    0.55587472161761768419E+01    0.13034281340226787469E-14    0.36296320460110617235E-15
    0.55675350129829839219E+01    0.30442725259949587082E-14   -0.24086583945243100395E-15
    0.55763228097897901137E+01    0.17296297255883590028E-14   -0.58687010054099764414E-15
    0.55851106065965971936E+01   -0.98362960762255530298E-15   -0.34277565222761181634E-15
    0.55938984034034042736E+01   -0.19839627848268918589E-14    0.38573210869064884022E-15
    0.56026862002102104654E+01   -0.56021584428371737303E-15    0.99869086590069210033E-15
    0.56114739970170175454E+01    0.11557436458220712154E-14    0.79494915418107204014E-15
    0.56202617938238246253E+01    0.11864222118180211240E-14   -0.21040451054761780236E-15
    0.56290495906306308171E+01   -0.95098786390147787193E-16   -0.96214430647507986884E-15
    0.56378373874374378971E+01   -0.10322951426559206436E-14   -0.44523183003865537231E-15
    0.56466251842442449771E+01   -0.80261399373411600056E-15    0.92272933167871694053E-15
    0.56554129810510520571E+01    0.32526636696749375271E-16    0.15546086640478013776E-14
    0.56642007778578582489E+01    0.56523468699147024478E-15    0.58066000434351118892E-15
    0.56729885746646653288E+01    0.44444965301334030584E-15   -0.98654556920390468414E-15
    0.56817763714714724088E+01   -0.11390641594648257719E-15   -0.14708150790690110152E-14
    0.56905641682782786006E+01   -0.65831085721453084711E-15   -0.43933978903754028744E-15
    0.56993519650850856806E+01   -0.80694902500690815907E-15    0.10072632645746656515E-14
    0.57081397618918927606E+01   -0.50746716412303522189E-15    0.15501831739840993031E-14
    0.57169275586986989524E+01   -0.11262774102011775313E-15    0.77736078987257493286E-15
    0.57257153555055060323E+01   -0.13184296284648377106E-16   -0.71625969071237165389E-15
    0.57345031523123131123E+01   -0.17823347188881125851E-15   -0.16872891496437853279E-14
    0.57432909491191193041E+01   -0.22377546301272447235E-15   -0.10597952679425198555E-14
    0.57520787459259263841E+01    0.12438600732068805121E-16    0.86632461451609053530E-15
    0.57608665427327334640E+01    0.16400463807696577204E-15    0.20919668653094643385E-14
    0.57696543395395405440E+01   -0.14042358683320983919E-15    0.90931338108753622746E-15
    0.57784421363463467358E+01   -0.57829313972338375640E-15   -0.16871076941115836025E-14
    0.57872299331531538158E+01   -0.38369623050224534580E-15   -0.26902860851322660337E-14
    0.57960177299599608958E+01    0.50714428362485413069E-15   -0.70927616208229515375E-15
    0.58048055267667670876E+01    0.94859138361241343337E-15    0.19792616903964051995E-14
    0.58135933235735741675E+01   -0.68959238574549055948E-16    0.21979388093943684017E-14
    0.58223811203803812475E+01   -0.17169240991131938804E-14   -0.15097356044457544702E-15
    0.58311689171871874393E+01   -0.19032432328895201375E-14   -0.21056456312311971121E-14
    0.58399567139939945193E+01    0.21793145770642134485E-16   -0.14725058053277185617E-14
    0.58487445108008015993E+01    0.18892024523217367270E-14    0.64834149323508033999E-15
    0.58575323076076077911E+01    0.12373583391805018645E-14    0.17153319257225463556E-14
    0.58663201044144148710E+01   -0.12972312722033306600E-14    0.83964093983524285070E-15
    0.58751079012212219510E+01   -0.24848586831409019094E-14   -0.68403446100622756331E-15
    0.58838956980280290310E+01   -0.64857766500775352269E-15   -0.12968261683773025783E-14
    0.58926834948348352228E+01    0.19409174776821602622E-14   -0.69245748141188764353E-15
    0.59014712916416423027E+01    0.20147904736670231340E-14    0.40393023731280759161E-15
    0.59102590884484493827E+01   -0.43739284368282792638E-15    0.10636165500299640385E-14
    0.59190468852552555745E+01   -0.22554910214140474781E-14    0.76254864456682709276E-15
    0.59278346820620626545E+01   -0.12477633689521828516E-14   -0.25324073988285653594E-15
    0.59366224788688697345E+01    0.11741720057923732501E-14   -0.10007460600585317639E-14
    0.59454102756756759263E+01    0.21817506092363016783E-14   -0.66378254681638067825E-15
    0.59541980724824830062E+01    0.10039240524612904095E-14    0.38991427664720934184E-15
    0.59629858692892900862E+01   -0.65592632396599047297E-15    0.91877469504002648777E-15
    0.59717736660960962780E+01   -0.10560861564274505835E-14    0.32397744641631599536E-15
    0.59805614629029033580E+01   -0.20164810385179570001E-15   -0.52225868517029679776E-15
    0.59893492597097104380E+01    0.76416694356503875029E-15   -0.43132040289065072631E-15
    0.59981370565165175179E+01    0.91732986833189867395E-15    0.50056371737588902050E-15
    0.60069248533233237097E+01    0.16418204080771341377E-15    0.10246353544752882508E-14
    0.60157126501301307897E+01   -0.86960441234978970580E-15    0.44914443898294355204E-15
    0.60245004469369378697E+01   -0.12247210176893855098E-14   -0.38053026284266312686E-15
    0.60332882437437440615E+01   -0.41903333790117986540E-15   -0.26727386045945068325E-15
    0.60420760405505511415E+01    0.79670179886700323833E-15    0.66320218913790539862E-15
    0.60508638373573582214E+01    0.10002879608708078767E-14    0.11033120992502669820E-14
    0.60596516341641644132E+01   -0.18304084597246276677E-15    0.34097272799604283575E-15
    0.60684394309709714932E+01   -0.13006007859016813553E-14   -0.72349811900719988009E-15
    0.60772272277777785732E+01   -0.79289491016892801076E-15   -0.78903836838942922870E-15
    0.60860150245845856531E+01    0.82082997659742220428E-15    0.12843368011436814336E-15
    0.60948028213913918449E+01    0.14050073835142246655E-14    0.76122606766170412429E-15
    0.61035906181981989249E+01    0.16410904460972146305E-16    0.25213527121792561014E-15
    0.61123784150050060049E+01   -0.16109430384968272681E-14   -0.82058387987280811623E-15
    0.61211662118118121967E+01   -0.12711154667863199669E-14   -0.13279286083570014470E-14
    0.61299540086186192767E+01    0.74108489292789137908E-15   -0.95011055391425688350E-15
    0.61387418054254263566E+01    0.19386490455941375239E-14   -0.32476286128141288817E-15
    0.61475296022322325484E+01    0.84892272009461272347E-15   -0.10913281521985476649E-15
    0.61563173990390396284E+01   -0.11202001162759345106E-14   -0.31581771114999062068E-15
    0.61651051958458467084E+01   -0.16532604681767973784E-14   -0.56970337249174531236E-15
    0.61738929926526529002E+01   -0.38807877342637909358E-15   -0.62386842691488215074E-15
    0.61826807894594599802E+01    0.96886497146307707142E-15   -0.49927152701352628887E-15
    0.61914685862662670601E+01    0.95173308427198376098E-15   -0.28618262605665637324E-15
    0.62002563830730741401E+01   -0.12112165394802512215E-15   -0.47777107985458338876E-17
    0.62090441798798803319E+01   -0.98083202753652528022E-15    0.30967484584777010540E-15
    0.62178319766866874119E+01   -0.88930605506933749040E-15    0.48224714801117577039E-15
    0.62266197734934944918E+01   -0.83225267279915092187E-16    0.30468063538271940505E-15
    0.62354075703003006836E+01    0.71457204679422490269E-15   -0.16390448786611901523E-15
    0.62441953671071077636E+01    0.84794376172792461721E-15   -0.49893105426625563392E-15
    0.62529831639139148436E+01    0.17362085763823455420E-15   -0.31385008009486421894E-15
    0.62617709607207210354E+01   -0.65573991364354430312E-15    0.25986235968733741117E-15
    0.62705587575275281154E+01   -0.67198159303729536609E-15    0.66126668217465325295E-15
    0.62793465543343351953E+01    0.29995003183155286146E-15    0.47682274441601250804E-15
    0.62881343511411413871E+01    0.12044708260698469233E-14   -0.16791530465308173484E-15
    0.62969221479479484671E+01    0.95716525406230983280E-15   -0.75182584111882721331E-15
    0.63057099447547555471E+01   -0.10413878784708133093E-15   -0.69498444217979228007E-15
    0.63144977415615626271E+01   -0.57917412540319809812E-15    0.22915471202607300247E-15
    0.63232855383683688189E+01    0.11308939532848470331E-15    0.14482977551194555268E-14
    0.63320733351751758988E+01    0.81873203180583634670E-15    0.16912888439402546407E-14
    0.63408611319819829788E+01    0.22578732923017993324E-15    0.28346133344290382699E-15
    0.63496489287887891706E+01   -0.11478821191387767268E-14   -0.15377365168538628192E-14
    0.63584367255955962506E+01   -0.14543066039487166055E-14   -0.15424307792429220610E-14
    0.63672245224024033305E+01   -0.83754398192606318395E-16    0.73953666910635538186E-15
    0.63760123192092095223E+01    0.11507972458293592362E-14    0.28624115491733507051E-14
    0.63848001160160166023E+01    0.33191304692104807622E-15    0.22097438338088922037E-14
    0.63935879128228236823E+01   -0.17083244931480485422E-14   -0.64444559100676899334E-15
    0.64023757096296298741E+01   -0.21700261746457913757E-14   -0.25114902670412671910E-14
    0.64111635064364369541E+01   -0.59571496317967295601E-16   -0.14317246629740691852E-14
    0.64199513032432440340E+01    0.20395738101876426280E-14    0.11253698405703675483E-14
    0.64287391000500511140E+01    0.12098148065802764900E-14    0.23753497931004736939E-14
    0.64375268968568573058E+01   -0.17548069398289461326E-14    0.13014533296061137316E-14
    0.64463146936636643858E+01   -0.31506163321623909776E-14   -0.83209096811504970404E-15
    0.64551024904704714658E+01   -0.11374759012503126302E-14   -0.21373993514143176560E-14
    0.64638902872772776576E+01    0.17857609352847680193E-14   -0.15738555741577199066E-14
    0.64726780840840847375E+01    0.21228430727894924643E-14    0.49847721399271088089E-15
    0.64814658808908918175E+01   -0.20909881719292411063E-15    0.22883974577427691178E-14
    0.64902536776976980093E+01   -0.21409280781787053673E-14    0.18286473536278943180E-14
    0.64990414745045050893E+01   -0.15359667604177615863E-14   -0.79471830160392198581E-15
    0.65078292713113121692E+01    0.42141412392150829591E-15   -0.28052417121245786205E-14
    0.65166170681181183610E+01    0.12922888427243614612E-14   -0.16654881499363968166E-14
    0.65254048649249254410E+01    0.39321107075636317701E-15    0.16030325971913702638E-14
    0.65341926617317325210E+01   -0.95029451476436239737E-15    0.33670022866437672836E-14
    0.65429804585385396010E+01   -0.14080990872372281748E-14    0.17431096267243603112E-14
    0.65517682553453457928E+01   -0.97752275739957667841E-15   -0.11440453468199864893E-14
    0.65605560521521528727E+01   -0.39900645763275182647E-15   -0.20600102874392502832E-14
    0.65693438489589599527E+01   -0.10936206277985943987E-15   -0.51020936968362612767E-15
    0.65781316457657661445E+01   -0.18746561673901712974E-16    0.12601607489061216998E-14
    0.65869194425725732245E+01    0.38210493707676219360E-16    0.13681792374317341636E-14
    0.65957072393793803045E+01    0.14773206536921856594E-16    0.21902365248572762312E-15
    0.66044950361861864963E+01   -0.14756845345188833693E-15   -0.68774057205724600363E-15
    0.66132828329929935762E+01   -0.24263474691509217282E-15   -0.65173468759775326286E-15
    0.66220706297998006562E+01    0.47623059562371075816E-16   -0.10007909091628888087E-15
    0.66308584266066068480E+01    0.66954671794381472567E-15    0.35031101597285549463E-15
    0.66396462234134139280E+01    0.10500601512444021642E-14    0.54394697491336970729E-15
    0.66484340202202210079E+01    0.70601836981390838297E-15    0.57500987309933635562E-15
    0.66572218170270280879E+01   -0.76611702951543812635E-16    0.39162310185145070247E-15
    0.66660096138338342797E+01   -0.47372114863718404012E-15   -0.13313473766356854937E-15
    0.66747974106406413597E+01   -0.60357900800211903264E-16   -0.77180801507425870634E-15
    0.66835852074474484397E+01    0.70237760744561023284E-15   -0.86988320124367310094E-15
    0.66923730042542546315E+01    0.10425437991930320568E-14   -0.69763244085021381034E-16
    0.67011608010610617114E+01    0.66308919620736240302E-15    0.95092668253476791821E-15
    0.67099485978678687914E+01   -0.10906030288678823780E-15    0.99572659185138015624E-15
    0.67187363946746749832E+01   -0.68540545855029203032E-15   -0.18737692642569617170E-15
    0.67275241914814820632E+01   -0.60505290278962417808E-15   -0.13390444183777130258E-14
    0.67363119882882891432E+01    0.13157020622294182291E-15   -0.11139277167166470744E-14
    0.67450997850950962231E+01    0.87016574480876283485E-15    0.25283293282302091252E-15
    0.67538875819019024149E+01    0.77511763021950971124E-15    0.12517427971740558799E-14
    0.67626753787087094949E+01   -0.21445678410374509961E-15    0.91591491250437150244E-15
    0.67714631755155165749E+01   -0.10850228017182150944E-14   -0.18303341197471467113E-15
    0.67802509723223227667E+01   -0.84873737655745433838E-15   -0.87869369252636088324E-15
    0.67890387691291298466E+01    0.22265844383739911978E-15   -0.72412647656815050034E-15
    0.67978265659359369266E+01    0.90204471519834733997E-15   -0.15604593281992738093E-15
    0.68066143627427431184E+01    0.47343039428752509916E-15    0.23379379360790909767E-15
    0.68154021595495501984E+01   -0.49291757547732254989E-15    0.23227253312022237538E-15
    0.68241899563563572784E+01   -0.95796964202906929713E-15   -0.25254134714320477518E-16
    0.68329777531631634702E+01   -0.53134923064747414083E-15   -0.25492158881864546181E-15
    0.68417655499699705501E+01    0.34356632120625485377E-15   -0.22782798960956311959E-15
    0.68505533467767776301E+01    0.92968941973068311580E-15    0.37133388049431956059E-16
    0.68593411435835847101E+01    0.72213035429144237098E-15    0.25487305822680390950E-15
    0.68681289403903909019E+01   -0.19845320794097358087E-15    0.19238703210752626576E-15
    0.68769167371971979819E+01   -0.10130284839961651226E-14   -0.79200644542696774118E-17
    0.68857045340040050618E+01   -0.78582566860260832360E-15    0.24160610992881416203E-17
    0.68944923308108112536E+01    0.37846963904388197607E-15    0.25296447670479468584E-15
    0.69032801276176183336E+01    0.10868735114409305758E-14    0.29622304815750240327E-15
    0.69120679244244254136E+01    0.26356273235294157384E-15   -0.17609677156796742866E-15
    0.69208557212312316054E+01   -0.11930960711552518081E-14   -0.69832985689070954939E-15
    0.69296435180380386853E+01   -0.12871090548980506701E-14   -0.47077479325784652387E-15
    0.69384313148448457653E+01    0.38015622332731406641E-15    0.43843077913120304458E-15
    0.69472191116516519571E+01    0.16566887948253350788E-14    0.78564924522007887503E-15
    0.69560069084584590371E+01    0.55210131747417131089E-15   -0.30740091903952635665E-15
    0.69647947052652661171E+01   -0.17953568441373587343E-14   -0.17757368931690991048E-14
    0.69735825020720731970E+01   -0.22805618151165926493E-14   -0.15797849820430867299E-14
    0.69823702988788793888E+01    0.50093052390930867609E-16    0.52457181132145899624E-15
    0.69911580956856864688E+01    0.23634144857354292472E-14    0.20801274586989768751E-14
    0.69999458924924935488E+01    0.16439065339910263488E-14    0.87747512818385888562E-15
    0.70087336892992997406E+01   -0.12217737184054549933E-14   -0.18622302113533980210E-14
    0.70175214861061068206E+01   -0.25428876961957125749E-14   -0.27180373544259182785E-14
    0.70263092829129139005E+01   -0.62873631186772326132E-15   -0.43399002403529428106E-15
    0.70350970797197200923E+01    0.20241214099019090766E-14    0.22564348623940888931E-14
    0.70438848765265271723E+01    0.21172015988748302144E-14    0.21302331397555561962E-14
    0.70526726733333342523E+01   -0.37040056947249991418E-15   -0.46533937124259870883E-15
    0.70614604701401404441E+01   -0.25637683797265624117E-14   -0.23298154287129427613E-14
    0.70702482669469475240E+01   -0.22827302732322560617E-14   -0.15323692442746329584E-14
    0.70790360637537546040E+01   -0.12803447771287856668E-15    0.50931740965485761015E-15
    0.70878238605605616840E+01    0.17963711530515682215E-14    0.13476081407796487459E-14
    0.70966116573673678758E+01    0.18976462869483399635E-14    0.46727426029134558075E-15
    0.71053994541741749558E+01    0.53506071328488028209E-16   -0.70218066564705160234E-15
    0.71141872509809820357E+01   -0.22655583043474171701E-14   -0.88680154336031173693E-15
    0.71229750477877882275E+01   -0.27369102500428675786E-14   -0.21473742348570384861E-15
    0.71317628445945953075E+01   -0.36080215227597353382E-15    0.47461749069246759254E-15
    0.71405506414014023875E+01    0.27088249136043386176E-14    0.69139417440082939367E-15
    0.71493384382082085793E+01    0.29668229073008893646E-14    0.51645470268742603625E-15
    0.71581262350150156593E+01   -0.19929324336880795256E-15    0.21509195768358696689E-15
    0.71669140318218227392E+01   -0.31477056378002889962E-14   -0.51862020790607584789E-16
    0.71757018286286289310E+01   -0.22789000011665659423E-14   -0.23588707979718588896E-15
    0.71844896254354360110E+01    0.13421593225729574309E-14   -0.33722266296858308075E-15
    0.71932774222422430910E+01    0.33541465813654674507E-14   -0.37254544148603481658E-15
    0.72020652190490501710E+01    0.15766429466908746179E-14   -0.36641786988634509687E-15
    0.72108530158558563627E+01   -0.15011483785899480535E-14   -0.34711007549431337801E-15
    0.72196408126626634427E+01   -0.23051626423099311512E-14   -0.34627585285337165805E-15
    0.72284286094694705227E+01   -0.46619001955844179844E-15   -0.39238330215334441824E-15
    0.72372164062762767145E+01    0.14776775510145646891E-14   -0.46929607869760067311E-15
    0.72460042030830837945E+01    0.15479285434896543614E-14   -0.45695068221706787287E-15
    0.72547919998898908744E+01    0.24011902829102713941E-15   -0.17520635710852775736E-15
    0.72635797966966970662E+01   -0.85323356971374348977E-15    0.38581553966162436660E-15
    0.72723675935035041462E+01   -0.96576150780140922040E-15    0.87685071389554326828E-15
    0.72811553903103112262E+01   -0.43653417727661254094E-15    0.83566544477922096648E-15
    0.72899431871171174180E+01    0.15649167789509269985E-15    0.21499430854676192626E-15
    0.72987309839239244980E+01    0.56667135531913313553E-15   -0.45086187414235047442E-15
    0.73075187807307315779E+01    0.74141549381509339844E-15   -0.56373362097996179947E-15
    0.73163065775375386579E+01    0.57190096979617718317E-15   -0.42747814068132279346E-16
    0.73250943743443448497E+01    0.37395981673210756896E-17    0.65798422269870146368E-15
    0.73338821711511519297E+01   -0.62503187172776461432E-15    0.92711315317171271006E-15
    0.73426699679579590097E+01   -0.63328186011178353096E-15    0.39388258033868538139E-15
    0.73514577647647652014E+01    0.24156342332165020430E-15   -0.70310966080241556934E-15
    0.73602455615715722814E+01    0.11822061364927897332E-14   -0.13595208865977055205E-14
    0.73690333583783793614E+01    0.97174028657014464079E-15   -0.59558334269153522679E-15
    0.73778211551851855532E+01   -0.47589633943008888907E-15    0.11860077130339787000E-14
    0.73866089519919926332E+01   -0.16968391604638925458E-14    0.20722240287608044757E-14
    0.73953967487987997131E+01   -0.13163658135705549449E-14    0.73068434921461972510E-15
    0.74041845456056067931E+01    0.25326034296044009959E-15   -0.16015970067340953207E-14
    0.74129723424124129849E+01    0.13297726662969646606E-14   -0.22754608131532264809E-14
    0.74217601392192200649E+01    0.92525584262024836560E-15   -0.40306784388554883911E-15
    0.74305479360260271449E+01   -0.30731309543255071915E-15    0.19519281874516121382E-14
    0.74393357328328333367E+01   -0.10960714669988544281E-14    0.22968040117103433667E-14
    0.74481235296396404166E+01   -0.85376970665710825667E-15    0.51855566172775761450E-15
    0.74569113264464474966E+01    0.71000139106282699366E-16   -0.13999796562788113546E-14
    0.74656991232532536884E+01    0.86549984415323215922E-15   -0.17044768914109723998E-14
    0.74744869200600607684E+01    0.79886193370681299641E-15   -0.31008370299664574927E-15
    0.74832747168668678484E+01   -0.21384560296426275389E-15    0.15660771665544246937E-14
    0.74920625136736740401E+01   -0.12770701131338324239E-14    0.22890875852655809972E-14
    0.75008503104804811201E+01   -0.12306386233797310422E-14    0.91241713904585938936E-15
    0.75096381072872882001E+01    0.40194282657167493393E-17   -0.16704595487386729569E-14
    0.75184259040940952801E+01    0.11051543248857731696E-14   -0.29446414036699574432E-14
    0.75272137009009014719E+01    0.85501441426511005632E-15   -0.13063859832387769618E-14
    0.75360014977077085518E+01   -0.35195189023041989507E-15    0.16622165693149674344E-14
    0.75447892945145156318E+01   -0.10536283114623676990E-14    0.26910781959208659973E-14
    0.75535770913213218236E+01   -0.55392105999795846979E-15    0.65425122529019738122E-15
    0.75623648881281289036E+01    0.33065432496884237960E-15   -0.20360609961227739075E-14
    0.75711526849349359836E+01    0.52259083846690703314E-15   -0.24393217486753680843E-14
    0.75799404817417421754E+01    0.62284608404515723202E-16   -0.38219417549357995576E-15
    0.75887282785485492553E+01   -0.17698027580731979997E-15    0.18900895234692426283E-14
    0.75975160753553563353E+01    0.18564724899650421376E-15    0.23928962833758562599E-14
    0.76063038721621625271E+01    0.52626736382244282417E-15    0.10140736407078007772E-14
    0.76150916689689696071E+01    0.19242348965153597105E-15   -0.96690206808170032791E-15
    0.76238794657757766871E+01   -0.47629829410877145516E-15   -0.18985204748732346344E-14
    0.76326672625825837670E+01   -0.55733358508399541596E-15   -0.83866243003298046050E-15
    0.76414550593893899588E+01    0.17442765915249518361E-15    0.14227983146727537479E-14
    0.76502428561961970388E+01    0.83119606535291970002E-15    0.26010272372631643217E-14
    0.76590306530030041188E+01    0.53226625670419312766E-15    0.12073848534838732593E-14
    0.76678184498098103106E+01   -0.44523328080572373397E-15   -0.14230970998431690488E-14
    0.76766062466166173905E+01   -0.10234038964251311767E-14   -0.24338859484732549069E-14
    0.76853940434234244705E+01   -0.60600899221217142200E-15   -0.74733220082869261773E-15
    0.76941818402302306623E+01    0.33012060679129512027E-15    0.17161229049766099164E-14
    0.77029696370370377423E+01    0.88998808703843160849E-15    0.24648768453552833350E-14
    0.77117574338438448223E+01    0.59039400920113227859E-15    0.11015135481799986701E-14
    0.77205452306506510141E+01   -0.36865054073696321189E-15   -0.81250211425315461828E-15
    0.77293330274574580940E+01   -0.12171516837529114487E-14   -0.16434864844996464825E-14
    0.77381208242642651740E+01   -0.10483848941844511359E-14   -0.93041438859514647092E-15
    0.77469086210710722540E+01    0.28617364404903513870E-15    0.63378891411020975374E-15
    0.77556964178778784458E+01    0.15621149790006180988E-14    0.16566035320779719328E-14
    0.77644842146846855258E+01    0.12229618087776984118E-14    0.10419798393841732216E-14
    0.77732720114914926057E+01   -0.65405236813147113998E-15   -0.77143276323243061783E-15
    0.77820598082982987975E+01   -0.20174306514906899503E-14   -0.18440978588617318127E-14
    0.77908476051051058775E+01   -0.12060268712860270480E-14   -0.82467733910240054276E-15
    0.77996354019119129575E+01    0.83274525409469005029E-15    0.11907672032932703727E-14
    0.78084231987187191493E+01    0.16550155157134685215E-14    0.18252762693307069704E-14
    0.78172109955255262292E+01    0.37328672757855530623E-15    0.33769033933177753078E-15
    0.78259987923323333092E+01   -0.12918301590036190777E-14   -0.14334237338258123407E-14
    0.78347865891391395010E+01   -0.13600852777363745192E-14   -0.14576077578615111323E-14
    0.78435743859459465810E+01   -0.18875131837213981189E-16    0.45992296661862801575E-16
    0.78523621827527536610E+01    0.97243982287740004322E-15    0.12266756923963957741E-14
    0.78611499795595607409E+01    0.65499627956893274940E-15    0.10200257599869377503E-14
    0.78699377763663669327E+01   -0.16086331399721770208E-15    0.16742634519933021997E-15
    0.78787255731731740127E+01   -0.33823437596210859152E-15   -0.17061111950529898681E-15
    0.78875133699799810927E+01    0.47362585386784206239E-16    0.66990554775934565114E-16
    0.78963011667867872845E+01    0.10185235574144692675E-15    0.10573955782799597608E-15
    0.79050889635935943645E+01   -0.38381434180102069922E-15   -0.36408493274425933195E-15
    0.79138767604004014444E+01   -0.51117072167125906944E-15   -0.72473468903132888958E-15
    0.79226645572072076362E+01    0.34403035001406398705E-15   -0.38825878146732939911E-15
    0.79314523540140147162E+01    0.12758827342696570310E-14    0.26208147915926290207E-15
    0.79402401508208217962E+01    0.80812655917590946122E-15    0.33738327180918101983E-15
    0.79490279476276279880E+01   -0.93600598679024836484E-15   -0.30573882572382620518E-15
    0.79578157444344350679E+01   -0.18704065836392727025E-14   -0.75558279885642229810E-15
    0.79666035412412421479E+01   -0.49222997710105077214E-15   -0.27072248847658927545E-15
    0.79753913380480492279E+01    0.18293947224850399135E-14    0.58907960502315008119E-15
    0.79841791348548554197E+01    0.22929352099762428775E-14    0.63298959961243315984E-15
    0.79929669316616624997E+01    0.16284709722166870013E-15   -0.30256896514425178845E-15
    0.80017547284684695796E+01   -0.21922960550831972812E-14   -0.96481630230694743707E-15
    0.80105425252752748833E+01   -0.22369922064689805752E-14   -0.33571546549700745437E-15
    0.80193303220820819632E+01   -0.20376283487023286338E-15    0.85340184518775361494E-15
    0.80281181188888890432E+01    0.15902579821697026551E-14    0.10013945599523120321E-14
    0.80369059156956961232E+01    0.14899176043009676696E-14   -0.18077744922559634312E-15
    0.80456937125025032032E+01   -0.10528431682987615161E-15   -0.11270565621557748684E-14
    0.80544815093093102831E+01   -0.16236491480457032298E-14   -0.48474247231919486778E-15
    0.80632693061161173631E+01   -0.16264442208330019005E-14    0.96875544762168141915E-15
    0.80720571029229226667E+01    0.24993558481312785524E-15    0.13287285041215097747E-14
    0.80808448997297297467E+01    0.26760105466463039694E-14    0.14440122799005658118E-15
    0.80896326965365368267E+01    0.32544455606370997162E-14   -0.89660610869343857403E-15
    0.80984204933433439066E+01    0.95736160790685594533E-15   -0.28383701140679092588E-15
    0.81072082901501509866E+01   -0.20292300695951593726E-14    0.11617580174932419572E-14
    0.81159960869569580666E+01   -0.23473135271439038790E-14    0.13765589800390429097E-14
    0.81247838837637633702E+01    0.47191413023645785794E-15   -0.12016738174655536619E-15
    0.81335716805705704502E+01    0.31111375903457107422E-14   -0.14645494633745769556E-14
    0.81423594773773775302E+01    0.24610765756759973656E-14   -0.92054512182629684220E-15
    0.81511472741841846101E+01   -0.62842759626838299987E-15    0.79583518837258597619E-15
    0.81599350709909916901E+01   -0.27116784492107815438E-14    0.15258986217574959700E-14
    0.81687228677977987701E+01   -0.18885977316331723979E-14    0.46234642651894433828E-15
    0.81775106646046058501E+01    0.48901972502141841832E-15   -0.94858531913216933779E-15
    0.81862984614114111537E+01    0.19728631352911962708E-14   -0.10618078581932828952E-14
    0.81950862582182182337E+01    0.14774718304022230088E-14   -0.57092220050493397915E-16
    0.82038740550250253136E+01   -0.33357075680420040098E-15    0.63030534879553308103E-15
    0.82126618518318323936E+01   -0.18827737547962578748E-14    0.27252488464057273249E-15
    0.82214496486386394736E+01   -0.17238276987041936761E-14   -0.42701636150342378364E-15
    0.82302374454454465535E+01    0.24141247402460411847E-15   -0.54961657735187259999E-15
    0.82390252422522518572E+01    0.21181178994599294313E-14   -0.18156470044301856784E-15
    0.82478130390590589371E+01    0.16746032754363105233E-14   -0.59521876411431717873E-16
    0.82566008358658660171E+01   -0.90425400695656547568E-15   -0.38874115284397754346E-15
    0.82653886326726730971E+01   -0.27393569151713525878E-14   -0.52727962665629859788E-15
    0.82741764294794801771E+01   -0.16422017018814455170E-14    0.45665543199956839953E-17
    0.82829642262862872570E+01    0.96816693876561991058E-15    0.63846629609117801811E-15
    0.82917520230930943370E+01    0.18401979228111545322E-14    0.39937877183387576153E-15
    0.83005398198998996406E+01    0.55313637044774641942E-16   -0.69127112510984038492E-15
    0.83093276167067067206E+01   -0.18616199445317022642E-14   -0.13899186545465924896E-14
    0.83181154135135138006E+01   -0.14131290786816135662E-14   -0.75364567512834650465E-15
    0.83269032103203208806E+01    0.64702208213302588066E-15    0.53556329577661380789E-15
    0.83356910071271279605E+01    0.16116143708668458933E-14    0.95805778461008147294E-15
    0.83444788039339350405E+01    0.43782945223099912836E-15    0.14501978423618577563E-16
    0.83532666007407403441E+01   -0.11129659988737536875E-14   -0.12069788667921956852E-14
    0.83620543975475474241E+01   -0.10525884131540843166E-14   -0.13882663099702613725E-14
    0.83708421943543545041E+01    0.34735667537077561544E-15   -0.35080354507114406514E-15
    0.83796299911611615840E+01    0.12696124332613289610E-14    0.10156777646896400094E-14
    0.83884177879679686640E+01    0.71942495365215941475E-15    0.16165078364279645621E-14
    0.83972055847747757440E+01   -0.53523260410334622814E-15    0.88717291387055140182E-15
    0.84059933815815828240E+01   -0.11767240372966405153E-14   -0.73222840342168847609E-15
    0.84147811783883881276E+01   -0.68142302496134885736E-15   -0.17378728416765006631E-14
    0.84235689751951952076E+01    0.49096165254834365706E-15   -0.81246960621212968545E-15
    0.84323567720020022875E+01    0.13629188271853210986E-14    0.13831566724245953345E-14
    0.84411445688088093675E+01    0.10780323969679557689E-14    0.23536876034416717721E-14
    0.84499323656156164475E+01   -0.28713383191426485531E-15    0.63306272578194444746E-15
    0.84587201624224235275E+01   -0.13353258891069565001E-14   -0.19609441393862503538E-14
    0.84675079592292288311E+01   -0.61225456722518453157E-15   -0.22748980936313285929E-14
    0.84762957560360359111E+01    0.14156804684117830607E-14    0.22893759115609130433E-15
    0.84850835528428429910E+01    0.23777706799543887100E-14    0.26490617027611194544E-14
    0.84938713496496500710E+01    0.80618226445712969274E-15    0.22871355209942967951E-14
    0.85026591464564571510E+01   -0.16333617526211203819E-14   -0.90412690381228651086E-16
    0.85114469432632642309E+01   -0.19864824921460158578E-14   -0.15865476155800073674E-14
    0.85202347400700713109E+01    0.22479737061693971955E-15   -0.77628467949287121168E-15
    0.85290225368768766145E+01    0.22516519544981805886E-14    0.10213571953491275582E-14
    0.85378103336836836945E+01    0.16281827648439464092E-14    0.18400509866039938486E-14
    0.85465981304904907745E+01   -0.74053763647221386433E-15    0.12041095877446545913E-14
    0.85553859272972978545E+01   -0.20049734274541341397E-14    0.15660465436006329053E-16
    0.85641737241041049344E+01   -0.98118443691596711523E-15   -0.71823573545544863700E-15
    0.85729615209109120144E+01    0.72660356238890833076E-15   -0.64494297970764641277E-15
    0.85817493177177173180E+01    0.11396195161485507678E-14   -0.31001542352766924680E-16
    0.85905371145245243980E+01    0.21107569968190207589E-15    0.49118124722065350493E-15
    0.85993249113313314780E+01   -0.70498895541223635886E-15    0.38294644754743587190E-15
    0.86081127081381385580E+01   -0.77695973126351797613E-15   -0.28391644175416005437E-15
    0.86169005049449456379E+01   -0.41217131636671069864E-15   -0.83876152271972612932E-15
    0.86256883017517527179E+01   -0.24772320514418895763E-15   -0.73184701071595891230E-15
    0.86344760985585597979E+01   -0.18862698087602056576E-15   -0.13384559797282283898E-15
    0.86432638953653651015E+01    0.21234625134765525958E-15    0.36322974097746022730E-15
    0.86520516921721721815E+01    0.76222659272199638918E-15    0.46825026514164679702E-15
    0.86608394889789792614E+01    0.59395168184488287872E-15    0.40671384549891883060E-15
    0.86696272857857863414E+01   -0.55782332520081623150E-15    0.43343529866498116374E-15
    0.86784150825925934214E+01   -0.14580094317138353266E-14    0.41193652608837795935E-15
    0.86872028793994005014E+01   -0.63716693371871625909E-15    0.92118538740365947771E-16
    0.86959906762062058050E+01    0.14316240629753942427E-14   -0.30938701886319619409E-15
    0.87047784730130128850E+01    0.23382315671009955810E-14   -0.14663751244474631519E-15
    0.87135662698198199649E+01    0.65966607089191182291E-15    0.78998238465148049720E-15
    0.87223540666266270449E+01   -0.18023709730495133687E-14    0.16656947303176563310E-14
    0.87311418634334341249E+01   -0.20205768889349162506E-14    0.14076788101428992403E-14
    0.87399296602402412049E+01    0.39456696612050692831E-15    0.11100095409843131256E-15
    0.87487174570470482848E+01    0.25396025285938116819E-14   -0.85095560260642367630E-15
    0.87575052538538535885E+01    0.18635780826042374686E-14   -0.43910938183886747152E-15
    0.87662930506606606684E+01   -0.72175941948750066041E-15    0.73497299929142367957E-15
    0.87750808474674677484E+01   -0.22875396074555932088E-14    0.11920745936238290180E-14
    0.87838686442742748284E+01   -0.14253431801658197685E-14    0.32287580025555982212E-15
    0.87926564410810819084E+01    0.56501263804103759252E-15   -0.10474479088801790814E-14
    0.88014442378878889883E+01    0.16712774680646586242E-14   -0.16784589670227683910E-14
    0.88102320346946942919E+01    0.11865827707540288897E-14   -0.99935695655528196013E-15
    0.88190198315015013719E+01   -0.20329570431817140155E-15    0.58511927514039738397E-15
    0.88278076283083084519E+01   -0.13044462444177433548E-14    0.18437747334547235619E-14
    0.88365954251151155319E+01   -0.12172464359921571247E-14    0.14397076564927503550E-14
    0.88453832219219226118E+01    0.46641394080933436070E-16   -0.66871387032995701544E-15
    0.88541710187287296918E+01    0.13454246558049209585E-14   -0.24819812077331895827E-14
    0.88629588155355367718E+01    0.13818556695673209618E-14   -0.17848489402397431079E-14
    0.88717466123423420754E+01    0.13858652121196656039E-15    0.10292919551383135961E-14
    0.88805344091491491554E+01   -0.10014943900689468650E-14    0.29139825129646237024E-14
    0.88893222059559562354E+01   -0.82445058040495475447E-15    0.16929684670476778617E-14
    0.88981100027627633153E+01    0.39710870421347283558E-15   -0.11727207760129927672E-14
    0.89068977995695703953E+01    0.14255326762218617500E-14   -0.24327304568146769968E-14
    0.89156855963763774753E+01    0.14145005777319595240E-14   -0.89489048731859763225E-15
    0.89244733931831827789E+01    0.50832628916277304271E-15    0.15224160306323311017E-14
    0.89332611899899898589E+01   -0.56929631668623916746E-15    0.23760020709143213196E-14
    0.89420489867967969388E+01   -0.10753546139997566838E-14    0.11497534099217098681E-14
    0.89508367836036040188E+01   -0.68866467895271652338E-15   -0.87821856806621789303E-15
    0.89596245804104110988E+01    0.16812846416218883382E-15   -0.20165275948237188654E-14
    0.89684123772172181788E+01    0.56420475181004934417E-15   -0.12906297472804236003E-14
    0.89772001740240252587E+01   -0.26304955311110688258E-16    0.83978077846674585295E-15
    0.89859879708308305624E+01   -0.10704864730321596605E-14    0.23913480405948469302E-14
    0.89947757676376376423E+01   -0.15426967130929532179E-14    0.15310085031160466028E-14
    0.90035635644444447223E+01   -0.10045758906879174717E-14   -0.11551911129145851970E-14
    0.90123513612512518023E+01    0.64043267288527202162E-16   -0.28305184106850014327E-14
    0.90211391580580588823E+01    0.89024560439941280233E-15   -0.15927479866106696358E-14
    0.90299269548648659622E+01    0.10469961185578409402E-14    0.11238132376452922259E-14
    0.90387147516716712659E+01    0.59262295077447446373E-15    0.23337806175847573033E-14
    0.90475025484784783458E+01   -0.46618380107031102712E-16    0.10185951492162579253E-14
    0.90562903452852854258E+01   -0.33044656677723494182E-15   -0.10156420696371286128E-14
    0.90650781420920925058E+01   -0.43667893205750472180E-17   -0.16282091164057558982E-14
    0.90738659388988995858E+01    0.63920803369782439107E-15   -0.58514691198977888346E-15
    0.90826537357057066657E+01    0.10148510700989102578E-14    0.84071486095646783542E-15
    0.90914415325125137457E+01    0.72287399642422586747E-15    0.14527033080342392008E-14
    0.91002293293193190493E+01   -0.16667505835964927062E-15    0.96583599399473508642E-15
    0.91090171261261261293E+01   -0.10858289994028067729E-14   -0.14165716981976213036E-15
    0.91178049229329332093E+01   -0.11695095812640470712E-14   -0.10094104847774038439E-14
    0.91265927197397402892E+01   -0.25820162986021512921E-16   -0.95967639509672786075E-15
    0.91353805165465473692E+01    0.13808980185446870941E-14   -0.79317771917747442503E-16
    0.91441683133533544492E+01    0.12427509374115406464E-14    0.81320624698128435387E-15
    0.91529561101601597528E+01   -0.92601477477000795975E-15    0.93484440938738661107E-15
    0.91617439069669668328E+01   -0.29782500181278960313E-14    0.19777518106377287740E-15
    0.91705317037737739128E+01   -0.23280559512696429786E-14   -0.85175721829757443403E-15
    0.91793195005805809927E+01    0.60179638614330192481E-15   -0.14397750727245236163E-14
    0.91881072973873880727E+01    0.23885423492399427012E-14   -0.10255057631300903683E-14
    0.91968950941941951527E+01    0.76016622797019479717E-15    0.20364115324257092331E-15
    0.92056828910010004563E+01   -0.23463853532709453813E-14    0.11797796922507036536E-14
    0.92144706878078075363E+01   -0.32131343019404544764E-14    0.86070272211207308060E-15
    0.92232584846146146162E+01   -0.89982186050644550267E-15   -0.52183555906489702894E-15
    0.92320462814214216962E+01    0.18720836846812011615E-14   -0.15179114866227328097E-14
    0.92408340782282287762E+01    0.22630247709393709994E-14   -0.10562136238309611866E-14
    0.92496218750350358562E+01    0.34153101035391038107E-15    0.34260892353110816414E-15
    0.92584096718418411598E+01   -0.17166715982834815197E-14    0.12960800637874069343E-14
    0.92671974686486482398E+01   -0.20627418099613412176E-14    0.10694415060691796739E-14
    0.92759852654554553197E+01   -0.47203729097768005758E-15    0.82461518760408463047E-16
    0.92847730622622623997E+01    0.17925792758430384561E-14   -0.79691383476151903170E-15
    0.92935608590690694797E+01    0.26779211334739542288E-14   -0.99381087404928920399E-15
    0.93023486558758765597E+01    0.98615058985775137178E-15   -0.46204920230030659639E-15
    0.93111364526826818633E+01   -0.18528980801263149169E-14    0.34119175447612551722E-15
    0.93199242494894889433E+01   -0.26008387614645081429E-14    0.73146674036783442822E-15
    0.93287120462962960232E+01    0.17722462041397107202E-16    0.34232469470983191450E-15
    0.93374998431031031032E+01    0.29825505653645604471E-14   -0.50671236004412027363E-15
    0.93462876399099101832E+01    0.23418577161660631999E-14   -0.10976153094812471708E-14
    0.93550754367167172632E+01   -0.14805023310949236241E-14   -0.87580194514689309596E-15
    0.93638632335235243431E+01   -0.36915401961234002417E-14    0.17191954958565391390E-15
    0.93726510303303296467E+01   -0.12590486288718494946E-14    0.13749243706798956146E-14
    0.93814388271371367267E+01    0.27702456162879668901E-14    0.15661195798036217280E-14
    0.93902266239439438067E+01    0.31966535314535706272E-14    0.11865089911570041071E-15
    0.93990144207507508867E+01   -0.46471493845459526681E-15   -0.18549791520246807112E-14
    0.94078022175575579666E+01   -0.33566649256458714830E-14   -0.21093769908351427056E-14
    0.94165900143643650466E+01   -0.18229121536568214066E-14    0.10714797919136136041E-15
    0.94253778111711703502E+01    0.17654078883963146187E-14    0.24824712763512982729E-14
    0.94341656079779774302E+01    0.25349969502097049954E-14    0.20804390286539647799E-14
    0.94429534047847845102E+01   -0.35195110579040463498E-15   -0.89275649212615761009E-15
    0.94517412015915915902E+01   -0.28585173625341425257E-14   -0.30339601615499630483E-14
    0.94605289983983986701E+01   -0.17396108614732100898E-14   -0.18866423883806083765E-14
    0.94693167952052057501E+01    0.12152246533482106621E-14    0.10357060988039850389E-14
    0.94781045920120128301E+01    0.20277296780636063827E-14    0.23777562291777853605E-14
    0.94868923888188181337E+01   -0.81093772630398055314E-16    0.95179470158938410545E-15
    0.94956801856256252137E+01   -0.19634784902574770834E-14   -0.13632891753937587987E-14
    0.95044679824324322936E+01   -0.10904174816801099773E-14   -0.22658085206909671146E-14
    0.95132557792392393736E+01    0.10731483424210661803E-14   -0.13284789281466324785E-14
    0.95220435760460464536E+01    0.14033736946267897965E-14    0.29386574807156823907E-15
    0.95308313728528535336E+01   -0.54177841105919218789E-15    0.12283484453937479061E-14
    0.95396191696596588372E+01   -0.20389606592087813701E-14    0.79447273276645647759E-15
    0.95484069664664659172E+01   -0.10302786697596643474E-14   -0.65291691065006046560E-15
    0.95571947632732729971E+01    0.10887194819427294905E-14   -0.18137858338404283047E-14
    0.95659825600800800771E+01    0.15266478968593229193E-14   -0.14977809584707703355E-14
    0.95747703568868871571E+01   -0.17084154800798754562E-15    0.81524087939877994044E-16
    0.95835581536936942371E+01   -0.16760121350626359531E-14    0.14078673710803081484E-14
    0.95923459505005013170E+01   -0.10768078041452083085E-14    0.12843463480570938882E-14
    0.96011337473073066207E+01    0.73777598150689015120E-15    0.40883901596776325123E-16
    0.96099215441141137006E+01    0.15373436987014844372E-14   -0.10735415324056690058E-14
    0.96187093409209207806E+01    0.56975333248664185378E-15   -0.11814050939803780493E-14
    0.96274971377277278606E+01   -0.83569698807719424152E-15   -0.33975535667391587500E-15
    0.96362849345345349406E+01   -0.11177737266954736355E-14    0.72274766746735297756E-15
    0.96450727313413420205E+01   -0.70832717370821931874E-16    0.10748406951953900006E-14
    0.96538605281481491005E+01    0.13349609808009799028E-14    0.26720851941078344817E-15
    0.96626483249549544041E+01    0.18709317038286345441E-14   -0.10276843936716928986E-14
    0.96714361217617614841E+01    0.88326659751367192039E-15   -0.14248754980059880206E-14
    0.96802239185685685641E+01   -0.10210552903029972630E-14   -0.33712191634210063822E-15
    0.96890117153753756440E+01   -0.19620289373868724630E-14    0.11257210083117079880E-14
    0.96977995121821827240E+01   -0.55087052813539829040E-15    0.13837764643306079575E-14
    0.97065873089889898040E+01    0.19784235484534840102E-14    0.27451643328316850773E-15
    0.97153751057957951076E+01    0.25205750958585687211E-14   -0.82649201738128923027E-15
    0.97241629026026021876E+01   -0.12705092552805303236E-15   -0.77365717479764194174E-15
    0.97329506994094092676E+01   -0.30609752663110990102E-14    0.56514195755665726365E-16
    0.97417384962162163475E+01   -0.25480407139992232030E-14    0.53196816455258055665E-15
    0.97505262930230234275E+01    0.10825867688144821765E-14    0.23000926432558530778E-15
    0.97593140898298305075E+01    0.35344143033713365015E-14   -0.28165628593762770036E-15
    0.97681018866366375875E+01    0.18959395959238581520E-14   -0.43099417681227240927E-15
    0.97768896834434428911E+01   -0.16973878880706709942E-14   -0.37062311614367227493E-15
    0.97856774802502499710E+01   -0.30314799001288996012E-14   -0.51127034612577586434E-15
    0.97944652770570570510E+01   -0.93628954930413904788E-15   -0.68816524190315746998E-15
    0.98032530738638641310E+01    0.18719758894238874364E-14   -0.26003170834305234134E-15
    0.98120408706706712110E+01    0.24772427093620618955E-14    0.82270072338358920139E-15
    0.98208286674774782909E+01    0.73037267280635283651E-15    0.14665661334550847364E-14
    0.98296164642842835946E+01   -0.14687192809694552880E-14    0.63386922364759345474E-15
    0.98384042610910906745E+01   -0.22726938623187421992E-14   -0.10187726307181126110E-14
    0.98471920578978977545E+01   -0.11186559105931067134E-14   -0.15207810742249315747E-14
    0.98559798547047048345E+01    0.10212707073954560095E-14   -0.34431453052682220816E-16
    0.98647676515115119145E+01    0.20607311141640007674E-14    0.17079920641333564181E-14
    0.98735554483183189944E+01    0.60500642640677594473E-15    0.14117932477978551598E-14
    0.98823432451251260744E+01   -0.20696034869720801890E-14   -0.79498898125715793896E-15
    0.98911310419319313780E+01   -0.28491377980231476919E-14   -0.23889890914986830357E-14
    0.98999188387387384580E+01   -0.44160794468158848983E-15   -0.15655418011790254599E-14
    0.99087066355455455380E+01    0.25472454685578969404E-14    0.62109952435421722459E-15
    0.99174944323523526180E+01    0.27201180148492964808E-14    0.18117243769442543787E-14
    0.99262822291591596979E+01    0.38736890558498756599E-15    0.10822103117847838263E-14
    0.99350700259659667779E+01   -0.83002417148273937244E-15   -0.41392241324861414719E-15
    0.99438578227727720815E+01    0.67704951510124695984E-15   -0.97965716479053903466E-15
    0.99526456195795791615E+01    0.16888104397750662163E-14    0.28783705062235764657E-16
    0.99614334163863862415E+01   -0.39822339329167336274E-15    0.12513120590748927959E-14
    0.99702212131931933214E+01   -0.12317276018263838211E-14   -0.16689295516754522755E-15
    0.99790090100000004014E+01   -0.14420340590911536406E-15    0.53826112876968857565E-15
