    0.11999999999999999556E+01    0.00000000000000000000E+00    0.00000000000000000000E+00
    0.12087877968068068135E+01    0.68188926836486110242E-16    0.68352330280271238931E-16
    0.12175755936136136715E+01    0.48755506060050932534E-16    0.31928599233806662868E-16
    0.12263633904204203073E+01    0.43603478297100223137E-16    0.24590118453490447418E-16
    0.12351511872272271653E+01    0.64372164106284125739E-16    0.77735156068696422524E-16
    0.12439389840340340232E+01    0.18317210478721782236E-16    0.53291268352794425939E-16
    0.12527267808408408811E+01   -0.12230419801786568187E-15   -0.11149401635454599034E-15
    0.12615145776476475170E+01   -0.22368345139212501439E-15   -0.25283678342097210165E-15
    0.12703023744544543749E+01   -0.14276777644047131034E-15   -0.17580822220918479107E-15
    0.12790901712612612329E+01    0.59625384431455631739E-16    0.61403700239942049288E-16
    0.12878779680680680908E+01    0.15599336681087633868E-15    0.18273034966761604531E-15
    0.12966657648748749487E+01    0.33844367788981764924E-16    0.42349443082979366082E-16
    0.13054535616816815846E+01   -0.13932834206676413901E-15   -0.16706764907422940059E-15
    0.13142413584884884425E+01   -0.12779905461686936211E-15   -0.16446291495812088509E-15
    0.13230291552952953005E+01    0.61963061130238407289E-16    0.47951438915131416325E-16
    0.13318169521021021584E+01    0.19005520985262535134E-15    0.19107418430911451233E-15
    0.13406047489089087943E+01    0.10269584031434214489E-15    0.83678301549530407921E-16
    0.13493925457157156522E+01   -0.65755766649481029203E-16   -0.11914841557969984763E-15
    0.13581803425225225102E+01   -0.87485941516015973016E-16   -0.15036403161282583076E-15
    0.13669681393293293681E+01    0.55786268528830750127E-16    0.17809572504435336461E-16
    0.13757559361361360040E+01    0.16226725554439791326E-15    0.16034167908363903334E-15
    0.13845437329429428619E+01    0.82717850815156371788E-16    0.11291984706852130795E-15
    0.13933315297497497198E+01   -0.10126361454589289301E-15   -0.22391510078553540547E-16
    0.14021193265565565778E+01   -0.22460847911154470817E-15   -0.44931454809430834853E-16
    0.14109071233633634357E+01   -0.27423574807980908883E-15    0.73154277060966917366E-16
    0.14196949201701700716E+01   -0.38961727253390751606E-15    0.16726446573215357989E-15
    0.14284827169769769295E+01   -0.63817550164810552861E-15    0.10303541241162176223E-15
    0.14372705137837837874E+01   -0.86906673821095402272E-15   -0.68313605083117933816E-16
    0.14460583105905906454E+01   -0.83087392570782419558E-15   -0.19725121058879555357E-15
    0.14548461073973975033E+01   -0.37583189423570726959E-15   -0.19687309893680462046E-15
    0.14636339042042041392E+01    0.41655654847820328863E-15   -0.90359809101980960270E-16
    0.14724217010110109971E+01    0.12007041314700545361E-14    0.51669317793932028933E-16
    0.14812094978178178550E+01    0.14505357461814042803E-14    0.16740876719929518907E-15
    0.14899972946246244909E+01    0.81755684716823694564E-15    0.20966247826727149466E-15
    0.14987850914314313489E+01   -0.47431879182940591518E-15    0.13891380035994387391E-15
    0.15075728882382382068E+01   -0.16571478807997190874E-14   -0.44232453012757007903E-16
    0.15163606850450450647E+01   -0.18505672169560714535E-14   -0.23245053151137482546E-15
    0.15251484818518519226E+01   -0.57247783177389325740E-15   -0.22340230056800654624E-15
    0.15339362786586585585E+01    0.16886187649071637326E-14    0.71293754278804068038E-16
    0.15427240754654654165E+01    0.31165949022141703800E-14    0.40425911741469228278E-15
    0.15515118722722722744E+01    0.17662171708414547054E-14    0.35922049074816313532E-15
    0.15602996690790791323E+01   -0.18707290519711213233E-14   -0.13157539708883226152E-15
    0.15690874658858859902E+01   -0.40798235554774007220E-14   -0.56054755745939304289E-15
    0.15778752626926926261E+01   -0.17608053751522572096E-14   -0.41141124511287893151E-15
    0.15866630594994994841E+01    0.30045979506769183149E-14    0.12249885425877140638E-15
    0.15954508563063063420E+01    0.45045800720858747561E-14    0.30093301136005491294E-15
    0.16042386531131129779E+01    0.48141254465862951752E-15   -0.20053377809253301114E-15
    0.16130264499199198358E+01   -0.41893976976109751937E-14   -0.76964030350197558709E-15
    0.16218142467267266937E+01   -0.34417534252480574503E-14   -0.60985317153433156239E-15
    0.16306020435335335517E+01    0.19657579003777004885E-14    0.21960830918058236199E-15
    0.16393898403403404096E+01    0.52964153613407363922E-14    0.85119239437745976239E-15
    0.16481776371471470455E+01    0.26986345449083503396E-14    0.64554454713876383159E-15
    0.16569654339539539034E+01   -0.16592296398587396735E-14   -0.13217997170576235709E-15
    0.16657532307607607613E+01   -0.14442162168344711052E-14   -0.76092494011683704984E-15
    0.16745410275675676193E+01    0.34388461300412891422E-14   -0.82418954002759777778E-15
    0.16833288243743744772E+01    0.70801481477493514583E-14   -0.41009810191359003470E-15
    0.16921166211811811131E+01    0.55701794371367498906E-14    0.20398373080529608983E-15
    0.17009044179879879710E+01    0.18454471916795824433E-14    0.80909867283496445641E-15
    0.17096922147947948289E+01    0.10506188665120476690E-14    0.12419877309241153544E-14
    0.17184800116016014648E+01    0.36462456453029316901E-14    0.12964407173560814873E-14
    0.17272678084084085448E+01    0.53299528648609475258E-14    0.84072441880386576480E-15
    0.17360556052152151807E+01    0.30484767120278288706E-14    0.10994316373250868825E-15
    0.17448434020220220386E+01   -0.12475461122950867119E-14   -0.27022215110917569493E-15
    0.17536311988288288966E+01   -0.36932603383954856357E-14    0.80788419924499728393E-16
    0.17624189956356355324E+01   -0.32745245663175454010E-14    0.60996157001998073123E-15
    0.17712067924424426124E+01   -0.21711574189919852850E-14    0.24072798539591591403E-15
    0.17799945892492492483E+01   -0.21727276022705224766E-14   -0.12705871402050321733E-14
    0.17887823860560561062E+01   -0.24044962016914110805E-14   -0.27095235656368466660E-14
    0.17975701828628629642E+01   -0.10849000252164844686E-14   -0.26852645722745121359E-14
    0.18063579796696696000E+01    0.17515968254676259806E-14   -0.12759903156484373485E-14
    0.18151457764764764580E+01    0.41558230488476619605E-14    0.13649279163665893079E-15
    0.18239335732832833159E+01    0.44755148331618167721E-14    0.60686367710142664010E-15
    0.18327213700900899518E+01    0.28509839305354098707E-14    0.63940830895605074406E-15
    0.18415091668968970318E+01    0.49062392180369018558E-15    0.11550927579161603136E-14
    0.18502969637037036676E+01   -0.16506619198592854908E-14    0.20158420088653782713E-14
    0.18590847605105105256E+01   -0.32050085155872791956E-14    0.21100918676985890244E-14
    0.18678725573173173835E+01   -0.38577573168678943208E-14    0.78976228381498805873E-15
    0.18766603541241240194E+01   -0.30897916945737841254E-14   -0.12482082900627510601E-14
    0.18854481509309310994E+01   -0.75838321226810676645E-15   -0.26647312215589678166E-14
    0.18942359477377377353E+01    0.22131468150823624640E-14   -0.26041499336222551539E-14
    0.19030237445445445932E+01    0.41976166791725539022E-14   -0.11337087667991979231E-14
    0.19118115413513514511E+01    0.41178217891721890855E-14    0.93340254510604901364E-15
    0.19205993381581580870E+01    0.22248396185401885862E-14    0.24291029457502901734E-14
    0.19293871349649649449E+01   -0.39539877518943809255E-15    0.25303701083701961287E-14
    0.19381749317717718029E+01   -0.26599449625164440842E-14    0.14116873650926358869E-14
    0.19469627285785784387E+01   -0.38370900962378814981E-14    0.13767515852880454114E-17
    0.19557505253853855187E+01   -0.34708888289770494487E-14   -0.10078441118140391694E-14
    0.19645383221921921546E+01   -0.14201495131787437142E-14   -0.16867095648326161685E-14
    0.19733261189989990125E+01    0.17483100485498062274E-14   -0.22083291837168422845E-14
    0.19821139158058058705E+01    0.44340264356570042253E-14   -0.20149050861600889221E-14
    0.19909017126126125063E+01    0.47648662396786862483E-14   -0.29298780533231890242E-15
    0.19996895094194195863E+01    0.22383785415752524435E-14    0.24871127218882677546E-14
    0.20084773062262262222E+01   -0.15275286093323505781E-14    0.41068798404850731519E-14
    0.20172651030330328581E+01   -0.41749713149386382932E-14    0.27060497922618455555E-14
    0.20260528998398399381E+01   -0.44478337823974110515E-14   -0.79360237933094446840E-15
    0.20348406966466465740E+01   -0.26393641842335766590E-14   -0.33347301491782018120E-14
    0.20436284934534532098E+01    0.14529619527968184219E-15   -0.29019924857034876107E-14
    0.20524162902602602898E+01    0.26882771442966765576E-14   -0.40309519353424665104E-15
    0.20612040870670673698E+01    0.39893289696424952088E-14    0.18230765665106988679E-14
    0.20699918838738740057E+01    0.34776600019816223328E-14    0.23141260261983482689E-14
    0.20787796806806806416E+01    0.12341838048781322068E-14    0.11616154903684287625E-14
    0.20875674774874877215E+01   -0.17948491372564053972E-14   -0.69332618883515976633E-15
    0.20963552742942943574E+01   -0.39737001244721745873E-14   -0.21699187944294372063E-14
    0.21051430711011009933E+01   -0.39711506360904224453E-14   -0.24412899171411234005E-14
    0.21139308679079080733E+01   -0.18183107479878469874E-14   -0.12134449647355927035E-14
    0.21227186647147147092E+01    0.11713323769208455490E-14    0.10659624369970179724E-14
    0.21315064615215213450E+01    0.34162082981488580723E-14    0.30832796450266748834E-14
    0.21402942583283284250E+01    0.39058345844676409339E-14    0.30868367653360264197E-14
    0.21490820551351350609E+01    0.24565006246737273920E-14    0.44585374774733171033E-15
    0.21578698519419421409E+01   -0.26898070151961959824E-15   -0.29108683443557162044E-14
    0.21666576487487487768E+01   -0.30187328573665179559E-14   -0.37632542304008531525E-14
    0.21754454455555558567E+01   -0.44344580428154661031E-14   -0.98911812190192089447E-15
    0.21842332423623624926E+01   -0.35916405517375284850E-14    0.28764325854037413879E-14
    0.21930210391691691285E+01   -0.60592164043177019097E-15    0.43476356998970415872E-14
    0.22018088359759762085E+01    0.29551880039353278502E-14    0.24683034115255201943E-14
    0.22105966327827828444E+01    0.48591686611570158565E-14   -0.91603325070192569580E-15
    0.22193844295895894803E+01    0.39231504359738951128E-14   -0.34783623848685690163E-14
    0.22281722263963965602E+01    0.94529288599174379785E-15   -0.41325549969872332695E-14
    0.22369600232032031961E+01   -0.21759909465593388972E-14   -0.29527648747107919484E-14
    0.22457478200100098320E+01   -0.37783141153984754401E-14   -0.58460535078372305088E-15
    0.22545356168168169120E+01   -0.31520505827131146248E-14    0.20294216068234936514E-14
    0.22633234136236239920E+01   -0.72863271726586112611E-15    0.36766002603016302150E-14
    0.22721112104304301837E+01    0.20929765028975150766E-14    0.31937721814426244791E-14
    0.22808990072372372637E+01    0.37389523949082547925E-14    0.43370290797710588185E-15
    0.22896868040440443437E+01    0.33488565008219279706E-14   -0.29043173284350371422E-14
    0.22984746008508509796E+01    0.11382299805910743092E-14   -0.42751610876558742162E-14
    0.23072623976576576155E+01   -0.16814211861856810142E-14   -0.26745744978210699093E-14
    0.23160501944644646954E+01   -0.33645922148079889936E-14    0.28259542934248269144E-15
    0.23248379912712713313E+01   -0.27656125649422931678E-14    0.22098577982242338522E-14
    0.23336257880780779672E+01   -0.40341307460997402433E-15    0.22836792823106988189E-14
    0.23424135848848850472E+01    0.19575624751140647020E-14    0.13582368507733845718E-14
    0.23512013816916916831E+01    0.28659204764359171091E-14    0.35229395647986167179E-15
    0.23599891784984983190E+01    0.21662106572140557013E-14   -0.70396921987205052897E-15
    0.23687769753053053989E+01    0.59663506295889643145E-15   -0.19477471045691528439E-14
    0.23775647721121124789E+01   -0.96627863325628927707E-15   -0.27106054555840167150E-14
    0.23863525689189186707E+01   -0.18972867211792645285E-14   -0.19197445159944773884E-14
    0.23951403657257257507E+01   -0.19143470046952967394E-14    0.46806389454799822797E-15
    0.24039281625325328307E+01   -0.10957481794867426788E-14    0.28900513233221258414E-14
    0.24127159593393394665E+01    0.18974808508646756299E-15    0.35034159339995441001E-14
    0.24215037561461461024E+01    0.13915986843188412999E-14    0.18178053143810391294E-14
    0.24302915529529531824E+01    0.19527495544339289059E-14   -0.10792770442444199499E-14
    0.24390793497597598183E+01    0.15335104752850417316E-14   -0.34003173639254685819E-14
    0.24478671465665664542E+01    0.19508233848669088087E-15   -0.36264726505672133295E-14
    0.24566549433733735341E+01   -0.15065739343535756483E-14   -0.14303186434957656960E-14
    0.24654427401801801700E+01   -0.25545853489399464764E-14    0.17147242496962009964E-14
    0.24742305369869868059E+01   -0.20316619287280245156E-14    0.34876766524494976337E-14
    0.24830183337937938859E+01   -0.43329147084706708620E-16    0.28022550153978261163E-14
    0.24918061306006009659E+01    0.20402185744619125616E-14    0.74511022513813807548E-15
    0.25005939274074071577E+01    0.27316408440161999253E-14   -0.92106485430909898955E-15
    0.25093817242142142376E+01    0.17324578511371636487E-14   -0.16079037402726163989E-14
    0.25181695210210213176E+01   -0.62266787959312768835E-16   -0.18616158079447436370E-14
    0.25269573178278279535E+01   -0.15384521102110133862E-14   -0.19248769412139531885E-14
    0.25357451146346345894E+01   -0.20810424674887941702E-14   -0.11114933387543103680E-14
    0.25445329114414416694E+01   -0.16118004679641689073E-14    0.99418460359554051640E-15
    0.25533207082482483052E+01   -0.42942509978098184467E-15    0.32102412460729021560E-14
    0.25621085050550549411E+01    0.94316661306389110563E-15    0.35058514961621046141E-14
    0.25708963018618620211E+01    0.19051517338616712366E-14    0.12421892381564173863E-14
    0.25796840986686686570E+01    0.19654160048264204518E-14   -0.18667651465055819071E-14
    0.25884718954754752929E+01    0.10090562651148736825E-14   -0.35046100022780326509E-14
    0.25972596922822823728E+01   -0.49824989573955333157E-15   -0.28949318782210006685E-14
    0.26060474890890894528E+01   -0.17354516529830423367E-14   -0.95468051077567930659E-15
    0.26148352858958960887E+01   -0.20605037144399836757E-14    0.10231386458602288984E-14
    0.26236230827027027246E+01   -0.13629746242679454554E-14    0.22959038986132600161E-14
    0.26324108795095098046E+01   -0.17062109804039665768E-16    0.25918356124254198352E-14
    0.26411986763163164404E+01    0.13020209527799152915E-14    0.18126175866068716988E-14
    0.26499864731231230763E+01    0.19116550538172849926E-14    0.90090797085192215072E-16
    0.26587742699299301563E+01    0.14839409306613502566E-14   -0.19135420076462228258E-14
    0.26675620667367367922E+01    0.23444660030683604199E-15   -0.30698791422927396719E-14
    0.26763498635435434281E+01   -0.12252715283507324593E-14   -0.25702949874474016053E-14
    0.26851376603503505081E+01   -0.21480584047739064817E-14   -0.71044552949944828410E-15
    0.26939254571571571439E+01   -0.19977234066715834651E-14    0.13473376593865010456E-14
    0.27027132539639637798E+01   -0.83659463136317600685E-15    0.25400817905996018565E-14
    0.27115010507707708598E+01    0.61324449216806129511E-15    0.25180521830111305571E-14
    0.27202888475775779398E+01    0.15182378200262617641E-14    0.14796638389807644611E-14
    0.27290766443843845757E+01    0.15388706680520927600E-14   -0.16441238576947712137E-15
    0.27378644411911912115E+01    0.87587290676230731536E-15   -0.18906517345132114371E-14
    0.27466522379979982915E+01   -0.84316366079510391099E-16   -0.30008394312948013535E-14
    0.27554400348048049274E+01   -0.10127060096354312565E-14   -0.27729019726458704334E-14
    0.27642278316116115633E+01   -0.16084020966264237970E-14   -0.10269499838057046791E-14
    0.27730156284184186433E+01   -0.15430102293037643408E-14    0.13885766064238373272E-14
    0.27818034252252252791E+01   -0.64567566281285362064E-15    0.30585428991975234222E-14
    0.27905912220320319150E+01    0.75924693334318100099E-15    0.31099672904981605551E-14
    0.27993790188388389950E+01    0.18442302439746101451E-14    0.17814109229491858019E-14
    0.28081668156456460750E+01    0.18930563906349698197E-14   -0.94681346577330014428E-16
    0.28169546124524522668E+01    0.93231691170790466177E-15   -0.17970555046441445282E-14
    0.28257424092592593468E+01   -0.37869648676068238163E-15   -0.28820615755461590217E-14
    0.28345302060660664267E+01   -0.13727958829704865972E-14   -0.29766250875343277854E-14
    0.28433180028728730626E+01   -0.17668771915607162779E-14   -0.17865218886248167899E-14
    0.28521057996796796985E+01   -0.15508788826606939963E-14    0.44907566622900050650E-15
    0.28608935964864867785E+01   -0.78630176437189361873E-15    0.25899202873932951579E-14
    0.28696813932932934144E+01    0.37273543720241366332E-15    0.32178221316943082587E-14
    0.28784691901001000502E+01    0.15136312535630015833E-14    0.19068111173456882677E-14
    0.28872569869069071302E+01    0.20106054539256580012E-14   -0.30494208750347862998E-15
    0.28960447837137137661E+01    0.14680795123868178594E-14   -0.19669045149521789046E-14
    0.29048325805205204020E+01    0.14649774812414184289E-15   -0.24377231816957278269E-14
    0.29136203773273274820E+01   -0.11998629063869490197E-14   -0.19695850176271330525E-14
    0.29224081741341345619E+01   -0.18847803627696343976E-14   -0.10116800013424342865E-14
    0.29311959709409407537E+01   -0.16687313426457747461E-14    0.20702772744098526492E-15
    0.29399837677477478337E+01   -0.75063349805757654435E-15    0.14799084573986878786E-14
    0.29487715645545549137E+01    0.37082995727140512993E-15    0.23543553216670365588E-14
    0.29575593613613615496E+01    0.11609634890119302178E-14    0.23014056583137270349E-14
    0.29663471581681681855E+01    0.13820499538457164902E-14    0.11742516722810895160E-14
    0.29751349549749752654E+01    0.11929187289457742713E-14   -0.57259961438748948859E-15
    0.29839227517817819013E+01    0.83090648787699156579E-15   -0.21274559769146892651E-14
    0.29927105485885885372E+01    0.28451257795746003640E-15   -0.26944346189913461166E-14
    0.30014983453953956172E+01   -0.56762753049506067243E-15   -0.18947257639200288099E-14
    0.30102861422022022531E+01   -0.15210414515271119423E-14   -0.15237293404233623520E-15
    0.30190739390090088889E+01   -0.19628418954335352888E-14    0.14027298476488448839E-14
    0.30278617358158159689E+01   -0.14435017335268249100E-14    0.18623310030395968809E-14
    0.30366495326226230489E+01   -0.24482181479732918025E-15    0.14088620176616186786E-14
    0.30454373294294292407E+01    0.85118699379006090231E-15    0.92605501086687827791E-15
    0.30542251262362363207E+01    0.13112671548824025580E-14    0.80472709784959376116E-15
    0.30630129230430434006E+01    0.12137190820943098361E-14    0.50020444752756517712E-15
    0.30718007198498500365E+01    0.87327997568941341866E-15   -0.50531516440476488353E-15
    0.30805885166566566724E+01    0.38585905653653029941E-15   -0.16934073642189108740E-14
    0.30893763134634637524E+01   -0.32423713928501941052E-15   -0.19328520249256943034E-14
    0.30981641102702703883E+01   -0.11348272536384200071E-14   -0.81460868893553838611E-15
    0.31069519070770770242E+01   -0.16138318958632196145E-14    0.81856047967003569961E-15
    0.31157397038838841041E+01   -0.13902479612082120972E-14    0.18403607762462231797E-14
    0.31245275006906907400E+01   -0.54372733746141350794E-15    0.19343776460186333265E-14
    0.31333152974974973759E+01    0.47685335371802286804E-15    0.15277768593541650213E-14
    0.31421030943043044559E+01    0.12394186828623786127E-14    0.97855310917043281450E-15
    0.31508908911111115358E+01    0.15630499235633886825E-14    0.19894118185119340407E-15
    0.31596786879179177276E+01    0.14539437379240358431E-14   -0.88310866457991797032E-15
    0.31684664847247248076E+01    0.98397338822463567052E-15   -0.18239508110418334500E-14
    0.31772542815315318876E+01    0.25111445711900043493E-15   -0.19361646734417222659E-14
    0.31860420783383385235E+01   -0.60541522480996533712E-15   -0.10378189069225326853E-14
    0.31948298751451451594E+01   -0.13934338107529321844E-14    0.27996787216173050768E-15
    0.32036176719519522393E+01   -0.18697533294656337611E-14    0.12534133134146345055E-14
    0.32124054687587593193E+01   -0.17730922133090912238E-14    0.16095493455258931493E-14
    0.32211932655655655111E+01   -0.97725554446533516568E-15    0.15496210194843489777E-14
    0.32299810623723725911E+01    0.29357680009384073784E-15    0.13000591502427183234E-14
    0.32387688591791796711E+01    0.14747424503640783692E-14    0.86846410156588975139E-15
    0.32475566559859858629E+01    0.20502547847389624377E-14    0.19655734565356163867E-15
    0.32563444527927929428E+01    0.19311725432811073069E-14   -0.63288336397524762235E-15
    0.32651322495996000228E+01    0.13779808581694833761E-14   -0.13838838926690893827E-14
    0.32739200464064062146E+01    0.64050784943332474806E-15   -0.17827458287696724054E-14
    0.32827078432132132946E+01   -0.21147853733637555963E-15   -0.16365814021381936837E-14
    0.32914956400200203745E+01   -0.11089192273797178642E-14   -0.93932463382338082829E-15
    0.33002834368268265663E+01   -0.17917761987870009217E-14    0.67140596164167862025E-16
    0.33090712336336336463E+01   -0.19333038939974778613E-14    0.10108693293685061151E-14
    0.33178590304404407263E+01   -0.14521332656916957195E-14    0.16138736842705733149E-14
    0.33266468272472478063E+01   -0.61139000092727311927E-15    0.17992114133904760949E-14
    0.33354346240540539981E+01    0.25102207084339812012E-15    0.15950334039845547589E-14
    0.33442224208608610780E+01    0.10021435967179683556E-14    0.10238636916487429205E-14
    0.33530102176676681580E+01    0.16539213345623922504E-14    0.13965347710871599438E-15
    0.33617980144744743498E+01    0.21012983798309683507E-14   -0.85039956205530180550E-15
    0.33705858112812814298E+01    0.20604570208137886160E-14   -0.15922753550590176021E-14
    0.33793736080880885098E+01    0.13531132788351025245E-14   -0.18075184172784536634E-14
    0.33881614048948947016E+01    0.18134982102145475468E-15   -0.15012644794154888235E-14
    0.33969492017017017815E+01   -0.98863284150442355195E-15   -0.89071311965536763663E-15
    0.34057369985085088615E+01   -0.17774282665984764339E-14   -0.16711724648714639870E-15
    0.34145247953153150533E+01   -0.20783860392526368845E-14    0.60904191069304702671E-15
    0.34233125921221221333E+01   -0.19520681618428971293E-14    0.13807700154969590483E-14
    0.34321003889289292133E+01   -0.14789856099953427620E-14    0.19598031974414020624E-14
    0.34408881857357362932E+01   -0.72902772574140298477E-15    0.20917435467438721855E-14
    0.34496759825425424850E+01    0.19681181380770670958E-15    0.16404484898196525312E-14
    0.34584637793493495650E+01    0.11411519028225331445E-14    0.69379883125591011276E-15
    0.34672515761561566450E+01    0.18998796249230538054E-14   -0.46944384669132023590E-15
    0.34760393729629628368E+01    0.22526914805107910426E-14   -0.14649217253004284393E-14
    0.34848271697697699167E+01    0.20454691208263004859E-14   -0.19669870610110922681E-14
    0.34936149665765769967E+01    0.12979905059832385230E-14   -0.19078025022305258064E-14
    0.35024027633833831885E+01    0.22766582402972719000E-15   -0.15026224257150940355E-14
    0.35111905601901902685E+01   -0.86081098138643625453E-15   -0.10003386386907165596E-14
    0.35199783569969973485E+01   -0.17007461572600525511E-14   -0.44613263985921843497E-15
    0.35287661538038035403E+01   -0.21214465885867580663E-14    0.24412895931879043108E-15
    0.35375539506106106202E+01   -0.20630331413836613818E-14    0.10307739188543097644E-14
    0.35463417474174177002E+01   -0.15708715832134552050E-14    0.16592405998218953322E-14
    0.35551295442242247802E+01   -0.76347217060629538095E-15    0.18402324527167078600E-14
    0.35639173410310309720E+01    0.20322961154176417176E-15    0.14561259895761775657E-14
    0.35727051378378380520E+01    0.11613429082419052641E-14    0.61928407533638826908E-15
    0.35814929346446451319E+01    0.19496753042173870877E-14   -0.36677045870189591101E-15
    0.35902807314514513237E+01    0.24258273191298531968E-14   -0.11273180454205692619E-14
    0.35990685282582584037E+01    0.24692155507697234653E-14   -0.14484433338468306210E-14
    0.36078563250650654837E+01    0.19950017530803227198E-14   -0.14477521391163697992E-14
    0.36166441218718716755E+01    0.10198522877269118736E-14   -0.13978133169859848631E-14
    0.36254319186786787554E+01   -0.25044636458428984777E-15   -0.13625988027085938671E-14
    0.36342197154854858354E+01   -0.14468783327944384471E-14   -0.11036490034300570271E-14
    0.36430075122922929154E+01   -0.22371861377090776013E-14   -0.41541887011034656348E-15
    0.36517953090990991072E+01   -0.25087549871666891893E-14    0.54972688640372062044E-15
    0.36605831059059061872E+01   -0.23274664715488074712E-14    0.13831459036381436164E-14
    0.36693709027127132671E+01   -0.17718590457133092671E-14    0.17638999597199255204E-14
    0.36781586995195194589E+01   -0.87785481193736012247E-15    0.16485296900070648848E-14
    0.36869464963263265389E+01    0.23747474807837962635E-15    0.12020392666114279026E-14
    0.36957342931331336189E+01    0.12756258770038878770E-14    0.66852949820593321436E-15
    0.37045220899399398107E+01    0.19058774862484822095E-14    0.23376715201531599110E-15
    0.37133098867467468907E+01    0.20431708523823657238E-14   -0.10350884510700333957E-15
    0.37220976835535539706E+01    0.19005081059293311362E-14   -0.50627262082545336448E-15
    0.37308854803603601624E+01    0.16928659268471227188E-14   -0.10466905789898637571E-14
    0.37396732771671672424E+01    0.13669084358540273683E-14   -0.15037095726054754474E-14
    0.37484610739739743224E+01    0.73129977569590923941E-15   -0.15506853255388208046E-14
    0.37572488707807814023E+01   -0.19904261099546764327E-15   -0.11453872399487938204E-14
    0.37660366675875875941E+01   -0.11057089452102663062E-14   -0.61262094209185816978E-15
    0.37748244643943946741E+01   -0.16555902779077114165E-14   -0.25364410867310678462E-15
    0.37836122612012017541E+01   -0.17857134481615286487E-14    0.94214636981281159470E-17
    0.37924000580080079459E+01   -0.16464768243036058830E-14    0.45492063024941571978E-15
    0.38011878548148150259E+01   -0.13585635807019018861E-14    0.11016329888650598692E-14
    0.38099756516216221058E+01   -0.91309324300659071643E-15    0.15860555142707722453E-14
    0.38187634484284282976E+01   -0.29973885147702743865E-15    0.15602494438656146285E-14
    0.38275512452352353776E+01    0.36464290124751806128E-15    0.10721785191926604920E-14
    0.38363390420420424576E+01    0.89432129329522648945E-15    0.44829099555966757669E-15
    0.38451268388488486494E+01    0.11912656616035237951E-14   -0.89964405706042103620E-16
    0.38539146356556557294E+01    0.12934616220723853467E-14   -0.57336367254801129915E-15
    0.38627024324624628093E+01    0.12570826454523070318E-14   -0.10641917709359419694E-14
    0.38714902292692698893E+01    0.10467285224598888099E-14   -0.14404397416894559115E-14
    0.38802780260760760811E+01    0.59085482889731607119E-15   -0.14971804083338543061E-14
    0.38890658228828831611E+01   -0.77933524759056571987E-16   -0.12108573873488694307E-14
    0.38978536196896902410E+01   -0.78852449777548868813E-15   -0.79894539771258809017E-15
    0.39066414164964964328E+01   -0.13568485130440166446E-14   -0.47101244858448129221E-15
    0.39154292133033035128E+01   -0.17059319412179848091E-14   -0.19973004130009410792E-15
    0.39242170101101105928E+01   -0.18382999266558209399E-14    0.18843130836260598762E-15
    0.39330048069169167846E+01   -0.17325827782141636027E-14    0.75583867002973060377E-15
    0.39417926037237238646E+01   -0.13256787618024171090E-14    0.13525200394486668179E-14
    0.39505804005305309445E+01   -0.62313009603940708593E-15    0.17529517061123677386E-14
    0.39593681973373371363E+01    0.21153012653479247817E-15    0.18150641272226660884E-14
    0.39681559941441442163E+01    0.94479894076252802090E-15    0.15355504179330242869E-14
    0.39769437909509512963E+01    0.14494719194374062075E-14    0.10415626364710800696E-14
    0.39857315877577583763E+01    0.17599624843647325340E-14    0.52376432577137419128E-15
    0.39945193845645645681E+01    0.19493314846856095378E-14    0.93668732869969239677E-16
    0.40033071813713716480E+01    0.20067217247511286642E-14   -0.31536474735134980606E-15
    0.40120949781781787280E+01    0.18524500295809649271E-14   -0.83016145085629579154E-15
    0.40208827749849849198E+01    0.14270220751303061000E-14   -0.14168156853918207068E-14
    0.40296705717917919998E+01    0.75297569711471978738E-15   -0.18466538298433742718E-14
    0.40384583685985990797E+01   -0.48540509597761429527E-16   -0.19313212963460784829E-14
    0.40472461654054052715E+01   -0.77513092856331859670E-15   -0.17274921421088823705E-14
    0.40560339622122123515E+01   -0.12491355163098870057E-14   -0.14305303958330325043E-14
    0.40648217590190194315E+01   -0.14588372132191265527E-14   -0.11152295454015284877E-14
    0.40736095558258256233E+01   -0.15571924367701521240E-14   -0.66905041739216490227E-15
    0.40823973526326327033E+01   -0.16614756173554005451E-14   -0.41750628651590122602E-17
    0.40911851494394397832E+01   -0.16888777696960524354E-14    0.75427933324170617614E-15
    0.40999729462462468632E+01   -0.14665731769429572167E-14    0.13696948037974800585E-14
    0.41087607430530530550E+01   -0.97370568381913812414E-15    0.17358850003098629901E-14
    0.41175485398598601350E+01   -0.39913171799054933346E-15    0.19372388406720559584E-14
    0.41263363366666672150E+01    0.63933859991566306026E-16    0.20486241765753412102E-14
    0.41351241334734734068E+01    0.40636254496213102378E-15    0.19631440835336620365E-14
    0.41439119302802804867E+01    0.74268518469362695825E-15    0.15054235541917316043E-14
    0.41526997270870875667E+01    0.11265652224831875546E-14    0.68051481539780885677E-15
    0.41614875238938937585E+01    0.14722333691940837714E-14   -0.26890442827803091268E-15
    0.41702753207007008385E+01    0.16305986160884187676E-14   -0.10764084865564931183E-14
    0.41790631175075079184E+01    0.14906730863949680406E-14   -0.16548110486819127958E-14
    0.41878509143143141102E+01    0.10607604682066803528E-14   -0.20701502188155027533E-14
    0.41966387111211211902E+01    0.52482803073187206527E-15   -0.23989111081690482800E-14
    0.42054265079279282702E+01    0.15588181122095685319E-15   -0.26433826016930366072E-14
    0.42142143047347353502E+01    0.41559354154124576283E-16   -0.27354482540201896186E-14
    0.42230021015415415420E+01   -0.92190118389329038168E-16   -0.25721989520284852724E-14
    0.42317898983483486219E+01   -0.58769349884107414101E-15   -0.21009051207024870904E-14
    0.42405776951551557019E+01   -0.13600409060802990019E-14   -0.14177779796579452810E-14
    0.42493654919619618937E+01   -0.18726351057262155760E-14   -0.74248625257612719306E-15
    0.42581532887687689737E+01   -0.17530329127183112188E-14   -0.22728653504978404944E-15
    0.42669410855755760537E+01   -0.12852824753089131973E-14    0.18799767777088124876E-15
    0.42757288823823822455E+01   -0.10453492499286028156E-14    0.65175999213808054213E-15
    0.42845166791891893254E+01   -0.11483826843150688031E-14    0.11561815205520534472E-14
    0.42933044759959964054E+01   -0.11091506242790757697E-14    0.15026471767798121850E-14
    0.43020922728028034854E+01   -0.53880846800463604942E-15    0.15521660609241314751E-14
    0.43108800696096096772E+01    0.27299306073444874687E-15    0.14271391720877088536E-14
    0.43196678664164167571E+01    0.71975805974995065580E-15    0.13589459328090270561E-14
    0.43284556632232238371E+01    0.66582574193952930675E-15    0.13774359437398472568E-14
    0.43372434600300300289E+01    0.59714204285559601672E-15    0.12569684453278548080E-14
    0.43460312568368371089E+01    0.91020660602872872941E-15    0.80879677308814623016E-15
    0.43548190536436441889E+01    0.13265134293623839518E-14    0.13297089033691180029E-15
    0.43636068504504503807E+01    0.12887294600060500083E-14   -0.49080417428981144887E-15
    0.43723946472572574606E+01    0.78815388798898892949E-15   -0.88098402879665533813E-15
    0.43811824440640645406E+01    0.46780197101276385712E-15   -0.10643518667355130116E-14
    0.43899702408708707324E+01    0.76003222453441650268E-15   -0.11561850389083465354E-14
    0.43987580376776778124E+01    0.12119646634077446342E-14   -0.12276587722396444834E-14
    0.44075458344844848924E+01    0.10507514122123810252E-14   -0.12769325750293136316E-14
    0.44163336312912919723E+01    0.27863399740996742678E-15   -0.12539544800518135435E-14
    0.44251214280980981641E+01   -0.22114377992850831192E-15   -0.10927075107463697164E-14
    0.44339092249049052441E+01    0.12098625955409827412E-15   -0.74890463499000627095E-15
    0.44426970217117123241E+01    0.64316717107446116578E-15   -0.23188746587706080047E-15
    0.44514848185185185159E+01    0.25867336836948939791E-15    0.38601250506992184755E-15
    0.44602726153253255958E+01   -0.10103758429093592715E-14    0.97600257704398496398E-15
    0.44690604121321326758E+01   -0.18713806022831089459E-14    0.14028528112968001534E-14
    0.44778482089389388676E+01   -0.13865896820194341933E-14    0.16278762910402914008E-14
    0.44866360057457459476E+01   -0.25392745511391435573E-15    0.17657371656813745550E-14
    0.44954238025525530276E+01    0.12887641342842772058E-15    0.19580198676628546521E-14
    0.45042115993593592194E+01   -0.45940876007648689919E-15    0.21760252414292578424E-14
    0.45129993961661662993E+01   -0.77774369194388216885E-15    0.22203900285987070985E-14
    0.45217871929729733793E+01    0.10406051207422159820E-15    0.19718042008346209968E-14
    0.45305749897797804593E+01    0.14042722878215578695E-14    0.15770443062184170637E-14
    0.45393627865865866511E+01    0.16635252813903844014E-14    0.12754978889480560576E-14
    0.45481505833933937311E+01    0.79214824129933899451E-15    0.10785072088053659622E-14
    0.45569383802002008110E+01    0.30855068912113324909E-15    0.73753257702657440178E-15
    0.45657261770070070028E+01    0.12641684760472537427E-14    0.80787919666291185794E-16
    0.45745139738138140828E+01    0.26472990994028338810E-14   -0.72263700479827908723E-15
    0.45833017706206211628E+01    0.26771386926743068938E-14   -0.13469424647058255859E-14
    0.45920895674274273546E+01    0.12760923334840102710E-14   -0.16819526261442939867E-14
    0.46008773642342344345E+01    0.32442459643952039586E-15   -0.19115474904876053073E-14
    0.46096651610410415145E+01    0.11113080635381550135E-14   -0.22174812950316913598E-14
    0.46184529578478477063E+01    0.23968348436786282578E-14   -0.25300018477412184339E-14
    0.46272407546546547863E+01    0.20222889498999915302E-14   -0.26420372770461150048E-14
    0.46360285514614618663E+01   -0.56041587536296542512E-16   -0.24780005797512271211E-14
    0.46448163482682689462E+01   -0.14837691934823130640E-14   -0.21603478924087651546E-14
    0.46536041450750751380E+01   -0.66596527851320024072E-15   -0.18192148740719920600E-14
    0.46623919418818822180E+01    0.85283783933479517570E-15   -0.14343367031094754680E-14
    0.46711797386886892980E+01    0.38718764000975142256E-15   -0.92290774327099109022E-15
    0.46799675354954954898E+01   -0.21549885030171166753E-14   -0.32607448700269821194E-15
    0.46887553323023025698E+01   -0.38998441833412068721E-14    0.18351715603507170711E-15
    0.46975431291091096497E+01   -0.28000763983536940222E-14    0.51573620759303832145E-15
    0.47063309259159158415E+01   -0.51932797467211387914E-15    0.80908544669425424698E-15
    0.47151187227227229215E+01   -0.19584812546088284760E-15    0.12434656936533202201E-14
    0.47239065195295300015E+01   -0.21832231462725373916E-14    0.17312019891407792543E-14
    0.47326943163363361933E+01   -0.35325543491852382156E-14    0.19403498727936365982E-14
    0.47414821131431432732E+01   -0.20717554212021684052E-14    0.17212008009069223186E-14
    0.47502699099499503532E+01    0.48955977472609009187E-15    0.13945342628267134728E-14
    0.47590577067567574332E+01    0.93956027417935093547E-15    0.13961768675877746905E-14
    0.47678455035635636250E+01   -0.92615311433573405718E-15    0.16831956902317791709E-14
    0.47766333003703707050E+01   -0.18595632756923500739E-14    0.17193514008059270897E-14
    0.47854210971771777849E+01    0.34597434404136980452E-15    0.11598770869170802638E-14
    0.47942088939839839767E+01    0.35195377773395121649E-14    0.35304739248580579295E-15
    0.48029966907907910567E+01    0.39209282412424668865E-14   -0.87198901801874842291E-16
    0.48117844875975981367E+01    0.13843832796749161659E-14   -0.64036338704448959846E-16
    0.48205722844044043285E+01   -0.24451423707804483902E-15   -0.89475178828456981551E-16
    0.48293600812112114085E+01    0.16733382616393519713E-14   -0.54462509057439864860E-15
    0.48381478780180184884E+01    0.47225383071790901283E-14   -0.11244936464858378469E-14
    0.48469356748248246802E+01    0.46545077129033792832E-14   -0.12712391854909794083E-14
    0.48557234716316317602E+01    0.12618539631257854690E-14   -0.97933658858631557980E-15
    0.48645112684384388402E+01   -0.11223499812320599111E-14   -0.85726516555954397792E-15
    0.48732990652452459202E+01    0.48087729778978433579E-15   -0.13046881010008053998E-14
    0.48820868620520521119E+01    0.33758967181015510997E-14   -0.19131561711985641091E-14
    0.48908746588588591919E+01    0.28278826333601112476E-14   -0.19847113362347251045E-14
    0.48996624556656662719E+01   -0.13584527776094809844E-14   -0.14642891134325674378E-14
    0.49084502524724724637E+01   -0.43041747322486012920E-14   -0.10249325167345357350E-14
    0.49172380492792795437E+01   -0.26386241982787318355E-14   -0.11549267834624392963E-14
    0.49260258460860866236E+01    0.70047854036291887289E-15   -0.14814981880907909918E-14
    0.49348136428928928154E+01    0.48843188213907492243E-15   -0.12919245628059149976E-14
    0.49436014396996998954E+01   -0.35453199329766678244E-14   -0.49795828917105709388E-15
    0.49523892365065069754E+01   -0.61461147006344413203E-14    0.25235182734724908108E-15
    0.49611770333133140554E+01   -0.37385501358011489444E-14    0.45943869698803328075E-15
    0.49699648301201202472E+01    0.37027437023239852298E-15    0.43143319241754491396E-15
    0.49787526269269273271E+01    0.44880550137893124023E-15    0.79587597546762132440E-15
    0.49875404237337344071E+01   -0.37334508503208752845E-14    0.15923630088854308068E-14
    0.49963282205405405989E+01   -0.63442545941055513018E-14    0.21798932140156773297E-14
    0.50051160173473476789E+01   -0.34223009100486544254E-14    0.20868808626566160500E-14
    0.50139038141541547589E+01    0.14302145746870024624E-14    0.16407111345157807914E-14
    0.50226916109609609506E+01    0.19230387273203215635E-14    0.15066517121588886807E-14
    0.50314794077677680306E+01   -0.23023744641862785014E-14    0.18304355194258361073E-14
    0.50402672045745751106E+01   -0.50438332003906076070E-14    0.21241191868295065291E-14
    0.50490550013813813024E+01   -0.20376330886855989495E-14    0.20044883536424664831E-14
    0.50578427981881883824E+01    0.29732009902780991998E-14    0.17343144694031552911E-14
    0.50666305949949954623E+01    0.34354897795330359357E-14    0.17975842384614703177E-14
    0.50754183918018025423E+01   -0.89136716530434238374E-15    0.21394904644571902319E-14
    0.50842061886086087341E+01   -0.33744832620638894540E-14    0.21527559498389554645E-14
    0.50929939854154158141E+01    0.37514110601555267469E-15    0.15060415031416750792E-14
    0.51017817822222228941E+01    0.60871311927570488990E-14    0.69916816215822711227E-15
    0.51105695790290290859E+01    0.65505561063443566393E-14    0.45397743761288412290E-15
    0.51193573758358361658E+01    0.14869303251997910795E-14    0.71899612139784373197E-15
    0.51281451726426432458E+01   -0.18877617144540055231E-14    0.66731449493766990069E-15
    0.51369329694494494376E+01    0.12821454420717964107E-14   -0.19843000819234991230E-15
    0.51457207662562565176E+01    0.65883564741290923107E-14   -0.12923721845637661670E-14
    0.51545085630630635976E+01    0.64594977895468346605E-14   -0.16801612727015551827E-14
    0.51632963598698697893E+01    0.65149802351755177729E-15   -0.13115448537574167937E-14
    0.51720841566766768693E+01   -0.31951012578001698198E-14   -0.10800830610909248490E-14
    0.51808719534834839493E+01    0.51971894319895055779E-18   -0.15849327035891003859E-14
    0.51896597502902910293E+01    0.55049588088111760021E-14   -0.22724150579896002663E-14
    0.51984475470970972211E+01    0.52691781284503439902E-14   -0.22097847343110796087E-14
    0.52072353439039043010E+01   -0.10029698221818733394E-14   -0.13991395989705439785E-14
    0.52160231407107113810E+01   -0.52939298381591067456E-14   -0.82688005856353036801E-15
    0.52248109375175184610E+01   -0.22329956541897804792E-14   -0.11278706946931338938E-14
    0.52335987343243246528E+01    0.33294656963006080199E-14   -0.16766869589039229255E-14
    0.52423865311311317328E+01    0.30839427071291747124E-14   -0.14577402126412373202E-14
    0.52511743279379388127E+01   -0.32820002872470651919E-14   -0.50862446978711923197E-15
    0.52599621247447450045E+01   -0.75409162281975752644E-14    0.62658486701422552245E-16
    0.52687499215515520845E+01   -0.42287716543160512654E-14   -0.39513419181755663579E-15
    0.52775377183583591645E+01    0.16181383191324389859E-14   -0.10655789098893059043E-14
    0.52863255151651653563E+01    0.15013670483686063787E-14   -0.72058422941541984644E-15
    0.52951133119719724363E+01   -0.47531046642298585803E-14    0.57306073802479430510E-15
    0.53039011087787795162E+01   -0.85577601564785576730E-14    0.14400055614675900383E-14
    0.53126889055855857080E+01   -0.43174648246977428852E-14    0.99769605227280642404E-15
    0.53214767023923927880E+01    0.26075648318968610428E-14    0.72065604422015144283E-16
    0.53302644991991998680E+01    0.32699413614707445728E-14    0.72921457383554016718E-16
    0.53390522960060069479E+01   -0.26472837401638763997E-14    0.11239511532349967341E-14
    0.53478400928128131397E+01   -0.63793067432065489024E-14    0.19498487154530571710E-14
    0.53566278896196202197E+01   -0.21414488864364959101E-14    0.16344909452953924053E-14
    0.53654156864264272997E+01    0.47320475942415399083E-14    0.83412328792582724784E-15
    0.53742034832332334915E+01    0.52640272243444252045E-14    0.76762893409138528219E-15
    0.53829912800400405715E+01   -0.82415285969047599638E-15    0.15050955796534827394E-14
    0.53917790768468476514E+01   -0.47079361977225542585E-14    0.18877406526656363991E-14
    0.54005668736536538432E+01   -0.62173832937576147418E-15    0.11672046219763469032E-14
    0.54093546704604609232E+01    0.60192077265430630673E-14    0.10057548840003436838E-15
    0.54181424672672680032E+01    0.62402147396921001140E-14   -0.85840050946591753811E-16
    0.54269302640740750832E+01   -0.66055541321376649125E-16    0.61663492691965990446E-15
    0.54357180608808812750E+01   -0.38943775034265321637E-14    0.96075381777624901624E-15
    0.54445058576876883549E+01    0.43034239650459511470E-15    0.12289005709388531001E-15
    0.54532936544944954349E+01    0.70850187971333665604E-14   -0.11753631427187774166E-14
    0.54620814513013016267E+01    0.67831948235714687511E-14   -0.16844665906189037407E-14
    0.54708692481081087067E+01   -0.36050170726670905896E-15   -0.12935077268494234576E-14
    0.54796570449149157866E+01   -0.47501896843915374247E-14   -0.10955211258196618762E-14
    0.54884448417217219784E+01   -0.40271580746519632444E-15   -0.17998455112341688129E-14
    0.54972326385285290584E+01    0.65356948085071953466E-14   -0.26899715778417987549E-14
    0.55060204353353361384E+01    0.62422022965063037921E-14   -0.26352009599247443752E-14
    0.55148082321421423302E+01   -0.13457130698212894480E-14   -0.17027148248026910291E-14
    0.55235960289489494102E+01   -0.63924649340826309347E-14   -0.11393859294336474745E-14
    0.55323838257557564901E+01   -0.25990199009563567781E-14   -0.16914743741792748853E-14
    0.55411716225625635701E+01    0.40607920179043214811E-14   -0.25325054736309798548E-14
    0.55499594193693697619E+01    0.38174157950145879928E-14   -0.23840393224751920066E-14
    0.55587472161761768419E+01   -0.34278340740182586439E-14   -0.12644661954990853844E-14
    0.55675350129829839219E+01   -0.79787488550639166061E-14   -0.48351494360081470699E-15
    0.55763228097897901137E+01   -0.37030527337921588889E-14   -0.86563085276022753317E-15
    0.55851106065965971936E+01    0.33571581083150880173E-14   -0.16104871382302165789E-14
    0.55938984034034042736E+01    0.34636074449781773036E-14   -0.14325652778055240411E-14
    0.56026862002102104654E+01   -0.34796597821783382823E-14   -0.34552646436796968292E-15
    0.56114739970170175454E+01   -0.78848593003278295147E-14    0.35105604103794457626E-15
    0.56202617938238246253E+01   -0.37381215928955027088E-14   -0.11852617038893396518E-15
    0.56290495906306308171E+01    0.29518398989439257525E-14   -0.87028148941000495447E-15
    0.56378373874374378971E+01    0.26640964910144154488E-14   -0.57730030759830723175E-15
    0.56466251842442449771E+01   -0.44122341683524154341E-14    0.66912794072837811583E-15
    0.56554129810510520571E+01   -0.85398973947612160076E-14    0.14205036902262380446E-14
    0.56642007778578582489E+01   -0.38380477627467637030E-14    0.83160230540844596970E-15
    0.56729885746646653288E+01    0.33223655863856120848E-14   -0.12536722979579335558E-15
    0.56817763714714724088E+01    0.31511193584175299683E-14    0.12322775888821190161E-16
    0.56905641682782786006E+01   -0.40570609092300831293E-14    0.11871897608626406136E-14
    0.56993519650850856806E+01   -0.82146184506927686126E-14    0.18821564590365898599E-14
    0.57081397618918927606E+01   -0.32418376416640550127E-14    0.12078226611472176221E-14
    0.57169275586986989524E+01    0.43524916140724592754E-14    0.18519388181942854458E-15
    0.57257153555055060323E+01    0.45186980030441576403E-14    0.33043690803132726971E-15
    0.57345031523123131123E+01   -0.25814170980831608652E-14    0.15301446592224351885E-14
    0.57432909491191193041E+01   -0.68534230125518824885E-14    0.21365751192190038322E-14
    0.57520787459259263841E+01   -0.21529261764713182381E-14    0.12121095641093448460E-14
    0.57608665427327334640E+01    0.51239110944637732492E-14   -0.10997035358209776083E-15
    0.57696543395395405440E+01    0.50684068205469413613E-14   -0.16554643435449289427E-15
    0.57784421363463467358E+01   -0.20940819983866606609E-14    0.95122147093055692397E-15
    0.57872299331531538158E+01   -0.63550662061259522484E-14    0.14806333646248033041E-14
    0.57960177299599608958E+01   -0.17073562140138809646E-14    0.37418069649602655778E-15
    0.58048055267667670876E+01    0.54190704195774906756E-14   -0.12534891416202021073E-14
    0.58135933235735741675E+01    0.52027100860508909875E-14   -0.16824752185428298916E-14
    0.58223811203803812475E+01   -0.20409297416102089382E-14   -0.92058721171036220994E-15
    0.58311689171871874393E+01   -0.63089573003312122846E-14   -0.65132968662386626129E-15
    0.58399567139939945193E+01   -0.16379096936836330144E-14   -0.19148853345084523813E-14
    0.58487445108008015993E+01    0.55743505022277024293E-14   -0.36808143103061340033E-14
    0.58575323076076077911E+01    0.55984050718481641243E-14   -0.43081549508266563152E-14
    0.58663201044144148710E+01   -0.12366455589059224002E-14   -0.37442256686633813896E-14
    0.58751079012212219510E+01   -0.50525129217874657258E-14   -0.34977122933257403236E-14
    0.58838956980280290310E+01    0.15757275060553827631E-18   -0.45154767743681827140E-14
    0.58926834948348352228E+01    0.75754356812447474473E-14   -0.58736985083839603001E-14
    0.59014712916416423027E+01    0.80551484705146373027E-14   -0.60815104595171425846E-14
    0.59102590884484493827E+01    0.16888024419497708039E-14   -0.50466838640660378831E-14
    0.59190468852552555745E+01   -0.19136742578003191648E-14   -0.40693954344913309042E-14
    0.59278346820620626545E+01    0.30057769845020243100E-14   -0.39963100023208063484E-14
    0.59366224788688697345E+01    0.10437958809529569826E-13   -0.40893790969709291000E-14
    0.59454102756756759263E+01    0.11186689993939066836E-13   -0.31591268396618925374E-14
    0.59541980724824830062E+01    0.54495054923903279208E-14   -0.12516101781927707510E-14
    0.59629858692892900862E+01    0.22946319914915730833E-14    0.43426735049213697766E-15
    0.59717736660960962780E+01    0.70615540648982903823E-14    0.12593211507715745076E-14
    0.59805614629029033580E+01    0.13894063764938027989E-13    0.21302266903223858667E-14
    0.59893492597097104380E+01    0.13991331174496670344E-13    0.42850858379407357389E-14
    0.59981370565165175179E+01    0.75814092140076906938E-14    0.75743290697941636360E-14
    0.60069248533233237097E+01    0.33251106235878178833E-14    0.10607433690992325296E-13
    0.60157126501301307897E+01    0.62561870602582274418E-14    0.12597809150415882387E-13
    0.60245004469369378697E+01    0.10727995842644062906E-13    0.14419398512367453072E-13
    0.60332882437437440615E+01    0.84127421879297851360E-14    0.17324857178484906026E-13
    0.60420760405505511415E+01   -0.23395239808587747618E-15    0.21131564446271983537E-13
    0.60508638373573582214E+01   -0.67144652047051747737E-14    0.24343044192893983242E-13
    0.60596516341641644132E+01   -0.62432684765861236308E-14    0.26016689590373185250E-13
    0.60684394309709714932E+01   -0.45083440004371554331E-14    0.26853833772345917393E-13
    0.60772272277777785732E+01   -0.97239644881779990517E-14    0.27989781045669582000E-13
    0.60860150245845856531E+01   -0.21384914417398978694E-13    0.29257367088839672872E-13
    0.60948028213913918449E+01   -0.31049747992388652361E-13    0.29264440233646200554E-13
    0.61035906181981989249E+01   -0.33866136464392437430E-13    0.27093839661731118330E-13
    0.61123784150050060049E+01   -0.35151627407065534553E-13    0.23296818794374507447E-13
    0.61211662118118121967E+01   -0.42628226698081532351E-13    0.18811624266799679858E-13
    0.61299540086186192767E+01   -0.55510722065816152437E-13    0.13422707963826014357E-13
    0.61387418054254263566E+01   -0.65336950712066226169E-13    0.58912164563189787423E-14
    0.61475296022322325484E+01   -0.67177415239023897220E-13   -0.44379856118699862564E-14
    0.61563173990390396284E+01   -0.65988897429046635906E-13   -0.16744861344081662816E-13
    0.61651051958458467084E+01   -0.69093836326485259494E-13   -0.29872421566124036943E-13
    0.61738929926526529002E+01   -0.75676601734846613474E-13   -0.43886582773394996602E-13
    0.61826807894594599802E+01   -0.77590145974261184764E-13   -0.59890531997528886688E-13
    0.61914685862662670601E+01   -0.70060361226243930061E-13   -0.78314069285406987413E-13
    0.62002563830730741401E+01   -0.57699758533644171859E-13   -0.97956036493132514920E-13
    0.62090441798798803319E+01   -0.47313041090200398240E-13   -0.11712994536038170666E-12
    0.62178319766866874119E+01   -0.37942791805839113187E-13   -0.13525895458240966537E-12
    0.62266197734934944918E+01   -0.21783072124237270496E-13   -0.15280049438714795593E-12
    0.62354075703003006836E+01    0.54979627912350739571E-14   -0.16972028105731093555E-12
    0.62441953671071077636E+01    0.39048530223008158019E-13   -0.18459581018870444011E-12
    0.62529831639139148436E+01    0.71873314291631524093E-13   -0.19550419995486559581E-12
    0.62617709607207210354E+01    0.10445716012596778076E-12   -0.20130171581968020989E-12
    0.62705587575275281154E+01    0.14378224303911904489E-12   -0.20160017664703952993E-12
    0.62793465543343351953E+01    0.19325837240319533264E-12   -0.19562376104330884401E-12
    0.62881343511411413871E+01    0.24720590708268105405E-12   -0.18160011890925084369E-12
    0.62969221479479484671E+01    0.29772191118803117704E-12   -0.15761858892160268436E-12
    0.63057099447547555471E+01    0.34400197214273295479E-12   -0.12276825052041228684E-12
    0.63144977415615626271E+01    0.39139486346885769988E-12   -0.76993376050407031610E-13
    0.63232855383683688189E+01    0.44174971345658161585E-12   -0.19866255112662211879E-13
    0.63320733351751758988E+01    0.48818339432247329043E-12    0.49997493980712677352E-13
    0.63408611319819829788E+01    0.52170145735453362672E-12    0.13384755295425609951E-12
    0.63496489287887891706E+01    0.54011195098777938707E-12    0.23140454651683211040E-12
    0.63584367255955962506E+01    0.54710510455744253932E-12    0.34098127698782815961E-12
    0.63672245224024033305E+01    0.54307935732457403271E-12    0.46087353084815264229E-12
    0.63760123192092095223E+01    0.52025524758730462181E-12    0.59006655932325169595E-12
    0.63848001160160166023E+01    0.46910610991963914449E-12    0.72714741018797597206E-12
    0.63935879128228236823E+01    0.38692972501231631842E-12    0.86888508828744366968E-12
    0.64023757096296298741E+01    0.27706533660103545255E-12    0.10103360736352269834E-11
    0.64111635064364369541E+01    0.14033701825370986478E-12    0.11462173617278739816E-11
    0.64199513032432440340E+01   -0.29446784396761746511E-13    0.12716255176789006097E-11
    0.64287391000500511140E+01   -0.23942033546136172864E-12    0.13810476653438145542E-11
    0.64375268968568573058E+01   -0.48962646436760689505E-12    0.14670779511405819721E-11
    0.64463146936636643858E+01   -0.77365836956328800172E-12    0.15206642613444855749E-11
    0.64551024904704714658E+01   -0.10864389197989505875E-11    0.15326152758885150505E-11
    0.64638902872772776576E+01   -0.14282350981092002026E-11    0.14944954392716836835E-11
    0.64726780840840847375E+01   -0.17989904496004489931E-11    0.13979219984643629301E-11
    0.64814658808908918175E+01   -0.21909338357281193808E-11    0.12335886718839775532E-11
    0.64902536776976980093E+01   -0.25892839005996941090E-11    0.99168893474830067209E-12
    0.64990414745045050893E+01   -0.29795451346920802603E-11    0.66348306222536893510E-12
    0.65078292713113121692E+01   -0.33512910410906526479E-11    0.24234922468847671235E-12
    0.65166170681181183610E+01   -0.36930332878790045703E-11   -0.27651575687175859839E-12
    0.65254048649249254410E+01   -0.39855729408324760538E-11   -0.89661670886150551040E-12
    0.65341926617317325210E+01   -0.42029567897283933281E-11   -0.16194780745223835529E-11
    0.65429804585385396010E+01   -0.43195664658731907568E-11   -0.24429921302532502823E-11
    0.65517682553453457928E+01   -0.43139919710124658028E-11   -0.33602638429297454695E-11
    0.65605560521521528727E+01   -0.41648166431410911668E-11   -0.43597103654629880320E-11
    0.65693438489589599527E+01   -0.38450999804262808165E-11   -0.54253866938512961805E-11
    0.65781316457657661445E+01   -0.33239667719949390447E-11   -0.65363441997322588380E-11
    0.65869194425725732245E+01   -0.25738667182118290855E-11   -0.76652225306855194842E-11
    0.65957072393793803045E+01   -0.15748173437530343047E-11   -0.87773673890312440905E-11
    0.66044950361861864963E+01   -0.31116452508578080638E-12   -0.98312035684281526200E-11
    0.66132828329929935762E+01    0.12327944098128904145E-11   -0.10778890042138148661E-10
    0.66220706297998006562E+01    0.30704408799632590586E-11   -0.11566347782760738778E-10
    0.66308584266066068480E+01    0.52051421002650857119E-11   -0.12132810629340861934E-10
    0.66396462234134139280E+01    0.76255103778239438236E-11   -0.12411051756147853812E-10
    0.66484340202202210079E+01    0.10307852192423407276E-10   -0.12329093597252133049E-10
    0.66572218170270280879E+01    0.13219752902607617559E-10   -0.11812289069574640116E-10
    0.66660096138338342797E+01    0.16317601866050291224E-10   -0.10784902206496236966E-10
    0.66747974106406413597E+01    0.19539399983616253857E-10   -0.91713273384847293746E-11
    0.66835852074474484397E+01    0.22800549493774970241E-10   -0.68981743647525735319E-11
    0.66923730042542546315E+01    0.25996683695601566418E-10   -0.38981826331129722581E-11
    0.67011608010610617114E+01    0.29007737455824048931E-10   -0.11460881496347242904E-12
    0.67099485978678687914E+01    0.31696960968324896845E-10    0.44948772262687649458E-11
    0.67187363946746749832E+01    0.33906073447054806375E-10    0.99546603189267184706E-11
    0.67275241914814820632E+01    0.35453677485531064379E-10    0.16266989266383602390E-10
    0.67363119882882891432E+01    0.36141013587680741948E-10    0.23406391183418515838E-10
    0.67450997850950962231E+01    0.35759212142665435033E-10    0.31313793704840398126E-10
    0.67538875819019024149E+01    0.34092539099659257260E-10    0.39891368030576613756E-10
    0.67626753787087094949E+01    0.30918657616257629575E-10    0.48997952665301016893E-10
    0.67714631755155165749E+01    0.26012403357242588693E-10    0.58444611030607427375E-10
    0.67802509723223227667E+01    0.19157143623153522613E-10    0.67990337871272127654E-10
    0.67890387691291298466E+01    0.10157811263492682806E-10    0.77338142454759784731E-10
    0.67978265659359369266E+01   -0.11493599472549098901E-11    0.86132890008351905461E-10
    0.68066143627427431184E+01   -0.14889521084163072602E-10    0.93960586831818297704E-10
    0.68154021595495501984E+01   -0.31138696180270952787E-10    0.10034905923972273255E-09
    0.68241899563563572784E+01   -0.49906501183567793927E-10    0.10477108802008125541E-09
    0.68329777531631634702E+01   -0.71117576020496300148E-10    0.10664903489147338024E-09
    0.68417655499699705501E+01   -0.94596915064819008067E-10    0.10536343150343071095E-09
    0.68505533467767776301E+01   -0.12005814437126669085E-09    0.10026475043229973593E-09
    0.68593411435835847101E+01   -0.14709026114115386879E-09    0.90687732574904143599E-10
    0.68681289403903909019E+01   -0.17514080820924074175E-09    0.75970074536214818434E-10
    0.68769167371971979819E+01   -0.20349934824969827804E-09    0.55473536978475768298E-10
    0.68857045340040050618E+01   -0.23128798758151538107E-09    0.28610897464176603966E-10
    0.68944923308108112536E+01   -0.25745739505777301854E-09   -0.51225163314610853144E-11
    0.69032801276176183336E+01   -0.28078458739580553890E-09   -0.46114734323279756558E-10
    0.69120679244244254136E+01   -0.29987308333473297816E-09   -0.94598993624476147341E-10
    0.69208557212312316054E+01   -0.31315627663929111488E-09   -0.15061358834262313472E-09
    0.69296435180380386853E+01   -0.31891376158092670194E-09   -0.21395757719656661966E-09
    0.69384313148448457653E+01   -0.31529778693627228167E-09   -0.28414342083173263649E-09
    0.69472191116516519571E+01   -0.30036576965777159267E-09   -0.36035021498777264493E-09
    0.69560069084584590371E+01   -0.27212250704635863234E-09   -0.44137865476749336982E-09
    0.69647947052652661171E+01   -0.22856879958465032985E-09   -0.52560745921257944126E-09
    0.69735825020720731970E+01   -0.16776830083694618442E-09   -0.61095465436359546392E-09
    0.69823702988788793888E+01   -0.87928453047481374740E-10   -0.69484302091208094424E-09
    0.69911580956856864688E+01    0.12510324754848429361E-10   -0.77417443705835089347E-09
    0.69999458924924935488E+01    0.13477240436484885210E-09   -0.84532033846420580749E-09
    0.70087336892992997406E+01    0.27963789189811215851E-09   -0.90412123001726468178E-09
    0.70175214861061068206E+01    0.44731816501182884440E-09   -0.94590834929617785086E-09
    0.70263092829129139005E+01    0.63731992648881012902E-09   -0.96554298758337823241E-09
    0.70350970797197200923E+01    0.84830716931857941370E-09   -0.95747726251025046587E-09
    0.70438848765265271723E+01    0.10779613232194255680E-08   -0.91585201381109183474E-09
    0.70526726733333342523E+01    0.13228420753841803067E-08   -0.83461361416167990133E-09
    0.70614604701401404441E+01    0.15782541273227983050E-08   -0.70767217331654928130E-09
    0.70702482669469475240E+01    0.18381195125890771227E-08   -0.52909187839913583270E-09
    0.70790360637537546040E+01    0.20948690765310459040E-08   -0.29331204182791341873E-09
    0.70878238605605616840E+01    0.23393686969126848043E-08    0.45804002157013980604E-11
    0.70966116573673678758E+01    0.25608660278280966442E-08    0.36855507922135061194E-09
    0.71053994541741749558E+01    0.27469899545188597972E-08    0.80129920340102605330E-09
    0.71141872509809820357E+01    0.28837917674948800526E-08    0.13038461145673696118E-08
    0.71229750477877882275E+01    0.29558421426996743489E-08    0.18751838252511859150E-08
    0.71317628445945953075E+01    0.29464238713273609285E-08    0.25118323532694507319E-08
    0.71405506414014023875E+01    0.28377747183546593332E-08    0.32074130771670679716E-08
    0.71493384382082085793E+01    0.26114439967421502572E-08    0.39522217539055034485E-08
    0.71581262350150156593E+01    0.22487365088519198343E-08    0.47328063599176022999E-08
    0.71669140318218227392E+01    0.17312471583133458066E-08    0.55315769409721221530E-08
    0.71757018286286289310E+01    0.10415464037735442669E-08    0.63264733290732066985E-08
    0.71844896254354360110E+01    0.16393685911690725279E-09    0.70906751727236567279E-08
    0.71932774222422430910E+01   -0.91464853624336446984E-09    0.77924387066559969208E-08
    0.72020652190490501710E+01   -0.22036426492819551876E-08    0.83950325237676589719E-08
    0.72108530158558563627E+01   -0.37077600586175201004E-08    0.88568077068320116576E-08
    0.72196408126626634427E+01   -0.54257854873134552053E-08    0.91314950220780773570E-08
    0.72284286094694705227E+01   -0.73493172553933834055E-08    0.91686294822819354709E-08
    0.72372164062762767145E+01   -0.94614629340884635745E-08    0.89142855400404017969E-08
    0.72460042030830837945E+01   -0.11735504327035611654E-07    0.83120478407082319875E-08
    0.72547919998898908744E+01   -0.14133602691074663401E-07    0.73042349392596090360E-08
    0.72635797966966970662E+01   -0.16605581670880437241E-07    0.58335385970367690414E-08
    0.72723675935035041462E+01   -0.19087786761162791723E-07    0.38448699028989278165E-08
    0.72811553903103112262E+01   -0.21502206543005372390E-07    0.12876492116824998323E-08
    0.72899431871171174180E+01   -0.23755798244610988270E-07   -0.18815758359019517283E-08
    0.72987309839239244980E+01   -0.25740129504458428186E-07   -0.56962350509258986649E-08
    0.73075187807307315779E+01   -0.27331550431592064223E-07   -0.10176400318571312994E-07
    0.73163065775375386579E+01   -0.28391677187516448337E-07   -0.15325270011778707772E-07
    0.73250943743443448497E+01   -0.28768665287420477366E-07   -0.21125364171713416647E-07
    0.73338821711511519297E+01   -0.28299076148105062666E-07   -0.27534518958971295936E-07
    0.73426699679579590097E+01   -0.26810433045045207744E-07   -0.34481860260379515218E-07
    0.73514577647647652014E+01   -0.24124899334110680477E-07   -0.41863773261004858720E-07
    0.73602455615715722814E+01   -0.20063535062242168891E-07   -0.49539968553618856918E-07
    0.73690333583783793614E+01   -0.14451847358893246522E-07   -0.57329999849760202289E-07
    0.73778211551851855532E+01   -0.71262885624034696393E-08   -0.65010139704313996032E-07
    0.73866089519919926332E+01    0.20583521249660594205E-08   -0.72310944230901327143E-07
    0.73953967487987997131E+01    0.13220143065472635404E-07   -0.78915967892868430650E-07
    0.74041845456056067931E+01    0.26440577877067206090E-07   -0.84461196577026253795E-07
    0.74129723424124129849E+01    0.41753979567370488923E-07   -0.88536381814118992453E-07
    0.74217601392192200649E+01    0.59136086960973630819E-07   -0.90687791962327029489E-07
    0.74305479360260271449E+01    0.78492223476275615439E-07   -0.90422755878204209468E-07
    0.74393357328328333367E+01    0.99644869303846538343E-07   -0.87217096620448560280E-07
    0.74481235296396404166E+01    0.12232118514099295858E-06   -0.80524110172216967616E-07
    0.74569113264464474966E+01    0.14614102185420420105E-06   -0.69787128888707195827E-07
    0.74656991232532536884E+01    0.17060535270502410609E-06   -0.54454686760754402266E-07
    0.74744869200600607684E+01    0.19508601893224217522E-06   -0.33998374472874080586E-07
    0.74832747168668678484E+01    0.21881767050430193829E-06   -0.79349218552189739681E-08
    0.74920625136736740401E+01    0.24089122511646563246E-06    0.24149734177194513879E-07
    0.75008503104804811201E+01    0.26025159408275864238E-06    0.62572373625196198775E-07
    0.75096381072872882001E+01    0.27569857117985338249E-06    0.10752160156008531303E-06
    0.75184259040940952801E+01    0.28589212103964256354E-06    0.15902490927558798978E-06
    0.75272137009009014719E+01    0.28936469185411013400E-06    0.21691267113473594525E-06
    0.75360014977077085518E+01    0.28453744536723719752E-06    0.28078119971385502765E-06
    0.75447892945145156318E+01    0.26974590393269831694E-06    0.34995509907744337642E-06
    0.75535770913213218236E+01    0.24327237163697783428E-06    0.42344929799650058052E-06
    0.75623648881281289036E+01    0.20338596272817351218E-06    0.49993297313721927326E-06
    0.75711526849349359836E+01    0.14839448016515182982E-06    0.57769671461726597888E-06
    0.75799404817417421754E+01    0.76702138509790199054E-07    0.65462247088301801169E-06
    0.75887282785485492553E+01   -0.13120213326702544444E-07    0.72816210042083405050E-06
    0.75975160753553563353E+01   -0.12225613035665050305E-06    0.79532230392140778053E-06
    0.76063038721621625271E+01   -0.25155697012305358916E-06    0.85265959347582908870E-06
    0.76150916689689696071E+01   -0.40144377122754380201E-06    0.89629114268822702898E-06
    0.76238794657757766871E+01   -0.57180463253711242527E-06    0.92191496372968911064E-06
    0.76326672625825837670E+01   -0.76188507979958792342E-06    0.92485334263894371280E-06
    0.76414550593893899588E+01   -0.97017393333426761401E-06    0.90011287086383814675E-06
    0.76502428561961970388E+01   -0.11942896538615366868E-05    0.84246468441560030103E-06
    0.76590306530030041188E+01   -0.14308681279214892965E-05    0.74655586847830635230E-06
    0.76678184498098103106E+01   -0.16754541414302402981E-05    0.60703694532835194851E-06
    0.76766062466166173905E+01   -0.19224071954554241611E-05    0.41872531927453052981E-06
    0.76853940434234244705E+01   -0.21648181197237225105E-05    0.17679369258136668403E-06
    0.76941818402302306623E+01   -0.23944463427029205309E-05   -0.12301675792682560914E-06
    0.77029696370370377423E+01   -0.26016896257857835332E-05   -0.48414598546872240845E-06
    0.77117574338438448223E+01   -0.27755742609941451657E-05   -0.90894835940025543950E-06
    0.77205452306506510141E+01   -0.29037985016078664289E-05   -0.13983953617228787045E-05
    0.77293330274574580940E+01   -0.29728137408915492042E-05   -0.19517580282590661866E-05
    0.77381208242642651740E+01   -0.29679557910102008580E-05   -0.25662788846898752512E-05
    0.77469086210710722540E+01   -0.28736526289973561068E-05   -0.32368295569916470257E-05
    0.77556964178778784458E+01   -0.26736734550183148358E-05   -0.39555682239814557083E-05
    0.77644842146846855258E+01   -0.23514736051979690961E-05   -0.47116110981562209808E-05
    0.77732720114914926057E+01   -0.18906055551608658330E-05   -0.54907155820891703242E-05
    0.77820598082982987975E+01   -0.12752023853749805920E-05   -0.62749992551920194092E-05
    0.77908476051051058775E+01   -0.49056936035969078009E-06   -0.70427151756673976105E-05
    0.77996354019119129575E+01    0.47617335102967160489E-06   -0.77680670829142297901E-05
    0.78084231987187191493E+01    0.16353430490326686053E-05   -0.84211346274001697815E-05
    0.78172109955255262292E+01    0.29938770172795663980E-05   -0.89678764155864515553E-05
    0.78259987923323333092E+01    0.45544599678151009899E-05   -0.93702474243147453324E-05
    0.78347865891391395010E+01    0.63145726172418581356E-05   -0.95864891974227110723E-05
    0.78435743859459465810E+01    0.82655156997048019097E-05   -0.95715182891726883411E-05
    0.78523621827527536610E+01    0.10391410114952031360E-04   -0.92775506835603409344E-05
    0.78611499795595607409E+01    0.12668185692543474424E-04   -0.86548878073108325614E-05
    0.78699377763663669327E+01    0.15062611433740288872E-04   -0.76528962900509946848E-05
    0.78787255731731740127E+01    0.17531393087028356541E-04   -0.62212740639087669154E-05
    0.78875133699799810927E+01    0.20020334088932616705E-04   -0.43114602845333517255E-05
    0.78963011667867872845E+01    0.22463690830073937237E-04   -0.18783574632203800278E-05
    0.79050889635935943645E+01    0.24783666190752861463E-04    0.11177388392011335575E-05
    0.79138767604004014444E+01    0.26890137411291836436E-04    0.47090114994667147666E-05
    0.79226645572072076362E+01    0.28680734796868624788E-04    0.89177072946516679376E-05
    0.79314523540140147162E+01    0.30041133192076572151E-04    0.13753606347271231134E-04
    0.79402401508208217962E+01    0.30845873618632520534E-04    0.19211292066966829663E-04
    0.79490279476276279880E+01    0.30959545968367052930E-04    0.25267298005714001937E-04
    0.79578157444344350679E+01    0.30238444539177699813E-04    0.31877230703971050016E-04
    0.79666035412412421479E+01    0.28532915102593796308E-04    0.38972870699490242048E-04
    0.79753913380480492279E+01    0.25690068766019127157E-04    0.46459330424082297996E-04
    0.79841791348548554197E+01    0.21557325977186270958E-04    0.54212460477578710975E-04
    0.79929669316616624997E+01    0.15986510071108599748E-04    0.62076439558161536489E-04
    0.80017547284684695796E+01    0.88385391548628187828E-05    0.69861772464849749447E-04
    0.80105425252752748833E+01   -0.11025769460122537441E-07    0.77343895873340160461E-04
    0.80193303220820819632E+01   -0.10666040761042266076E-04    0.84262190331585657202E-04
    0.80281181188888890432E+01   -0.23203060446537757198E-04    0.90320053093182278378E-04
    0.80369059156956961232E+01   -0.37664125609052961560E-04    0.95185691655393079007E-04
    0.80456937125025032032E+01   -0.54049197940988033149E-04    0.98493958781964338059E-04
    0.80544815093093102831E+01   -0.72308114827829685165E-04    0.99849694562661060119E-04
    0.80632693061161173631E+01   -0.92332440636960861550E-04    0.98831914118654472299E-04
    0.80720571029229226667E+01   -0.11394733831477884579E-03    0.94999977988883280372E-04
    0.80808448997297297467E+01   -0.13690349708532015814E-03    0.87901068709844506371E-04
    0.80896326965365368267E+01   -0.16086957364063304930E-03    0.77079242300486002361E-04
    0.80984204933433439066E+01   -0.18542540616404577705E-03    0.62086713490526088902E-04
    0.81072082901501509866E+01   -0.21005586235179027105E-03    0.42496248009507463152E-04
    0.81159960869569580666E+01   -0.23414648045516677161E-03    0.17915914789080478328E-04
    0.81247838837637633702E+01   -0.25698033487477197831E-03   -0.11994656312921489296E-04
    0.81335716805705704502E+01   -0.27773691938561310358E-03   -0.47506583518312095081E-04
    0.81423594773773775302E+01   -0.29549392147650975927E-03   -0.88802063641828726326E-04
    0.81511472741841846101E+01   -0.30923073216625461849E-03   -0.13595394265515279263E-03
    0.81599350709909916901E+01   -0.31783617090330008132E-03   -0.18890404923824650205E-03
    0.81687228677977987701E+01   -0.32011897669673156216E-03   -0.24744081632343043180E-03
    0.81775106646046058501E+01   -0.31482196457269392108E-03   -0.31117696269900523400E-03
    0.81862984614114111537E+01   -0.30064132674408636063E-03   -0.37952734713260851979E-03
    0.81950862582182182337E+01   -0.27624865501052497420E-03   -0.45168743459736258742E-03
    0.82038740550250253136E+01   -0.24031903380505279270E-03   -0.52661395238338688362E-03
    0.82126618518318323936E+01   -0.19156300298932391231E-03   -0.60300709254217576757E-03
    0.82214496486386394736E+01   -0.12876281594442789318E-03   -0.67929595561033750441E-03
    0.82302374454454465535E+01   -0.50814604329518053393E-04   -0.75362860900863963554E-03
    0.82390252422522518572E+01    0.43226775308135179533E-04   -0.82386520585645136531E-03
    0.82478130390590589371E+01    0.15409761480813423807E-03   -0.88757887307001741024E-03
    0.82566008358658660171E+01    0.28227201489617844473E-03   -0.94206169504932821008E-03
    0.82653886326726730971E+01    0.42790624606053423136E-03   -0.98433817652783636883E-03
    0.82741764294794801771E+01    0.59078010185851376201E-03   -0.10111890907162439900E-02
    0.82829642262862872570E+01    0.77023770241260009449E-03   -0.10191811822520659495E-02
    0.82917520230930943370E+01    0.96512866028691281228E-03   -0.10047104074370066806E-02
    0.83005398198998996406E+01    0.11737497767712063573E-02   -0.96405378235423584612E-03
    0.83093276167067067206E+01    0.13937903223774042883E-02   -0.89343191268919936853E-03
    0.83181154135135138006E+01    0.16222824645888006545E-02   -0.78908608365063843178E-03
    0.83269032103203208806E+01    0.18555559368610471255E-02   -0.64736261750942126862E-03
    0.83356910071271279605E+01    0.20892043496037694325E-02   -0.46481265918052949108E-03
    0.83444788039339350405E+01    0.23180592029151772006E-02   -0.23830145429107931756E-03
    0.83532666007407403441E+01    0.25361768845674776546E-02    0.34872924546007942820E-04
    0.83620543975475474241E+01    0.27368435224910093138E-02    0.35684828507922199776E-03
    0.83708421943543545041E+01    0.29125906963328993850E-02    0.72906211257744112358E-03
    0.83796299911611615840E+01    0.30552371577887687398E-02    0.11521070742434038302E-02
    0.83884177879679686640E+01    0.31559470622498880625E-02    0.16255818995623986037E-02
    0.83972055847747757440E+01    0.32053108449755004367E-02    0.21479419223927776091E-02
    0.84059933815815828240E+01    0.31934566388936041527E-02    0.27163496375523822624E-02
    0.84147811783883881276E+01    0.31101780937855963774E-02    0.33265283990106331649E-02
    0.84235689751951952076E+01    0.29450985987538088468E-02    0.39726275042105884880E-02
    0.84323567720020022875E+01    0.26878579424992406384E-02    0.46470951938011430607E-02
    0.84411445688088093675E+01    0.23283251292632745760E-02    0.53405693640153108215E-02
    0.84499323656156164475E+01    0.18568458202991632109E-02    0.60417924982905978418E-02
    0.84587201624224235275E+01    0.12645059108255976392E-02    0.67375431889317594775E-02
    0.84675079592292288311E+01    0.54342740489401227932E-03    0.74126093008481611785E-02
    0.84762957560360359111E+01   -0.31291665306626393304E-03    0.80497876447147391488E-02
    0.84850835528428429910E+01   -0.13093715296366378615E-02    0.86299242786577815001E-02
    0.84938713496496500710E+01   -0.24487501011428232552E-02    0.91320090186089043077E-02
    0.85026591464564571510E+01   -0.37314769371737241052E-02    0.95333012233994891133E-02
    0.85114469432632642309E+01   -0.51552283973617957918E-02    0.98095274427528154904E-02
    0.85202347400700713109E+01   -0.67145719050264347783E-02    0.99351233412692495361E-02
    0.85290225368768766145E+01   -0.84006189684187639044E-02    0.98835333822515098606E-02
    0.85378103336836836945E+01   -0.10200697396415178350E-01    0.96275862524550052945E-02
    0.85465981304904907745E+01   -0.12098041699759693249E-01    0.91399091739086269631E-02
    0.85553859272972978545E+01   -0.14071533871693304996E-01    0.83934252584372693456E-02
    0.85641737241041049344E+01   -0.16095476822754258006E-01    0.73619004253678210423E-02
    0.85729615209109120144E+01   -0.18139426973686367806E-01    0.60205440984531823079E-02
    0.85817493177177173180E+01   -0.20168105059240430676E-01    0.43466789905478031564E-02
    0.85905371145245243980E+01   -0.22141356356009965489E-01    0.23204401198965636001E-02
    0.85993249113313314780E+01   -0.24014228704089320143E-01   -0.74472421075591347436E-04
    0.86081127081381385580E+01   -0.25737123196405455039E-01   -0.28500107915760794670E-02
    0.86169005049449456379E+01   -0.27256050128270769423E-01   -0.60129817092797067241E-02
    0.86256883017517527179E+01   -0.28513021477438355716E-01   -0.95642312250488852043E-02
    0.86344760985585597979E+01   -0.29446519091937482793E-01   -0.13497834195006193705E-01
    0.86432638953653651015E+01   -0.29992130972353831658E-01   -0.17800311944961060007E-01
    0.86520516921721721815E+01   -0.30083288153830281542E-01   -0.22449870779347284866E-01
    0.86608394889789792614E+01   -0.29652127224867336902E-01   -0.27415701390198322224E-01
    0.86696272857857863414E+01   -0.28630513074855191286E-01   -0.32657358678811934660E-01
    0.86784150825925934214E+01   -0.26951140091729528653E-01   -0.38124201851613088998E-01
    0.86872028793994005014E+01   -0.24548794275904436968E-01   -0.43754986725602004749E-01
    0.86959906762062058050E+01   -0.21361708100132183880E-01   -0.49477552806704350186E-01
    0.87047784730130128850E+01   -0.17333006711857005394E-01   -0.55208666599653226370E-01
    0.87135662698198199649E+01   -0.12412267754313189433E-01   -0.60854065440292905154E-01
    0.87223540666266270449E+01   -0.65571218746420835422E-02   -0.66308622019026181027E-01
    0.87311418634334341249E+01    0.26508357043469844231E-03   -0.71456785895153362986E-01
    0.87399296602402412049E+01    0.80755896975943288613E-02   -0.76173191053378191961E-01
    0.87487174570470482848E+01    0.16882544908604052436E-01   -0.80323494571947415266E-01
    0.87575052538538535885E+01    0.26679344810930226417E-01   -0.83765506948494508621E-01
    0.87662930506606606684E+01    0.37443014219296223699E-01   -0.86350478683873924113E-01
    0.87750808474674677484E+01    0.49132716625337496952E-01   -0.87924723139610208578E-01
    0.87838686442742748284E+01    0.61688346751558355285E-01   -0.88331434854694718117E-01
    0.87926564410810819084E+01    0.75029298756272067017E-01   -0.87412741440584529329E-01
    0.88014442378878889883E+01    0.89053458310770605699E-01   -0.85012045166170224775E-01
    0.88102320346946942919E+01    0.10363634701346584321E+00   -0.80976498559309495473E-01
    0.88190198315015013719E+01    0.11863063139585670880E+00   -0.75159742360582218468E-01
    0.88278076283083084519E+01    0.13386585179969562320E+00   -0.67424788665174525959E-01
    0.88365954251151155319E+01    0.14914849421431791709E+00   -0.57647026119969344005E-01
    0.88453832219219226118E+01    0.16426249015470842374E+00   -0.45717371227501912845E-01
    0.88541710187287296918E+01    0.17896996521311625550E+00   -0.31545453922333911712E-01
    0.88629588155355367718E+01    0.19301254072007953400E+00   -0.15062825634859614704E-01
    0.88717466123423420754E+01    0.20611295794399533965E+00    0.37738326662226004925E-02
    0.88805344091491491554E+01    0.21797713680879024500E+00    0.24979609095027149185E-01
    0.88893222059559562354E+01    0.22829676831798351166E+00    0.48538397749338602072E-01
    0.88981100027627633153E+01    0.23675218343597825843E+00    0.74400067860448934609E-01
    0.89068977995695703953E+01    0.24301579896094249733E+00    0.10247797969913878535E+00
    0.89156855963763774753E+01    0.24675588877155363310E+00    0.13264671478225470436E+00
    0.89244733931831827789E+01    0.24764072443248319466E+00    0.16474020360174354560E+00
    0.89332611899899898589E+01    0.24534316102413317173E+00    0.19855034484436684394E+00
    0.89420489867967969388E+01    0.23954541362875769739E+00    0.23382594079605015236E+00
    0.89508367836036040188E+01    0.22994418447397538263E+00    0.27027236048690350678E+00
    0.89596245804104110988E+01    0.21625597397894100182E+00    0.30755162930074086969E+00
    0.89684123772172181788E+01    0.19822250061790286368E+00    0.34528315885986043954E+00
    0.89772001740240252587E+01    0.17561624297430533659E+00    0.38304525456502730441E+00
    0.89859879708308305624E+01    0.14824596495614419944E+00    0.42037706182842538016E+00
    0.89947757676376376423E+01    0.11596211637575928877E+00    0.45678146084094151114E+00
    0.90035635644444447223E+01    0.78662139394491237265E-01    0.49172849955069092287E+00
    0.90123513612512518023E+01    0.36295468419394336101E-01    0.52465952989526498662E+00
    0.90211391580580588823E+01   -0.11131848920133760594E-01    0.55499218481659684521E+00
    0.90299269548648659622E+01   -0.63552829504968183505E-01    0.58212577507710128177E+00
    0.90387147516716712659E+01   -0.12083596087092671190E+00    0.60544753451416577494E+00
    0.90475025484784783458E+01   -0.18278204100107545149E+00    0.62433932840290362609E+00
    0.90562903452852854258E+01   -0.24912176567652574710E+00    0.63818485287340953604E+00
    0.90650781420920925058E+01   -0.31951421417869035890E+00    0.64637740885556549397E+00
    0.90738659388988995858E+01   -0.39354589075795137765E+00    0.64832789360989129257E+00
    0.90826537357057066657E+01   -0.47073100467308848227E+00    0.64347315304398999825E+00
    0.90914415325125137457E+01   -0.55051245658878811273E+00    0.63128450664797797209E+00
    0.91002293293193190493E+01   -0.63226385417344210804E+00    0.61127627603388001720E+00
    0.91090171261261261293E+01   -0.71529274461681235930E+00    0.58301430303607570949E+00
    0.91178049229329332093E+01   -0.79884451523718280619E+00    0.54612432876556793460E+00
    0.91265927197397402892E+01   -0.88210770006156513645E+00    0.50029994751031836575E+00
    0.91353805165465473692E+01   -0.96422006238596824623E+00    0.44531028783178538966E+00
    0.91441683133533544492E+01   -0.10442756592154331940E+01    0.38100705958913333449E+00
    0.91529561101601597528E+01   -0.11213330481766634605E+01    0.30733084367893648281E+00
    0.91617439069669668328E+01   -0.11944240403386288119E+01    0.22431683869857776958E+00
    0.91705317037737739128E+01   -0.12625635172464158007E+01    0.13209934610866150284E+00
    0.91793195005805809927E+01   -0.13247598078071580741E+01    0.30915527583433563552E-01
    0.91881072973873880727E+01   -0.13800256006539142195E+01   -0.78892033027977898074E-01
    0.91968950941941951527E+01   -0.14273894627837686588E+01   -0.19687416528975518193E+00
    0.92056828910010004563E+01   -0.14659075377587760247E+01   -0.32247478620352731937E+00
    0.92144706878078075363E+01   -0.14946754719253649846E+01   -0.45503238987120275816E+00
    0.92232584846146146162E+01   -0.15128404206175405378E+01   -0.59378254548844922045E+00
    0.92320462814214216962E+01   -0.15196128311655285881E+01   -0.73786182644408060405E+00
    0.92408340782282287762E+01   -0.15142779491097093647E+01   -0.88631338698194384040E+00
    0.92496218750350358562E+01   -0.14962069874333301378E+01   -0.10380934187057060392E+01
    0.92584096718418411598E+01   -0.14648674237734149450E+01   -0.11920794091583015728E+01
    0.92671974686486482398E+01   -0.14198327732080926467E+01   -0.13470793667864993104E+01
    0.92759852654554553197E+01   -0.13607913064239971490E+01   -0.15018422231000674305E+01
    0.92847730622622623997E+01   -0.12875535458727582760E+01   -0.16550695673269468777E+01
    0.92935608590690694797E+01   -0.12000589352503203688E+01   -0.18054279815365723572E+01
    0.93023486558758765597E+01   -0.10983806598115615216E+01   -0.19515624952035706130E+01
    0.93111364526826818633E+01   -0.98272942980721644801E+00   -0.20921106022969326865E+01
    0.93199242494894889433E+01   -0.85345562051402379389E+00   -0.22257167229614442938E+01
    0.93287120462962960232E+01   -0.71104954210037196738E+00   -0.23510471480097150376E+01
    0.93374998431031031032E+01   -0.55614061686522775485E+00   -0.24668050392557789863E+01
    0.93462876399099101832E+01   -0.38949425306437529537E+00   -0.25717453567796053626E+01
    0.93550754367167172632E+01   -0.21200747293557731243E+00   -0.26646896865916303021E+01
    0.93638632335235243431E+01   -0.24702816948844835004E-01   -0.27445405120717056846E+01
    0.93726510303303296467E+01    0.17127968417663352874E+00   -0.28102948373466110077E+01
    0.93814388271371367267E+01    0.37469153825514267542E+00   -0.28610572293290559287E+01
    0.93902266239439438067E+01    0.58418681302641484177E+00   -0.28960514733410098742E+01
    0.93990144207507508867E+01    0.79833419373226444105E+00   -0.29146314300050044643E+01
    0.94078022175575579666E+01    0.10156302419165830209E+01   -0.29162904143966494885E+01
    0.94165900143643650466E+01    0.12345139758366834304E+01   -0.29006689110220071903E+01
    0.94253778111711703502E+01    0.14533819965978767019E+01   -0.28675612086276869306E+01
    0.94341656079779774302E+01    0.16706045690410995519E+01   -0.28169196951529600348E+01
    0.94429534047847845102E+01    0.18845421514295586096E+01   -0.27488578755635408868E+01
    0.94517412015915915902E+01    0.20935621377354656225E+01   -0.26636514223578995342E+01
    0.94605289983983986701E+01    0.22960558106692148250E+01   -0.25617370462819306631E+01
    0.94693167952052057501E+01    0.24904551608901264181E+01   -0.24437101238700646988E+01
    0.94781045920120128301E+01    0.26752492249314387962E+01   -0.23103197708265259536E+01
    0.94868923888188181337E+01    0.28490000992256034884E+01   -0.21624625702217747936E+01
    0.94956801856256252137E+01    0.30103580439732313678E+01   -0.20011744862327467409E+01
    0.95044679824324322936E+01    0.31580755659254693413E+01   -0.18276207976634852859E+01
    0.95132557792392393736E+01    0.32910207000254665388E+01   -0.16430850401754191203E+01
    0.95220435760460464536E+01    0.34081884798073538434E+01   -0.14489560327263664163E+01
    0.95308313728528535336E+01    0.35087113996977503660E+01   -0.12467139403540454801E+01
    0.95396191696596588372E+01    0.35918681132167931125E+01   -0.10379152898778325476E+01
    0.95484069664664659172E+01    0.36570901986170181175E+01   -0.82417686721279048712E+00
    0.95571947632732729971E+01    0.37039677109918649478E+01   -0.60715921186017940414E+00
    0.95659825600800800771E+01    0.37322521812314088940E+01   -0.38854947595056615883E+00
    0.95747703568868871571E+01    0.37418582579598642646E+01   -0.17004401865639939828E+00
    0.95835581536936942371E+01    0.37328633133015030054E+01    0.46668929375022989714E-01
    0.95923459505005013170E+01    0.37055048519246338579E+01    0.25992650178762821689E+00
    0.96011337473073066207E+01    0.36601766998080464965E+01    0.46810811863599344207E+00
    0.96099215441141137006E+01    0.35974227514237178127E+01    0.66965157845914713430E+00
    0.96187093409209207806E+01    0.35179294669166321086E+01    0.86306865058692283643E+00
    0.96274971377277278606E+01    0.34225167389125772388E+01    0.10469595295766764842E+01
    0.96362849345345349406E+01    0.33121270279197077002E+01    0.12200260524013564201E+01
    0.96450727313413420205E+01    0.31878136742992086994E+01    0.13810840133793855777E+01
    0.96538605281481491005E+01    0.30507276778344474266E+01    0.15290735183804748942E+01
    0.96626483249549544041E+01    0.29021037388370594101E+01    0.16630682797206017831E+01
    0.96714361217617614841E+01    0.27432455953086911649E+01    0.17822831275919768235E+01
    0.96802239185685685641E+01    0.25755106342020823718E+01    0.18860796197835214549E+01
    0.96890117153753756440E+01    0.24002943285660185424E+01    0.19739704887818985135E+01
    0.96977995121821827240E+01    0.22190145025048471084E+01    0.20456217077515317371E+01
    0.97065873089889898040E+01    0.20330955768276099960E+01    0.21008533234288497837E+01
    0.97153751057957951076E+01    0.18439532168868517648E+01    0.21396384818902514091E+01
    0.97241629026026021876E+01    0.16529794255322682872E+01    0.21621005558105084177E+01
    0.97329506994094092676E+01    0.14615281288653410030E+01    0.21685092443701003972E+01
    0.97417384962162163475E+01    0.12709019131014145376E+01    0.21592746709404115890E+01
    0.97505262930230234275E+01    0.10823394115598132803E+01    0.21349404847940141039E+01
    0.97593140898298305075E+01    0.89700399730228919104E+00    0.20961757089600587811E+01
    0.97681018866366375875E+01    0.71597385435823590605E+00    0.20437652925644864688E+01
    0.97768896834434428911E+01    0.54023300375049698729E+00    0.19786000811235422425E+01
    0.97856774802502499710E+01    0.37066433518940167247E+00    0.19016657467852733365E+01
    0.97944652770570570510E+01    0.20804369427523478064E+00    0.18140312404166860638E+01
    0.98032530738638641310E+01    0.53035701644882041195E-01    0.17168368616315416997E+01
    0.98120408706706712110E+01   -0.93808629155004083500E-01    0.16112819504762920797E+01
    0.98208286674774782909E+01   -0.23205318868821306344E+00    0.14986125565921044611E+01
    0.98296164642842835946E+01   -0.36137589539773884439E+00    0.13801091972845433986E+01
    0.98384042610910906745E+01   -0.48156671806248596557E+00    0.12570747127498038687E+01
    0.98471920578978977545E+01   -0.59252409282944240587E+00    0.11308225712525432627E+01
    0.98559798547047048345E+01   -0.69424969617932497101E+00    0.10026656505841360367E+01
    0.98647676515115119145E+01   -0.78684233008688275746E+00    0.87390544728121111184E+00
    0.98735554483183189944E+01   -0.87049010614554644949E+00    0.74582222702475986509E+00
    0.98823432451251260744E+01   -0.94546180113344124862E+00    0.61966568100517616102E+00
    0.98911310419319313780E+01   -0.10120971661665216779E+01    0.49664650785652747489E+00
    0.98999188387387384580E+01   -0.10707972950373270127E+01    0.37792511016649960043E+00
    0.99087066355455455380E+01   -0.11220443780695421587E+01    0.26449807580132617124E+00
    0.99174944323523526180E+01   -0.11664977186293210565E+01    0.15682034834858626926E+00
    0.99262822291591596979E+01   -0.12050777189610055729E+01    0.54458227279699303325E-01
    0.99350700259659667779E+01   -0.12387426922559734432E+01   -0.43271592581407933298E-01
    0.99438578227727720815E+01   -0.12679635151208665800E+01   -0.13568751304684392722E+00
    0.99526456195795791615E+01   -0.12924306149385420550E+01   -0.21973671827988439098E+00
    0.99614334163863862415E+01   -0.13114706228347841055E+01   -0.29091440074698043938E+00
    0.99702212131931933214E+01   -0.13246399462013198622E+01   -0.34462652994010045671E+00
    0.99790090100000004014E+01   -0.13315757071516001186E+01   -0.37527645716424740119E+00
