    0.11999999999999999556E+01    0.00000000000000000000E+00    0.00000000000000000000E+00
    0.12087877968068068135E+01   -0.17144838781022237284E-13   -0.11701121433347317480E-16
    0.12175755936136136715E+01    0.24743024282714797261E-13   -0.96743293470252900894E-17
    0.12263633904204203073E+01    0.24653714745518578573E-13   -0.71715939291111358537E-17
    0.12351511872272271653E+01   -0.52712433798086249305E-13   -0.59720976438597743172E-17
    0.12439389840340340232E+01   -0.53795263351212527523E-13   -0.54568289999816811488E-17
    0.12527267808408408811E+01    0.96322025469135398805E-13   -0.49917795344270854071E-17
    0.12615145776476475170E+01    0.22534001214203020288E-12   -0.47882996754366106083E-17
    0.12703023744544543749E+01    0.13316403993999163087E-12   -0.52807272075925380749E-17
    0.12790901712612612329E+01   -0.92396296297145475729E-13   -0.60989487933701516571E-17
    0.12878779680680680908E+01   -0.14003101053722201865E-12   -0.62210271286248338796E-17
    0.12966657648748749487E+01    0.90513179544084459239E-13   -0.52850838682254417296E-17
    0.13054535616816815846E+01    0.26408908423255733273E-12   -0.44027660517818141810E-17
    0.13142413584884884425E+01    0.39850725044224896729E-13   -0.53247701379547513180E-17
    0.13230291552952953005E+01   -0.35594621819798780489E-12   -0.93030753696377092355E-17
    0.13318169521021021584E+01   -0.30625348017978128635E-12   -0.18236841634260778477E-16
    0.13406047489089087943E+01    0.30231291943836221695E-12   -0.37903143467685236818E-16
    0.13493925457157156522E+01    0.66040924212054878365E-12   -0.77264979688444057400E-16
    0.13581803425225225102E+01    0.38241734225248307290E-13   -0.13735764906816639456E-15
    0.13669681393293293681E+01   -0.93059528529693651153E-12   -0.19914006458361128926E-15
    0.13757559361361360040E+01   -0.74038460135960245320E-12   -0.23139483152844834262E-15
    0.13845437329429428619E+01    0.81570532405985641634E-12   -0.21772055311977521623E-15
    0.13933315297497497198E+01    0.16760671985460819901E-11   -0.17476739617423282233E-15
    0.14021193265565565778E+01    0.47101880269356201194E-13   -0.14260925232731240725E-15
    0.14109071233633634357E+01   -0.24037918016609132673E-11   -0.16238700783044331509E-15
    0.14196949201701700716E+01   -0.18556264041784945665E-11   -0.23894201642554765808E-15
    0.14284827169769769295E+01    0.21474487451253901053E-11   -0.29191820027838191089E-15
    0.14372705137837837874E+01    0.42933926411355933434E-11   -0.16537367833740818595E-15
    0.14460583105905906454E+01    0.42092797695165517986E-13    0.21670506723900043983E-15
    0.14548461073973975033E+01   -0.62315742395826278226E-11    0.68083822422609585762E-15
    0.14636339042042041392E+01   -0.47079588188600687291E-11    0.90484932665582537470E-15
    0.14724217010110109971E+01    0.56565896370952017446E-11    0.76878567986707240497E-15
    0.14812094978178178550E+01    0.11070993004026442167E-10    0.53086763764729435050E-15
    0.14899972946246244909E+01   -0.78108253613813945283E-13    0.50248775662613402309E-15
    0.14987850914314313489E+01   -0.16251062723650539630E-10    0.61591622487827999184E-15
    0.15075728882382382068E+01   -0.12011377871760533372E-10    0.50793525118596036370E-15
    0.15163606850450450647E+01    0.15032531996987181934E-10    0.81078791009398975793E-16
    0.15251484818518519226E+01    0.28834170901353283058E-10   -0.21364372425520148902E-15
    0.15339362786586585585E+01   -0.47400537975779028375E-12    0.92820348556706345603E-16
    0.15427240754654654165E+01   -0.42080057217071475385E-10    0.78751272093755413994E-15
    0.15515118722722722744E+01   -0.29143487890400552279E-10    0.11145582138541148846E-14
    0.15602996690790791323E+01    0.44881146548113112658E-10    0.68610413060649982330E-15
    0.15690874658858859902E+01    0.87944344860234526018E-10    0.61812096893305953348E-17
    0.15778752626926926261E+01    0.30021955098199484120E-10   -0.15573173214795425686E-15
    0.15866630594994994841E+01   -0.29136716049844721085E-10    0.32574707768488271880E-15
    0.15954508563063063420E+01    0.13021908061715539922E-09    0.89108199027888669849E-15
    0.16042386531131129779E+01    0.62336136450043128659E-09    0.10558236304024133344E-14
    0.16130264499199198358E+01    0.14364178773229643179E-08    0.91130714873756058244E-15
    0.16218142467267266937E+01    0.29219427577107609398E-08    0.77897159400252189311E-15
    0.16306020435335335517E+01    0.64816184329787030645E-08    0.65284450028221809734E-15
    0.16393898403403404096E+01    0.15250240815253357637E-07    0.23298060966462503540E-15
    0.16481776371471470455E+01    0.34866902909925188917E-07   -0.50609964078849097447E-15
    0.16569654339539539034E+01    0.76298351281846933009E-07   -0.10369928356422136319E-14
    0.16657532307607607613E+01    0.16340921769143680386E-06   -0.82976942828881512777E-15
    0.16745410275675676193E+01    0.34422202386578898399E-06   -0.66907274012196346057E-16
    0.16833288243743744772E+01    0.71483972003216608018E-06    0.46693840085271716689E-15
    0.16921166211811811131E+01    0.14562010743713193468E-05    0.23534123133712043691E-15
    0.17009044179879879710E+01    0.29027226916317713913E-05   -0.50571475557757034865E-15
    0.17096922147947948289E+01    0.56807110453944952485E-05   -0.10793321588219791537E-14
    0.17184800116016014648E+01    0.10901285607051903760E-04   -0.10252946115582569633E-14
    0.17272678084084085448E+01    0.20540644073588164011E-04   -0.38293340620151441011E-15
    0.17360556052152151807E+01    0.38001937156468019595E-04    0.36156635832737658661E-15
    0.17448434020220220386E+01    0.68995721619339884373E-04    0.51724629824721343714E-15
    0.17536311988288288966E+01    0.12309591256628145211E-03   -0.23372505958326298235E-15
    0.17624189956356355324E+01    0.21575680095864489382E-03   -0.12934301770707367667E-14
    0.17712067924424426124E+01    0.37172544812978148849E-03   -0.15494641288988955073E-14
    0.17799945892492492483E+01    0.62976374991205159946E-03   -0.58845267489912938013E-15
    0.17887823860560561062E+01    0.10490616585741340330E-02    0.69094676024792626962E-15
    0.17975701828628629642E+01    0.17191077327414806559E-02    0.10411477001847569303E-14
    0.18063579796696696000E+01    0.27714990964606252624E-02    0.17880963170262260932E-15
    0.18151457764764764580E+01    0.43963124539011574216E-02   -0.10948019635768556833E-14
    0.18239335732832833159E+01    0.68625731554259683867E-02   -0.18278561938069867003E-14
    0.18327213700900899518E+01    0.10541330157806165502E-01   -0.16681330502293733323E-14
    0.18415091668968970318E+01    0.15933443515241285660E-01   -0.91827037370100657247E-15
    0.18502969637037036676E+01    0.23698508312659172931E-01   -0.31173332800323910360E-15
    0.18590847605105105256E+01    0.34680893915397317806E-01   -0.53848931315771043799E-15
    0.18678725573173173835E+01    0.49932695560058422413E-01   -0.15818955770144576268E-14
    0.18766603541241240194E+01    0.70725606759596243434E-01   -0.25279216344417976518E-14
    0.18854481509309310994E+01    0.98539046249157782875E-01   -0.24675837491644159185E-14
    0.18942359477377377353E+01    0.13503285001886891625E+00   -0.15550848503501040944E-14
    0.19030237445445445932E+01    0.18197569204993771508E+00   -0.77809202265249255068E-15
    0.19118115413513514511E+01    0.24113390487063160461E+00   -0.63542003894389024847E-15
    0.19205993381581580870E+01    0.31412708358129998176E+00   -0.39099607180888700762E-15
    0.19293871349649649449E+01    0.40222109968355951315E+00    0.11282211863149573738E-14
    0.19381749317717718029E+01    0.50609597425106100932E+00    0.43617917628694901233E-14
    0.19469627285785784387E+01    0.62558923973280688990E+00    0.87100928925287651914E-14
    0.19557505253853855187E+01    0.75942047989247729589E+00    0.12990528611863173835E-13
    0.19645383221921921546E+01    0.90494804511191651031E+00    0.16085532563822359671E-13
    0.19733261189989990125E+01    0.10580005881222347419E+01    0.17812075048193229879E-13
    0.19821139158058058705E+01    0.12127636707545772499E+01    0.19567303331274007263E-13
    0.19909017126126125063E+01    0.13618434932182528208E+01    0.23229567014853198368E-13
    0.19996895094194195863E+01    0.14964869777193088307E+01    0.28665387741814644912E-13
    0.20084773062262262222E+01    0.16069404767253960831E+01    0.32937190288635903910E-13
    0.20172651030330328581E+01    0.16830680009615517356E+01    0.33506597782612654656E-13
    0.20260528998398399381E+01    0.17150755260606540542E+01    0.31873444348393949305E-13
    0.20348406966466465740E+01    0.16943551682309399009E+01    0.32109900618658239581E-13
    0.20436284934534532098E+01    0.16144245613535577188E+01    0.35242985496200718489E-13
    0.20524162902602602898E+01    0.14718010489547104225E+01    0.36865216595121635000E-13
    0.20612040870670673698E+01    0.12667134094874239469E+01    0.32615966972867461569E-13
    0.20699918838738740057E+01    0.10036891309103972425E+01    0.24738354934649434205E-13
    0.20787796806806806416E+01    0.69173134572318162316E+00    0.20078700121433756501E-13
    0.20875674774874877215E+01    0.34414019021799885367E+00    0.21158873063079608107E-13
    0.20963552742942943574E+01   -0.21968198163527269395E-01    0.22076758291146228044E-13
    0.21051430711011009933E+01   -0.38669662865291926090E+00    0.16221374794317845421E-13
    0.21139308679079080733E+01   -0.72862543055088857535E+00    0.57489798199526153157E-14
    0.21227186647147147092E+01   -0.10263255776062905067E+01   -0.60461244959573721457E-15
    0.21315064615215213450E+01   -0.12600731512469192097E+01    0.90267059877369306613E-15
    0.21402942583283284250E+01   -0.14134822532548991791E+01    0.34086826830582783547E-14
    0.21490820551351350609E+01   -0.14749198507137764036E+01   -0.15389053052050693726E-14
    0.21578698519419421409E+01   -0.14387467995254048514E+01   -0.12625536382893464010E-13
    0.21666576487487487768E+01   -0.13059739614190348789E+01   -0.20521367174757562259E-13
    0.21754454455555558567E+01   -0.10844199366924593964E+01   -0.20127059166161796738E-13
    0.21842332423623624926E+01   -0.78844647910152620973E+00   -0.16937706284993200360E-13
    0.21930210391691691285E+01   -0.43793228363028663397E+00   -0.18859262813476014397E-13
    0.22018088359759762085E+01   -0.56937141305015752379E-01   -0.25525384676319181904E-13
    0.22105966327827828444E+01    0.32801501125865140107E+00   -0.29324672534283512774E-13
    0.22193844295895894803E+01    0.68995429864438984069E+00   -0.25742517088945863104E-13
    0.22281722263963965602E+01    0.10034505109721165717E+01   -0.18899523001761852341E-13
    0.22369600232032031961E+01    0.12464639374088408719E+01   -0.15178163341021105394E-13
    0.22457478200100098320E+01    0.14020570042833528923E+01   -0.14771231964948463377E-13
    0.22545356168168169120E+01    0.14595727652736250057E+01   -0.12341792720512909499E-13
    0.22633234136236239920E+01    0.14153631470824923344E+01   -0.48650348219055124609E-14
    0.22721112104304301837E+01    0.12730812820883206093E+01    0.42005943354652203603E-14
    0.22808990072372372637E+01    0.10431854768977730785E+01    0.97548694577654189427E-14
    0.22896868040440443437E+01    0.74210724723140675252E+00    0.11447786611328797157E-13
    0.22984746008508509796E+01    0.39092285775282425986E+00    0.13281840277206498023E-13
    0.23072623976576576155E+01    0.13632075367731966847E-01    0.17902548224999781591E-13
    0.23160501944644646954E+01   -0.36462721992323943176E+00    0.23388092196252725882E-13
    0.23248379912712713313E+01   -0.71940903805742029142E+00    0.26196088396017655357E-13
    0.23336257880780779672E+01   -0.10287266618344712565E+01    0.25301884611793374309E-13
    0.23424135848848850472E+01   -0.12744091004035602577E+01    0.22560129935114441667E-13
    0.23512013816916916831E+01   -0.14431139806631070321E+01    0.20098502115230063309E-13
    0.23599891784984983190E+01   -0.15269858139389933527E+01    0.18463855076212503198E-13
    0.23687769753053053989E+01   -0.15236782437344931207E+01    0.16888460972234614696E-13
    0.23775647721121124789E+01   -0.14361092904923593583E+01    0.14201375981215175901E-13
    0.23863525689189186707E+01   -0.12718253767512608388E+01    0.97380363319208256567E-14
    0.23951403657257257507E+01   -0.10420598333423207738E+01    0.41836604685108086370E-14
    0.24039281625325328307E+01   -0.76071611185950493983E+00   -0.49853120009454391263E-15
    0.24127159593393394665E+01   -0.44326503717719745179E+00   -0.29281127676365246666E-14
    0.24215037561461461024E+01   -0.10564847060671049561E+00   -0.41619047468603824828E-14
    0.24302915529529531824E+01    0.23664671638329298764E+00   -0.66723592162131564088E-14
    0.24390793497597598183E+01    0.56937408488488094882E+00   -0.11201765553843046145E-13
    0.24478671465665664542E+01    0.88016565314631500794E+00   -0.15487127663425693265E-13
    0.24566549433733735341E+01    0.11589092131968874444E+01   -0.17062998611615505124E-13
    0.24654427401801801700E+01    0.13980092620169921602E+01   -0.16500674471682557434E-13
    0.24742305369869868059E+01    0.15924466493986899618E+01   -0.16574548320541411614E-13
    0.24830183337937938859E+01    0.17396807001078837818E+01   -0.18414150661163593040E-13
    0.24918061306006009659E+01    0.18394677157902346032E+01   -0.19807774381906199948E-13
    0.25005939274074071577E+01    0.18935481893910195428E+01   -0.18258657240085321291E-13
    0.25093817242142142376E+01    0.19052907670105523330E+01   -0.14578017743754671623E-13
    0.25181695210210213176E+01    0.18793131775240417003E+01   -0.11999222898114558175E-13
    0.25269573178278279535E+01    0.18210873443718098574E+01   -0.12004878538935004453E-13
    0.25357451146346345894E+01    0.17365604767036433298E+01   -0.12434613897532657273E-13
    0.25445329114414416694E+01    0.16318100412488767414E+01   -0.10593989820153182623E-13
    0.25533207082482483052E+01    0.15127245104151432198E+01   -0.69642383100368785047E-14
    0.25621085050550549411E+01    0.13847651321528899881E+01   -0.45058226650396345727E-14
    0.25708963018618620211E+01    0.12527915222995587019E+01   -0.47462596421370470716E-14
    0.25796840986686686570E+01    0.11209389197438990315E+01   -0.58837709690193200502E-14
    0.25884718954754752929E+01    0.99258184133905058566E+00   -0.53224792468029721652E-14
    0.25972596922822823728E+01    0.87033130244948708754E+00   -0.28392187846257729031E-14
    0.26060474890890894528E+01    0.75607518260536932253E+00   -0.45275283501259257988E-15
    0.26148352858958960887E+01    0.65105096635896197999E+00    0.12590872587529249136E-15
    0.26236230827027027246E+01    0.55592959865951174780E+00   -0.91646014065180882698E-15
    0.26324108795095098046E+01    0.47091432387277509797E+00   -0.21574857154595010853E-14
    0.26411986763163164404E+01    0.39584210567304833894E+00   -0.21881047890395951010E-14
    0.26499864731231230763E+01    0.33027646158808621202E+00   -0.56421833015883727203E-15
    0.26587742699299301563E+01    0.27359316499404778833E+00    0.15411608795545645818E-14
    0.26675620667367367922E+01    0.22505419407238916318E+00    0.18083619861645303731E-14
    0.26763498635435434281E+01    0.18386099009674361504E+00   -0.72611350368858139982E-15
    0.26851376603503505081E+01    0.14919926233748762034E+00   -0.34831321486377037445E-14
    0.26939254571571571439E+01    0.12027103849677350800E+00   -0.25777369600039223240E-14
    0.27027132539639637798E+01    0.96317125142032028462E-01    0.19448751653026711817E-14
    0.27115010507707708598E+01    0.76633797319595617359E-01    0.47607439166214880230E-14
    0.27202888475775779398E+01    0.60580491221750167041E-01    0.16140768686196369507E-14
    0.27290766443843845757E+01    0.47584132042655796768E-01   -0.41715296020331653656E-14
    0.27378644411911912115E+01    0.37139372204735093819E-01   -0.49785468321646345106E-14
    0.27466522379979982915E+01    0.28805843217433711040E-01    0.10970565577027614616E-14
    0.27554400348048049274E+01    0.22204397396479540888E-01    0.66594419028831537335E-14
    0.27642278316116115633E+01    0.17012012468114987712E-01    0.43182010828548138985E-14
    0.27730156284184186433E+01    0.12956314454270572573E-01   -0.31851548288938135001E-14
    0.27818034252252252791E+01    0.98100545993417484492E-02   -0.62716831920314087326E-14
    0.27905912220320319150E+01    0.73855714276790038197E-02   -0.10376342962539075007E-14
    0.27993790188388389950E+01    0.55294453970776511614E-02    0.55094245953224566154E-14
    0.28081668156456460750E+01    0.41175073445830351337E-02    0.49454656408236444149E-14
    0.28169546124524522668E+01    0.30500838044558819910E-02   -0.17091225273941283493E-14
    0.28257424092592593468E+01    0.22479107941915325158E-02   -0.60591413936999846694E-14
    0.28345302060660664267E+01    0.16485466831616603541E-02   -0.32905698712033297722E-14
    0.28433180028728730626E+01    0.12031715390307441433E-02    0.25212113174109916013E-14
    0.28521057996796796985E+01    0.87400052089931510365E-03    0.47061365809709420441E-14
    0.28608935964864867785E+01    0.63196620546024818033E-03    0.18343682229572200245E-14
    0.28696813932932934144E+01    0.45488206864775288700E-03   -0.21735965941225625186E-14
    0.28784691901001000502E+01    0.32595716864218602770E-03   -0.33071980370773970930E-14
    0.28872569869069071302E+01    0.23253232161883199210E-03   -0.94359192572829203058E-15
    0.28960447837137137661E+01    0.16515481732636293254E-03    0.27182728027201515348E-14
    0.29048325805205204020E+01    0.11678775936948907475E-03    0.44245132134208456158E-14
    0.29136203773273274820E+01    0.82222144165243531361E-04    0.21410061487948808197E-14
    0.29224081741341345619E+01    0.57634341404870937514E-04   -0.25175316798235769789E-14
    0.29311959709409407537E+01    0.40220725894183274494E-04   -0.46145454524838824304E-14
    0.29399837677477478337E+01    0.27945712696314356212E-04   -0.10861515399122497036E-14
    0.29487715645545549137E+01    0.19332966531993628145E-04    0.45064880397979750349E-14
    0.29575593613613615496E+01    0.13316305654757486593E-04    0.53373583746307909234E-14
    0.29663471581681681855E+01    0.91328587282259837790E-05   -0.90705020637973552651E-16
    0.29751349549749752654E+01    0.62365784603706683246E-05   -0.51723796165448230733E-14
    0.29839227517817819013E+01    0.42408705653137606720E-05   -0.33809588372890012343E-14
    0.29927105485885885372E+01    0.28720405238604227635E-05    0.31284756223745158020E-14
    0.30014983453953956172E+01    0.19370380344041714602E-05    0.63295387054345867619E-14
    0.30102861422022022531E+01    0.13012058671562963515E-05    0.25857058158038503742E-14
    0.30190739390090088889E+01    0.87052484820273458233E-06   -0.30378674399869560527E-14
    0.30278617358158159689E+01    0.58014587766630336977E-06   -0.38701389097626850119E-14
    0.30366495326226230489E+01    0.38523728994816602094E-06    0.27141004689899532248E-15
    0.30454373294294292407E+01    0.25486972849969906476E-06    0.40657292861409871445E-14
    0.30542251262362363207E+01    0.16800117318558514596E-06    0.36483844772476874892E-14
    0.30630129230430434006E+01    0.11031011243194305757E-06    0.30124525363351342717E-15
    0.30718007198498500365E+01    0.72175805160101791523E-07   -0.23469696369942048893E-14
    0.30805885166566566724E+01    0.47085106713790557003E-07   -0.21866607078669790677E-14
    0.30893763134634637524E+01    0.30619964230939622818E-07    0.29448872106986623754E-15
    0.30981641102702703883E+01    0.19841063395029669376E-07    0.28716103921606131681E-14
    0.31069519070770770242E+01    0.12802741126326097422E-07    0.30328941146170860420E-14
    0.31157397038838841041E+01    0.82341489526937846174E-08    0.14120764235941449623E-15
    0.31245275006906907400E+01    0.52867541462895405845E-08   -0.30776367238153571753E-14
    0.31333152974974973759E+01    0.33872167337440294791E-08   -0.28674784453578337048E-14
    0.31421030943043044559E+01    0.21610030311859622798E-08    0.93297251685405287614E-15
    0.31508908911111115358E+01    0.13703024016726165361E-08    0.38455140788444557383E-14
    0.31596786879179177276E+01    0.86609708075634826527E-09    0.20411065271951983290E-14
    0.31684664847247248076E+01    0.54850669561768901831E-09   -0.24644828957977872954E-14
    0.31772542815315318876E+01    0.34777992578975662421E-09   -0.41443024020930052359E-14
    0.31860420783383385235E+01    0.21886505091616954446E-09   -0.96473835911836044703E-15
    0.31948298751451451594E+01    0.13579772414229105660E-09    0.30278953825445885870E-14
    0.32036176719519522393E+01    0.83919857906335368058E-10    0.31189713819789948652E-14
    0.32124054687587593193E+01    0.52698233815718723633E-10   -0.26304003877391197494E-15
    0.32211932655655655111E+01    0.33554516506457058584E-10   -0.27961234607143359661E-14
    0.32299810623723725911E+01    0.20918148478313380602E-10   -0.19302896023998045355E-14
    0.32387688591791796711E+01    0.12430947162462782966E-10    0.53824225387884498105E-15
    0.32475566559859858629E+01    0.73173934884425224045E-11    0.15906184823895502797E-14
    0.32563444527927929428E+01    0.46517328705104659715E-11    0.64379844565967370351E-15
    0.32651322495996000228E+01    0.31581964212854521277E-11   -0.62533071886723983272E-15
    0.32739200464064062146E+01    0.19789302933335536366E-11   -0.86394329549972986542E-15
    0.32827078432132132946E+01    0.10218512023254490785E-11   -0.37201449163092001079E-15
    0.32914956400200203745E+01    0.49385265555058706555E-12   -0.59998961338217936266E-16
    0.33002834368268265663E+01    0.35862868496261373431E-12   -0.14107761824495327882E-15
    0.33090712336336336463E+01    0.33308282070246758782E-12   -0.19378108670817407893E-15
    0.33178590304404407263E+01    0.21886785439685449018E-12   -0.65998494740622990314E-16
    0.33266468272472478063E+01    0.61841939821324932191E-13   -0.18035095750522071808E-15
    0.33354346240540539981E+01   -0.10545720695196479596E-13   -0.76368800438014727310E-15
    0.33442224208608610780E+01    0.16888781487757373766E-13   -0.11385926127978539113E-14
    0.33530102176676681580E+01    0.54472353453534770049E-13   -0.39264580891022316759E-15
    0.33617980144744743498E+01    0.38793982834526088274E-13    0.11705753881814385839E-14
    0.33705858112812814298E+01   -0.41793873740438531887E-14    0.18608184003256441721E-14
    0.33793736080880885098E+01   -0.20758450937046781792E-13    0.57748167945218862116E-15
    0.33881614048948947016E+01   -0.28965012397164670262E-14   -0.14154203288729829935E-14
    0.33969492017017017815E+01    0.15988086565773534578E-13   -0.17394236272683388756E-14
    0.34057369985085088615E+01    0.12315237648153993444E-13    0.10147901990497962404E-15
    0.34145247953153150533E+01   -0.31304641900077730658E-14    0.18678050840739687762E-14
    0.34233125921221221333E+01   -0.90727197517676500142E-14    0.13504260970936794887E-14
    0.34321003889289292133E+01   -0.20026939292069651236E-14   -0.87199444976270598824E-15
    0.34408881857357362932E+01    0.54924703782419499291E-14   -0.23110256465170083143E-14
    0.34496759825425424850E+01    0.44070934813471327923E-14   -0.15923531139135113034E-14
    0.34584637793493495650E+01   -0.12829298567747064425E-14    0.22586454371249479775E-15
    0.34672515761561566450E+01   -0.35858379392919360850E-14    0.12809599282630223835E-14
    0.34760393729629628368E+01   -0.10922543161285065074E-14    0.82340598298037254533E-15
    0.34848271697697699167E+01    0.16174822597078978166E-14   -0.54654984737734731908E-15
    0.34936149665765769967E+01    0.12317929882727479272E-14   -0.16871708863774481694E-14
    0.35024027633833831885E+01   -0.83808684083657866128E-15   -0.16964955440852608261E-14
    0.35111905601901902685E+01   -0.17291161150848320223E-14   -0.52260395941789355136E-15
    0.35199783569969973485E+01   -0.96343839366481981079E-15    0.74804355408367285304E-15
    0.35287661538038035403E+01   -0.16517296002108244511E-15    0.74957311461011644429E-15
    0.35375539506106106202E+01   -0.35945941825138807343E-15   -0.69087857527395379788E-15
    0.35463417474174177002E+01   -0.80568667760734788575E-15   -0.21960633184603953827E-14
    0.35551295442242247802E+01   -0.48029170193543921907E-15   -0.22747197493861037679E-14
    0.35639173410310309720E+01    0.33522794363990583411E-15   -0.79345064175534211471E-15
    0.35727051378378380520E+01    0.52247090179585824263E-15    0.10857922311964046236E-14
    0.35814929346446451319E+01   -0.24197527455890783542E-15    0.19000725864296424194E-14
    0.35902807314514513237E+01   -0.97164490261453654139E-15    0.83024097234449922540E-15
    0.35990685282582584037E+01   -0.69471703813110441961E-15   -0.15449348920872326209E-14
    0.36078563250650654837E+01    0.24828162305818596328E-15   -0.30373909445246447109E-14
    0.36166441218718716755E+01    0.70097139452598262736E-15   -0.16289497641535390511E-14
    0.36254319186786787554E+01    0.19074938998061668147E-15    0.17805463365923105904E-14
    0.36342197154854858354E+01   -0.54728572820846961363E-15    0.33994385916959335363E-14
    0.36430075122922929154E+01   -0.63597837336038152901E-15    0.86935931828655714998E-15
    0.36517953090990991072E+01   -0.13649133612357784771E-15   -0.30805376515633690668E-14
    0.36605831059059061872E+01    0.24181909277119294401E-15   -0.34928961282196418376E-14
    0.36693709027127132671E+01    0.19277812913276087312E-15    0.46876007543556859717E-15
    0.36781586995195194589E+01    0.15755430821824686415E-15    0.39923861344442530947E-14
    0.36869464963263265389E+01    0.52589511621082400180E-15    0.26981740706924891975E-14
    0.36957342931331336189E+01    0.89510528181957840532E-15   -0.16559526252822506244E-14
    0.37045220899399398107E+01    0.56136772671684700004E-15   -0.36368726792559919311E-14
    0.37133098867467468907E+01   -0.34341238636730204608E-15   -0.10540252629841802978E-14
    0.37220976835535539706E+01   -0.71575582641571165282E-15    0.26683698307830849057E-14
    0.37308854803603601624E+01    0.10243758576170998675E-15    0.33522021143488536334E-14
    0.37396732771671672424E+01    0.11357090447671852989E-14    0.10057925675203662699E-14
    0.37484610739739743224E+01    0.81244580884226160529E-15   -0.11702963611703591367E-14
    0.37572488707807814023E+01   -0.84777574919672839910E-15   -0.10610769110702795799E-14
    0.37660366675875875941E+01   -0.18625437821516238365E-14    0.45233015057127124419E-15
    0.37748244643943946741E+01   -0.70444050273369054980E-15    0.14159128821303443554E-14
    0.37836122612012017541E+01    0.15429470374301577036E-14    0.10410979821323754989E-14
    0.37924000580080079459E+01    0.23911582510242801790E-14   -0.91164429874524267457E-16
    0.38011878548148150259E+01    0.93401565598163872273E-15   -0.99448599067989539669E-15
    0.38099756516216221058E+01   -0.11645361685232222958E-14   -0.10339753391634821750E-14
    0.38187634484284282976E+01   -0.17830803109025421893E-14   -0.25725242223865442192E-15
    0.38275512452352353776E+01   -0.53727356660886633545E-15    0.55493819487580817846E-15
    0.38363390420420424576E+01    0.12839210622091240791E-14    0.54903647297172332768E-15
    0.38451268388488486494E+01    0.20640816098846980308E-14   -0.21394036264680197590E-15
    0.38539146356556557294E+01    0.97333006238529939749E-15   -0.68961473640198234943E-15
    0.38627024324624628093E+01   -0.13909611844920146067E-14   -0.13850004880276389685E-15
    0.38714902292692698893E+01   -0.29358906393037083219E-14    0.79053285578004284813E-15
    0.38802780260760760811E+01   -0.17705681157899963118E-14    0.84774546195232103830E-15
    0.38890658228828831611E+01    0.13191105618154497272E-14   -0.88044893919930552280E-16
    0.38978536196896902410E+01    0.29503418944577584985E-14   -0.68707531283201870655E-15
    0.39066414164964964328E+01    0.94598918570763304520E-15    0.51163553331191197101E-16
    0.39154292133033035128E+01   -0.25366388466698263971E-14    0.12607366576299930968E-14
    0.39242170101101105928E+01   -0.33442324220454787272E-14    0.12484363172415564482E-14
    0.39330048069169167846E+01   -0.41596850969272177088E-15   -0.17842924412163179105E-15
    0.39417926037237238646E+01    0.28877289936655769658E-14   -0.12430325448113099353E-14
    0.39505804005305309445E+01    0.30500714403714525285E-14   -0.48565365303507098678E-15
    0.39593681973373371363E+01    0.44191716376902462138E-15    0.12125792818168068206E-14
    0.39681559941441442163E+01   -0.18077682962606211236E-14    0.17218861324144235474E-14
    0.39769437909509512963E+01   -0.16452587661346027261E-14    0.33129896403415156213E-15
    0.39857315877577583763E+01    0.20733681462620966329E-15   -0.14425371543225896463E-14
    0.39945193845645645681E+01    0.18084157642901098713E-14   -0.18063306854037289366E-14
    0.40033071813713716480E+01    0.18850571368331624959E-14   -0.61950624800244796145E-15
    0.40120949781781787280E+01    0.44308820807308032549E-15    0.86314659282013539040E-15
    0.40208827749849849198E+01   -0.13835868428640735491E-14    0.14124630614323589251E-14
    0.40296705717917919998E+01   -0.20139607800826445682E-14    0.70000836053117831588E-15
    0.40384583685985990797E+01   -0.76260427693750620817E-15   -0.69955606883998643798E-15
    0.40472461654054052715E+01    0.12292656503862337432E-14   -0.16276961655385885735E-14
    0.40560339622122123515E+01    0.20434864899837059214E-14   -0.11686660496423774398E-14
    0.40648217590190194315E+01    0.99179950134018292849E-15    0.34676481547012551109E-15
    0.40736095558258256233E+01   -0.76669780394797668938E-15    0.14085527049287612132E-14
    0.40823973526326327033E+01   -0.16127115205489490281E-14    0.88381946590473237441E-15
    0.40911851494394397832E+01   -0.92137103671001539362E-15   -0.67561026042574231387E-15
    0.40999729462462468632E+01    0.71219561081440650680E-15   -0.17071666829228086349E-14
    0.41087607430530530550E+01    0.19496192206861224790E-14   -0.13006799021655522463E-14
    0.41175485398598601350E+01    0.15269583662277686817E-14    0.79855808315164900653E-16
    0.41263363366666672150E+01   -0.53464676804944449055E-15    0.12527996322834657986E-14
    0.41351241334734734068E+01   -0.23033689791574184373E-14    0.11992763264331385019E-14
    0.41439119302802804867E+01   -0.16632572745975210264E-14   -0.25470779129665373151E-15
    0.41526997270870875667E+01    0.94800757103374328813E-15   -0.19659024064714151284E-14
    0.41614875238938937585E+01    0.24665090333329914564E-14   -0.20610425711363718737E-14
    0.41702753207007008385E+01    0.81211461514853141902E-15    0.71626664881574082119E-16
    0.41790631175075079184E+01   -0.21977524677313758773E-14    0.24347165090016102295E-14
    0.41878509143143141102E+01   -0.29659832634671335421E-14    0.23182234423803090940E-14
    0.41966387111211211902E+01   -0.58918320839412596734E-15   -0.35427642326679056236E-15
    0.42054265079279282702E+01    0.20870637753675067749E-14   -0.25848019580258264352E-14
    0.42142143047347353502E+01    0.21899353529489110525E-14   -0.18700797891777192461E-14
    0.42230021015415415420E+01    0.18140429541932090256E-15    0.74964015620579545011E-15
    0.42317898983483486219E+01   -0.13227151948593863346E-14    0.22125938324084965004E-14
    0.42405776951551557019E+01   -0.92544715650160541032E-15    0.11332970778890701714E-14
    0.42493654919619618937E+01    0.34930140862906211977E-15   -0.97416574276218067153E-15
    0.42581532887687689737E+01    0.91984678736388652224E-15   -0.19413675752297441742E-14
    0.42669410855755760537E+01    0.50630272546744008719E-15   -0.11993955176138923287E-14
    0.42757288823823822455E+01   -0.93767332196382159952E-16    0.28213070575788981434E-15
    0.42845166791891893254E+01   -0.25400826066808795475E-15    0.12358126205205537119E-14
    0.42933044759959964054E+01   -0.70314320647942800391E-16    0.98449511609402111187E-15
    0.43020922728028034854E+01    0.89794724164630703521E-16   -0.23715880152815389443E-15
    0.43108800696096096772E+01    0.86719446961645765716E-16   -0.13179462689013543336E-14
    0.43196678664164167571E+01    0.11315863777935266006E-16   -0.11436732504079421716E-14
    0.43284556632232238371E+01   -0.56397140409250300831E-16    0.20919325465457699755E-15
    0.43372434600300300289E+01   -0.14126328814891459093E-15    0.14128821621216177390E-14
    0.43460312568368371089E+01   -0.25626406040276191394E-15    0.13271060448207588760E-14
    0.43548190536436441889E+01   -0.30292417099355240139E-15    0.21593049588640695800E-15
    0.43636068504504503807E+01   -0.16613858393997351512E-15   -0.75553896216619019062E-15
    0.43723946472572574606E+01    0.10802797890758447776E-15   -0.83197579031387200725E-15
    0.43811824440640645406E+01    0.30235919516368557460E-15   -0.21934703223920874420E-15
    0.43899702408708707324E+01    0.24120639416015588919E-15    0.40975422349307750007E-15
    0.43987580376776778124E+01   -0.27725293881205942949E-16    0.51772924760018658823E-15
    0.44075458344844848924E+01   -0.29631647911008822527E-15   -0.50173012946818628618E-17
    0.44163336312912919723E+01   -0.37706612586084198696E-15   -0.74025351479576579174E-15
    0.44251214280980981641E+01   -0.22003211205470839343E-15   -0.98460198243691627554E-15
    0.44339092249049052441E+01    0.62636151120050828156E-16   -0.41193992489881666524E-15
    0.44426970217117123241E+01    0.23363132557967345252E-15    0.47776203647210677087E-15
    0.44514848185185185159E+01    0.11275050213735885829E-15    0.87604157738176044338E-15
    0.44602726153253255958E+01   -0.19556344670604052615E-15    0.59148950067231347524E-15
    0.44690604121321326758E+01   -0.34234000451487914585E-15    0.21261651226006689908E-15
    0.44778482089389388676E+01   -0.11509802853570854487E-15    0.27592615039719721652E-15
    0.44866360057457459476E+01    0.27810901677815955994E-15    0.57690800094577954464E-15
    0.44954238025525530276E+01    0.44968293211756033842E-15    0.55533769923931196757E-15
    0.45042115993593592194E+01    0.29649290453746179298E-15    0.14122396488590402120E-15
    0.45129993961661662993E+01    0.90446740732961916513E-16   -0.12488406266764006984E-15
    0.45217871929729733793E+01    0.84994017438231493969E-16    0.87913672993851233064E-16
    0.45305749897797804593E+01    0.18934030992531072788E-15    0.29075970992312005013E-15
    0.45393627865865866511E+01    0.15127900182768589504E-15   -0.19275242312058290536E-15
    0.45481505833933937311E+01   -0.45059218073642059326E-16   -0.11030183912935058941E-14
    0.45569383802002008110E+01   -0.12828256704949341147E-15   -0.12811868006797482313E-14
    0.45657261770070070028E+01    0.66528423267344187961E-16   -0.17552955466864626956E-15
    0.45745139738138140828E+01    0.30791207307415671112E-15    0.10907981283953585444E-14
    0.45833017706206211628E+01    0.27136456136770179699E-15    0.91872415490930398012E-15
    0.45920895674274273546E+01    0.72349876222514537761E-16   -0.66304427416339165314E-15
    0.46008773642342344345E+01    0.23142085934160644761E-15   -0.18105795937351171553E-14
    0.46096651610410415145E+01    0.92860727311706989121E-15   -0.10943563575461400432E-14
    0.46184529578478477063E+01    0.15031270516385889082E-14    0.72000241984662840348E-15
    0.46272407546546547863E+01    0.11396098391349211514E-14    0.17030656402533037086E-14
    0.46360285514614618663E+01    0.75325890659275296877E-17    0.99157869646565334136E-15
    0.46448163482682689462E+01   -0.72650969358062584631E-15   -0.51769087417749208388E-15
    0.46536041450750751380E+01   -0.28716710140255304720E-15   -0.14339546510695955086E-14
    0.46623919418818822180E+01    0.66654760724453123245E-15   -0.11452235608126735097E-14
    0.46711797386886892980E+01    0.87085229318547991642E-15   -0.10263741773075128619E-16
    0.46799675354954954898E+01    0.45318366451838253802E-16    0.99960271249606537574E-15
    0.46887553323023025698E+01   -0.81029480618059327732E-15    0.92291025073542149220E-15
    0.46975431291091096497E+01   -0.72901333224351635103E-15   -0.29716958989151045434E-15
    0.47063309259159158415E+01    0.11025643704966712041E-15   -0.13889398872218605275E-14
    0.47151187227227229215E+01    0.77870690022530345919E-15   -0.94376474011991840513E-15
    0.47239065195295300015E+01    0.64730611917689204883E-15    0.81984060294866002104E-15
    0.47326943163363361933E+01   -0.15374872211801776445E-15    0.20536607340039327397E-14
    0.47414821131431432732E+01   -0.10296755041274599057E-14    0.14165397825861463508E-14
    0.47502699099499503532E+01   -0.13458457289734059486E-14   -0.29531302668499886496E-15
    0.47590577067567574332E+01   -0.84630128914301566086E-15   -0.12336616949430329065E-14
    0.47678455035635636250E+01    0.24716572697202385966E-17   -0.68197562415084062711E-15
    0.47766333003703707050E+01    0.29823273039720104849E-15    0.38714216915531132904E-15
    0.47854210971771777849E+01   -0.27539000119550270189E-15    0.75449398223823271176E-15
    0.47942088939839839767E+01   -0.82966305411663434523E-15    0.24509042785922677222E-15
    0.48029966907907910567E+01   -0.26810458725765090594E-15   -0.50185408376322585878E-15
    0.48117844875975981367E+01    0.11454390771815353734E-14   -0.91783184340508302343E-15
    0.48205722844044043285E+01    0.18360228047292523777E-14   -0.89239239862178136228E-15
    0.48293600812112114085E+01    0.89263743073757381839E-15   -0.53416695077820982101E-15
    0.48381478780180184884E+01   -0.54414094327708403103E-15    0.68302521495941362528E-16
    0.48469356748248246802E+01   -0.66737514271239211783E-15    0.76189717403880279705E-15
    0.48557234716316317602E+01    0.58619126851386132553E-15    0.11399042576992959128E-14
    0.48645112684384388402E+01    0.13693967553563812443E-14    0.74942920773887899036E-15
    0.48732990652452459202E+01    0.42121685749200552874E-15   -0.24257370858757949365E-15
    0.48820868620520521119E+01   -0.11067256147840841753E-14   -0.75757968722843032725E-15
    0.48908746588588591919E+01   -0.11807347543430907647E-14    0.13339039866987851514E-15
    0.48996624556656662719E+01    0.33823283234672241161E-15    0.17386231435221517905E-14
    0.49084502524724724637E+01    0.14321164649595317640E-14    0.20712584153735488561E-14
    0.49172380492792795437E+01    0.62679186778898049048E-15    0.25469860676268058558E-15
    0.49260258460860866236E+01   -0.99641075451514204297E-15   -0.19139118473285730662E-14
    0.49348136428928928154E+01   -0.13063781238065377421E-14   -0.19296135882226324396E-14
    0.49436014396996998954E+01    0.60036032931571266275E-16    0.21003646534602385466E-15
    0.49523892365065069754E+01    0.13010447076619790540E-14    0.18291684226083082244E-14
    0.49611770333133140554E+01    0.88859473635967498075E-15    0.92491752831440629309E-15
    0.49699648301201202472E+01   -0.53426538768413960466E-15   -0.13297001934694142618E-14
    0.49787526269269273271E+01   -0.12261721744241368312E-14   -0.22913995020176480515E-14
    0.49875404237337344071E+01   -0.55496255670401300077E-15   -0.11331708838542003115E-14
    0.49963282205405405989E+01    0.48742085111266137205E-15    0.48965385158406521443E-15
    0.50051160173473476789E+01    0.75043208173844222937E-15    0.82705924518877856680E-15
    0.50139038141541547589E+01    0.17740849132853766839E-15    0.29157212401700387763E-17
    0.50226916109609609506E+01   -0.50629792934678416245E-15   -0.69200508578445154244E-15
    0.50314794077677680306E+01   -0.73738278909834919604E-15   -0.55293938253056124113E-15
    0.50402672045745751106E+01   -0.51528549524640283357E-15    0.51881116622338372748E-17
    0.50490550013813813024E+01   -0.15491386741154922303E-15    0.34040179362006878305E-15
    0.50578427981881883824E+01    0.24495449157082191817E-16    0.37024589522092774494E-15
    0.50666305949949954623E+01   -0.10862933722640823268E-15    0.38621942025945304674E-15
    0.50754183918018025423E+01   -0.38753043760902957815E-15    0.49262259281185173618E-15
    0.50842061886086087341E+01   -0.46814895828584589353E-15    0.48708200727808943568E-15
    0.50929939854154158141E+01   -0.20005005401974623540E-15    0.25006623024761123762E-15
    0.51017817822222228941E+01    0.14732782646705100234E-15    0.18556095613060864670E-16
    0.51105695790290290859E+01    0.18528252323094918613E-15    0.96422100343106620722E-16
    0.51193573758358361658E+01   -0.11887261249790670319E-15    0.38220124178142852560E-15
    0.51281451726426432458E+01   -0.41612112896309183010E-15    0.41181438419958995370E-15
    0.51369329694494494376E+01   -0.45159544947683830690E-15   -0.26914628832731394051E-16
    0.51457207662562565176E+01   -0.39369830047234055268E-15   -0.50163729518934978641E-15
    0.51545085630630635976E+01   -0.52402519354570842999E-15   -0.42579514788081010117E-15
    0.51632963598698697893E+01   -0.72358764104743247134E-15    0.16474697056027945320E-15
    0.51720841566766768693E+01   -0.54320807025712029580E-15    0.60221851392459831124E-15
    0.51808719534834839493E+01    0.86087056683426432786E-16    0.42425015787673527933E-15
    0.51896597502902910293E+01    0.46096527700638422821E-15   -0.43871435136739028180E-16
    0.51984475470970972211E+01   -0.11529961999071477621E-15   -0.19216640880998964780E-15
    0.52072353439039043010E+01   -0.12189138726648435431E-14    0.11328400109582218851E-16
    0.52160231407107113810E+01   -0.15113419364682524383E-14   -0.63591030257567873461E-17
    0.52248109375175184610E+01   -0.37447016327722497923E-15   -0.53537637749360115066E-15
    0.52335987343243246528E+01    0.10605768153198327585E-14   -0.10109462406706332128E-14
    0.52423865311311317328E+01    0.11788550484350722256E-14   -0.70898002529082602742E-15
    0.52511743279379388127E+01   -0.11758092456768848191E-15    0.16915171701253016692E-15
    0.52599621247447450045E+01   -0.12773781090385037949E-14    0.57852459217954117529E-15
    0.52687499215515520845E+01   -0.99764109382806229906E-15   -0.29605342224610724872E-16
    0.52775377183583591645E+01    0.34080427173642884722E-15   -0.84438602400793348191E-15
    0.52863255151651653563E+01    0.13627351685035344267E-14   -0.66853011284868866663E-15
    0.52951133119719724363E+01    0.11710382874975134177E-14    0.52505681413151944042E-15
    0.53039011087787795162E+01   -0.41327525640077257977E-16    0.14989078905335158199E-14
    0.53126889055855857080E+01   -0.13411994406710317925E-14    0.12303912726574572569E-14
    0.53214767023923927880E+01   -0.16366701670350686517E-14    0.28742976445901433872E-16
    0.53302644991991998680E+01   -0.48983740390854966461E-15   -0.98234294989337535633E-15
    0.53390522960060069479E+01    0.11479801116208278813E-14   -0.98806861337422901999E-15
    0.53478400928128131397E+01    0.15218966601779793944E-14   -0.27416622519139196874E-16
    0.53566278896196202197E+01    0.21277686463924195262E-16    0.11111688304248395440E-14
    0.53654156864264272997E+01   -0.17279881551268940334E-14    0.12977564736112218672E-14
    0.53742034832332334915E+01   -0.16234529866172281988E-14    0.22532510517771028190E-16
    0.53829912800400405715E+01    0.31600715178564577604E-15   -0.16336441039534143982E-14
    0.53917790768468476514E+01    0.19126144866130727508E-14   -0.16793705665675956062E-14
    0.54005668736536538432E+01    0.14826132693466680100E-14    0.41807456283582018203E-15
    0.54093546704604609232E+01   -0.26457225953447860085E-15    0.24703924615731277270E-14
    0.54181424672672680032E+01   -0.14017259535697801307E-14    0.19236779869897790640E-14
    0.54269302640740750832E+01   -0.10015044196449149677E-14   -0.78708213563954420110E-15
    0.54357180608808812750E+01    0.25349025889745388629E-15   -0.24623628502579420547E-14
    0.54445058576876883549E+01    0.11710882354512698396E-14   -0.10698431487011532109E-14
    0.54532936544944954349E+01    0.10963777803447936327E-14    0.16505149469432024183E-14
    0.54620814513013016267E+01    0.15291015001366558674E-15    0.25209044511782982518E-14
    0.54708692481081087067E+01   -0.89076746117035891078E-15    0.80383454790375583164E-15
    0.54796570449149157866E+01   -0.11058644808090024660E-14   -0.12918683890054906697E-14
    0.54884448417217219784E+01   -0.21874147142729580998E-15   -0.16097871655994561819E-14
    0.54972326385285290584E+01    0.97498493825701441002E-15   -0.33668380221998522884E-15
    0.55060204353353361384E+01    0.13706859744729487450E-14    0.88967762782200545440E-15
    0.55148082321421423302E+01    0.66035779413173348861E-15    0.97701534581750256922E-15
    0.55235960289489494102E+01   -0.47752907623234485885E-15    0.11024408393848205241E-15
    0.55323838257557564901E+01   -0.11327688054988642797E-14   -0.85412684255819221158E-15
    0.55411716225625635701E+01   -0.85786679222771811132E-15   -0.11029004187191570749E-14
    0.55499594193693697619E+01    0.14570081413224310125E-15   -0.36560611538380163477E-15
    0.55587472161761768419E+01    0.11004517653291774975E-14    0.77058415756636068639E-15
    0.55675350129829839219E+01    0.11355560806856039159E-14    0.12540584103372033268E-14
    0.55763228097897901137E+01    0.15361743499636686442E-15    0.65056168387466295622E-15
    0.55851106065965971936E+01   -0.80196836181610620132E-15   -0.26603030726943109339E-15
    0.55938984034034042736E+01   -0.59971182614364646603E-15   -0.43262011280883958330E-15
    0.56026862002102104654E+01    0.58070027505480758955E-15    0.18118030474058514920E-15
    0.56114739970170175454E+01    0.13602988771386826160E-14    0.61234162046426289582E-15
    0.56202617938238246253E+01    0.77717413038951053497E-15    0.29931542577409883845E-15
    0.56290495906306308171E+01   -0.61704222660816972904E-15   -0.71013137928715293005E-16
    0.56378373874374378971E+01   -0.15181928568851095506E-14    0.40850412492403321590E-15
    0.56466251842442449771E+01   -0.12252874429251409105E-14    0.13578641544839524209E-14
    0.56554129810510520571E+01   -0.82634900542900291181E-16    0.13755900473227586583E-14
    0.56642007778578582489E+01    0.10101434962673595188E-14    0.42092235102415766714E-16
    0.56729885746646653288E+01    0.12008360202936281605E-14   -0.10245269207306312039E-14
    0.56817763714714724088E+01    0.24419570031136319146E-15   -0.10266662079286209846E-15
    0.56905641682782786006E+01   -0.10858077464158169829E-14    0.20005625381629747260E-14
    0.56993519650850856806E+01   -0.14904308014042872856E-14    0.24947407061637270725E-14
    0.57081397618918927606E+01   -0.49973525630228498811E-15    0.23299818904799834060E-15
    0.57169275586986989524E+01    0.81424518679023556124E-15   -0.22619278849373262258E-14
    0.57257153555055060323E+01    0.10135624256391388559E-14   -0.18137300521767634360E-14
    0.57345031523123131123E+01   -0.40584032736656816554E-16    0.11311428568858301276E-14
    0.57432909491191193041E+01   -0.11301751502751458500E-14    0.28261791932714778143E-14
    0.57520787459259263841E+01   -0.11866034067227757512E-14    0.99409814222543386638E-15
    0.57608665427327334640E+01   -0.36984471090414099554E-15   -0.21926014538457240366E-14
    0.57696543395395405440E+01    0.43095130500185016801E-15   -0.30357112134314944091E-14
    0.57784421363463467358E+01    0.60238821905036316576E-15   -0.86073872571413279478E-15
    0.57872299331531538158E+01    0.18064793266038224014E-15    0.15975376748547994476E-14
    0.57960177299599608958E+01   -0.40378644172143441937E-15    0.18378467738986541960E-14
    0.58048055267667670876E+01   -0.65558674639834190450E-15    0.21199248834661372287E-15
    0.58135933235735741675E+01   -0.31828556417095807093E-15   -0.12801253255399141633E-14
    0.58223811203803812475E+01    0.38723213608118301987E-15   -0.13894665235886679949E-14
    0.58311689171871874393E+01    0.89697230912108710928E-15   -0.39101014691118292035E-15
    0.58399567139939945193E+01    0.78606348962284418137E-15    0.73796233343770262745E-15
    0.58487445108008015993E+01    0.11339473522235111055E-15    0.11704071593573443459E-14
    0.58575323076076077911E+01   -0.67900946171683621018E-15    0.64281908523988779708E-15
    0.58663201044144148710E+01   -0.10416566556672186129E-14   -0.37087993023345346146E-15
    0.58751079012212219510E+01   -0.65651862556062817863E-15   -0.99019507074292385586E-15
    0.58838956980280290310E+01    0.18571457060555690066E-15   -0.71514755626346993900E-15
    0.58926834948348352228E+01    0.57820694449901962348E-15    0.10233426554103546894E-15
    0.59014712916416423027E+01   -0.11154175302445939557E-15    0.68773212625198915887E-15
    0.59102590884484493827E+01   -0.12428536895704163247E-14    0.54351718266923592644E-15
    0.59190468852552555745E+01   -0.13638809680644084915E-14   -0.25456044502094608876E-15
    0.59278346820620626545E+01   -0.84493976439491789735E-17   -0.11559883274797244808E-14
    0.59366224788688697345E+01    0.13987643404121509127E-14   -0.14166552807489387164E-14
    0.59454102756756759263E+01    0.11655194298532868190E-14   -0.69120073499341107474E-15
    0.59541980724824830062E+01   -0.48902691157273871890E-15    0.41036133443189415975E-15
    0.59629858692892900862E+01   -0.16373861408708646460E-14    0.73585089465606596622E-15
    0.59717736660960962780E+01   -0.10369556826946687637E-14   -0.12392078271485657911E-15
    0.59805614629029033580E+01    0.40245113496522484653E-15   -0.11884583373826193629E-14
    0.59893492597097104380E+01    0.98989718601170019380E-15   -0.12055678828401384527E-14
    0.59981370565165175179E+01    0.34930341101660835530E-15   -0.16345250129863156571E-15
    0.60069248533233237097E+01   -0.41775498553391622043E-15    0.76113531479707197523E-15
    0.60157126501301307897E+01   -0.34819686822642472394E-15    0.68335371683616957638E-15
    0.60245004469369378697E+01    0.28552231523015360099E-15   -0.32794757375903642851E-16
    0.60332882437437440615E+01    0.61425509433299517032E-15   -0.45995109232258824907E-15
    0.60420760405505511415E+01    0.29166204840321848761E-15   -0.23425066927669633293E-15
    0.60508638373573582214E+01   -0.27867906506970073715E-15    0.24729450080502333339E-15
    0.60596516341641644132E+01   -0.54073977125590682136E-15    0.48365316273308897431E-15
    0.60684394309709714932E+01   -0.29740566647042704057E-15    0.37465374154049137302E-15
    0.60772272277777785732E+01    0.21630326147790178133E-15    0.12740736165775321911E-15
    0.60860150245845856531E+01    0.45928562609688240706E-15   -0.29484475493391514383E-16
    0.60948028213913918449E+01   -0.12505485408091410958E-16   -0.70604934179946251927E-17
    0.61035906181981989249E+01   -0.92262368148124226768E-15    0.10528296115237139154E-15
    0.61123784150050060049E+01   -0.11809503220401332708E-14    0.90618813017003337742E-16
    0.61211662118118121967E+01   -0.63721720978941822876E-16   -0.17502572278370757509E-15
    0.61299540086186192767E+01    0.14833698051578304757E-14   -0.50164592926259542637E-15
    0.61387418054254263566E+01    0.15557936225716850942E-14   -0.53120764660726192749E-15
    0.61475296022322325484E+01   -0.25629812085576576327E-15   -0.19962103746456194049E-15
    0.61563173990390396284E+01   -0.17901845806031044711E-14    0.72780852203809579143E-16
    0.61651051958458467084E+01   -0.82946288503077479093E-15   -0.10722349221314857455E-15
    0.61738929926526529002E+01    0.17557262178875136462E-14   -0.48589233277543321772E-15
    0.61826807894594599802E+01    0.27360287905002145596E-14   -0.37729738137681497722E-15
    0.61914685862662670601E+01    0.60904396432917389503E-15    0.40166425908154460626E-15
    0.62002563830730741401E+01   -0.22266421470816172023E-14    0.10915450486792629032E-14
    0.62090441798798803319E+01   -0.24977900576077007103E-14    0.85670168305730517353E-15
    0.62178319766866874119E+01   -0.16808106189988749450E-15   -0.10587292441453190173E-15
    0.62266197734934944918E+01    0.17374347611571195599E-14   -0.71761270783460013050E-15
    0.62354075703003006836E+01    0.10360123682915988580E-14   -0.26136360037926219923E-15
    0.62441953671071077636E+01   -0.11813995879296397833E-14    0.84198370327685370348E-15
    0.62529831639139148436E+01   -0.23823982394733664589E-14    0.15839273539382689189E-14
    0.62617709607207210354E+01   -0.14969279763817052774E-14    0.12889298538131189784E-14
    0.62705587575275281154E+01    0.47533922325624070905E-15    0.40917564790551410313E-16
    0.62793465543343351953E+01    0.18806941548401636055E-14   -0.13471655405185541386E-14
    0.62881343511411413871E+01    0.17096162075150091170E-14   -0.17095269044791961584E-14
    0.62969221479479484671E+01    0.10717794386445860073E-15   -0.54356563076882420630E-15
    0.63057099447547555471E+01   -0.15526090257957533577E-14    0.10534232150441751064E-14
    0.63144977415615626271E+01   -0.16065753674505266005E-14    0.12069175064603098755E-14
    0.63232855383683688189E+01    0.14883859454395320004E-15   -0.46178714407256608918E-15
    0.63320733351751758988E+01    0.18272576430189967817E-14   -0.19055961060310679782E-14
    0.63408611319819829788E+01    0.14646206959870125058E-14   -0.10171922157145273937E-14
    0.63496489287887891706E+01   -0.56616084360274990168E-15    0.14979997532114363081E-14
    0.63584367255955962506E+01   -0.19736788592776459501E-14    0.27496005479697550828E-14
    0.63672245224024033305E+01   -0.13394681483121102031E-14    0.12151880587535854569E-14
    0.63760123192092095223E+01    0.29233448610916125090E-15   -0.13377395179388370190E-14
    0.63848001160160166023E+01    0.10126984519606764580E-14   -0.21812615182711063989E-14
    0.63935879128228236823E+01    0.33456951333397878935E-15   -0.82970598766153106307E-15
    0.64023757096296298741E+01   -0.65231757557966925203E-15    0.87013557367946674643E-15
    0.64111635064364369541E+01   -0.92097780196020164189E-15    0.12628913584051812551E-14
    0.64199513032432440340E+01   -0.57177581867744733613E-15    0.52777188104199695442E-15
    0.64287391000500511140E+01   -0.22833795561895017842E-15   -0.20183859911028620866E-15
    0.64375268968568573058E+01   -0.54270881140444556867E-16   -0.33613143144660355312E-15
    0.64463146936636643858E+01    0.26275122196528134083E-15   -0.11698675738470839372E-15
    0.64551024904704714658E+01    0.72943863112224755212E-15    0.11076946397069102058E-15
    0.64638902872772776576E+01    0.72835350039680724446E-15    0.36592936088362659709E-15
    0.64726780840840847375E+01   -0.12996059824936829631E-15    0.69883898224241780215E-15
    0.64814658808908918175E+01   -0.10519233957653890614E-14    0.73433703554547489102E-15
    0.64902536776976980093E+01   -0.68703478201445933753E-15   -0.19226991648425431698E-16
    0.64990414745045050893E+01    0.99245214487904079481E-15   -0.12579071079004089247E-14
    0.65078292713113121692E+01    0.20437290586658223805E-14   -0.16829427606443003545E-14
    0.65166170681181183610E+01    0.78196857071657287199E-15   -0.43675235082671535032E-15
    0.65254048649249254410E+01   -0.16834681023135748783E-14    0.13626285538894432746E-14
    0.65341926617317325210E+01   -0.23953140974236500161E-14    0.14988577427485283362E-14
    0.65429804585385396010E+01   -0.26625134472364140793E-15   -0.56097139171361036709E-15
    0.65517682553453457928E+01    0.22048773963522694278E-14   -0.25053218665994449810E-14
    0.65605560521521528727E+01    0.20115216644583618818E-14   -0.18210973381890893630E-14
    0.65693438489589599527E+01   -0.53385627766691225978E-15    0.10156277333456937111E-14
    0.65781316457657661445E+01   -0.23170886689546955919E-14    0.30511200749532924856E-14
    0.65869194425725732245E+01   -0.14080125254861687787E-14    0.23232940558561365317E-14
    0.65957072393793803045E+01    0.73930099373832990863E-15   -0.11960124188643139237E-15
    0.66044950361861864963E+01    0.15417001357374823557E-14   -0.18525791992530200815E-14
    0.66132828329929935762E+01    0.40983261265911153720E-15   -0.15434846125255519389E-14
    0.66220706297998006562E+01   -0.10932050025466271830E-14    0.31807432487863184635E-15
    0.66308584266066068480E+01   -0.14690514885514305030E-14    0.21349183579171952910E-14
    0.66396462234134139280E+01   -0.74077667831106229671E-15    0.22248038356582057013E-14
    0.66484340202202210079E+01    0.16507623907126286317E-15    0.15070608480021762540E-15
    0.66572218170270280879E+01    0.54723441971055491625E-15   -0.22823915322608265610E-14
    0.66660096138338342797E+01    0.31139861450540949973E-15   -0.23801737564396418604E-14
    0.66747974106406413597E+01   -0.25957542125145639064E-15    0.32074822320705746914E-15
    0.66835852074474484397E+01   -0.77019678219199247361E-15    0.29120872002828962343E-14
    0.66923730042542546315E+01   -0.91491677856701431862E-15    0.23500480177504266139E-14
    0.67011608010610617114E+01   -0.63368266494531200840E-15   -0.78363118662527341783E-15
    0.67099485978678687914E+01   -0.11669038387813495673E-15   -0.29989245962418534210E-14
    0.67187363946746749832E+01    0.31224291091216537690E-15   -0.20784842250226432972E-14
    0.67275241914814820632E+01    0.35817610389194461958E-15    0.60819358118801355277E-15
    0.67363119882882891432E+01   -0.16945108755506682871E-16    0.22572835322539440524E-14
    0.67450997850950962231E+01   -0.42914483063439318938E-15    0.16803828269397900203E-14
    0.67538875819019024149E+01   -0.35131041516149531599E-15   -0.15893994274029103583E-15
    0.67626753787087094949E+01    0.28213729114480572360E-15   -0.15951309336939944033E-14
    0.67714631755155165749E+01    0.86708863726491314268E-15   -0.15472893510876374984E-14
    0.67802509723223227667E+01    0.77428966535790537084E-15   -0.69265758010822640624E-16
    0.67890387691291298466E+01    0.89229263042657867396E-16    0.15251455851546928120E-14
    0.67978265659359369266E+01   -0.51154446812428796405E-15    0.16061387124651853381E-14
    0.68066143627427431184E+01   -0.54048822823689040983E-15   -0.68317954830254061377E-16
    0.68154021595495501984E+01   -0.15038264769899897067E-15   -0.17920805891891835335E-14
    0.68241899563563572784E+01    0.19277678787613295736E-15   -0.17475656611086456987E-14
    0.68329777531631634702E+01    0.20367900570853950208E-15   -0.99180168709388230740E-16
    0.68417655499699705501E+01   -0.78190185172574081798E-16    0.13374897883344817224E-14
    0.68505533467767776301E+01   -0.41953579931116924736E-15    0.12508101046221927071E-14
    0.68593411435835847101E+01   -0.55360280058560828130E-15    0.68316306257727107777E-16
    0.68681289403903909019E+01   -0.34286486871940898479E-15   -0.95892021965458815086E-15
    0.68769167371971979819E+01    0.96454253883604236739E-16   -0.11130590154506992756E-14
    0.68857045340040050618E+01    0.47146390428079350122E-15   -0.54047006106326259494E-15
    0.68944923308108112536E+01    0.53981116925918494017E-15    0.20898803993065617093E-15
    0.69032801276176183336E+01    0.27743556637486350476E-15    0.61498547151348722109E-15
    0.69120679244244254136E+01   -0.97928388276540946637E-16    0.41249928390826253529E-15
    0.69208557212312316054E+01   -0.19119354047100881460E-15   -0.28055037653128065650E-15
    0.69296435180380386853E+01    0.27189384113404155401E-15   -0.10265427829696382860E-14
    0.69384313148448457653E+01    0.99835679938744763360E-15   -0.12787725539462822053E-14
    0.69472191116516519571E+01    0.11416976412653934615E-14   -0.66491739540690918760E-15
    0.69560069084584590371E+01    0.22006087104816521533E-15    0.62012676062342215242E-15
    0.69647947052652661171E+01   -0.10018846781973616859E-14    0.15761777779885085362E-14
    0.69735825020720731970E+01   -0.11534940114041984456E-14    0.11078622684673596238E-14
    0.69823702988788793888E+01    0.26046184334414319614E-16   -0.61942788863440029824E-15
    0.69911580956856864688E+01    0.10970279810965921607E-14   -0.18792671027838700142E-14
    0.69999458924924935488E+01    0.65327766719000947817E-15   -0.11973437933950030810E-14
    0.70087336892992997406E+01   -0.77479507404633765721E-15    0.74171301402828451525E-15
    0.70175214861061068206E+01   -0.13374418968399225594E-14    0.17800920591349896846E-14
    0.70263092829129139005E+01   -0.27759777644196473628E-15    0.82334264733892821127E-15
    0.70350970797197200923E+01    0.10340337113461569023E-14   -0.94374266271097605833E-15
    0.70438848765265271723E+01    0.96716336662516854698E-15   -0.16508513164455145938E-14
    0.70526726733333342523E+01   -0.20198097167197321365E-15   -0.76648187783342708927E-15
    0.70614604701401404441E+01   -0.76597378195811902916E-15    0.72590485403557300775E-15
    0.70702482669469475240E+01    0.66051249091152025015E-16    0.15096478239026080851E-14
    0.70790360637537546040E+01    0.11221297453585692302E-14    0.91485754968928118598E-15
    0.70878238605605616840E+01    0.96729730064248150555E-15   -0.72020084038839497117E-15
    0.70966116573673678758E+01   -0.11389369994833228516E-15   -0.20556115419152951200E-14
    0.71053994541741749558E+01   -0.56479586360608946825E-15   -0.17067483130223863374E-14
    0.71141872509809820357E+01    0.29178046971436125067E-15    0.18936808572365948877E-15
    0.71229750477877882275E+01    0.13132073071836150926E-14    0.16654871520785864528E-14
    0.71317628445945953075E+01    0.11179814301150334858E-14    0.10302761621629411828E-14
    0.71405506414014023875E+01   -0.77688304010479019611E-16   -0.96200254215580340952E-15
    0.71493384382082085793E+01   -0.81581062606692867820E-15   -0.19250400784149159516E-14
    0.71581262350150156593E+01   -0.28252180427863972746E-15   -0.71499923086374325344E-15
    0.71669140318218227392E+01    0.77124779533459393485E-15    0.12640871465914477121E-14
    0.71757018286286289310E+01    0.11270250145199162178E-14    0.19622205857629539797E-14
    0.71844896254354360110E+01    0.48455319170000380236E-15    0.99194395134865650335E-15
    0.71932774222422430910E+01   -0.45747004935932731340E-15   -0.38788006056399871023E-15
    0.72020652190490501710E+01   -0.84927692202522468445E-15   -0.92382558675998681281E-15
    0.72108530158558563627E+01   -0.35161378058140731744E-15   -0.42457187027255545902E-15
    0.72196408126626634427E+01    0.69554065327936562171E-15    0.52981860205478618679E-15
    0.72284286094694705227E+01    0.13638246013848452227E-14    0.12099931445259334384E-14
    0.72372164062762767145E+01    0.82080244487971044565E-15    0.11767489458901601454E-14
    0.72460042030830837945E+01   -0.63028339330509392602E-15    0.56369841482517092893E-15
    0.72547919998898908744E+01   -0.14638577766628567570E-14    0.24150835000236645212E-16
    0.72635797966966970662E+01   -0.60289535872100624818E-15    0.10459344306604585914E-15
    0.72723675935035041462E+01    0.97449212875370961422E-15    0.63758121194649315954E-15
    0.72811553903103112262E+01    0.11867755383165135797E-14    0.96185098844498245382E-15
    0.72899431871171174180E+01   -0.51214631120883006241E-15    0.69798864442547238129E-15
    0.72987309839239244980E+01   -0.22033831212468949953E-14    0.12167891245219888539E-15
    0.73075187807307315779E+01   -0.18655569358485422222E-14   -0.26406976455328435192E-15
    0.73163065775375386579E+01    0.64040715959213552299E-16   -0.26674691251503589538E-15
    0.73250943743443448497E+01    0.13378319187398224494E-14   -0.49679326516550009555E-16
    0.73338821711511519297E+01    0.68970882322684197686E-15    0.16098230861763250087E-15
    0.73426699679579590097E+01   -0.84109538538751119874E-15    0.26797006034233613230E-15
    0.73514577647647652014E+01   -0.14948657035025386295E-14    0.26402238841219463653E-15
    0.73602455615715722814E+01   -0.75450826106169005178E-15    0.15092316949667064340E-15
    0.73690333583783793614E+01    0.52410029862335540449E-15   -0.52142469824343781871E-16
    0.73778211551851855532E+01    0.12356793754241670660E-14   -0.24381206168800967836E-15
    0.73866089519919926332E+01    0.88154707923900070549E-15   -0.26205946479993176960E-15
    0.73953967487987997131E+01   -0.23347908561513851532E-15   -0.63591063588214323601E-16
    0.74041845456056067931E+01   -0.11137038387466647272E-14    0.12732802383304974875E-15
    0.74129723424124129849E+01   -0.80696517336280947325E-15    0.57473586157656500119E-18
    0.74217601392192200649E+01    0.50590338803550775153E-15   -0.45150877112609345856E-15
    0.74305479360260271449E+01    0.13859448865367563649E-14   -0.82556965840500409259E-15
    0.74393357328328333367E+01    0.72026651173128039391E-15   -0.71071110307214017041E-15
    0.74481235296396404166E+01   -0.75790004010946198617E-15   -0.12301993659577495348E-15
    0.74569113264464474966E+01   -0.12611631540214868657E-14    0.52463520896647906785E-15
    0.74656991232532536884E+01   -0.20595013104667940922E-15    0.76564720488110962648E-15
    0.74744869200600607684E+01    0.98587272199819856410E-15    0.38081277277344390385E-15
    0.74832747168668678484E+01    0.78014899223782764937E-15   -0.41948019936018807955E-15
    0.74920625136736740401E+01   -0.46155722324889638058E-15   -0.96141126447502819982E-15
    0.75008503104804811201E+01   -0.10813823656241601589E-14   -0.60146419789085735541E-15
    0.75096381072872882001E+01   -0.38094705629338448531E-15    0.47765192423909033941E-15
    0.75184259040940952801E+01    0.50412467883452924747E-15    0.11841543469804328670E-14
    0.75272137009009014719E+01    0.29722533906798455643E-15    0.67941185629583488042E-15
    0.75360014977077085518E+01   -0.61334359621607924386E-15   -0.51436979824075937313E-15
    0.75447892945145156318E+01   -0.78270084642316820524E-15   -0.10623326813043422201E-14
    0.75535770913213218236E+01    0.17522841957423030066E-15   -0.39924323274636709314E-15
    0.75623648881281289036E+01    0.89559309426138663454E-15    0.63641835675142680825E-15
    0.75711526849349359836E+01    0.15912229244831865692E-15    0.89920560615350640996E-15
    0.75799404817417421754E+01   -0.12040268907270236084E-14    0.18485420133869165034E-15
    0.75887282785485492553E+01   -0.12582984762252540581E-14   -0.78198619124980634221E-15
    0.75975160753553563353E+01    0.35221678719554023677E-15   -0.11776892232107368098E-14
    0.76063038721621625271E+01    0.16180803461089877534E-14   -0.69095576002597399901E-15
    0.76150916689689696071E+01    0.76038956328683490945E-15    0.34289940407413680216E-15
    0.76238794657757766871E+01   -0.11944095259511087903E-14    0.10477856392908799244E-14
    0.76326672625825837670E+01   -0.16180415815444676461E-14    0.63709251747570782204E-15
    0.76414550593893899588E+01    0.21978304241331107741E-15   -0.67755618652251644268E-15
    0.76502428561961970388E+01    0.20051128151180576117E-14   -0.16117383156420917001E-14
    0.76590306530030041188E+01    0.14011795100905680469E-14   -0.11379225083002194193E-14
    0.76678184498098103106E+01   -0.85528516306787120925E-15    0.25618036614618387027E-15
    0.76766062466166173905E+01   -0.19875577002088086383E-14    0.11165468278245176043E-14
    0.76853940434234244705E+01   -0.72943320290982538617E-15    0.67241260241142515863E-15
    0.76941818402302306623E+01    0.12496775110700644559E-14   -0.44017321228777188778E-15
    0.77029696370370377423E+01    0.17056767942060668422E-14   -0.11059841995144946786E-14
    0.77117574338438448223E+01    0.43644660215445130599E-15   -0.84470264117929283650E-15
    0.77205452306506510141E+01   -0.97477076842491882300E-15    0.88360191222362496222E-17
    0.77293330274574580940E+01   -0.11954229678678711480E-14    0.72988842585670964965E-15
    0.77381208242642651740E+01   -0.29109268465288870080E-15    0.68362873333712110683E-15
    0.77469086210710722540E+01    0.79019651290970540131E-15   -0.18786356446056861399E-15
    0.77556964178778784458E+01    0.10822308304563744578E-14   -0.10948015256552273576E-14
    0.77644842146846855258E+01    0.22932877593599992634E-15   -0.10482273480653278590E-14
    0.77732720114914926057E+01   -0.10938845868961868321E-14   -0.19217967331120666851E-16
    0.77820598082982987975E+01   -0.14856614644926430226E-14    0.83429711929034604866E-15
    0.77908476051051058775E+01   -0.24296555430710367230E-15    0.49069629430955121106E-15
    0.77996354019119129575E+01    0.14790584698728641162E-14   -0.66300887358702479342E-15
    0.78084231987187191493E+01    0.17482851243002917621E-14   -0.13290018783066538183E-14
    0.78172109955255262292E+01    0.21101787925228954312E-15   -0.84157770616519457239E-15
    0.78259987923323333092E+01   -0.12822627493187980506E-14    0.18316542864427867197E-15
    0.78347865891391395010E+01   -0.93920542128452663440E-15    0.73895833426001345058E-15
    0.78435743859459465810E+01    0.74621204258543716394E-15    0.46306033652708957542E-15
    0.78523621827527536610E+01    0.17508326307093431475E-14   -0.26079210774252306656E-15
    0.78611499795595607409E+01    0.10274443352284645661E-14   -0.77950605779727221284E-15
    0.78699377763663669327E+01   -0.44739624829732540025E-15   -0.61959597556039424927E-15
    0.78787255731731740127E+01   -0.11191584383862376111E-14    0.18047887439109392763E-15
    0.78875133699799810927E+01   -0.51185826745410310141E-15    0.93255666379842434560E-15
    0.78963011667867872845E+01    0.65963106116183368880E-15    0.84467320282378992323E-15
    0.79050889635935943645E+01    0.13273561085791160118E-14   -0.73000008440657786944E-16
    0.79138767604004014444E+01    0.82372055879770774365E-15   -0.86402317695989642765E-15
    0.79226645572072076362E+01   -0.61293918719681778335E-15   -0.70389889767010756029E-15
    0.79314523540140147162E+01   -0.16881484635605646276E-14    0.92502851608485861199E-16
    0.79402401508208217962E+01   -0.11061970955058994955E-14    0.50615164773024064152E-15
    0.79490279476276279880E+01    0.76832851845676824677E-15    0.69425503012613646457E-16
    0.79578157444344350679E+01    0.18355915485386123270E-14   -0.65370671239999297383E-15
    0.79666035412412421479E+01    0.68707771014527261331E-15   -0.87387043336887916829E-15
    0.79753913380480492279E+01   -0.12923574496003853765E-14   -0.45233394042741447880E-15
    0.79841791348548554197E+01   -0.14417204767265469274E-14    0.13476406754007157218E-15
    0.79929669316616624997E+01    0.68175489922507529865E-15    0.37121352619695169480E-15
    0.80017547284684695796E+01    0.24508330374338941209E-14    0.92787791296661902382E-16
    0.80105425252752748833E+01    0.15564290997155725466E-14   -0.46190590993805528166E-15
    0.80193303220820819632E+01   -0.82359050346633798960E-15   -0.75707368081787463907E-15
    0.80281181188888890432E+01   -0.15760809407924078135E-14   -0.37681810693404912125E-15
    0.80369059156956961232E+01    0.20238379042106784976E-15    0.42235311905213750376E-15
    0.80456937125025032032E+01    0.19889817237626704011E-14    0.76741058868315880231E-15
    0.80544815093093102831E+01    0.13157725235054935678E-14    0.15393363154180283443E-15
    0.80632693061161173631E+01   -0.89118905663596909510E-15   -0.74281795885602584563E-15
    0.80720571029229226667E+01   -0.17103276607095474034E-14   -0.76759951362395006354E-15
    0.80808448997297297467E+01   -0.20999069736364996204E-15    0.21573974259394562087E-15
    0.80896326965365368267E+01    0.13490017622441415522E-14    0.10041870422091615721E-14
    0.80984204933433439066E+01    0.74302748577793244576E-15    0.58029961191933728969E-15
    0.81072082901501509866E+01   -0.11301021115670262148E-14   -0.49276739289492240042E-15
    0.81159960869569580666E+01   -0.15966751439511449665E-14   -0.78912998900608975762E-15
    0.81247838837637633702E+01    0.62728361878674794941E-16    0.12604306287983355662E-15
    0.81335716805705704502E+01    0.15654163978920050623E-14    0.11342173260535961238E-14
    0.81423594773773775302E+01    0.79539044837720870326E-15    0.10314655072990443854E-14
    0.81511472741841846101E+01   -0.12269159905097259827E-14   -0.23900660512916576854E-16
    0.81599350709909916901E+01   -0.17436284060016770256E-14   -0.87640975830637462357E-15
    0.81687228677977987701E+01    0.18628544309810692227E-16   -0.73837431408333565828E-15
    0.81775106646046058501E+01    0.17907870476608102768E-14    0.13823375117901967127E-15
    0.81862984614114111537E+01    0.13451558440959903595E-14    0.91271469222021444399E-15
    0.81950862582182182337E+01   -0.58250866455816050268E-15    0.81916414825908971424E-15
    0.82038740550250253136E+01   -0.14545345609064530066E-14   -0.29924371444000108244E-15
    0.82126618518318323936E+01   -0.26300441628077255435E-15   -0.16024284309747236094E-14
    0.82214496486386394736E+01    0.13591822311942406708E-14   -0.16679188030444277310E-14
    0.82302374454454465535E+01    0.14710327761038099299E-14   -0.47838494336153565802E-16
    0.82390252422522518572E+01    0.15197664717257942924E-15    0.16292552026697106523E-14
    0.82478130390590589371E+01   -0.10100849331455723448E-14    0.12117361812606651443E-14
    0.82566008358658660171E+01   -0.96101294170527457762E-15   -0.11249048165251553914E-14
    0.82653886326726730971E+01   -0.96822370747153760881E-16   -0.25558989181938455436E-14
    0.82741764294794801771E+01    0.59380662688820749893E-15   -0.10416351829205509985E-14
    0.82829642262862872570E+01    0.55741582241230643165E-15    0.17373059527262194348E-14
    0.82917520230930943370E+01   -0.85133778955747151330E-16    0.23306539617192491695E-14
    0.83005398198998996406E+01   -0.76281589030408387840E-15   -0.54043765209367713932E-16
    0.83093276167067067206E+01   -0.83156280893392088310E-15   -0.24385271273827716511E-14
    0.83181154135135138006E+01   -0.12111309096358562879E-15   -0.19204139581876351194E-14
    0.83269032103203208806E+01    0.72670019581008552297E-15    0.74723194644824958083E-15
    0.83356910071271279605E+01    0.82502679314642921226E-15    0.24699156562891877525E-14
    0.83444788039339350405E+01    0.45207267574536919570E-16    0.16623239451249163617E-14
    0.83532666007407403441E+01   -0.77791437079074012487E-15   -0.29941947836966726806E-15
    0.83620543975475474241E+01   -0.80785406594901580138E-15   -0.12549383169315444090E-14
    0.83708421943543545041E+01   -0.10858652432855460875E-15   -0.57570164008359910786E-15
    0.83796299911611615840E+01    0.57293476265705229976E-15    0.81056193280553977981E-15
    0.83884177879679686640E+01    0.61697781564361240187E-15    0.16459166118618104916E-14
    0.83972055847747757440E+01   -0.16206709042509863799E-17    0.12534097365281650133E-14
    0.84059933815815828240E+01   -0.78451067691696096917E-15   -0.11449920670413744298E-15
    0.84147811783883881276E+01   -0.98057762315209952644E-15   -0.12925625817417756640E-14
    0.84235689751951952076E+01   -0.17388732345169504928E-15   -0.11179362133005544565E-14
    0.84323567720020022875E+01    0.10404081035379857677E-14    0.27436101798692518196E-15
    0.84411445688088093675E+01    0.13073394449779509045E-14    0.13838375796889462896E-14
    0.84499323656156164475E+01    0.48650259311569557640E-16    0.10091350687103397870E-14
    0.84587201624224235275E+01   -0.14179624490976395853E-14   -0.33025580506831173769E-15
    0.84675079592292288311E+01   -0.12102673766369454651E-14   -0.11278152027749712036E-14
    0.84762957560360359111E+01    0.65089473735365954440E-15   -0.69112446457818489345E-15
    0.84850835528428429910E+01    0.19331759203117269985E-14    0.24109501959965745133E-15
    0.84938713496496500710E+01    0.94191828027525175678E-15    0.60330576292957618748E-15
    0.85026591464564571510E+01   -0.11651598078393658114E-14    0.13495541497007110056E-15
    0.85114469432632642309E+01   -0.18277140205301696879E-14   -0.63957770474530269874E-15
    0.85202347400700713109E+01   -0.33982635528637406815E-15   -0.10409801132968303583E-14
    0.85290225368768766145E+01    0.13289209696083089950E-14   -0.70811693695291235636E-15
    0.85378103336836836945E+01    0.11790919179310040616E-14    0.19898325650572566720E-15
    0.85465981304904907745E+01   -0.40001813190111324932E-15    0.99589958755164390975E-15
    0.85553859272972978545E+01   -0.14768805081053800989E-14    0.98167033459926474777E-15
    0.85641737241041049344E+01   -0.10283102334412933823E-14    0.15759385237283886084E-15
    0.85729615209109120144E+01    0.15552558704392592553E-15   -0.70280985270702560150E-15
    0.85817493177177173180E+01    0.78673758449830544943E-15   -0.87478255079665546405E-15
    0.85905371145245243980E+01    0.45468656322637634361E-15   -0.40794914807267353291E-15
    0.85993249113313314780E+01   -0.33980448219928558303E-15    0.10138001739874832667E-15
    0.86081127081381385580E+01   -0.85140259909050531698E-15    0.20865467328411839197E-15
    0.86169005049449456379E+01   -0.62627960063157058544E-15   -0.50847612178717884116E-16
    0.86256883017517527179E+01    0.19980224460462237449E-15   -0.36919012981533625680E-15
    0.86344760985585597979E+01    0.85188499580633115486E-15   -0.44664556885298429168E-15
    0.86432638953653651015E+01    0.56128423474411417865E-15   -0.16143061775285785510E-15
    0.86520516921721721815E+01   -0.51401024398629046494E-15    0.33529477374593721800E-15
    0.86608394889789792614E+01   -0.12831715230787275147E-14    0.68398047096830342799E-15
    0.86696272857857863414E+01   -0.94388755892992939643E-15    0.58596376446376743382E-15
    0.86784150825925934214E+01    0.27014133024671288411E-16    0.44532024991400231431E-16
    0.86872028793994005014E+01    0.49267365821658271676E-15   -0.62743939136440732031E-15
    0.86959906762062058050E+01    0.18381655403348784191E-16   -0.93725111818118710175E-15
    0.87047784730130128850E+01   -0.73232319367380476592E-15   -0.49878271946286253362E-15
    0.87135662698198199649E+01   -0.92649591967157128373E-15    0.49294490317883559932E-15
    0.87223540666266270449E+01   -0.45536722570551286815E-15    0.10694155396814717174E-14
    0.87311418634334341249E+01    0.15996807377301020073E-15    0.37441766983860862710E-15
    0.87399296602402412049E+01    0.35548956751465764010E-15   -0.10431960494036248947E-14
    0.87487174570470482848E+01   -0.70070191165932190587E-16   -0.14155007262180563528E-14
    0.87575052538538535885E+01   -0.82769079732389311353E-15    0.11895739882787340440E-15
    0.87662930506606606684E+01   -0.12145807202442311147E-14    0.19799530204695749816E-14
    0.87750808474674677484E+01   -0.69563658932893448917E-15    0.18339044936823455730E-14
    0.87838686442742748284E+01    0.34905469623265843568E-15   -0.34722849527936956630E-15
    0.87926564410810819084E+01    0.77382073353846722994E-15   -0.19517913185546110541E-14
    0.88014442378878889883E+01   -0.23744425434156060970E-16   -0.99133119490353538641E-15
    0.88102320346946942919E+01   -0.11554343460385532581E-14    0.12612498535033482024E-14
    0.88190198315015013719E+01   -0.12238611575858498789E-14    0.19697680070696708751E-14
    0.88278076283083084519E+01   -0.11890297568443569054E-15    0.34380407762362435566E-15
    0.88365954251151155319E+01    0.75602167101215291620E-15   -0.15308228758806760011E-14
    0.88453832219219226118E+01    0.31233662128456219510E-15   -0.15387701183747537901E-14
    0.88541710187287296918E+01   -0.75256386973463837229E-15   -0.36377051213196014835E-16
    0.88629588155355367718E+01   -0.92460243371697575020E-15    0.10494615661827099793E-14
    0.88717466123423420754E+01    0.10305749597556080023E-15    0.66734886406085556475E-15
    0.88805344091491491554E+01    0.10394051910205772989E-14   -0.48426511049854290580E-15
    0.88893222059559562354E+01    0.73852607060740456551E-15   -0.11812250294333020223E-14
    0.88981100027627633153E+01   -0.33882527181003857530E-15   -0.93099745860222012850E-15
    0.89068977995695703953E+01   -0.86779463423295790260E-15   -0.70145163784952379624E-16
    0.89156855963763774753E+01   -0.36525387426442808995E-15    0.71446725562310806768E-15
    0.89244733931831827789E+01    0.36468356859631420709E-15    0.84823312434976760292E-15
    0.89332611899899898589E+01    0.42793204357475298265E-15    0.26499420889581810264E-15
    0.89420489867967969388E+01   -0.95801352089524389449E-16   -0.42820412411805940772E-15
    0.89508367836036040188E+01   -0.49162477328190119756E-15   -0.49248921135014045436E-15
    0.89596245804104110988E+01   -0.37153296241861780908E-15    0.13154566359157785133E-15
    0.89684123772172181788E+01   -0.21341409999559228649E-17    0.73565011372253453738E-15
    0.89772001740240252587E+01    0.19709400849269559365E-15    0.66842994368985350459E-15
    0.89859879708308305624E+01    0.13817647109851243055E-15    0.29531781819333397436E-16
    0.89947757676376376423E+01    0.12576081408820756643E-16   -0.58116164758952393901E-15
    0.90035635644444447223E+01   -0.72541828852558349950E-17   -0.73496217455867148864E-15
    0.90123513612512518023E+01    0.79118341990175905459E-16   -0.46995900306328704692E-15
    0.90211391580580588823E+01    0.14373501685683734491E-15   -0.94577853842334694708E-16
    0.90299269548648659622E+01    0.25349078983576162124E-16    0.74217179121515008357E-16
    0.90387147516716712659E+01   -0.32465371479558324429E-15   -0.10044035158194656461E-15
    0.90475025484784783458E+01   -0.69927410768364560702E-15   -0.44775489478852052635E-15
    0.90562903452852854258E+01   -0.74182781652355592418E-15   -0.59276170314069713000E-15
    0.90650781420920925058E+01   -0.35077863362878516358E-15   -0.33430188778780528541E-15
    0.90738659388988995858E+01    0.73032586005966362877E-16    0.94271152844015588233E-16
    0.90826537357057066657E+01    0.38406223983090993428E-16    0.28392817788307351166E-15
    0.90914415325125137457E+01   -0.38224408260907084673E-15    0.11667970263487996420E-15
    0.91002293293193190493E+01   -0.56166998993843366173E-15   -0.13551442273702861668E-15
    0.91090171261261261293E+01   -0.13568575639075111847E-15   -0.16811067975996546302E-15
    0.91178049229329332093E+01    0.41715005876299591485E-15    0.38060841130539581063E-16
    0.91265927197397402892E+01    0.37480833914685602609E-15    0.26974625534262859860E-15
    0.91353805165465473692E+01   -0.18539621779713933076E-15    0.30258687337831538832E-15
    0.91441683133533544492E+01   -0.37321247257114929047E-15    0.53789033255598187314E-16
    0.91529561101601597528E+01    0.27985579419364599921E-15   -0.36006064887174550393E-15
    0.91617439069669668328E+01    0.96627714101762437254E-15   -0.64633257017220047018E-15
    0.91705317037737739128E+01    0.58174403824814318419E-15   -0.55786758606538551689E-15
    0.91793195005805809927E+01   -0.62526844379942705214E-15   -0.17263640459409345758E-15
    0.91881072973873880727E+01   -0.10849861887633489082E-14    0.13273005850750581287E-15
    0.91968950941941951527E+01    0.46563413481174224494E-16    0.73371162736249528018E-16
    0.92056828910010004563E+01    0.14672700055030750152E-14   -0.24101346483290191806E-15
    0.92144706878078075363E+01    0.12672491841225464471E-14   -0.46008360949514037477E-15
    0.92232584846146146162E+01   -0.44588744604192738524E-15   -0.34008955480208214665E-15
    0.92320462814214216962E+01   -0.14422129702849080393E-14    0.76592975472544516939E-16
    0.92408340782282287762E+01   -0.26668815130478272983E-15    0.49354408301759026053E-15
    0.92496218750350358562E+01    0.16537673137244629362E-14    0.50180365985533101632E-15
    0.92584096718418411598E+01    0.18189173207674118472E-14   -0.58162906187673171520E-16
    0.92671974686486482398E+01   -0.65812986559252082823E-16   -0.71004578003495525627E-15
    0.92759852654554553197E+01   -0.16887640894350719612E-14   -0.61619773161627398394E-15
    0.92847730622622623997E+01   -0.11469101644624769866E-14    0.39047423850304136309E-15
    0.92935608590690694797E+01    0.70495392328779695920E-15    0.12234548840298857777E-14
    0.93023486558758765597E+01    0.16035648474592711940E-14    0.67669395431493202371E-15
    0.93111364526826818633E+01    0.67113132414243274098E-15   -0.87309493978806763823E-15
    0.93199242494894889433E+01   -0.87026617227944981240E-15   -0.15951344146884809404E-14
    0.93287120462962960232E+01   -0.14587145870846723796E-14   -0.45580550883520301771E-15
    0.93374998431031031032E+01   -0.77755903968109709469E-15    0.12319131773529762009E-14
    0.93462876399099101832E+01    0.39352448568753676459E-15    0.13734274404574866507E-14
    0.93550754367167172632E+01    0.10825542236167488087E-14   -0.22149976070971606228E-15
    0.93638632335235243431E+01    0.77739045112286344330E-15   -0.15678720137604587247E-14
    0.93726510303303296467E+01   -0.26195182201022226073E-15   -0.10383195910646994851E-14
    0.93814388271371367267E+01   -0.10321159405904332366E-14    0.68208595551986953708E-15
    0.93902266239439438067E+01   -0.64760882076163445703E-15    0.16813377006912952219E-14
    0.93990144207507508867E+01    0.57555000281010650121E-15    0.10778838962210493597E-14
    0.94078022175575579666E+01    0.12806669351961766135E-14   -0.30441434678722241825E-15
    0.94165900143643650466E+01    0.63725029418017432939E-15   -0.11163466176334621540E-14
    0.94253778111711703502E+01   -0.57271765677971861250E-15   -0.67413763840294545300E-15
    0.94341656079779774302E+01   -0.92282304812668246127E-15    0.69525357242170353824E-15
    0.94429534047847845102E+01   -0.50724504936036659350E-16    0.17674859379067421987E-14
    0.94517412015915915902E+01    0.10377989034080653040E-14    0.12124886521671712541E-14
    0.94605289983983986701E+01    0.12725384798020452595E-14   -0.90363951080862297172E-15
    0.94693167952052057501E+01    0.61000874847003164234E-15   -0.24567249470345114306E-14
    0.94781045920120128301E+01   -0.22829301889173119425E-15   -0.13371581024010908105E-14
    0.94868923888188181337E+01   -0.56734000245780152732E-15    0.16737681784949791294E-14
    0.94956801856256252137E+01   -0.22222566258887909060E-15    0.32520980411734760434E-14
    0.95044679824324322936E+01    0.50084238578592519267E-15    0.14638896965511155682E-14
    0.95132557792392393736E+01    0.97858442597408486388E-15   -0.15784855289453653021E-14
    0.95220435760460464536E+01    0.74051571749415289670E-15   -0.23057190915772296496E-14
    0.95308313728528535336E+01   -0.11701761801990289532E-16   -0.85492756195232573882E-16
    0.95396191696596588372E+01   -0.51812044503217738463E-15    0.22265366982913772627E-14
    0.95484069664664659172E+01   -0.26646151544506947365E-15    0.20315353721005152350E-14
    0.95571947632732729971E+01    0.44033887827046859076E-15   -0.95863381051728132769E-16
    0.95659825600800800771E+01    0.89376625983784215575E-15   -0.17253576917936301980E-14
    0.95747703568868871571E+01    0.74371228527427637809E-15   -0.14726877939039350403E-14
    0.95835581536936942371E+01    0.23066389682321253734E-15    0.23972380994805503919E-16
    0.95923459505005013170E+01   -0.18023840917525848270E-15    0.13082971035468847923E-14
    0.96011337473073066207E+01   -0.17900255335420847482E-15    0.13753848180606327928E-14
    0.96099215441141137006E+01    0.23112769669709376276E-15    0.17417340024749340659E-15
    0.96187093409209207806E+01    0.70220307663461089916E-15   -0.13085534407084171154E-14
    0.96274971377277278606E+01    0.75834831831025382088E-15   -0.16685747693404828421E-14
    0.96362849345345349406E+01    0.26762229386928585569E-15   -0.42627985688193539166E-15
    0.96450727313413420205E+01   -0.30228937099129315703E-15    0.12253376405704372906E-14
    0.96538605281481491005E+01   -0.33273351630931917771E-15    0.16171320841452985249E-14
    0.96626483249549544041E+01    0.27396107315212456077E-15    0.42012734448523588646E-15
    0.96714361217617614841E+01    0.10005849616609904914E-14   -0.11072935251216784905E-14
    0.96802239185685685641E+01    0.12490620894694977913E-14   -0.15748520396096230788E-14
    0.96890117153753756440E+01    0.82154140015674082270E-15   -0.70055883417502317008E-15
    0.96977995121821827240E+01   -0.52075154710939712704E-17    0.74761663315563168847E-15
    0.97065873089889898040E+01   -0.60897882067798936729E-15    0.15723943721150497807E-14
    0.97153751057957951076E+01   -0.40366003807903852694E-15    0.90355618029361435537E-15
    0.97241629026026021876E+01    0.53445234970931640004E-15   -0.94940963380784997656E-15
    0.97329506994094092676E+01    0.12363583723508835310E-14   -0.22810406944739220314E-14
    0.97417384962162163475E+01    0.78029760202000034181E-15   -0.15326739210568925683E-14
    0.97505262930230234275E+01   -0.47407716177528465107E-15    0.73604561261967858127E-15
    0.97593140898298305075E+01   -0.10995507103780077093E-14    0.21539666333682577710E-14
    0.97681018866366375875E+01   -0.32882673247610491736E-15    0.12290783153085721663E-14
    0.97768896834434428911E+01    0.85314801801317455966E-15   -0.85267432645103905114E-15
    0.97856774802502499710E+01    0.92315333667242457542E-15   -0.17706314589660548749E-14
    0.97944652770570570510E+01   -0.25872777886302150323E-15   -0.70948471890177041074E-15
    0.98032530738638641310E+01   -0.13281362633060391448E-14    0.10761722206067926826E-14
    0.98120408706706712110E+01   -0.11847825107109094546E-14    0.19021762625301900619E-14
    0.98208286674774782909E+01   -0.26244270486472749947E-15    0.11341768532104193345E-14
    0.98296164642842835946E+01    0.26340382140696079108E-15   -0.62509450966642547574E-15
    0.98384042610910906745E+01   -0.51841964511619368020E-16   -0.19436869733961424271E-14
    0.98471920578978977545E+01   -0.63184211250117071125E-15   -0.14745277715500956330E-14
    0.98559798547047048345E+01   -0.83112689140181965915E-15    0.66526367167728346863E-15
    0.98647676515115119145E+01   -0.66671847404240341676E-15    0.23991952337769469819E-14
    0.98735554483183189944E+01   -0.49451310216877984411E-15    0.16959602760936057627E-14
    0.98823432451251260744E+01   -0.34879570557219419521E-15   -0.82700681152507735994E-15
    0.98911310419319313780E+01    0.67682431241913229955E-16   -0.22909782270515313213E-14
    0.98999188387387384580E+01    0.72695783948557165309E-15   -0.98251544285669437502E-15
    0.99087066355455455380E+01    0.96537755408942571290E-15    0.14574087854822483933E-14
    0.99174944323523526180E+01    0.32397871121388000774E-15    0.22059735217192525160E-14
    0.99262822291591596979E+01   -0.39422678427587241466E-15    0.73518888277738304332E-15
    0.99350700259659667779E+01    0.17694384844546152356E-15   -0.88282837152038600711E-15
    0.99438578227727720815E+01    0.15516935123466688442E-14   -0.90388476247656761385E-15
    0.99526456195795791615E+01    0.90109255605858600567E-15    0.74056649718929353568E-16
    0.99614334163863862415E+01   -0.18614844326271920055E-14    0.63994432572358583236E-15
    0.99702212131931933214E+01   -0.18901793089849067106E-15    0.68608651931566968005E-15
    0.99790090100000004014E+01   -0.13189370483584708096E-14   -0.23022075620595521715E-14
