    0.11999999999999999556E+01    0.00000000000000000000E+00    0.00000000000000000000E+00
    0.12087877968068068135E+01    0.60937743370042230329E-12   -0.31503943314896915840E-17
    0.12175755936136136715E+01   -0.89056814150556804065E-12    0.16411969582647552319E-16
    0.12263633904204203073E+01   -0.87237382186746402578E-12    0.19186857888795507365E-16
    0.12351511872272271653E+01    0.19035734317467109493E-11   -0.19894180588044057972E-16
    0.12439389840340340232E+01    0.19209220468721936525E-11   -0.41280352958666811019E-16
    0.12527267808408408811E+01   -0.34911085763293035187E-11   -0.82497879928555811498E-18
    0.12615145776476475170E+01   -0.81203848601122064009E-11    0.58134298232464460363E-16
    0.12703023744544543749E+01   -0.47759255990839973467E-11    0.63465768809351660027E-16
    0.12790901712612612329E+01    0.33542236590730887816E-11    0.10454910309880887229E-16
    0.12878779680680680908E+01    0.50425703922625673110E-11   -0.34706661398111603616E-16
    0.12966657648748749487E+01   -0.33008103804059296011E-11   -0.23123889997961816988E-16
    0.13054535616816815846E+01   -0.95484611387550972777E-11    0.17882194336431268123E-16
    0.13142413584884884425E+01   -0.13993049294900186798E-11    0.30886036907863341223E-16
    0.13230291552952953005E+01    0.12917731484702911558E-10    0.47941596036184530088E-17
    0.13318169521021021584E+01    0.11057737801266248362E-10   -0.18284671491541805930E-16
    0.13406047489089087943E+01   -0.11031823088730357557E-10   -0.44780905358540579535E-17
    0.13493925457157156522E+01   -0.23955582346099595963E-10    0.29802983473568684201E-16
    0.13581803425225225102E+01   -0.12742907821090917525E-11    0.47048832782758750412E-16
    0.13669681393293293681E+01    0.33897291553735530819E-10    0.38523519319870254907E-16
    0.13757559361361360040E+01    0.26820308850246551309E-10    0.30100243345565402230E-16
    0.13845437329429428619E+01   -0.29882916265784486143E-10    0.45074656261333242223E-16
    0.13933315297497497198E+01   -0.61028302708923056488E-10    0.75664421129913847673E-16
    0.14021193265565565778E+01   -0.13855139370832125188E-11    0.90136394402274007643E-16
    0.14109071233633634357E+01    0.87944642628498369226E-10    0.53130693691087033971E-16
    0.14196949201701700716E+01    0.67461403684819075531E-10   -0.55663985518838130081E-16
    0.14284827169769769295E+01   -0.79067432859084860955E-10   -0.22538543829415774450E-15
    0.14372705137837837874E+01   -0.15701698410437058165E-09   -0.41018241173029204669E-15
    0.14460583105905906454E+01   -0.57143238140384951626E-12   -0.55449850321635503386E-15
    0.14548461073973975033E+01    0.22910088444433245657E-09   -0.62526678980468897328E-15
    0.14636339042042041392E+01    0.17174344605714438173E-09   -0.61765942568752192753E-15
    0.14724217010110109971E+01   -0.20972585385391455957E-09   -0.53579568582134031751E-15
    0.14812094978178178550E+01   -0.40740505640802093243E-09   -0.38133589616994974731E-15
    0.14899972946246244909E+01    0.45668516261129095183E-11   -0.16904708653298564456E-15
    0.14987850914314313489E+01    0.59751041834621588531E-09    0.49787388737902238206E-16
    0.15075728882382382068E+01    0.43013976652852349271E-09    0.17807905363786181927E-15
    0.15163606850450450647E+01   -0.58933590900636266138E-09    0.79363632185041055063E-16
    0.15251484818518519226E+01   -0.11447273541059936789E-08   -0.36529794793909330613E-15
    0.15339362786586585585E+01   -0.18760276874317936031E-09   -0.10851499420108398783E-14
    0.15427240754654654165E+01    0.10031468245668429595E-08   -0.16617111276662851056E-14
    0.15515118722722722744E+01   -0.39512695185423046638E-09   -0.15393551551284321912E-14
    0.15602996690790791323E+01   -0.54106291862007014085E-08   -0.56871286682186075389E-15
    0.15690874658858859902E+01   -0.12501987170069304263E-07    0.69766565392269412436E-15
    0.15778752626926926261E+01   -0.23621651489243910209E-07    0.13968998714140017197E-14
    0.15866630594994994841E+01   -0.52380531307793936091E-07    0.96120808535253133156E-15
    0.15954508563063063420E+01   -0.12975502138510205670E-06   -0.50642624897138988085E-15
    0.16042386531131129779E+01   -0.30845009771607770336E-06   -0.20952594703668681931E-14
    0.16130264499199198358E+01   -0.68984232305516105972E-06   -0.23921253392381955765E-14
    0.16218142467267266937E+01   -0.15043254051191168461E-05   -0.74928984916294365827E-15
    0.16306020435335335517E+01   -0.32315775907070886278E-05    0.14486859261154631474E-14
    0.16393898403403404096E+01   -0.68535054283004302010E-05    0.17368288408325005669E-14
    0.16481776371471470455E+01   -0.14243287592071965142E-04   -0.51571390724314475819E-15
    0.16569654339539539034E+01   -0.28906739481970609236E-04   -0.27643646541550914814E-14
    0.16657532307607607613E+01   -0.57502905747545974820E-04   -0.21684378014492666500E-14
    0.16745410275675676193E+01   -0.11194632453167998720E-03    0.69809080853936124242E-15
    0.16833288243743744772E+01   -0.21343596717059460798E-03    0.23796870906950313750E-14
    0.16921166211811811131E+01   -0.39834397298313384533E-03    0.86790389120625751635E-15
    0.17009044179879879710E+01   -0.72692410557115467746E-03   -0.18826875609091652264E-14
    0.17096922147947948289E+01   -0.12979744381015078953E-02   -0.26891179227803921096E-14
    0.17184800116016014648E+01   -0.22670183296809834524E-02   -0.11072649180405212528E-14
    0.17272678084084085448E+01   -0.38733768066878042184E-02    0.46995296224598790605E-15
    0.17360556052152151807E+01   -0.64754146677389263012E-02    0.17479569844398871216E-15
    0.17448434020220220386E+01   -0.10591815621865164482E-01   -0.11878108333508175631E-14
    0.17536311988288288966E+01   -0.16954275814901081931E-01   -0.17275304571330737805E-14
    0.17624189956356355324E+01   -0.26562968041231843630E-01   -0.99015876036621479825E-15
    0.17712067924424426124E+01   -0.40734493857453549226E-01   -0.19124138082231070345E-15
    0.17799945892492492483E+01   -0.61141670490253471892E-01   -0.41092276274338358204E-15
    0.17887823860560561062E+01   -0.89823542840050535352E-01   -0.13668652983053722777E-14
    0.17975701828628629642E+01   -0.12913037174684532937E+00   -0.20505482294606775754E-14
    0.18063579796696696000E+01   -0.18162440263475623792E+00   -0.18828800490466410171E-14
    0.18151457764764764580E+01   -0.24984742977793514274E+00   -0.11046295965471590108E-14
    0.18239335732832833159E+01   -0.33596763699971582406E+00   -0.46929540015584981910E-15
    0.18327213700900899518E+01   -0.44133560954400941068E+00   -0.77906131996253141537E-15
    0.18415091668968970318E+01   -0.56587010497093048755E+00   -0.22594052582556264243E-14
    0.18502969637037036676E+01   -0.70739800273552211340E+00   -0.40543489490567790256E-14
    0.18590847605105105256E+01   -0.86106959707043040364E+00   -0.47868221816958635435E-14
    0.18678725573173173835E+01   -0.10188550354895815619E+01   -0.40106105279131290275E-14
    0.18766603541241240194E+01   -0.11693315060623621360E+01   -0.28886109866762347948E-14
    0.18854481509309310994E+01   -0.12980931599374612162E+01   -0.29261992197215583722E-14
    0.18942359477377377353E+01   -0.13885104073016696358E+01   -0.43115836780267155931E-14
    0.19030237445445445932E+01   -0.14233181163732595564E+01   -0.58523864309941346200E-14
    0.19118115413513514511E+01   -0.13869232521236389832E+01   -0.62905651960840132685E-14
    0.19205993381581580870E+01   -0.12679158802472605405E+01   -0.52902217414669758829E-14
    0.19293871349649649449E+01   -0.10618384332601702447E+01   -0.33525845364175078194E-14
    0.19381749317717718029E+01   -0.77381829551541747581E+00   -0.13634736101840363062E-14
    0.19469627285785784387E+01   -0.41987635573963594249E+00   -0.97701028163391015191E-16
    0.19557505253853855187E+01   -0.27032132774140571474E-01    0.28596364721024542405E-15
    0.19645383221921921546E+01    0.36799473167296081755E+00    0.38288093929787878843E-15
    0.19733261189989990125E+01    0.72282674236968635917E+00    0.88269095709019423109E-15
    0.19821139158058058705E+01    0.99455373697052718018E+00    0.17772972532451781363E-14
    0.19909017126126125063E+01    0.11458606274187908003E+01    0.23495020486895431230E-14
    0.19996895094194195863E+01    0.11519171629126299106E+01    0.18261823939316018824E-14
    0.20084773062262262222E+01    0.10059855877786887390E+01   -0.33179304370297026520E-16
    0.20172651030330328581E+01    0.72207691613150670751E+00   -0.26526375494022825530E-14
    0.20260528998398399381E+01    0.33584206819681744483E+00   -0.46106667034593667196E-14
    0.20348406966466465740E+01   -0.99141337931706818853E-01   -0.45069154365428378982E-14
    0.20436284934534532098E+01   -0.51899144698126231656E+00   -0.25190853579358489291E-14
    0.20524162902602602898E+01   -0.85849640416640859986E+00   -0.79609366744223054740E-15
    0.20612040870670673698E+01   -0.10620146640461942678E+01   -0.12098049068453148290E-14
    0.20699918838738740057E+01   -0.10942644978097126884E+01   -0.28366503079431891548E-14
    0.20787796806806806416E+01   -0.94687451425464497223E+00   -0.28323203935090585779E-14
    0.20875674774874877215E+01   -0.64118809920706332228E+00   -0.53351672743798024845E-16
    0.20963552742942943574E+01   -0.22707238532496715200E+00    0.31591222350960768867E-14
    0.21051430711011009933E+01    0.22581628025711225627E+00    0.37200956386882819279E-14
    0.21139308679079080733E+01    0.63947982612360698695E+00    0.13565485167437403445E-14
    0.21227186647147147092E+01    0.94060448207467972637E+00   -0.15040108562908927763E-14
    0.21315064615215213450E+01    0.10746626073035228099E+01   -0.28375128181337421745E-14
    0.21402942583283284250E+01    0.10167946248365573592E+01   -0.29295112591462031404E-14
    0.21490820551351350609E+01    0.77570014977967727265E+00   -0.30852245198112611270E-14
    0.21578698519419421409E+01    0.39394659340895182842E+00   -0.36341240076704046468E-14
    0.21666576487487487768E+01   -0.59294214604601519492E-01   -0.37130777124632651110E-14
    0.21754454455555558567E+01   -0.50168843943160357224E+00   -0.25045146512328571612E-14
    0.21842332423623624926E+01   -0.85207704153019125926E+00   -0.99919471946409465053E-16
    0.21930210391691691285E+01   -0.10452478231906174866E+01    0.27429863472503707786E-14
    0.22018088359759762085E+01   -0.10454906554493137438E+01    0.51510408059015583945E-14
    0.22105966327827828444E+01   -0.85262413500289058188E+00    0.64510312642482912843E-14
    0.22193844295895894803E+01   -0.50167717676782142000E+00    0.62831580503041221285E-14
    0.22281722263963965602E+01   -0.57892473010321410243E-01    0.46431468218034972569E-14
    0.22369600232032031961E+01    0.39645099127238259129E+00    0.18229733032299384342E-14
    0.22457478200100098320E+01    0.77760694184505996240E+00   -0.16801805325845257776E-14
    0.22545356168168169120E+01    0.10149807699103097214E+01   -0.52549523434261233906E-14
    0.22633234136236239920E+01    0.10646793077674514549E+01   -0.82659328931205026708E-14
    0.22721112104304301837E+01    0.91842823635614190270E+00   -0.10140107442011971869E-13
    0.22808990072372372637E+01    0.60330010958174284941E+00   -0.10445969535277315867E-13
    0.22896868040440443437E+01    0.17741748478382537990E+00   -0.89680281672278104856E-14
    0.22984746008508509796E+01   -0.28072405903036790065E+00   -0.57686236968336049904E-14
    0.23072623976576576155E+01   -0.68789931516538216361E+00   -0.12380297548020146167E-14
    0.23160501944644646954E+01   -0.97104976642999329961E+00    0.38858024672915964609E-14
    0.23248379912712713313E+01   -0.10796032309948373484E+01    0.85566690446040277543E-14
    0.23336257880780779672E+01   -0.99551707764456431882E+00    0.11540512593545910614E-13
    0.23424135848848850472E+01   -0.73532978057538933570E+00    0.11873911615236324787E-13
    0.23512013816916916831E+01   -0.34574988893561681147E+00    0.95564596449531668543E-14
    0.23599891784984983190E+01    0.10413516363968539080E+00    0.56773660281666739631E-14
    0.23687769753053053989E+01    0.53603551764661494516E+00    0.13679056112932731393E-14
    0.23775647721121124789E+01    0.87675544118997061904E+00   -0.32990177962008649251E-14
    0.23863525689189186707E+01    0.10697259017905653700E+01   -0.87868751798229691499E-14
    0.23951403657257257507E+01    0.10841230729391011511E+01   -0.14372059416775873006E-13
    0.24039281625325328307E+01    0.92000544040873066809E+00   -0.17659208276862196463E-13
    0.24127159593393394665E+01    0.60607342999062896460E+00   -0.16782964316440279442E-13
    0.24215037561461461024E+01    0.19449734311800320752E+00   -0.12778035244919499635E-13
    0.24302915529529531824E+01   -0.24798851437925054086E+00   -0.85676587156621488438E-14
    0.24390793497597598183E+01   -0.65178406559666657305E+00   -0.54419736740438758167E-14
    0.24478671465665664542E+01   -0.95526143473472702183E+00   -0.15768565459509792953E-14
    0.24566549433733735341E+01   -0.11133514386550595887E+01    0.49604761844501596018E-14
    0.24654427401801801700E+01   -0.11044933866646768905E+01    0.12715602657935825231E-13
    0.24742305369869868059E+01   -0.93255275756410138666E+00    0.17779207684288789096E-13
    0.24830183337937938859E+01   -0.62476719138715552937E+00    0.18009621665258713108E-13
    0.24918061306006009659E+01   -0.22743423963965853085E+00    0.15131797695198117579E-13
    0.25005939274074071577E+01    0.20199897393566970671E+00    0.12081913991716024905E-13
    0.25093817242142142376E+01    0.60375186822856508062E+00    0.96041015800531689446E-14
    0.25181695210210213176E+01    0.92371434957153064627E+00    0.62396029167410879313E-14
    0.25269573178278279535E+01    0.11206931654557821254E+01    0.85724693730919667025E-15
    0.25357451146346345894E+01    0.11715974047097537092E+01   -0.57787075713412552556E-14
    0.25445329114414416694E+01    0.10728059483150558240E+01   -0.11775507675574367993E-13
    0.25533207082482483052E+01    0.83986201481004085778E+00   -0.15462410441764798060E-13
    0.25621085050550549411E+01    0.50432893867404882116E+00   -0.16232015221087836728E-13
    0.25708963018618620211E+01    0.10851189896738522300E+00   -0.14937325623669600372E-13
    0.25796840986686686570E+01   -0.30015923576721897925E+00   -0.13464866623882506386E-13
    0.25884718954754752929E+01   -0.67498769976911909829E+00   -0.12830288358225667993E-13
    0.25972596922822823728E+01   -0.97558829709844352429E+00   -0.11479676966951183707E-13
    0.26060474890890894528E+01   -0.11717019667514017023E+01   -0.67942206984345750133E-14
    0.26148352858958960887E+01   -0.12456180617198659988E+01    0.11702396303119756813E-14
    0.26236230827027027246E+01   -0.11933234262980767504E+01    0.85289058375288466122E-14
    0.26324108795095098046E+01   -0.10235055376510651115E+01    0.11683730206996032856E-13
    0.26411986763163164404E+01   -0.75575143314479398260E+00    0.11758842629108944045E-13
    0.26499864731231230763E+01   -0.41780297067060362393E+00    0.13073122466367850166E-13
    0.26587742699299301563E+01   -0.42130879941973828351E-01    0.17389163517312241731E-13
    0.26675620667367367922E+01    0.33741449151223157354E+00    0.21410964264788256670E-13
    0.26763498635435434281E+01    0.68868468749403710660E+00    0.21093621604777091862E-13
    0.26851376603503505081E+01    0.98404606147923334714E+00    0.16719953907024347976E-13
    0.26939254571571571439E+01    0.12022397366516581751E+01    0.12195621050997612991E-13
    0.27027132539639637798E+01    0.13295074862666349524E+01    0.10226541048502824562E-13
    0.27115010507707708598E+01    0.13601003046974178279E+01    0.97304271356607541846E-14
    0.27202888475775779398E+01    0.12957731316296761115E+01    0.80991381703333414923E-14
    0.27290766443843845757E+01    0.11448948755507100117E+01    0.42972311218511437718E-14
    0.27378644411911912115E+01    0.92107055557402583990E+00   -0.62623892408865304853E-15
    0.27466522379979982915E+01    0.64141669288934710647E+00   -0.49116210721548553382E-14
    0.27554400348048049274E+01    0.32487012671915310724E+00   -0.73144246917553632131E-14
    0.27642278316116115633E+01   -0.93812039858781007956E-02   -0.77321015777611741631E-14
    0.27730156284184186433E+01   -0.34334430851485614467E+00   -0.74121301966828130412E-14
    0.27818034252252252791E+01   -0.66123477425744470182E+00   -0.79391199028316504691E-14
    0.27905912220320319150E+01   -0.95016350584468245444E+00   -0.94353636181952161018E-14
    0.27993790188388389950E+01   -0.12005580728801004131E+01   -0.10114541108549712623E-13
    0.28081668156456460750E+01   -0.14061568268110218316E+01   -0.84169528935090614706E-14
    0.28169546124524522668E+01   -0.15638430189838912199E+01   -0.52196855261579865117E-14
    0.28257424092592593468E+01   -0.16732763432010759885E+01   -0.29918889665339542077E-14
    0.28345302060660664267E+01   -0.17363817755785080355E+01   -0.28771288817574082301E-14
    0.28433180028728730626E+01   -0.17568320204431586706E+01   -0.34598718566360659766E-14
    0.28521057996796796985E+01   -0.17395421814847973341E+01   -0.28952095728587361154E-14
    0.28608935964864867785E+01   -0.16901844351883950068E+01   -0.13397933132655873582E-14
    0.28696813932932934144E+01   -0.16147818168025394048E+01   -0.45415441592493979371E-15
    0.28784691901001000502E+01   -0.15193616764636863614E+01   -0.92486976660630719277E-15
    0.28872569869069071302E+01   -0.14096693501545520810E+01   -0.14450969816339197731E-14
    0.28960447837137137661E+01   -0.12909796884236319769E+01   -0.60571379852078279873E-15
    0.29048325805205204020E+01   -0.11679505273341057592E+01    0.10223940094113670811E-14
    0.29136203773273274820E+01   -0.10445489867047614840E+01    0.16039822613767779059E-14
    0.29224081741341345619E+01   -0.92402997820070276180E+00    0.60921101646541563529E-15
    0.29311959709409407537E+01   -0.80894076493307243148E+00   -0.25913926803200674930E-15
    0.29399837677477478337E+01   -0.70116331222622219066E+00    0.67820213358187556410E-15
    0.29487715645545549137E+01   -0.60197028019941067889E+00    0.26677356265951034099E-14
    0.29575593613613615496E+01   -0.51209744102095144935E+00    0.33628153685394434879E-14
    0.29663471581681681855E+01   -0.43182738568011586056E+00    0.18038867822367835422E-14
    0.29751349549749752654E+01   -0.36107423658565018787E+00   -0.34016448583436395091E-15
    0.29839227517817819013E+01   -0.29946833754350976609E+00   -0.89504772634278526205E-15
    0.29927105485885885372E+01   -0.24643799848256686680E+00    0.36988835433056507430E-15
    0.30014983453953956172E+01   -0.20127771213754833135E+00    0.18940701020788259905E-14
    0.30102861422022022531E+01   -0.16320647756026376851E+00    0.22246367882441305019E-14
    0.30190739390090088889E+01   -0.13141707077133527037E+00    0.12172064589601467852E-14
    0.30278617358158159689E+01   -0.10511109374038479780E+00   -0.23741407257865219589E-15
    0.30366495326226230489E+01   -0.83527909772336872418E-01   -0.90659218109181860452E-15
    0.30454373294294292407E+01   -0.65962717340009330291E-01   -0.61784279503382979401E-16
    0.30542251262362363207E+01   -0.51776992838886266857E-01    0.16490430685529927469E-14
    0.30630129230430434006E+01   -0.40404562125014635565E-01    0.23626256396669660901E-14
    0.30718007198498500365E+01   -0.31351289957430354682E-01    0.93100722278558778638E-15
    0.30805885166566566724E+01   -0.24192592586984158071E-01   -0.13402258917106916503E-14
    0.30893763134634637524E+01   -0.18568605601968091873E-01   -0.18923347616666675107E-14
    0.30981641102702703883E+01   -0.14177780811660989357E-01    0.42312163729283048210E-16
    0.31069519070770770242E+01   -0.10770278426374237449E-01    0.23600844687617746043E-14
    0.31157397038838841041E+01   -0.81412404830616298679E-02    0.26033707065455952624E-14
    0.31245275006906907400E+01   -0.61241856653903798194E-02    0.71186784026457641709E-15
    0.31333152974974973759E+01   -0.45850820210977388802E-02   -0.13083147547562387116E-14
    0.31421030943043044559E+01   -0.34169124653771632688E-02   -0.17154689057627900845E-14
    0.31508908911111115358E+01   -0.25348073145105057789E-02   -0.44514276536791414218E-15
    0.31596786879179177276E+01   -0.18720647081103096443E-02    0.13071329816239144066E-14
    0.31684664847247248076E+01   -0.13765570589145462426E-02    0.19979520519157543088E-14
    0.31772542815315318876E+01   -0.10078447489698571984E-02    0.77681340990419399903E-15
    0.31860420783383385235E+01   -0.73477969533907404581E-03   -0.14865462446750460579E-14
    0.31948298751451451594E+01   -0.53346060383094480450E-03   -0.24559242188606962245E-14
    0.32036176719519522393E+01   -0.38570850232889561642E-03   -0.70727808686550603577E-15
    0.32124054687587593193E+01   -0.27774619482323468665E-03    0.21738966235808975081E-14
    0.32211932655655655111E+01   -0.19919631352251497862E-03    0.30650289990907875293E-14
    0.32299810623723725911E+01   -0.14229620216275410132E-03    0.94740598940926513825E-15
    0.32387688591791796711E+01   -0.10124737349841728151E-03   -0.18133093542467320974E-14
    0.32475566559859858629E+01   -0.71758506978437732750E-04   -0.23720847495147661487E-14
    0.32563444527927929428E+01   -0.50660678294670972467E-04   -0.54471112567068601616E-15
    0.32651322495996000228E+01   -0.35626330563250696083E-04    0.15512288435024682428E-14
    0.32739200464064062146E+01   -0.24957933778730592884E-04    0.20564720999459848033E-14
    0.32827078432132132946E+01   -0.17416648222743640767E-04    0.86884118739838201142E-15
    0.32914956400200203745E+01   -0.12107395908030468081E-04   -0.88814119115457726877E-15
    0.33002834368268265663E+01   -0.83842723020657746830E-05   -0.18592671350409486451E-14
    0.33090712336336336463E+01   -0.57834430088930426363E-05   -0.12865079874152722383E-14
    0.33178590304404407263E+01   -0.39742931700869324794E-05    0.33653274071089641854E-15
    0.33266468272472478063E+01   -0.27205391749431623481E-05    0.14444767342341597830E-14
    0.33354346240540539981E+01   -0.18551689025547132967E-05    0.90432372736311743705E-15
    0.33442224208608610780E+01   -0.12602224974605633619E-05   -0.64235463507307260856E-15
    0.33530102176676681580E+01   -0.85276984551718571711E-06   -0.14961804898778398577E-14
    0.33617980144744743498E+01   -0.57496098228963086938E-06   -0.84212583403851088771E-15
    0.33705858112812814298E+01   -0.38624110552041384772E-06    0.46375633294298418641E-15
    0.33793736080880885098E+01   -0.25853501454850492309E-06    0.11162412945313889469E-14
    0.33881614048948947016E+01   -0.17243664778561724926E-06    0.74494303894669633026E-15
    0.33969492017017017815E+01   -0.11460244923466642514E-06   -0.60800996528020494628E-16
    0.34057369985085088615E+01   -0.75929015135497285703E-07   -0.56925478479361540646E-15
    0.34145247953153150533E+01   -0.50152817614111635662E-07   -0.46955517895674896737E-15
    0.34233125921221221333E+01   -0.33025996972117048265E-07    0.75258503736533675849E-16
    0.34321003889289292133E+01   -0.21678936027796691007E-07    0.55547325697131778348E-15
    0.34408881857357362932E+01   -0.14185765431660290068E-07    0.48319423819501780949E-15
    0.34496759825425424850E+01   -0.92612083935766592543E-08   -0.12357800206433028376E-15
    0.34584637793493495650E+01   -0.60333479000704751757E-08   -0.68962855942708640427E-15
    0.34672515761561566450E+01   -0.39204299626238583689E-08   -0.72490325302560679135E-15
    0.34760393729629628368E+01   -0.25389355679064586404E-08   -0.41426640939893145660E-15
    0.34848271697697699167E+01   -0.16388354600422221305E-08   -0.31456803488505484135E-15
    0.34936149665765769967E+01   -0.10564793354701991255E-08   -0.54529387159560117042E-15
    0.35024027633833831885E+01   -0.68070599335737560427E-09   -0.57942896666985397926E-15
    0.35111905601901902685E+01   -0.43754802478784931231E-09   -0.28297830567188163336E-16
    0.35199783569969973485E+01   -0.27973220374695777878E-09    0.63798364847939556353E-15
    0.35287661538038035403E+01   -0.17794237265771710998E-09    0.58174210631509184964E-15
    0.35375539506106106202E+01   -0.11332342762821260123E-09   -0.23912701695534893175E-15
    0.35463417474174177002E+01   -0.72488456045131931052E-10   -0.81923067600103143416E-15
    0.35551295442242247802E+01   -0.46258622481873138283E-10   -0.33653894917707700138E-15
    0.35639173410310309720E+01   -0.29124495375981501398E-10    0.70257059601709452381E-15
    0.35727051378378380520E+01   -0.18120988162285843488E-10    0.10521427841768383039E-14
    0.35814929346446451319E+01   -0.11386880121878976580E-10    0.28677460024698814257E-15
    0.35902807314514513237E+01   -0.73220485146683132543E-11   -0.68391464984377246285E-15
    0.35990685282582584037E+01   -0.46966007353762808467E-11   -0.81029620183509405732E-15
    0.36078563250650654837E+01   -0.28824547382141626283E-11   -0.12511375015704035574E-15
    0.36166441218718716755E+01   -0.17003509117421537647E-11    0.49295717164647334979E-15
    0.36254319186786787554E+01   -0.10485023395791994123E-11    0.39400869280080543831E-15
    0.36342197154854858354E+01   -0.71340915979566547315E-12   -0.29242035118849686638E-15
    0.36430075122922929154E+01   -0.48130565842832361034E-12   -0.99612713908705640121E-15
    0.36517953090990991072E+01   -0.27626688278667793057E-12   -0.12015442505110260862E-14
    0.36605831059059061872E+01   -0.13340940057434772985E-12   -0.76179059488741248059E-15
    0.36693709027127132671E+01   -0.78536764283122798421E-13   -0.71669217956244392012E-16
    0.36781586995195194589E+01   -0.71969706255194645130E-13    0.13371752093413011853E-15
    0.36869464963263265389E+01   -0.58980406657123451122E-13   -0.47612682183366328262E-15
    0.36957342931331336189E+01   -0.27673556883408608551E-13   -0.12611950977868715935E-14
    0.37045220899399398107E+01   -0.20992051195076014416E-14   -0.12236913229373170034E-14
    0.37133098867467468907E+01    0.10927558958235624832E-14   -0.23658638013299699425E-15
    0.37220976835535539706E+01   -0.76878552623647031719E-14    0.69126955142923824120E-15
    0.37308854803603601624E+01   -0.10442813092638518073E-13    0.64640470686034331197E-15
    0.37396732771671672424E+01   -0.36373237026735890696E-14   -0.48445750593675872239E-16
    0.37484610739739743224E+01    0.35278753101949631305E-14   -0.33488544282923724867E-15
    0.37572488707807814023E+01    0.41462259999862227979E-14    0.19624858373787110832E-15
    0.37660366675875875941E+01    0.62279026659619265371E-15    0.84272660912056455886E-15
    0.37748244643943946741E+01   -0.15087284789194584077E-14    0.78001020823463647003E-15
    0.37836122612012017541E+01   -0.75446219991434630620E-15    0.56381781869403355541E-16
    0.37924000580080079459E+01    0.55674779397561069604E-15   -0.61593520732382959174E-15
    0.38011878548148150259E+01    0.59394408464214794048E-15   -0.73024904764047715271E-15
    0.38099756516216221058E+01    0.17764901659747995821E-16   -0.39294043293736475190E-15
    0.38187634484284282976E+01    0.15806660692948922827E-15    0.11602884063272820106E-16
    0.38275512452352353776E+01    0.97711393778538788274E-15    0.23053868174425112262E-15
    0.38363390420420424576E+01    0.13811355206466746568E-14    0.21942249222491578983E-15
    0.38451268388488486494E+01    0.80506020194574590738E-15    0.31541513310218471957E-16
    0.38539146356556557294E+01   -0.13878748493236222022E-15   -0.23774708665067517398E-15
    0.38627024324624628093E+01   -0.49405314157732179687E-15   -0.40942472258330197856E-15
    0.38714902292692698893E+01    0.90276127053648415465E-16   -0.22256443577643758030E-15
    0.38802780260760760811E+01    0.11780660905434673255E-14    0.42216556627482005331E-15
    0.38890658228828831611E+01    0.18291605909015924996E-14    0.11247856421689216619E-14
    0.38978536196896902410E+01    0.11722478623549800095E-14    0.11381336613761910700E-14
    0.39066414164964964328E+01   -0.66067759271295118579E-15    0.22637492477588271280E-15
    0.39154292133033035128E+01   -0.20352950427366372331E-14   -0.71272551716356627117E-15
    0.39242170101101105928E+01   -0.12228649113434983766E-14   -0.46598035207486320216E-15
    0.39330048069169167846E+01    0.13133181430937485347E-14    0.97849068291754360947E-15
    0.39417926037237238646E+01    0.28235135395418344730E-14    0.21895116346941815592E-14
    0.39505804005305309445E+01    0.13627230577129372495E-14    0.19239337204822659796E-14
    0.39593681973373371363E+01   -0.15996376703884573177E-14    0.58751185301054399092E-15
    0.39681559941441442163E+01   -0.28261283937880271647E-14   -0.39078982185089016078E-15
    0.39769437909509512963E+01   -0.11037840762897294183E-14   -0.25550306838347397352E-15
    0.39857315877577583763E+01    0.15538863939691360445E-14    0.44653092711274434671E-15
    0.39945193845645645681E+01    0.25479776244377473507E-14    0.83914145330078424082E-15
    0.40033071813713716480E+01    0.13647059690829446406E-14    0.71796214056927875501E-15
    0.40120949781781787280E+01   -0.58217211445049148934E-15    0.43073431537605483719E-15
    0.40208827749849849198E+01   -0.16312466607592212720E-14    0.17982593679062829128E-15
    0.40296705717917919998E+01   -0.10314661759563844659E-14   -0.19035733902676436606E-15
    0.40384583685985990797E+01    0.77401804865192009455E-15   -0.68048269457702478655E-15
    0.40472461654054052715E+01    0.23036804716237115217E-14   -0.74394895364822587988E-15
    0.40560339622122123515E+01    0.21259913565605887499E-14    0.12747478023869758134E-15
    0.40648217590190194315E+01    0.33069554312158836719E-15    0.13872629460774357367E-14
    0.40736095558258256233E+01   -0.13624939335719040602E-14    0.15574762874725585813E-14
    0.40823973526326327033E+01   -0.14061880232217273033E-14   -0.44921615537107839009E-16
    0.40911851494394397832E+01   -0.21119595763341455829E-16   -0.19973173464961705200E-14
    0.40999729462462468632E+01    0.13473275335806248531E-14   -0.21211306405634345327E-14
    0.41087607430530530550E+01    0.16535890205474827744E-14   -0.83327589934671647906E-16
    0.41175485398598601350E+01    0.99405030738501543192E-15    0.20678734816211241275E-14
    0.41263363366666672150E+01    0.45866310169645134358E-16    0.22973349727220877063E-14
    0.41351241334734734068E+01   -0.62130102965176255023E-15    0.77471941294065030779E-15
    0.41439119302802804867E+01   -0.74667934389898383295E-15   -0.75600548504722718596E-15
    0.41526997270870875667E+01   -0.31885045615729194324E-15   -0.10241466428475057517E-14
    0.41614875238938937585E+01    0.45625244489072750218E-15   -0.18126039098850026632E-15
    0.41702753207007008385E+01    0.11303034339233092098E-14    0.86301475740527666570E-15
    0.41790631175075079184E+01    0.10906326434171812127E-14    0.12983206234030462031E-14
    0.41878509143143141102E+01    0.39508166127730902015E-16    0.81195972818491224411E-15
    0.41966387111211211902E+01   -0.13935024113076665437E-14   -0.28832119835826607147E-15
    0.42054265079279282702E+01   -0.18742743218302941625E-14   -0.12514528370428098784E-14
    0.42142143047347353502E+01   -0.71198727072389757582E-15   -0.14384727232396148681E-14
    0.42230021015415415420E+01    0.11222339279764571738E-14   -0.80058941187074721748E-15
    0.42317898983483486219E+01    0.18947082940876017887E-14    0.17209888792125273818E-15
    0.42405776951551557019E+01    0.90477865271120205331E-15    0.78627775247207958892E-15
    0.42493654919619618937E+01   -0.92323336224620688247E-15    0.52615944664297357994E-15
    0.42581532887687689737E+01   -0.21243149448486245907E-14   -0.53423639445099524856E-15
    0.42669410855755760537E+01   -0.18760973083312179509E-14   -0.15568573041598711343E-14
    0.42757288823823822455E+01   -0.38926060179048684498E-15   -0.16042175236208870526E-14
    0.42845166791891893254E+01    0.11761280911819303676E-14   -0.65318374361797733550E-15
    0.42933044759959964054E+01    0.13731186894049146455E-14    0.29528327733820018059E-15
    0.43020922728028034854E+01   -0.15660155904984155425E-15    0.32243130784127484189E-15
    0.43108800696096096772E+01   -0.18511234790551494996E-14   -0.44773642268253364470E-15
    0.43196678664164167571E+01   -0.17184682457473674298E-14   -0.11889070022625299640E-14
    0.43284556632232238371E+01    0.19679502516761536198E-15   -0.13329679747482569463E-14
    0.43372434600300300289E+01    0.16131807226674252583E-14   -0.97819054539492460089E-15
    0.43460312568368371089E+01    0.83436214155146489325E-15   -0.52673710579949414342E-15
    0.43548190536436441889E+01   -0.98174582428132719545E-15   -0.26424009368323979933E-15
    0.43636068504504503807E+01   -0.13769885722437400908E-14   -0.24443295715507142700E-15
    0.43723946472572574606E+01    0.15436719201747539851E-15   -0.33822849709271131181E-15
    0.43811824440640645406E+01    0.15420938606482516485E-14   -0.35232737853345460158E-15
    0.43899702408708707324E+01    0.10353611047199734333E-14   -0.22338821124301684924E-15
    0.43987580376776778124E+01   -0.38951750615126653606E-15   -0.12804407128438631137E-15
    0.44075458344844848924E+01   -0.48414935213046827188E-15   -0.26434075506277166806E-15
    0.44163336312912919723E+01    0.11142194562592571726E-14   -0.50592544286173478242E-15
    0.44251214280980981641E+01    0.23050962726965634358E-14   -0.44457458871575683607E-15
    0.44339092249049052441E+01    0.13690474625722352965E-14    0.64094183571835131734E-16
    0.44426970217117123241E+01   -0.67600542185197704491E-15    0.52356911294151046804E-15
    0.44514848185185185159E+01   -0.14610463824345071967E-14    0.28957736616398625026E-15
    0.44602726153253255958E+01   -0.29943564132603552808E-15   -0.57822998799796640802E-15
    0.44690604121321326758E+01    0.11007004978287487374E-14   -0.12365290571986136900E-14
    0.44778482089389388676E+01    0.98464787473671680892E-15   -0.98151990641556202411E-15
    0.44866360057457459476E+01   -0.38078091539356524943E-15   -0.26783956347902510497E-16
    0.44954238025525530276E+01   -0.14225741865565353693E-14    0.80610250954440498565E-15
    0.45042115993593592194E+01   -0.12361704911150129213E-14    0.89882849449638343614E-15
    0.45129993961661662993E+01   -0.30081169310995562564E-15    0.25187013272655578781E-15
    0.45217871929729733793E+01    0.47917593113134424740E-15   -0.63764072624727962396E-15
    0.45305749897797804593E+01    0.74143332402389604928E-15   -0.10605104826560156460E-14
    0.45393627865865866511E+01    0.65851935561839074315E-15   -0.58437022910164591675E-15
    0.45481505833933937311E+01    0.47263935520760811602E-15    0.43001570108837405505E-15
    0.45569383802002008110E+01    0.26316586999542297854E-15    0.99855149756442977217E-15
    0.45657261770070070028E+01    0.36544842476913062617E-16    0.53405672867909081371E-15
    0.45745139738138140828E+01   -0.16271461344864388591E-15   -0.41145425587518233844E-15
    0.45833017706206211628E+01   -0.26234732195501840391E-15   -0.79366069548914635427E-15
    0.45920895674274273546E+01   -0.22898914778700742251E-15   -0.30065767615330804957E-15
    0.46008773642342344345E+01   -0.10408527758872045559E-15    0.37978433834041344694E-15
    0.46096651610410415145E+01    0.28497400269734874815E-17    0.51161545352209527313E-15
    0.46184529578478477063E+01   -0.46549447351777849652E-16    0.13240396330872513112E-15
    0.46272407546546547863E+01   -0.30170310406018048753E-15   -0.23528952192191820304E-15
    0.46360285514614618663E+01   -0.58907863161105182412E-15   -0.35049563311754509005E-15
    0.46448163482682689462E+01   -0.57862103315020729522E-15   -0.45411873521222547668E-15
    0.46536041450750751380E+01   -0.94660944903431625658E-16   -0.74724408293129544543E-15
    0.46623919418818822180E+01    0.64828368813641933499E-15   -0.97349415068642653790E-15
    0.46711797386886892980E+01    0.11832840132359001746E-14   -0.73438468919262734693E-15
    0.46799675354954954898E+01    0.11046069556571919073E-14   -0.94960428300978625465E-16
    0.46887553323023025698E+01    0.34581667336300088732E-15    0.37699193881396452456E-15
    0.46975431291091096497E+01   -0.60411740243959358502E-15    0.27346343107139842382E-15
    0.47063309259159158415E+01   -0.76224626855085856492E-15   -0.14021698935190280681E-15
    0.47151187227227229215E+01    0.45753186100909166311E-15   -0.26205840873787950025E-15
    0.47239065195295300015E+01    0.21332719074642931020E-14    0.15825376361302176897E-15
    0.47326943163363361933E+01    0.22848545050515374850E-14    0.81116736215035151123E-15
    0.47414821131431432732E+01    0.19094624744566462831E-15    0.12183720750222040052E-14
    0.47502699099499503532E+01   -0.21281394249570662553E-14    0.11265517872347340899E-14
    0.47590577067567574332E+01   -0.20058565146617952677E-14    0.58574898907004006766E-15
    0.47678455035635636250E+01    0.45473276155902057238E-15   -0.12761206037568898191E-15
    0.47766333003703707050E+01    0.22241277253256746460E-14   -0.64236578778516127844E-15
    0.47854210971771777849E+01    0.11254225393251967359E-14   -0.67903680513175394022E-15
    0.47942088939839839767E+01   -0.13261924267311470891E-14   -0.20712327447043947700E-15
    0.48029966907907910567E+01   -0.20326642994536319736E-14    0.51562845341437167441E-15
    0.48117844875975981367E+01   -0.34826766693755771804E-15    0.98541941376486160064E-15
    0.48205722844044043285E+01    0.12825166652426354621E-14    0.72431224254280223225E-15
    0.48293600812112114085E+01    0.78984710112575868211E-15   -0.19015955267414994349E-15
    0.48381478780180184884E+01   -0.80872466446718658426E-15   -0.89038254347047780753E-15
    0.48469356748248246802E+01   -0.10940578418298834344E-14   -0.50902072075079363789E-15
    0.48557234716316317602E+01    0.36425354700295684274E-15    0.69609339077580054160E-15
    0.48645112684384388402E+01    0.15003247397677288068E-14    0.14263453339911903233E-14
    0.48732990652452459202E+01    0.69464645691904368592E-15    0.84786964395638423049E-15
    0.48820868620520521119E+01   -0.96969956725443138522E-15   -0.32610323475258538623E-15
    0.48908746588588591919E+01   -0.12564724043742404691E-14   -0.74075952433067165519E-15
    0.48996624556656662719E+01    0.22633072071714727628E-15   -0.56652296784084272876E-16
    0.49084502524724724637E+01    0.15800138650933671165E-14    0.76582087423073127187E-15
    0.49172380492792795437E+01    0.11899690928804570172E-14    0.80710050299472627572E-15
    0.49260258460860866236E+01   -0.26300163773872847425E-15    0.26662074654373299440E-15
    0.49348136428928928154E+01   -0.96371763653602562141E-15   -0.45260783065969595748E-16
    0.49436014396996998954E+01   -0.34049341528170278476E-15    0.16547917970864983289E-15
    0.49523892365065069754E+01    0.46019241025326788520E-15    0.41075276800758526568E-15
    0.49611770333133140554E+01    0.34076045998286313608E-15    0.17459557480216837763E-15
    0.49699648301201202472E+01   -0.33811690166965149498E-15   -0.44556942097100619266E-15
    0.49787526269269273271E+01   -0.49011250999261343400E-15   -0.92620125113639645087E-15
    0.49875404237337344071E+01    0.15185798834254349026E-15   -0.85090389878649494383E-15
    0.49963282205405405989E+01    0.76238344541600909789E-15   -0.21619848389602652984E-15
    0.50051160173473476789E+01    0.63242121532592735690E-15    0.54624713321241217313E-15
    0.50139038141541547589E+01    0.10326131045291915053E-15    0.73993586878536789201E-15
    0.50226916109609609506E+01   -0.58430378160813227412E-17   -0.19543688381584213244E-17
    0.50314794077677680306E+01    0.47359826671934744955E-15   -0.10535604942104658168E-14
    0.50402672045745751106E+01    0.88392773329010253493E-15   -0.11257111203482407729E-14
    0.50490550013813813024E+01    0.66349775705974170171E-15    0.29918127415454619306E-15
    0.50578427981881883824E+01    0.63507776812561278701E-16    0.20596513002502720517E-14
    0.50666305949949954623E+01   -0.23931970221694641851E-15    0.24427584850552866799E-14
    0.50754183918018025423E+01    0.52732960948941483567E-16    0.10282996703109317202E-14
    0.50842061886086087341E+01    0.63009910421363375568E-15   -0.95177159728478670541E-15
    0.50929939854154158141E+01    0.10121864384648871660E-14   -0.19464755650488892971E-14
    0.51017817822222228941E+01    0.96475461048619677430E-15   -0.13336296486853575847E-14
    0.51105695790290290859E+01    0.55905725220620745017E-15    0.35101020577506562204E-15
    0.51193573758358361658E+01    0.66371368345348344963E-16    0.17004706582647831740E-14
    0.51281451726426432458E+01   -0.20931350410100381109E-15    0.12845715367684940211E-14
    0.51369329694494494376E+01   -0.15505837657356142794E-15   -0.93256260388654850560E-15
    0.51457207662562565176E+01    0.39300953628301749956E-16   -0.29573447684762626811E-14
    0.51545085630630635976E+01    0.11103739720442624434E-15   -0.25955946154378166148E-14
    0.51632963598698697893E+01    0.57626542887998517578E-16   -0.24796657539031301367E-16
    0.51720841566766768693E+01    0.11332878988008880906E-15    0.22142358617284942511E-14
    0.51808719534834839493E+01    0.33580555903154069879E-15    0.20683322058928897904E-14
    0.51896597502902910293E+01    0.37412014067548889986E-15    0.11589644132836718735E-15
    0.51984475470970972211E+01   -0.84866074948766790713E-16   -0.15155530671265755174E-14
    0.52072353439039043010E+01   -0.68383716301959250724E-15   -0.14416525255571730546E-14
    0.52160231407107113810E+01   -0.58846135856619644745E-15    0.68250494402116844054E-16
    0.52248109375175184610E+01    0.42830907425995461709E-15    0.17480379841109682251E-14
    0.52335987343243246528E+01    0.13637778306060757609E-14    0.22340379281327629717E-14
    0.52423865311311317328E+01    0.10252568073141869711E-14    0.95993056119225626726E-15
    0.52511743279379388127E+01   -0.42514736783681762008E-15   -0.11179996567897970919E-14
    0.52599621247447450045E+01   -0.14952450950877894562E-14   -0.20970764641212527282E-14
    0.52687499215515520845E+01   -0.10842322016391023548E-14   -0.10713856964953091441E-14
    0.52775377183583591645E+01    0.27570590936243521505E-15    0.68416103619470081991E-15
    0.52863255151651653563E+01    0.12093815388095359835E-14    0.11878358601479796030E-14
    0.52951133119719724363E+01    0.10064897977188463334E-14    0.73657191746451366478E-16
    0.53039011087787795162E+01    0.68749165492028001234E-16   -0.11695763250842562969E-14
    0.53126889055855857080E+01   -0.80633222672148690143E-15   -0.12029526344002257722E-14
    0.53214767023923927880E+01   -0.11149279741387215892E-14   -0.34025504484288793360E-15
    0.53302644991991998680E+01   -0.78301576175190814120E-15    0.23914418765676309204E-15
    0.53390522960060069479E+01   -0.65546726488197719244E-16    0.68682387538300111875E-16
    0.53478400928128131397E+01    0.59887798931256259409E-15   -0.27615146225275787117E-15
    0.53566278896196202197E+01    0.77024533372490396287E-15   -0.19584431896760156607E-15
    0.53654156864264272997E+01    0.20423265223087515520E-15    0.14975096546952070865E-15
    0.53742034832332334915E+01   -0.92589745420872220482E-15    0.23429133001769584022E-15
    0.53829912800400405715E+01   -0.18728353802562598101E-14   -0.47342878292934196613E-16
    0.53917790768468476514E+01   -0.17277994632704556860E-14   -0.27847136743266467430E-15
    0.54005668736536538432E+01   -0.40741482071583937191E-15   -0.15001365705761536170E-15
    0.54093546704604609232E+01    0.87969566633189467553E-15    0.99695584039871775608E-16
    0.54181424672672680032E+01    0.77979807650432128278E-15    0.39426107736745889327E-16
    0.54269302640740750832E+01   -0.61688745543777591022E-15   -0.35120221760216938175E-15
    0.54357180608808812750E+01   -0.18081450403166729378E-14   -0.64252050565879849270E-15
    0.54445058576876883549E+01   -0.15949197146393853938E-14   -0.50617126513150130651E-15
    0.54532936544944954349E+01   -0.31627122698783924147E-15   -0.10717854986951896777E-15
    0.54620814513013016267E+01    0.83622848138153068297E-15    0.15354456546913744664E-15
    0.54708692481081087067E+01    0.11533828292984446007E-14    0.11125946755640400305E-15
    0.54796570449149157866E+01    0.79234867837044419839E-15   -0.49158585768943587268E-16
    0.54884448417217219784E+01    0.16063778566978278306E-15   -0.56787727366228871817E-16
    0.54972326385285290584E+01   -0.57484921953663967553E-15    0.19808595092669851671E-15
    0.55060204353353361384E+01   -0.12720192547178601949E-14    0.60281820125777307068E-15
    0.55148082321421423302E+01   -0.14112230022633110960E-14    0.85824104426009030811E-15
    0.55235960289489494102E+01   -0.40057594312172093576E-15    0.67588565448193760694E-15
    0.55323838257557564901E+01    0.14146851172652146912E-14    0.12689985630530206075E-15
    0.55411716225625635701E+01    0.23917392629738216347E-14   -0.24169427389206808881E-15
    0.55499594193693697619E+01    0.11707198580716983903E-14    0.50807917087676899192E-16
    0.55587472161761768419E+01   -0.13259855106812893636E-14    0.73452571440854503663E-15
    0.55675350129829839219E+01   -0.24315841881651178140E-14    0.96510781025344682682E-15
    0.55763228097897901137E+01   -0.80346818767849945119E-15    0.35760600222378389096E-15
    0.55851106065965971936E+01    0.17263708485079279058E-14   -0.40462799919496423653E-15
    0.55938984034034042736E+01    0.23464759681746836977E-14   -0.36319313322596001499E-15
    0.56026862002102104654E+01    0.61727477667252228032E-15    0.52989103143420812252E-15
    0.56114739970170175454E+01   -0.12846245172057372633E-14    0.13640756538626221846E-14
    0.56202617938238246253E+01   -0.14423624215779292715E-14    0.13628893094655335931E-14
    0.56290495906306308171E+01   -0.25838089768979141008E-15    0.67086165364636233068E-15
    0.56378373874374378971E+01    0.67353620758811870910E-15   -0.43272075769489588443E-16
    0.56466251842442449771E+01    0.69111392359347055715E-15   -0.36564818064287111888E-15
    0.56554129810510520571E+01    0.43798792062523150426E-15   -0.35717747044420124496E-15
    0.56642007778578582489E+01    0.48589936584016475324E-15   -0.20795709393068842918E-15
    0.56729885746646653288E+01    0.41049830106101873098E-15    0.31622289441226078282E-16
    0.56817763714714724088E+01   -0.37944791352246905993E-15    0.32914370522984870922E-15
    0.56905641682782786006E+01   -0.13621735654971483802E-14    0.44850093277752039919E-15
    0.56993519650850856806E+01   -0.12001988177613447603E-14    0.83141279850498184760E-16
    0.57081397618918927606E+01    0.43236069590540629030E-15   -0.67013339937659969580E-15
    0.57169275586986989524E+01    0.18986043235992217978E-14   -0.11267306579378609424E-14
    0.57257153555055060323E+01    0.13534986666317564630E-14   -0.66696207768206447754E-15
    0.57345031523123131123E+01   -0.84772328041744635555E-15    0.43348814133225808511E-15
    0.57432909491191193041E+01   -0.23643418073988579222E-14    0.11527650150054996468E-14
    0.57520787459259263841E+01   -0.16212102860105759006E-14    0.81612987807161357505E-15
    0.57608665427327334640E+01    0.40175224376267281446E-15   -0.18815667185665587023E-15
    0.57696543395395405440E+01    0.16034203544547236298E-14   -0.94093083679209903602E-15
    0.57784421363463467358E+01    0.11381303794551980133E-14   -0.90764086558152374043E-15
    0.57872299331531538158E+01   -0.10339161191190502871E-15   -0.24499597814262218788E-15
    0.57960177299599608958E+01   -0.86447689067079994806E-15    0.49566974717595553559E-15
    0.58048055267667670876E+01   -0.67527500755404901333E-15    0.73683380484902394376E-15
    0.58135933235735741675E+01    0.13533950774890073822E-15    0.22008080166746011015E-15
    0.58223811203803812475E+01    0.86344700006454253479E-15   -0.72539767923171656829E-15
    0.58311689171871874393E+01    0.90202116665129551392E-15   -0.13715249898346643566E-14
    0.58399567139939945193E+01    0.22944119016410463340E-15   -0.12058749355336909360E-14
    0.58487445108008015993E+01   -0.45107170271604675630E-15   -0.34963763024074918626E-15
    0.58575323076076077911E+01   -0.42182387456010198281E-15    0.63742128440566487466E-15
    0.58663201044144148710E+01    0.17804344687395515427E-15    0.11660795629206954655E-14
    0.58751079012212219510E+01    0.51108632575056857052E-15    0.93500664079179112444E-15
    0.58838956980280290310E+01    0.15889803374354597147E-15    0.14424142245689261515E-15
    0.58926834948348352228E+01   -0.25749487174085186568E-15   -0.52404576055998097955E-15
    0.59014712916416423027E+01    0.49687370443926037462E-16   -0.44963096019413817188E-15
    0.59102590884484493827E+01    0.82480607701800510148E-15    0.29486073859583378898E-15
    0.59190468852552555745E+01    0.95419667119332153893E-15    0.10123354006316579248E-14
    0.59278346820620626545E+01   -0.56895388077952954076E-16    0.10993732250507781536E-14
    0.59366224788688697345E+01   -0.12563473229780135018E-14    0.56181425643349286744E-15
    0.59454102756756759263E+01   -0.13564038765806516441E-14   -0.15139956160568873921E-15
    0.59541980724824830062E+01   -0.31107794589836499828E-15   -0.54539063135014871024E-15
    0.59629858692892900862E+01    0.67357025817361470748E-15   -0.36203105454231606217E-15
    0.59717736660960962780E+01    0.58091693013153470816E-15    0.25892522727124002099E-15
    0.59805614629029033580E+01   -0.40808289112014993406E-15    0.79840520926427495632E-15
    0.59893492597097104380E+01   -0.13650415579053602248E-14    0.76225146418844696207E-15
    0.59981370565165175179E+01   -0.15197451571610140226E-14    0.15028977936774286215E-15
    0.60069248533233237097E+01   -0.70760293311094926794E-15   -0.55314627894376652827E-15
    0.60157126501301307897E+01    0.62784521176665104966E-15   -0.82785642977387524804E-15
    0.60245004469369378697E+01    0.16372474619923918639E-14   -0.49092904627059345658E-15
    0.60332882437437440615E+01    0.16128902633681731942E-14    0.23631081774089212635E-15
    0.60420760405505511415E+01    0.56758328976593870226E-15    0.80920013316725493043E-15
    0.60508638373573582214E+01   -0.77126809531156914943E-15    0.68439211251942991844E-15
    0.60596516341641644132E+01   -0.15017821535825182490E-14   -0.15303264255492489538E-15
    0.60684394309709714932E+01   -0.10842826761268338166E-14   -0.10044355659814228557E-14
    0.60772272277777785732E+01    0.28568251224565658212E-15   -0.11198850890274416281E-14
    0.60860150245845856531E+01    0.15011535767425823943E-14   -0.51738253798277525606E-15
    0.60948028213913918449E+01    0.12412685724485652960E-14    0.98765395562440844115E-16
    0.61035906181981989249E+01   -0.58777902644398418585E-15    0.22221959394358968479E-15
    0.61123784150050060049E+01   -0.22943677030456099909E-14    0.76611257702733218942E-16
    0.61211662118118121967E+01   -0.20703078662784113184E-14    0.11485440979665559800E-15
    0.61299540086186192767E+01   -0.77406615571070007446E-16    0.28815916160227159164E-15
    0.61387418054254263566E+01    0.17286682253552941446E-14    0.13651203614718985535E-15
    0.61475296022322325484E+01    0.17789066482566238681E-14   -0.39984233872506783205E-15
    0.61563173990390396284E+01    0.34426725646687228137E-15   -0.62575214077111594348E-15
    0.61651051958458467084E+01   -0.12147801394582457941E-14    0.29750814954882417124E-16
    0.61738929926526529002E+01   -0.18336387364184269140E-14    0.95239526648938055040E-15
    0.61826807894594599802E+01   -0.13242795524738074279E-14    0.80023724951442442538E-15
    0.61914685862662670601E+01   -0.21478615794547415311E-15   -0.73133589080822893733E-15
    0.62002563830730741401E+01    0.61157147034241013206E-15   -0.21014962313047655031E-14
    0.62090441798798803319E+01    0.52451918445277196292E-15   -0.16163452657291283477E-14
    0.62178319766866874119E+01   -0.28350740285567201059E-15    0.41577436204386026496E-15
    0.62266197734934944918E+01   -0.97956703012618382620E-15    0.19487713667873659960E-14
    0.62354075703003006836E+01   -0.91893509708778901124E-15    0.15602780174660690666E-14
    0.62441953671071077636E+01   -0.19226011152408385131E-15   -0.85368482974424754028E-16
    0.62529831639139148436E+01    0.62526684967278007925E-15   -0.13287663409069103531E-14
    0.62617709607207210354E+01    0.96950351736910730171E-15   -0.12677395222027130880E-14
    0.62705587575275281154E+01    0.61956901837699797464E-15   -0.24589928589266666079E-15
    0.62793465543343351953E+01   -0.13160114863150064171E-15    0.78039942972904829235E-15
    0.62881343511411413871E+01   -0.57180802865713813085E-15    0.94290741159126955471E-15
    0.62969221479479484671E+01   -0.20451351882719556319E-15    0.17834313009935202874E-16
    0.63057099447547555471E+01    0.59649178141837716381E-15   -0.12177705129608294389E-14
    0.63144977415615626271E+01    0.90124006835727705142E-15   -0.15305307062247074572E-14
    0.63232855383683688189E+01    0.34522450814700329659E-15   -0.51339827593847906020E-15
    0.63320733351751758988E+01   -0.34248312127996298405E-15    0.82753053852091790946E-15
    0.63408611319819829788E+01   -0.31006677387878624305E-15    0.11906609150469547145E-14
    0.63496489287887891706E+01    0.20282710373270371998E-15    0.41914539777512136170E-15
    0.63584367255955962506E+01    0.16898542800157050425E-15   -0.51455816914020389137E-15
    0.63672245224024033305E+01   -0.66265796555647537588E-15   -0.75517710424978224005E-15
    0.63760123192092095223E+01   -0.10961976139580760461E-14   -0.37167405751814704683E-15
    0.63848001160160166023E+01   -0.58855364091405804055E-16    0.92255507374354625117E-16
    0.63935879128228236823E+01    0.15346487146029896111E-14    0.37105933765700208476E-15
    0.64023757096296298741E+01    0.15264412121237809817E-14    0.57439674151935302635E-15
    0.64111635064364369541E+01   -0.60501603368619154816E-15    0.73312200260677804603E-15
    0.64199513032432440340E+01   -0.24956901839174525875E-14    0.58331777427938442461E-15
    0.64287391000500511140E+01   -0.16532789992376932362E-14   -0.63515896829559498103E-17
    0.64375268968568573058E+01    0.11797604600002987624E-14   -0.54428025190283021904E-15
    0.64463146936636643858E+01    0.27435838728495967223E-14   -0.27853526005817657034E-15
    0.64551024904704714658E+01    0.13200061036514482358E-14    0.75890768582985668770E-15
    0.64638902872772776576E+01   -0.11270126308884536731E-14    0.14093199032231129082E-14
    0.64726780840840847375E+01   -0.16743826511548492934E-14    0.69191650137409536272E-15
    0.64814658808908918175E+01   -0.78969415166093244771E-16   -0.72158564674186754593E-15
    0.64902536776976980093E+01    0.13631611461331082062E-14   -0.11147051080928514690E-14
    0.64990414745045050893E+01    0.10514186719320494116E-14   -0.14626090982326652720E-17
    0.65078292713113121692E+01   -0.60541186892900611690E-16    0.91535618688625620128E-15
    0.65166170681181183610E+01   -0.21823390519961879691E-15   -0.61689137224146070007E-16
    0.65254048649249254410E+01    0.67703270741915702591E-15   -0.20270803591079392562E-14
    0.65341926617317325210E+01    0.11957687661350021529E-14   -0.23169694598650609615E-14
    0.65429804585385396010E+01    0.59610006634327959820E-15   -0.94794228897826590977E-16
    0.65517682553453457928E+01   -0.53357525800810812002E-16    0.20570222322751644239E-14
    0.65605560521521528727E+01    0.49963802130877440789E-15    0.13164235761983303484E-14
    0.65693438489589599527E+01    0.16565251585010021725E-14   -0.15203369645446469276E-14
    0.65781316457657661445E+01    0.15455163904372778029E-14   -0.28722121530625735824E-14
    0.65869194425725732245E+01   -0.33927405748934263504E-15   -0.93389820523298472115E-15
    0.65957072393793803045E+01   -0.20024709763678215019E-14    0.19892868498953053411E-14
    0.66044950361861864963E+01   -0.13693337580173000951E-14    0.25654087368143704578E-14
    0.66132828329929935762E+01    0.82763928135484326845E-15    0.47885555491619710376E-15
    0.66220706297998006562E+01    0.17898980303504480208E-14   -0.16651344386733630416E-14
    0.66308584266066068480E+01    0.23923770192419217091E-15   -0.17354230073269041530E-14
    0.66396462234134139280E+01   -0.18403524265009384030E-14   -0.18675679327021892614E-15
    0.66484340202202210079E+01   -0.18472364157407343462E-14    0.11725551879100528026E-14
    0.66572218170270280879E+01    0.10042341121306081401E-15    0.12029731701400016324E-14
    0.66660096138338342797E+01    0.15236087873786875329E-14    0.69774788769610353274E-16
    0.66747974106406413597E+01    0.83911727965346988396E-15   -0.12584184761825465979E-14
    0.66835852074474484397E+01   -0.83996395551878483247E-15   -0.16852049308888115047E-14
    0.66923730042542546315E+01   -0.14697589039011177883E-14   -0.76674283785002812764E-15
    0.67011608010610617114E+01   -0.52339318751328651686E-15    0.69865017925708047054E-15
    0.67099485978678687914E+01    0.83160772790968380087E-15    0.12883296189873049815E-14
    0.67187363946746749832E+01    0.13460731745107626857E-14    0.47984675026050414710E-15
    0.67275241914814820632E+01    0.81455503500309773204E-15   -0.69347930321035367212E-15
    0.67363119882882891432E+01   -0.15339286268659399424E-15   -0.91627241868823865525E-15
    0.67450997850950962231E+01   -0.75535026753431671986E-15   -0.13706395311352220282E-15
    0.67538875819019024149E+01   -0.50641490900585350838E-15    0.58861606914130232876E-15
    0.67626753787087094949E+01    0.37024348585406651156E-15    0.56179872604648563097E-15
    0.67714631755155165749E+01    0.97790878640191919837E-15    0.21523083718085191996E-15
    0.67802509723223227667E+01    0.59757016425755126772E-15    0.25469187643612015446E-15
    0.67890387691291298466E+01   -0.43904927096472988902E-15    0.55542697435373634034E-15
    0.67978265659359369266E+01   -0.10720665048878166060E-14    0.38376143312789875444E-15
    0.68066143627427431184E+01   -0.73371505544103903870E-15   -0.38632483647705640560E-15
    0.68154021595495501984E+01    0.41881076311781446930E-16   -0.80848882320279466579E-15
    0.68241899563563572784E+01    0.38894268122744678790E-15   -0.75157646870396271545E-16
    0.68329777531631634702E+01    0.10645161607386247303E-15    0.11396120196489446941E-14
    0.68417655499699705501E+01   -0.32998569308309575822E-15    0.12824671551404107636E-14
    0.68505533467767776301E+01   -0.50311035609437237638E-15   -0.43903688355325922406E-16
    0.68593411435835847101E+01   -0.47776261446288770300E-15   -0.12893529405879370467E-14
    0.68681289403903909019E+01   -0.47172384954614061094E-15   -0.86591301716180670395E-15
    0.68769167371971979819E+01   -0.41260344818211585627E-15    0.67980176084690558738E-15
    0.68857045340040050618E+01   -0.63800286470883315602E-16    0.12933605816329529908E-14
    0.68944923308108112536E+01    0.43661431737616290969E-15    0.99764902176566336446E-16
    0.69032801276176183336E+01    0.45755675229296077032E-15   -0.13864522854737137936E-14
    0.69120679244244254136E+01   -0.35462323814917044223E-15   -0.12948381186985387544E-14
    0.69208557212312316054E+01   -0.13046091026206784388E-14    0.16627873715633545106E-15
    0.69296435180380386853E+01   -0.12130491879957846901E-14    0.11136315631697630521E-14
    0.69384313148448457653E+01    0.65345965779282054310E-16    0.47870734097938799940E-15
    0.69472191116516519571E+01    0.11358824778523381931E-14   -0.74426592291444533995E-15
    0.69560069084584590371E+01    0.66869702856130885150E-15   -0.10152185146072096176E-14
    0.69647947052652661171E+01   -0.83626266849641338211E-15   -0.17493004541207471359E-15
    0.69735825020720731970E+01   -0.15932432837997580239E-14    0.63684676855756416095E-15
    0.69823702988788793888E+01   -0.74103782167064193909E-15    0.53968255910943880951E-15
    0.69911580956856864688E+01    0.62792365069054220147E-15   -0.19077321732191043931E-15
    0.69999458924924935488E+01    0.98035979310780298701E-15   -0.75121932975602102975E-15
    0.70087336892992997406E+01    0.19047068845469037961E-15   -0.73393026476145144800E-15
    0.70175214861061068206E+01   -0.60941411441552893708E-15   -0.32120370046494381747E-15
    0.70263092829129139005E+01   -0.62471945439021714881E-15    0.66421921626098842975E-16
    0.70350970797197200923E+01   -0.23704605807003956377E-15    0.99639477938756126163E-16
    0.70438848765265271723E+01   -0.16157134719319763122E-15   -0.27192419939509723951E-15
    0.70526726733333342523E+01   -0.37181716636480535579E-15   -0.73535133202088943562E-15
    0.70614604701401404441E+01   -0.25467070391630861861E-15   -0.84286232057265210700E-15
    0.70702482669469475240E+01    0.36184081178070792976E-15   -0.45269080493664433127E-15
    0.70790360637537546040E+01    0.80118094716564284507E-15    0.96591839179372353158E-16
    0.70878238605605616840E+01    0.43595558518554836223E-15    0.34403444574223338778E-15
    0.70966116573673678758E+01   -0.32540781744893480986E-15    0.13863480731587532255E-15
    0.71053994541741749558E+01   -0.42986846588214952709E-15   -0.30291355444741839412E-15
    0.71141872509809820357E+01    0.47084736028808522929E-15   -0.61425484618923896229E-15
    0.71229750477877882275E+01    0.14687343799978674183E-14   -0.51022853925334687718E-15
    0.71317628445945953075E+01    0.14804624594847883864E-14    0.76020170177731928259E-17
    0.71405506414014023875E+01    0.50435960386148650462E-15    0.53611829080199360010E-15
    0.71493384382082085793E+01   -0.49097796931896485665E-15    0.56320457317207076409E-15
    0.71581262350150156593E+01   -0.64754221736464523607E-15    0.28542196745377047277E-16
    0.71669140318218227392E+01    0.79536624821306535468E-16   -0.51224225479147221779E-15
    0.71757018286286289310E+01    0.10748969240153755052E-14   -0.49065868890240487883E-15
    0.71844896254354360110E+01    0.14842518689623099490E-14    0.22194489909616565609E-16
    0.71932774222422430910E+01    0.78694279975510770933E-15    0.45022900857438999977E-15
    0.72020652190490501710E+01   -0.57244842281444168375E-15    0.39219606359067816253E-15
    0.72108530158558563627E+01   -0.12528570980631683323E-14   -0.10316653177795348782E-16
    0.72196408126626634427E+01   -0.35587581430101450147E-15   -0.35852510111773812575E-15
    0.72284286094694705227E+01    0.13055830430395536936E-14   -0.40368982112491805805E-15
    0.72372164062762767145E+01    0.19381608564180770377E-14   -0.17891826460282103093E-15
    0.72460042030830837945E+01    0.83892448403700723378E-15    0.72226341251972088455E-16
    0.72547919998898908744E+01   -0.75719377273992760184E-15    0.52433097946464549113E-16
    0.72635797966966970662E+01   -0.12336337492169403838E-14   -0.31434257656384942104E-15
    0.72723675935035041462E+01   -0.39473799713292768383E-15   -0.68137410441922789762E-15
    0.72811553903103112262E+01    0.65198343580700092806E-15   -0.57661137925767751383E-15
    0.72899431871171174180E+01    0.93061409314093706302E-15   -0.18298483879730500814E-16
    0.72987309839239244980E+01    0.44645315557996995663E-15    0.35301913408119873829E-15
    0.73075187807307315779E+01   -0.21127146776857764127E-15    0.47734566337503525513E-16
    0.73163065775375386579E+01   -0.52203488111361534994E-15   -0.51325673060426338974E-15
    0.73250943743443448497E+01   -0.31285746513347465617E-15   -0.44081926326118575842E-15
    0.73338821711511519297E+01    0.23569130442537897639E-15    0.39905991307067917207E-15
    0.73426699679579590097E+01    0.70884089843421703977E-15    0.10120530673252891879E-14
    0.73514577647647652014E+01    0.75376379371206708338E-15    0.51295103025457083235E-15
    0.73602455615715722814E+01    0.35619618449794244013E-15   -0.60064676765190887198E-15
    0.73690333583783793614E+01   -0.19100024740756416563E-15   -0.99087936260262425318E-15
    0.73778211551851855532E+01   -0.52978112760496148964E-15   -0.20416036237317617050E-15
    0.73866089519919926332E+01   -0.44650679476595208606E-15    0.68941362718236923130E-15
    0.73953967487987997131E+01    0.77157686750167614814E-17    0.52052785110974012877E-15
    0.74041845456056067931E+01    0.47857022334921563115E-15   -0.44045476875375785468E-15
    0.74129723424124129849E+01    0.53727688114608305236E-15   -0.91149519286136850144E-15
    0.74217601392192200649E+01    0.74066692682666491408E-16   -0.30672734356708730659E-15
    0.74305479360260271449E+01   -0.55707213851549335380E-15    0.55084949559208542899E-15
    0.74393357328328333367E+01   -0.84663439416362749241E-15    0.61951708586281788631E-15
    0.74481235296396404166E+01   -0.51225480787537631961E-15   -0.25786029751485576339E-16
    0.74569113264464474966E+01    0.31706883283945617195E-15   -0.45019827361591772012E-15
    0.74656991232532536884E+01    0.10728965484452886410E-14   -0.14750292316461161193E-15
    0.74744869200600607684E+01    0.10117751494852841652E-14    0.39078240597770062024E-15
    0.74832747168668678484E+01   -0.47463404356318105571E-16    0.48312672147067794352E-15
    0.74920625136736740401E+01   -0.11615742776640182617E-14    0.17360042984089086953E-15
    0.75008503104804811201E+01   -0.10344691611684007979E-14    0.36023444406383641838E-16
    0.75096381072872882001E+01    0.40171574869316604678E-15    0.27084021246377840661E-15
    0.75184259040940952801E+01    0.16018792276556673523E-14    0.38393451685198472079E-15
    0.75272137009009014719E+01    0.11566414193087700358E-14   -0.52049040718558795273E-16
    0.75360014977077085518E+01   -0.44840460542471335183E-15   -0.62952098926878987900E-15
    0.75447892945145156318E+01   -0.14489500618072322094E-14   -0.53644623679000187153E-15
    0.75535770913213218236E+01   -0.91596586349747253635E-15    0.27723363890040644482E-15
    0.75623648881281289036E+01    0.30786102697502297721E-15    0.80297958082013052402E-15
    0.75711526849349359836E+01    0.85171717018442777135E-15    0.23261553633647417937E-15
    0.75799404817417421754E+01    0.29803957825620298522E-15   -0.81951405803910777703E-15
    0.75887282785485492553E+01   -0.71667599209611975670E-15   -0.98687420729519556912E-15
    0.75975160753553563353E+01   -0.13040534763442879336E-14    0.23458420778635352140E-16
    0.76063038721621625271E+01   -0.97601290655362992648E-15    0.88072979874976832350E-15
    0.76150916689689696071E+01    0.78282388454577668492E-16    0.35018304466246825687E-15
    0.76238794657757766871E+01    0.96839019132993124148E-15   -0.97914569046386552816E-15
    0.76326672625825837670E+01    0.76955871197466287299E-15   -0.14058258799557789826E-14
    0.76414550593893899588E+01   -0.42766585177822329639E-15   -0.31885959139576117528E-15
    0.76502428561961970388E+01   -0.13647967682873681836E-14    0.10005227661586670948E-14
    0.76590306530030041188E+01   -0.98407385555459695512E-15    0.10755850230394638112E-14
    0.76678184498098103106E+01    0.26090535596033676532E-15    0.39695945386805526069E-16
    0.76766062466166173905E+01    0.96961305064674488678E-15   -0.75837406214284134499E-15
    0.76853940434234244705E+01    0.49647378068351126184E-15   -0.50435166231216038313E-15
    0.76941818402302306623E+01   -0.36994412530333244917E-15    0.28498927250105126082E-15
    0.77029696370370377423E+01   -0.53991613713961117374E-15    0.69370716283590821825E-15
    0.77117574338438448223E+01    0.11711838481845378263E-15    0.49794774206764273992E-15
    0.77205452306506510141E+01    0.86654589888537158672E-15    0.12711538000430370593E-15
    0.77293330274574580940E+01    0.10447070855390865410E-14   -0.72479185111413138179E-16
    0.77381208242642651740E+01    0.62019864114076933764E-15   -0.18535507657179839465E-15
    0.77469086210710722540E+01    0.41269146337417734819E-16   -0.35948633894372700018E-15
    0.77556964178778784458E+01   -0.10734969719388659500E-15   -0.41083325051005420825E-15
    0.77644842146846855258E+01    0.48075616699787163966E-15   -0.42871609121569073230E-16
    0.77732720114914926057E+01    0.14174005120176058604E-14    0.58225453185557885325E-15
    0.77820598082982987975E+01    0.17511186885603018133E-14    0.78943015171545462050E-15
    0.77908476051051058775E+01    0.96936609092071104391E-15    0.20279167482539599924E-15
    0.77996354019119129575E+01   -0.16539157500870298355E-15   -0.54844019600156990997E-15
    0.78084231987187191493E+01   -0.34854503315933292319E-15   -0.43933661198649180657E-15
    0.78172109955255262292E+01    0.64021390992558871309E-15    0.59554996572419402299E-15
    0.78259987923323333092E+01    0.15068426111342598763E-14    0.13558452668917211858E-14
    0.78347865891391395010E+01    0.10121295361029457027E-14    0.81623135273231865459E-15
    0.78435743859459465810E+01   -0.47704178798567388225E-15   -0.50195928471600633319E-15
    0.78523621827527536610E+01   -0.14794873818865951551E-14   -0.11663345003427556655E-14
    0.78611499795595607409E+01   -0.10962511296440985085E-14   -0.62800350803720294474E-15
    0.78699377763663669327E+01    0.18322018604541002197E-15    0.16427937768250232237E-15
    0.78787255731731740127E+01    0.12165405096997370076E-14    0.13662836718767895963E-15
    0.78875133699799810927E+01    0.11807405140091355214E-14   -0.51653363761421864750E-15
    0.78963011667867872845E+01    0.26200902358671202448E-16   -0.77064152088765760606E-15
    0.79050889635935943645E+01   -0.14322222231916752370E-14   -0.26182721461474968458E-15
    0.79138767604004014444E+01   -0.19250245578270943092E-14    0.22464662671712716804E-15
    0.79226645572072076362E+01   -0.86795299204962480048E-15   -0.57008914127273762600E-16
    0.79314523540140147162E+01    0.75992800341289495434E-15   -0.66071467624087434651E-15
    0.79402401508208217962E+01    0.12891715940481869678E-14   -0.52867931249485778015E-15
    0.79490279476276279880E+01    0.20166441631724770588E-15    0.46253011951554545286E-15
    0.79578157444344350679E+01   -0.12818204437793488894E-14    0.11314343968017836735E-14
    0.79666035412412421479E+01   -0.16531549958008322047E-14    0.53561744617225409023E-15
    0.79753913380480492279E+01   -0.64508635212604676158E-15   -0.60483591625233712730E-15
    0.79841791348548554197E+01    0.82242866992400023073E-15   -0.74128047509232581583E-15
    0.79929669316616624997E+01    0.16364150049838003333E-14    0.42639947481870298335E-15
    0.80017547284684695796E+01    0.12385859049206177398E-14    0.14078331841688692255E-14
    0.80105425252752748833E+01   -0.11246464507667598242E-15    0.85431444281489045643E-15
    0.80193303220820819632E+01   -0.13714100780171680577E-14   -0.60954965011758452855E-15
    0.80281181188888890432E+01   -0.14560039516874185123E-14   -0.11995646569850391553E-14
    0.80369059156956961232E+01   -0.34915204182621140909E-15   -0.25010267977138512385E-15
    0.80456937125025032032E+01    0.73813559365299466607E-15    0.10171967432355944896E-14
    0.80544815093093102831E+01    0.65747957358588346854E-15    0.11619259628988520835E-14
    0.80632693061161173631E+01   -0.45194077016470031530E-15    0.22449012068612045315E-15
    0.80720571029229226667E+01   -0.14904207145874956966E-14   -0.62054209849875365756E-15
    0.80808448997297297467E+01   -0.16014212425739019397E-14   -0.56406622614580764826E-15
    0.80896326965365368267E+01   -0.81321815315563321046E-15    0.12498773434592739352E-15
    0.80984204933433439066E+01    0.25647751599635033701E-15    0.68947082322744245273E-15
    0.81072082901501509866E+01    0.88596519688490134298E-15    0.64125675602530212534E-15
    0.81159960869569580666E+01    0.65755195512072584183E-15    0.34431797754274012517E-16
    0.81247838837637633702E+01   -0.21568091026552931852E-15   -0.57406906721243421521E-15
    0.81335716805705704502E+01   -0.96258723231890064350E-15   -0.46419120454521117192E-15
    0.81423594773773775302E+01   -0.90857574249706981725E-15    0.50039514478990828829E-15
    0.81511472741841846101E+01   -0.77955503075938198439E-16    0.13862319948846110288E-14
    0.81599350709909916901E+01    0.90216451211807084961E-15    0.10561848096228442782E-14
    0.81687228677977987701E+01    0.13014035815198000454E-14   -0.29706571813740764328E-15
    0.81775106646046058501E+01    0.73365832448959336642E-15   -0.10228803448376483876E-14
    0.81862984614114111537E+01   -0.51762494999480950623E-15   -0.82931308464551439744E-17
    0.81950862582182182337E+01   -0.14261873291155775649E-14    0.16265287792205076542E-14
    0.82038740550250253136E+01   -0.10082583524737094746E-14    0.17550884936179913878E-14
    0.82126618518318323936E+01    0.49552379639819365488E-15   -0.19775597930319739792E-16
    0.82214496486386394736E+01    0.15698204998467436980E-14   -0.17088751156451917469E-14
    0.82302374454454465535E+01    0.10543358777920128809E-14   -0.14475606460605166756E-14
    0.82390252422522518572E+01   -0.43555954367561239353E-15    0.17717260153075636294E-15
    0.82478130390590589371E+01   -0.12555961185235606715E-14    0.10916543079185202063E-14
    0.82566008358658660171E+01   -0.61751322989688144361E-15    0.42773337585019600837E-15
    0.82653886326726730971E+01    0.70220833571719203368E-15   -0.59984446106961984056E-15
    0.82741764294794801771E+01    0.14603450912038193441E-14   -0.59646448102567124449E-15
    0.82829642262862872570E+01    0.11506105088537175403E-14    0.17532896768790141159E-15
    0.82917520230930943370E+01    0.15026244578751508750E-15    0.44000241096656450570E-15
    0.83005398198998996406E+01   -0.73986482158241462165E-15   -0.16322638537674826053E-15
    0.83093276167067067206E+01   -0.81093731623722953443E-15   -0.56495379055678862496E-15
    0.83181154135135138006E+01    0.22103576663272208561E-16    0.11623178616790437090E-15
    0.83269032103203208806E+01    0.94434102571241445623E-15    0.11368378250675860001E-14
    0.83356910071271279605E+01    0.92311559805886604680E-15    0.10424452549055720428E-14
    0.83444788039339350405E+01   -0.15508880378111448859E-15   -0.25086766434477809628E-15
    0.83532666007407403441E+01   -0.12675331714269292050E-14   -0.10881297178020980748E-14
    0.83620543975475474241E+01   -0.13791848535096167006E-14   -0.23091303194062428908E-15
    0.83708421943543545041E+01   -0.50294316975413992734E-15    0.12919005121946956987E-14
    0.83796299911611615840E+01    0.50845129572245446820E-15    0.13969168387371240198E-14
    0.83884177879679686640E+01    0.84791240215450443122E-15   -0.32525930398915966175E-15
    0.83972055847747757440E+01    0.31563097702774475555E-15   -0.19678097579995240460E-14
    0.84059933815815828240E+01   -0.63980776935276836593E-15   -0.17209151677535190385E-14
    0.84147811783883881276E+01   -0.11250555053084319965E-14   -0.76224690123023489453E-16
    0.84235689751951952076E+01   -0.49978121207308424190E-15    0.10359284216551533809E-14
    0.84323567720020022875E+01    0.75125336059183561317E-15    0.65826766100921240893E-15
    0.84411445688088093675E+01    0.11935870783170846411E-14   -0.34147133273054909776E-15
    0.84499323656156164475E+01    0.78921464500462463408E-16   -0.72090742446366942908E-15
    0.84587201624224235275E+01   -0.14076261173719916069E-14   -0.31543749192962675599E-15
    0.84675079592292288311E+01   -0.13777472074342100492E-14    0.20758456995288494053E-15
    0.84762957560360359111E+01    0.36087008908045010435E-15    0.45542377480758955145E-15
    0.84850835528428429910E+01    0.18738233037695702024E-14    0.68225008882813655084E-15
    0.84938713496496500710E+01    0.14708548256598726285E-14    0.10792584855529532205E-14
    0.85026591464564571510E+01   -0.20994145885398251616E-15    0.11707681427479129797E-14
    0.85114469432632642309E+01   -0.11707822813936376164E-14    0.37263456208394925575E-15
    0.85202347400700713109E+01   -0.51950172070828048613E-15   -0.92560134195855727887E-15
    0.85290225368768766145E+01    0.71922877893362490519E-15   -0.13930840621673314463E-14
    0.85378103336836836945E+01    0.11725669396604669687E-14   -0.34426578486560816795E-15
    0.85465981304904907745E+01    0.66534099473453893603E-15    0.10490780936056031801E-14
    0.85553859272972978545E+01   -0.71841819199523612871E-17    0.97003573996324623965E-15
    0.85641737241041049344E+01   -0.20176631491870082908E-15   -0.71886867599019913872E-15
    0.85729615209109120144E+01    0.44979968998237343434E-16   -0.21024028236350374163E-14
    0.85817493177177173180E+01    0.36763418133358115069E-15   -0.15577622391673372824E-14
    0.85905371145245243980E+01    0.50532591305668811209E-15    0.22595959781966374546E-15
    0.85993249113313314780E+01    0.40947475604605890338E-15    0.12579319863615413314E-14
    0.86081127081381385580E+01    0.17659319046028544209E-15    0.70059534870207180344E-15
    0.86169005049449456379E+01   -0.30897503992395786322E-16   -0.37632811245278040150E-15
    0.86256883017517527179E+01   -0.65453517793943382098E-16   -0.63195512429500546934E-15
    0.86344760985585597979E+01    0.13161103535647785531E-15   -0.13847188600055453332E-16
    0.86432638953653651015E+01    0.48074415583090861081E-15    0.57854835997116329142E-15
    0.86520516921721721815E+01    0.74149877933983242494E-15    0.55536039465970250755E-15
    0.86608394889789792614E+01    0.62969575442323897440E-15    0.14340438251899697646E-15
    0.86696272857857863414E+01    0.11484990370061664189E-15   -0.18018887478130947100E-15
    0.86784150825925934214E+01   -0.40279657785561433735E-15   -0.27799908883332673399E-15
    0.86872028793994005014E+01   -0.44724135444186966689E-15   -0.30495975496606677750E-15
    0.86959906762062058050E+01   -0.44659945951644126703E-16   -0.35120684786000374142E-15
    0.87047784730130128850E+01    0.24206197094358352076E-15   -0.31761918783746579133E-15
    0.87135662698198199649E+01    0.59826717066134298978E-17   -0.12040651514495953133E-15
    0.87223540666266270449E+01   -0.45208135105133158839E-15    0.12413140255865035526E-15
    0.87311418634334341249E+01   -0.52497934780820068058E-15    0.19764498346060458514E-15
    0.87399296602402412049E+01   -0.12363600669222918913E-15    0.10150024537405767574E-16
    0.87487174570470482848E+01    0.18621897979221969066E-15   -0.30652950120866956983E-15
    0.87575052538538535885E+01   -0.29873471302443377013E-16   -0.49473375226613456170E-15
    0.87662930506606606684E+01   -0.43805036653252192641E-15   -0.31767543384938750146E-15
    0.87750808474674677484E+01   -0.39105469677526244858E-15    0.24556655218351461970E-15
    0.87838686442742748284E+01    0.14076365386425262452E-15    0.81890363157399758994E-15
    0.87926564410810819084E+01    0.44867411608337048870E-15    0.82306741126513829389E-15
    0.88014442378878889883E+01    0.39162663989099394689E-16    0.14501744794668277848E-15
    0.88102320346946942919E+01   -0.61216545276924382405E-15   -0.45619256042346601261E-15
    0.88190198315015013719E+01   -0.64525664044534143568E-15   -0.11706684605772395311E-15
    0.88278076283083084519E+01    0.23840509852351335774E-16    0.89978987999831972171E-15
    0.88365954251151155319E+01    0.53539454440357666266E-15    0.12471664516313361088E-14
    0.88453832219219226118E+01    0.22227108410224356460E-15    0.18097503423896541464E-15
    0.88541710187287296918E+01   -0.47539810565440788643E-15   -0.11985968745444130683E-14
    0.88629588155355367718E+01   -0.62744745704206065726E-15   -0.11879012088281773133E-14
    0.88717466123423420754E+01   -0.87907168128785213178E-16    0.24681530994736019099E-15
    0.88805344091491491554E+01    0.30408879700790506340E-15    0.12358904648159315027E-14
    0.88893222059559562354E+01   -0.78822654585112529900E-16    0.41309676874040625564E-15
    0.88981100027627633153E+01   -0.70691330285979717122E-15   -0.11847290166423253818E-14
    0.89068977995695703953E+01   -0.61066857500377024364E-15   -0.14629790294738525913E-14
    0.89156855963763774753E+01    0.20900968472587985877E-15    0.42554120091339993424E-17
    0.89244733931831827789E+01    0.63757752955667254606E-15    0.14475226216870054954E-14
    0.89332611899899898589E+01   -0.69428151964296072636E-16    0.12188980555362931839E-14
    0.89420489867967969388E+01   -0.11447908099032391722E-14   -0.24007434841375709138E-15
    0.89508367836036040188E+01   -0.12329061090042300115E-14   -0.12374746223030223451E-14
    0.89596245804104110988E+01   -0.16818102208879946571E-15   -0.90623998713605144045E-15
    0.89684123772172181788E+01    0.76107318996631798333E-15    0.97067488643484488776E-16
    0.89772001740240252587E+01    0.47896573193574756535E-15    0.68657040530365312990E-15
    0.89859879708308305624E+01   -0.52481961087098594780E-15    0.44624745142973778519E-15
    0.89947757676376376423E+01   -0.96005058627218413283E-15   -0.29527615771806697898E-15
    0.90035635644444447223E+01   -0.39763338284645109111E-15   -0.89133047435871322058E-15
    0.90123513612512518023E+01    0.33564651263813450237E-15   -0.80926561220023999016E-15
    0.90211391580580588823E+01    0.37576578547977747155E-15   -0.29645807419937023008E-16
    0.90299269548648659622E+01   -0.13486590446140591528E-15    0.79087619710277534194E-15
    0.90387147516716712659E+01   -0.47299803340321196703E-15    0.88434653222222432209E-15
    0.90475025484784783458E+01   -0.38183722575892019733E-15    0.20410587170132954148E-15
    0.90562903452852854258E+01   -0.30735772155099840300E-15   -0.50380788086315008953E-15
    0.90650781420920925058E+01   -0.61034902422542243304E-15   -0.57005707661061974773E-15
    0.90738659388988995858E+01   -0.94478402198116835832E-15   -0.11071781741074885751E-15
    0.90826537357057066657E+01   -0.72645732049950738045E-15    0.29025029918877304238E-15
    0.90914415325125137457E+01   -0.29898672197504692836E-16    0.33175235010275488939E-15
    0.91002293293193190493E+01    0.36098764386554120756E-15    0.22062388429174486679E-15
    0.91090171261261261293E+01   -0.55589180633277881499E-16    0.23572185982115840202E-15
    0.91178049229329332093E+01   -0.76153862660500189881E-15    0.33982528895502786035E-15
    0.91265927197397402892E+01   -0.83520460442792537076E-15    0.30007589344231494738E-15
    0.91353805165465473692E+01   -0.10409329814948389228E-15    0.25078258695133575965E-16
    0.91441683133533544492E+01    0.64522081583718574690E-15   -0.31847209307780486185E-15
    0.91529561101601597528E+01    0.61509449488601194727E-15   -0.46733720195243826264E-15
    0.91617439069669668328E+01   -0.17866985997215508638E-15   -0.25693979032886021427E-15
    0.91705317037737739128E+01   -0.10797600746068757072E-14    0.22892131178463636867E-15
    0.91793195005805809927E+01   -0.14122602661273993281E-14    0.56996755075581534219E-15
    0.91881072973873880727E+01   -0.91660133027102509712E-15    0.27356333037665977702E-15
    0.91968950941941951527E+01    0.68130875636547703212E-16   -0.55780306467043043280E-15
    0.92056828910010004563E+01    0.67523887954551288396E-15   -0.92553891264431958452E-15
    0.92144706878078075363E+01    0.21801302425269243095E-15    0.42009899628979540331E-16
    0.92232584846146146162E+01   -0.92803341350494981777E-15    0.16517615591896548212E-14
    0.92320462814214216962E+01   -0.14960806369886740965E-14    0.19560369784491103867E-14
    0.92408340782282287762E+01   -0.73431806879018538440E-15    0.11692736460392737562E-15
    0.92496218750350358562E+01    0.60278494703961417074E-15   -0.20395977677768356061E-14
    0.92584096718418411598E+01    0.11449800120824840434E-14   -0.19597493709418112325E-14
    0.92671974686486482398E+01    0.51199983471334635440E-15    0.43418829474975332545E-15
    0.92759852654554553197E+01   -0.38858473511166245334E-15    0.24691552758022172428E-14
    0.92847730622622623997E+01   -0.62046958441131597942E-15    0.19095587642530962760E-14
    0.92935608590690694797E+01   -0.25318965248836680797E-15   -0.51836043689261519123E-15
    0.93023486558758765597E+01    0.54251713058572765633E-16   -0.23193243773568481611E-14
    0.93111364526826818633E+01    0.40723642951479840565E-16   -0.19313227660680142154E-14
    0.93199242494894889433E+01    0.49612313869569480580E-16    0.17310406242156328975E-15
    0.93287120462962960232E+01    0.30911303658515342608E-15    0.23265534073422002942E-14
    0.93374998431031031032E+01    0.41719034430397808151E-15    0.28198099362199410200E-14
    0.93462876399099101832E+01   -0.11398509238471024712E-15    0.10235001363100070133E-14
    0.93550754367167172632E+01   -0.95546657177290961419E-15   -0.17038004520822639476E-14
    0.93638632335235243431E+01   -0.10760913057762950022E-14   -0.27710291472381752324E-14
    0.93726510303303296467E+01   -0.25528942775286289318E-16   -0.97049126031019932504E-15
    0.93814388271371367267E+01    0.12228654286560515217E-14    0.18473937852246943456E-14
    0.93902266239439438067E+01    0.12782881789254152950E-14    0.27451798151009432361E-14
    0.93990144207507508867E+01   -0.86835641333431937584E-17    0.97774989070199487748E-15
    0.94078022175575579666E+01   -0.13460279768650897104E-14   -0.14240259048535031420E-14
    0.94165900143643650466E+01   -0.14791256398068482281E-14   -0.21813078315019638843E-14
    0.94253778111711703502E+01   -0.41787703639541298808E-15   -0.94746650142948383209E-15
    0.94341656079779774302E+01    0.85753440441313220387E-15    0.98796669050205411769E-15
    0.94429534047847845102E+01    0.13316697133570000033E-14    0.20529065554717509427E-14
    0.94517412015915915902E+01    0.60378182316763190572E-15    0.14003058306724558316E-14
    0.94605289983983986701E+01   -0.82816757347364747855E-15   -0.54543998021731909784E-15
    0.94693167952052057501E+01   -0.16768129722731456751E-14   -0.20941576860249686662E-14
    0.94781045920120128301E+01   -0.93186140545096186532E-15   -0.16634454202568987443E-14
    0.94868923888188181337E+01    0.84764917681400806397E-15    0.47519991373886604329E-15
    0.94956801856256252137E+01    0.18174691061173091494E-14    0.22988978367223444083E-14
    0.95044679824324322936E+01    0.87537941194624049460E-15    0.21928267142444597679E-14
    0.95132557792392393736E+01   -0.95484128039534387161E-15    0.57871092614504730380E-15
    0.95220435760460464536E+01   -0.17545473778658868635E-14   -0.89554278754794405145E-15
    0.95308313728528535336E+01   -0.86870198904493392340E-15   -0.11011523609419459950E-14
    0.95396191696596588372E+01    0.62921495243360435675E-15   -0.15423574057171515301E-15
    0.95484069664664659172E+01    0.13782807936515496063E-14    0.10348547083995909277E-14
    0.95571947632732729971E+01    0.99646473698414606475E-15    0.14178251234908563295E-14
    0.95659825600800800771E+01    0.95003694965687872679E-17    0.51981830784342146701E-15
    0.95747703568868871571E+01   -0.78232469303345308915E-15   -0.95701443083603334328E-15
    0.95835581536936942371E+01   -0.81676664843431262657E-15   -0.15676700325696655740E-14
    0.95923459505005013170E+01   -0.11421378106488922370E-15   -0.66532870444392104416E-15
    0.96011337473073066207E+01    0.64588575588431199457E-15    0.66846274400260235195E-15
    0.96099215441141137006E+01    0.72160207106040137653E-15    0.87462285082541098093E-15
    0.96187093409209207806E+01    0.92773703561267851557E-16   -0.14062233480980440702E-15
    0.96274971377277278606E+01   -0.53453904449743878463E-15   -0.93890654050524661306E-15
    0.96362849345345349406E+01   -0.56831361973738534317E-15   -0.52343957792853060095E-15
    0.96450727313413420205E+01   -0.15074534653205177735E-15    0.30782874206524553606E-15
    0.96538605281481491005E+01    0.18797887881477108065E-15    0.18835018082346804668E-15
    0.96626483249549544041E+01    0.21445410544684174438E-15   -0.76746833596184205728E-15
    0.96714361217617614841E+01    0.13133900872058708578E-15   -0.99026613131556866184E-15
    0.96802239185685685641E+01    0.12103548257110404220E-15    0.28487818688451024826E-15
    0.96890117153753756440E+01    0.23092821297273750204E-16    0.15932371854095674555E-14
    0.96977995121821827240E+01   -0.37493454654449506855E-15    0.10236494985472529557E-14
    0.97065873089889898040E+01   -0.86318690581678815448E-15   -0.10325588909548121559E-14
    0.97153751057957951076E+01   -0.89946481614760599912E-15   -0.20334138250235417233E-14
    0.97241629026026021876E+01   -0.29675134479017181918E-15   -0.52235101515596491292E-15
    0.97329506994094092676E+01    0.36951983013255320340E-15    0.17541534231760931317E-14
    0.97417384962162163475E+01    0.35591836280070566375E-15    0.20126779863162504777E-14
    0.97505262930230234275E+01   -0.35163872206986887193E-15   -0.50447877605256261189E-16
    0.97593140898298305075E+01   -0.99504359251699348102E-15   -0.19793833927733659519E-14
    0.97681018866366375875E+01   -0.90639966482824600641E-15   -0.17142359774971166730E-14
    0.97768896834434428911E+01   -0.17271141494237276592E-15    0.85309531486600473101E-16
    0.97856774802502499710E+01    0.59135433551213820585E-15    0.13189324888115452140E-14
    0.97944652770570570510E+01    0.81075887779760930304E-15    0.96228092651645666406E-15
    0.98032530738638641310E+01    0.31680372879312057643E-15   -0.24188736561719954916E-15
    0.98120408706706712110E+01   -0.51885883907769284588E-15   -0.10453145508233928858E-14
    0.98208286674774782909E+01   -0.89740824650283153970E-15   -0.86126679579613940519E-15
    0.98296164642842835946E+01   -0.26986067453688361348E-15    0.85463026906939434470E-16
    0.98384042610910906745E+01    0.89794617166438787049E-15    0.10491115360011164764E-14
    0.98471920578978977545E+01    0.14065475658116678530E-14    0.12454061873818242513E-14
    0.98559798547047048345E+01    0.66875918169339948028E-15    0.50054691830886294805E-15
    0.98647676515115119145E+01   -0.47335298756380557935E-15   -0.45569053516908012499E-15
    0.98735554483183189944E+01   -0.72937616111669092042E-15   -0.69522764932974767234E-15
    0.98823432451251260744E+01    0.12091263824319403820E-15   -0.75822544585979471417E-16
    0.98911310419319313780E+01    0.10807099914951369135E-14    0.67957310887891944443E-15
    0.98999188387387384580E+01    0.12037468994215064589E-14    0.83445428287971149025E-15
    0.99087066355455455380E+01    0.55688163952617591291E-15    0.32068804880312085487E-15
    0.99174944323523526180E+01   -0.14284580037635657528E-15   -0.37154561355313344386E-15
    0.99262822291591596979E+01   -0.35782112423270350400E-15   -0.62752550701911146029E-15
    0.99350700259659667779E+01   -0.10320001555290797675E-15   -0.19352674129521933738E-15
    0.99438578227727720815E+01    0.17080398606674638578E-15    0.32738145851706169126E-15
    0.99526456195795791615E+01   -0.47549152681881442502E-16   -0.24923162711607600305E-15
    0.99614334163863862415E+01   -0.48339898690363635180E-15   -0.14304048918351141455E-14
    0.99702212131931933214E+01    0.89962905617559124647E-16    0.10238175399437054939E-15
    0.99790090100000004014E+01   -0.22066582777784530706E-14   -0.19066285944025662884E-14
