    0.11999999999999999556E+01    0.00000000000000000000E+00    0.00000000000000000000E+00
    0.12087877968068068135E+01    0.59467472852362339861E-11    0.34223341596422053297E-17
    0.12175755936136136715E+01   -0.89096127184368339775E-11    0.28444494947472735239E-17
    0.12263633904204203073E+01   -0.84688330208291955120E-11    0.29744310217403039922E-17
    0.12351511872272271653E+01    0.19133421476416127873E-10    0.18291391482484709365E-17
    0.12439389840340340232E+01    0.18928881152631815549E-10   -0.49541067334474000609E-17
    0.12527267808408408811E+01   -0.35340345327063753316E-10   -0.15954386373395811987E-16
    0.12615145776476475170E+01   -0.81373614082930147187E-10   -0.20752928121961176332E-16
    0.12703023744544543749E+01   -0.47460714558512442001E-10   -0.10580524011792505149E-16
    0.12790901712612612329E+01    0.34033946576434388168E-10    0.81131349761601814911E-17
    0.12878779680680680908E+01    0.50446238435560324104E-10    0.17273507822338317232E-16
    0.12966657648748749487E+01   -0.33787151861295308919E-10    0.75890355564336676280E-17
    0.13054535616816815846E+01   -0.96248759923219478673E-10   -0.93112962084930740935E-17
    0.13142413584884884425E+01   -0.13354950165869680422E-10   -0.14850572548871025953E-16
    0.13230291552952953005E+01    0.13107007154115695175E-09   -0.48407841487853410583E-17
    0.13318169521021021584E+01    0.11116141551573066188E-09    0.80218914385294337163E-17
    0.13406047489089087943E+01   -0.11307107229539180799E-09    0.10182240457356628372E-16
    0.13493925457157156522E+01   -0.24290945557359138038E-09   -0.73019239243912283152E-18
    0.13581803425225225102E+01   -0.10899026030780258942E-10   -0.20005863663695824724E-16
    0.13669681393293293681E+01    0.34618008307440170673E-09   -0.44565595142303975031E-16
    0.13757559361361360040E+01    0.27112638108799575456E-09   -0.71105553736731283271E-16
    0.13845437329429428619E+01   -0.30853788008479575073E-09   -0.84366212772802061252E-16
    0.13933315297497497198E+01   -0.62310551004727656462E-09   -0.58079310469500896960E-16
    0.14021193265565565778E+01   -0.80970437932025408998E-11    0.97151304648250741084E-17
    0.14109071233633634357E+01    0.90556294545548184639E-09    0.59189523566012818190E-16
    0.14196949201701700716E+01    0.68709028327345876732E-09    0.42560543634357988662E-17
    0.14284827169769769295E+01   -0.82162457278808462350E-09   -0.16413128341250213913E-15
    0.14372705137837837874E+01   -0.16088076229238804920E-08   -0.33119768049320960492E-15
    0.14460583105905906454E+01    0.35099261254354090065E-10   -0.37101087153026968618E-15
    0.14548461073973975033E+01    0.24495155309822035414E-08   -0.29303796181677442022E-15
    0.14636339042042041392E+01    0.19663847510251586936E-08   -0.21714630391663055973E-15
    0.14724217010110109971E+01   -0.16214911401327768224E-08   -0.18822786762847037971E-15
    0.14812094978178178550E+01   -0.25930813608585272040E-08   -0.82445920812811790833E-16
    0.14899972946246244909E+01    0.46390003489457338193E-08    0.21485330639298801734E-15
    0.14987850914314313489E+01    0.18403086810118126811E-07    0.57565969597246534820E-15
    0.15075728882382382068E+01    0.36474719144245171816E-07    0.69293459458235244570E-15
    0.15163606850450450647E+01    0.75876606460690326270E-07    0.41994844500796969822E-15
    0.15251484818518519226E+01    0.19337920638835153704E-06   -0.30635467676830135792E-16
    0.15339362786586585585E+01    0.50370423087711324021E-06   -0.30827800221615948122E-15
    0.15427240754654654165E+01    0.12183674450827657265E-05   -0.26048378405795577020E-15
    0.15515118722722722744E+01    0.28250325285285103341E-05   -0.90623158372508814502E-17
    0.15602996690790791323E+01    0.64099271850222456969E-05    0.21979492138835101162E-15
    0.15690874658858859902E+01    0.14270214886753502907E-04    0.26913069782208561603E-15
    0.15778752626926926261E+01    0.31170395803028286546E-04    0.15814900688949775716E-15
    0.15866630594994994841E+01    0.66223220618168013914E-04    0.12939127930359118634E-15
    0.15954508563063063420E+01    0.13729941028896663446E-03    0.46612242562659096109E-15
    0.16042386531131129779E+01    0.27795785293565364663E-03    0.11101956984532890610E-14
    0.16130264499199198358E+01    0.54895044380587224107E-03    0.15320192387206943428E-14
    0.16218142467267266937E+01    0.10597046229463241533E-02    0.12499226159708595250E-14
    0.16306020435335335517E+01    0.19965664998163870289E-02    0.45859731321192230310E-15
    0.16393898403403404096E+01    0.36713670977364561143E-02   -0.13756801745151781371E-15
    0.16481776371471470455E+01    0.65890068735258355490E-02   -0.20449262916704740615E-15
    0.16569654339539539034E+01    0.11528533042856909524E-01   -0.24363606816157239896E-15
    0.16657532307607607613E+01    0.19649908165289171891E-01   -0.88708798708292475437E-15
    0.16745410275675676193E+01    0.32603782633450067996E-01   -0.19544005295727386055E-14
    0.16833288243743744772E+01    0.52602441455906909229E-01   -0.26371386411465516809E-14
    0.16921166211811811131E+01    0.82449983124319475847E-01   -0.26878230803149540946E-14
    0.17009044179879879710E+01    0.12545284263358993937E+00   -0.30234228816511758092E-14
    0.17096922147947948289E+01    0.18506675065276798064E+00   -0.46969463997577421841E-14
    0.17184800116016014648E+01    0.26439925236681471876E+00   -0.75465814881826871092E-14
    0.17272678084084085448E+01    0.36538939890539717803E+00   -0.10426925343561447507E-13
    0.17360556052152151807E+01    0.48770113979216583866E+00   -0.12836204924553957244E-13
    0.17448434020220220386E+01    0.62761470701681054685E+00   -0.15748708141819647911E-13
    0.17536311988288288966E+01    0.77699504425501431104E+00   -0.20248066414146626776E-13
    0.17624189956356355324E+01    0.92247434895645907815E+00   -0.25722386077047009026E-13
    0.17712067924424426124E+01    0.10457937190498185487E+01   -0.30099567173634035908E-13
    0.17799945892492492483E+01    0.11252195825956206043E+01   -0.31875424788383192402E-13
    0.17887823860560561062E+01    0.11379814507765351195E+01   -0.31326372389239780093E-13
    0.17975701828628629642E+01    0.10647160987509813879E+01   -0.29392226652248420584E-13
    0.18063579796696696000E+01    0.89452516751584465471E+00   -0.26031599096757118813E-13
    0.18151457764764764580E+01    0.62954331536042684725E+00   -0.20280227277550378524E-13
    0.18239335732832833159E+01    0.28893672636981210244E+00   -0.11798276213769968224E-13
    0.18327213700900899518E+01   -0.89639241255350124438E-01   -0.17938745000461247733E-14
    0.18415091668968970318E+01   -0.45410820915776217710E+00    0.78461888550455314845E-14
    0.18502969637037036676E+01   -0.74465901149494662103E+00    0.15845388039272705406E-13
    0.18590847605105105256E+01   -0.90483554832663093404E+00    0.21649866762193490751E-13
    0.18678725573173173835E+01   -0.89629071108950919555E+00    0.24525392256288876765E-13
    0.18766603541241240194E+01   -0.71106885563419863772E+00    0.23181899891450938344E-13
    0.18854481509309310994E+01   -0.37743991417321121062E+00    0.16831380321621932844E-13
    0.18942359477377377353E+01    0.38581617719254598931E-01    0.64950788112513172401E-14
    0.19030237445445445932E+01    0.44447818096197833082E+00   -0.51076293060312824531E-14
    0.19118115413513514511E+01    0.74346391430830294222E+00   -0.14896673614517960309E-13
    0.19205993381581580870E+01    0.85759522669576715437E+00   -0.20564367480167982185E-13
    0.19293871349649649449E+01    0.74993670604166895455E+00   -0.20943797877753113946E-13
    0.19381749317717718029E+01    0.44289984611661314950E+00   -0.16095180660789396188E-13
    0.19469627285785784387E+01    0.15775950079857145592E-01   -0.72426255389223575550E-14
    0.19557505253853855187E+01   -0.41583991715438362036E+00    0.34191660668395702057E-14
    0.19645383221921921546E+01   -0.72735140853556767837E+00    0.13095406966553541730E-13
    0.19733261189989990125E+01   -0.82245344376367879313E+00    0.19113160999509876542E-13
    0.19821139158058058705E+01   -0.66936774594878989397E+00    0.19714546493865666811E-13
    0.19909017126126125063E+01   -0.31140839368345701876E+00    0.14582781854746196172E-13
    0.19996895094194195863E+01    0.14493425712993851517E+00    0.51173718054288297545E-14
    0.20084773062262262222E+01    0.55500820380742743598E+00   -0.57224924458078527112E-14
    0.20172651030330328581E+01    0.78357821338921596066E+00   -0.14440357084420863245E-13
    0.20260528998398399381E+01    0.75510257343543452091E+00   -0.18242050559351944234E-13
    0.20348406966466465740E+01    0.47657542802155111739E+00   -0.15881290193171511649E-13
    0.20436284934534532098E+01    0.36220059761448278324E-01   -0.81402531606913962673E-14
    0.20524162902602602898E+01   -0.41638501984288806002E+00    0.22302306444788704354E-14
    0.20612040870670673698E+01   -0.72383783691364744772E+00    0.11632356753156013321E-13
    0.20699918838738740057E+01   -0.78063319950769793909E+00    0.17004752238306621378E-13
    0.20787796806806806416E+01   -0.56542950668175928630E+00    0.16721267394487281551E-13
    0.20875674774874877215E+01   -0.14905722431019086116E+00    0.11053292961321751879E-13
    0.20963552742942943574E+01    0.32013115873702657765E+00    0.21420099333120375243E-14
    0.21051430711011009933E+01    0.67292591166290938176E+00   -0.69591308270942748234E-14
    0.21139308679079080733E+01    0.78477113646193263907E+00   -0.13456631428859195951E-13
    0.21227186647147147092E+01    0.61449308217765163942E+00   -0.15503991096520916246E-13
    0.21315064615215213450E+01    0.21931589934898584882E+00   -0.12476409789654889495E-13
    0.21402942583283284250E+01   -0.25556771827487345661E+00   -0.51372003379926778258E-14
    0.21490820551351350609E+01   -0.63506318774018943873E+00    0.43277809346926796291E-14
    0.21578698519419421409E+01   -0.78286879331037928509E+00    0.12494562661910290929E-13
    0.21666576487487487768E+01   -0.64432582106219349338E+00    0.15878332172343453118E-13
    0.21754454455555558567E+01   -0.26638330034068125052E+00    0.12873787034515563902E-13
    0.21842332423623624926E+01    0.20962229929691814090E+00    0.48198737013351148257E-14
    0.21930210391691691285E+01    0.60623199292220963930E+00   -0.49218379631955413167E-14
    0.22018088359759762085E+01    0.77985745423761965167E+00   -0.12502078777892835804E-13
    0.22105966327827828444E+01    0.66614769826357189686E+00   -0.15032180056667399158E-13
    0.22193844295895894803E+01    0.30356462196883216009E+00   -0.11897071985773520228E-13
    0.22281722263963965602E+01   -0.17119821347854760618E+00   -0.51128121612911017756E-14
    0.22369600232032031961E+01   -0.58066058703683931519E+00    0.22431950554546985858E-14
    0.22457478200100098320E+01   -0.77640372801119439394E+00    0.79383822190613752538E-14
    0.22545356168168169120E+01   -0.68599448223422210269E+00    0.11018341043115641343E-13
    0.22633234136236239920E+01   -0.33961786110529307292E+00    0.11066007310984239486E-13
    0.22721112104304301837E+01    0.13193247054525028550E+00    0.78129731315630551654E-14
    0.22808990072372372637E+01    0.55300306049095315775E+00    0.17203046914500694354E-14
    0.22896868040440443437E+01    0.77169476072164566727E+00   -0.53516297434594136165E-14
    0.22984746008508509796E+01    0.70771114075046770431E+00   -0.10627141720917132691E-13
    0.23072623976576576155E+01    0.38178335508136557186E+00   -0.11808890264093549155E-13
    0.23160501944644646954E+01   -0.83532764746889628937E-01   -0.82390816335734289321E-14
    0.23248379912712713313E+01   -0.51672024919639725216E+00   -0.13956339901977676575E-14
    0.23336257880780779672E+01   -0.76334559334016560683E+00    0.51541244313998149536E-14
    0.23424135848848850472E+01   -0.73426537247992518243E+00    0.76197651051792580467E-14
    0.23512013816916916831E+01   -0.43789173399345754367E+00    0.51614292843041221955E-14
    0.23599891784984983190E+01    0.15513471145949652569E-01    0.91546410659082551995E-15
    0.23687769753053053989E+01    0.46196458958435160369E+00   -0.15276152233232976751E-14
    0.23775647721121124789E+01    0.74530846392813232537E+00   -0.21229559554286473204E-14
    0.23863525689189186707E+01    0.76533041088801478935E+00   -0.35414515209693736894E-14
    0.23951403657257257507E+01    0.51353799159583046752E+00   -0.66857248316441383952E-14
    0.24039281625325328307E+01    0.82233782176981989886E-01   -0.86431117810746240101E-14
    0.24127159593393394665E+01   -0.37664070454051024051E+00   -0.61907402473963551617E-14
    0.24215037561461461024E+01   -0.70641475617650228980E+00   -0.64529040750981984429E-16
    0.24302915529529531824E+01   -0.79329846979234930338E+00    0.55672856558497205198E-14
    0.24390793497597598183E+01   -0.60662311446242878077E+00    0.72770599519117057670E-14
    0.24478671465665664542E+01   -0.21413653862875725586E+00    0.49868451712700702474E-14
    0.24566549433733735341E+01    0.25003870258485777489E+00    0.78995138906652037420E-15
    0.24654427401801801700E+01    0.63160160952788069189E+00   -0.31366079484974580891E-14
    0.24742305369869868059E+01    0.80241160738232197858E+00   -0.54648069392017361748E-14
    0.24830183337937938859E+01    0.70535604921869965445E+00   -0.57344022703299559058E-14
    0.24918061306006009659E+01    0.37671608826252389601E+00   -0.42207925634193957226E-14
    0.25005939274074071577E+01   -0.74813762880419881762E-01   -0.16891517637856708338E-14
    0.25093817242142142376E+01   -0.50346619076297860484E+00    0.89886650499097206718E-15
    0.25181695210210213176E+01   -0.76974749884993498572E+00    0.27499513139064567614E-14
    0.25269573178278279535E+01   -0.78850037200095202117E+00    0.36348671382990931795E-14
    0.25357451146346345894E+01   -0.55803650746040900366E+00    0.39012673244704527363E-14
    0.25445329114414416694E+01   -0.15198136546467336250E+00    0.37479606385118700584E-14
    0.25533207082482483052E+01    0.30280845290618496612E+00    0.25499741759766069767E-14
    0.25621085050550549411E+01    0.66373666153877131091E+00   -0.45310480244251218524E-15
    0.25708963018618620211E+01    0.82051111802052445476E+00   -0.45185446627904370936E-14
    0.25796840986686686570E+01    0.72931024592272264417E+00   -0.70592473626188882011E-14
    0.25884718954754752929E+01    0.41852441194503037236E+00   -0.59423770784003824366E-14
    0.25972596922822823728E+01   -0.17952501214488311709E-01   -0.19222329608867107559E-14
    0.26060474890890894528E+01   -0.44873196338825344087E+00    0.21143060896078818458E-14
    0.26148352858958960887E+01   -0.74820351766120185566E+00    0.41974484070359252481E-14
    0.26236230827027027246E+01   -0.83234095633145899207E+00    0.48259256754675427688E-14
    0.26324108795095098046E+01   -0.67758136058636686538E+00    0.52782455849023320536E-14
    0.26411986763163164404E+01   -0.33000328659672284459E+00    0.54596486023141752681E-14
    0.26499864731231230763E+01    0.10972701320633342081E+00    0.40762698387420819068E-14
    0.26587742699299301563E+01    0.51917812169255017629E+00    0.49141162163982856925E-15
    0.26675620667367367922E+01    0.78652131301666428076E+00   -0.42326121922309644729E-14
    0.26763498635435434281E+01    0.83880547411473804775E+00   -0.81145144958002569582E-14
    0.26851376603503505081E+01    0.66447498281183481339E+00   -0.94543276661577570785E-14
    0.26939254571571571439E+01    0.31314800676094922682E+00   -0.75522354572017729662E-14
    0.27027132539639637798E+01   -0.12157073310741642325E+00   -0.30344117384896800625E-14
    0.27115010507707708598E+01   -0.52504542552919020171E+00    0.23419555701805220475E-14
    0.27202888475775779398E+01   -0.79221281847826652278E+00    0.67750432983215405908E-14
    0.27290766443843845757E+01   -0.85702494264297690574E+00    0.95039110684563144331E-14
    0.27378644411911912115E+01   -0.70567140178620491042E+00    0.10661893362232699183E-13
    0.27466522379979982915E+01   -0.37741581155858666685E+00    0.10270723531171102602E-13
    0.27554400348048049274E+01    0.44066907193066738591E-01    0.78189179556502407167E-14
    0.27642278316116115633E+01    0.45461392880760120860E+00    0.30559563759968412473E-14
    0.27730156284184186433E+01    0.75650575280562959435E+00   -0.31146662029695679524E-14
    0.27818034252252252791E+01    0.87938096381635522114E+00   -0.89042617402372875241E-14
    0.27905912220320319150E+01    0.79616327281217225131E+00   -0.12720940420432891667E-13
    0.27993790188388389950E+01    0.52959518778190994848E+00   -0.13850204074556741592E-13
    0.28081668156456460750E+01    0.14254838580648426793E+00   -0.12270595399529805260E-13
    0.28169546124524522668E+01   -0.27703042508400610444E+00   -0.82940286595302481638E-14
    0.28257424092592593468E+01   -0.63545353514753455393E+00   -0.25090826609689866955E-14
    0.28345302060660664267E+01   -0.85524704786248761934E+00    0.40692939618940877514E-14
    0.28433180028728730626E+01   -0.89165416685809839592E+00    0.10042704099784792161E-13
    0.28521057996796796985E+01   -0.73887593708422161232E+00    0.14052028217567944992E-13
    0.28608935964864867785E+01   -0.43137822177419882230E+00    0.15248541669059258491E-13
    0.28696813932932934144E+01   -0.35073446452584783328E-01    0.13502565298309111046E-13
    0.28784691901001000502E+01    0.36860733221729186093E+00    0.94107465800064299582E-14
    0.28872569869069071302E+01    0.69889707463709971336E+00    0.40772444112235161237E-14
    0.28960447837137137661E+01    0.89115930564925094348E+00   -0.14732622697335870657E-14
    0.29048325805205204020E+01    0.91029130879316355607E+00   -0.68037848579889886487E-14
    0.29136203773273274820E+01    0.75534164344656173906E+00   -0.11735549380556898398E-13
    0.29224081741341345619E+01    0.45771018030817722799E+00   -0.15480489115288156874E-13
    0.29311959709409407537E+01    0.75059626785902458512E-01   -0.16491741905225490064E-13
    0.29399837677477478337E+01   -0.32132447638895289543E+00   -0.13662354590880136047E-13
    0.29487715645545549137E+01   -0.66046590610812705435E+00   -0.75539969951569870964E-14
    0.29575593613613615496E+01   -0.88348784620579834392E+00   -0.87684674150635520090E-16
    0.29663471581681681855E+01   -0.95361601065668810673E+00    0.68006487891551662556E-14
    0.29751349549749752654E+01   -0.86203744655238279115E+00    0.12011068414030346410E-13
    0.29839227517817819013E+01   -0.62677644802016452275E+00    0.15108470453838433738E-13
    0.29927105485885885372E+01   -0.28886663548381447120E+00    0.15948520988437598341E-13
    0.30014983453953956172E+01    0.95408710752890341089E-01    0.14615916300340155379E-13
    0.30102861422022022531E+01    0.46489383079861540393E+00    0.11565693782141495953E-13
    0.30190739390090088889E+01    0.76317984487395884585E+00    0.75526617174697511574E-14
    0.30278617358158159689E+01    0.94650279113842239465E+00    0.31652890451655321866E-14
    0.30366495326226230489E+01    0.99022740517322394016E+00   -0.15734852056792277093E-14
    0.30454373294294292407E+01    0.89094469825153688181E+00   -0.68280457247903493367E-14
    0.30542251262362363207E+01    0.66545521836415266748E+00   -0.12088111632946977280E-13
    0.30630129230430434006E+01    0.34771423262463646564E+00   -0.15957640002885054741E-13
    0.30718007198498500365E+01   -0.17260029367150094698E-01   -0.17129128094915300278E-13
    0.30805885166566566724E+01   -0.38018997604765503162E+00   -0.15412201319893856018E-13
    0.30893763134634637524E+01   -0.69399699032170969470E+00   -0.11619308677961966913E-13
    0.30981641102702703883E+01   -0.91990730582895963163E+00   -0.67034985184627022187E-14
    0.31069519070770770242E+01   -0.10319967475973073068E+01   -0.12470622610126159579E-14
    0.31157397038838841041E+01   -0.10191242189177562860E+01    0.43461047707702809507E-14
    0.31245275006906907400E+01   -0.88566455829202717087E+00    0.95628855126531682806E-14
    0.31333152974974973759E+01   -0.64987844190328791782E+00    0.13875444501174660909E-13
    0.31421030943043044559E+01   -0.34067645304393545658E+00    0.17070264490520337191E-13
    0.31508908911111115358E+01    0.61629271419733578849E-02    0.19264694703481699340E-13
    0.31596786879179177276E+01    0.35246506208489813972E+00    0.20367023048480143124E-13
    0.31684664847247248076E+01    0.66209054955148005650E+00    0.19623119548059523003E-13
    0.31772542815315318876E+01    0.90441319277781273556E+00    0.16170941819222113433E-13
    0.31860420783383385235E+01    0.10570935339503551020E+01    0.10198290180235909119E-13
    0.31948298751451451594E+01    0.11078492276454470211E+01    0.32180019207397285558E-14
    0.32036176719519522393E+01    0.10546448739372096259E+01   -0.32082860208175942185E-14
    0.32124054687587593193E+01    0.90523838744439155679E+00   -0.87677272820123611742E-14
    0.32211932655655655111E+01    0.67565470118068937655E+00   -0.14078534574241475120E-13
    0.32299810623723725911E+01    0.38795128637710629693E+00   -0.19362638736739777151E-13
    0.32387688591791796711E+01    0.67834770755081236215E-01   -0.23823190166037215276E-13
    0.32475566559859858629E+01   -0.25787085826371447528E+00   -0.26322489520884857366E-13
    0.32563444527927929428E+01   -0.56366416222022608373E+00   -0.26247108802497248112E-13
    0.32651322495996000228E+01   -0.82724834610460851181E+00   -0.23779664754599579210E-13
    0.32739200464064062146E+01   -0.10310139802432873868E+01   -0.19764965982497714783E-13
    0.32827078432132132946E+01   -0.11630198029995149067E+01   -0.15342916042144360169E-13
    0.32914956400200203745E+01   -0.12172021966849739805E+01   -0.11256243564666323881E-13
    0.33002834368268265663E+01   -0.11932712664793938551E+01   -0.72931023465653277144E-14
    0.33090712336336336463E+01   -0.10960800521394085116E+01   -0.26512581294423411655E-14
    0.33178590304404407263E+01   -0.93464917396723834475E+00    0.31398792200137961871E-14
    0.33266468272472478063E+01   -0.72108217792954387715E+00    0.97606709239060021088E-14
    0.33354346240540539981E+01   -0.46934883007027722313E+00    0.16466216783296414011E-13
    0.33442224208608610780E+01   -0.19408242072471401651E+00    0.22580464404285273973E-13
    0.33530102176676681580E+01    0.90426700725291103700E-01    0.27684529833834121425E-13
    0.33617980144744743498E+01    0.37109629823318901476E+00    0.31606362386018995163E-13
    0.33705858112812814298E+01    0.63670682813853374249E+00    0.34384918759955753242E-13
    0.33793736080880885098E+01    0.87823434656660648301E+00    0.36218238374076999713E-13
    0.33881614048948947016E+01    0.10890495037085770047E+01    0.37388917710749789957E-13
    0.33969492017017017815E+01    0.12648810659900826536E+01    0.38111066391747724591E-13
    0.34057369985085088615E+01    0.14036261215642222844E+01    0.38344475299525007405E-13
    0.34145247953153150533E+01    0.15050871880905303257E+01    0.37824367374232640502E-13
    0.34233125921221221333E+01    0.15706119977887240680E+01    0.36436514743124122726E-13
    0.34321003889289292133E+01    0.16027186075839043866E+01    0.34536191089239897632E-13
    0.34408881857357362932E+01    0.16047563634484336426E+01    0.32690159738963105771E-13
    0.34496759825425424850E+01    0.15805929054797858146E+01    0.31088804143927871637E-13
    0.34584637793493495650E+01    0.15343447367179638974E+01    0.29358554600355450196E-13
    0.34672515761561566450E+01    0.14701736202101460815E+01    0.27044085138902265841E-13
    0.34760393729629628368E+01    0.13921114336257534028E+01    0.24113128875738897634E-13
    0.34848271697697699167E+01    0.13039378920838815556E+01    0.20901349196247831684E-13
    0.34936149665765769967E+01    0.12090930491086624432E+01    0.17725362184074440700E-13
    0.35024027633833831885E+01    0.11106176422737745746E+01    0.14700099691598351348E-13
    0.35111905601901902685E+01    0.10111329422976389480E+01    0.11913760601469216792E-13
    0.35199783569969973485E+01    0.91283443572916977971E+00    0.96014293107765984845E-14
    0.35287661538038035403E+01    0.81750409358315800912E+00    0.79716672271653949123E-14
    0.35375539506106106202E+01    0.72653437481994231906E+00    0.68491978699936186433E-14
    0.35463417474174177002E+01    0.64095752302705299996E+00    0.56866014171752511000E-14
    0.35551295442242247802E+01    0.56148171836352744890E+00    0.41652070852440927175E-14
    0.35639173410310309720E+01    0.48852965492963768002E+00    0.26969649388494205786E-14
    0.35727051378378380520E+01    0.42228047674956326052E+00    0.19757027346497674890E-14
    0.35814929346446451319E+01    0.36271354032349500951E+00    0.20133013197955776968E-14
    0.35902807314514513237E+01    0.30964972877069379953E+00    0.19576855171423498763E-14
    0.35990685282582584037E+01    0.26278877367853653579E+00    0.11628037088264550228E-14
    0.36078563250650654837E+01    0.22174419901090589025E+00    0.14792216414871724650E-15
    0.36166441218718716755E+01    0.18607243896598157917E+00   -0.33062846419763662183E-16
    0.36254319186786787554E+01    0.15529812164569239963E+00    0.71444011498390803440E-15
    0.36342197154854858354E+01    0.12893527913278446384E+00    0.11990740463562333722E-14
    0.36430075122922929154E+01    0.10650276622896358292E+00    0.47854096417828146585E-15
    0.36517953090990991072E+01    0.87537245912426606131E-01   -0.74517189982090371613E-15
    0.36605831059059061872E+01    0.71601768683728694853E-01   -0.95588289035642800156E-15
    0.36693709027127132671E+01    0.58291567027450294503E-01    0.14230405091961538959E-15
    0.36781586995195194589E+01    0.47237827635370828461E-01    0.11015385260307039822E-14
    0.36869464963263265389E+01    0.38108711676025003312E-01    0.60325687783953040280E-15
    0.36957342931331336189E+01    0.30609411167985763752E-01   -0.78190194753795484851E-15
    0.37045220899399398107E+01    0.24480859849117176524E-01   -0.13870681214959108392E-14
    0.37133098867467468907E+01    0.19497623928651917902E-01   -0.62729980265357267332E-15
    0.37220976835535539706E+01    0.15465433631140177231E-01    0.32943924670984336330E-15
    0.37308854803603601624E+01    0.12218265764549740213E-01    0.27806187643818945801E-15
    0.37396732771671672424E+01    0.96153467633627639349E-02   -0.38000053788168853836E-15
    0.37484610739739743224E+01    0.75382353377460992183E-02   -0.33210910914945884875E-15
    0.37572488707807814023E+01    0.58879689459394955048E-02    0.69880873693036446731E-15
    0.37660366675875875941E+01    0.45824022013458906577E-02    0.14296833323323275978E-14
    0.37748244643943946741E+01    0.35538242770253372638E-02    0.71576938741797602281E-15
    0.37836122612012017541E+01    0.27467240245543562450E-02   -0.85851467297705620540E-15
    0.37924000580080079459E+01    0.21158852899138334662E-02   -0.16810119638103801202E-14
    0.38011878548148150259E+01    0.16246906136171542986E-02   -0.10384979445746375110E-14
    0.38099756516216221058E+01    0.12436256158986028902E-02    0.19958984213319706730E-15
    0.38187634484284282976E+01    0.94905756201802045097E-03    0.83665438628555730984E-15
    0.38275512452352353776E+01    0.72213236754190587678E-03    0.64381799280352384153E-15
    0.38363390420420424576E+01    0.54789381426756194032E-03    0.19738961993469048485E-15
    0.38451268388488486494E+01    0.41453954250546785898E-03   -0.75211020171240545901E-16
    0.38539146356556557294E+01    0.31278610518658308669E-03   -0.29257159149229251205E-15
    0.38627024324624628093E+01    0.23537938702212287019E-03   -0.63269138609723065537E-15
    0.38714902292692698893E+01    0.17666332257756020281E-03   -0.85379864258486253768E-15
    0.38802780260760760811E+01    0.13224958832301647073E-03   -0.56048219171843338364E-15
    0.38890658228828831611E+01    0.98748561631521302590E-04    0.15314530338147841788E-15
    0.38978536196896902410E+01    0.73545599072229392843E-04    0.60657663481898137205E-15
    0.39066414164964964328E+01    0.54636787839201541022E-04    0.25387519102361715807E-15
    0.39154292133033035128E+01    0.40487313285249556323E-04   -0.66992516719193315575E-15
    0.39242170101101105928E+01    0.29926622662274338885E-04   -0.14303376538272357094E-14
    0.39330048069169167846E+01    0.22065609927760102194E-04   -0.15591577698182218786E-14
    0.39417926037237238646E+01    0.16228950626256919711E-04   -0.11731370577880220949E-14
    0.39505804005305309445E+01    0.11907012989347712202E-04   -0.61156314465882796057E-15
    0.39593681973373371363E+01    0.87150078444457100779E-05   -0.45670982968582163544E-16
    0.39681559941441442163E+01    0.63635320868720177356E-05    0.48474250973405231467E-15
    0.39769437909509512963E+01    0.46358479375978700311E-05    0.81715123275929567123E-15
    0.39857315877577583763E+01    0.33695478271554305979E-05    0.65443549786364156890E-15
    0.39945193845645645681E+01    0.24438081640290250406E-05   -0.87457575370724640561E-16
    0.40033071813713716480E+01    0.17686682199124379919E-05   -0.10011731779432083610E-14
    0.40120949781781787280E+01    0.12774226817772880929E-05   -0.14369079336516881010E-14
    0.40208827749849849198E+01    0.92083722490544621284E-06   -0.10213156715960634070E-14
    0.40296705717917919998E+01    0.66253088878078261857E-06    0.66122227297845391024E-16
    0.40384583685985990797E+01    0.47583108577814652203E-06    0.11827643691815801972E-14
    0.40472461654054052715E+01    0.34115414919629805576E-06    0.14838552242240244357E-14
    0.40560339622122123515E+01    0.24418058094977523104E-06    0.52809299286551438330E-15
    0.40648217590190194315E+01    0.17449081025551373165E-06   -0.10182328175195375867E-14
    0.40736095558258256233E+01    0.12448754527904972372E-06   -0.16393284189679500850E-14
    0.40823973526326327033E+01    0.88675927627025938956E-07   -0.55696138671963564807E-15
    0.40911851494394397832E+01    0.63070026776152141634E-07    0.10766811400542791190E-14
    0.40999729462462468632E+01    0.44788433078992214278E-07    0.13693085933228604312E-14
    0.41087607430530530550E+01    0.31758210229863347353E-07    0.35563698603821235699E-19
    0.41175485398598601350E+01    0.22483419324129490311E-07   -0.13200849341934487354E-14
    0.41263363366666672150E+01    0.15893241575843390972E-07   -0.10114639500366453012E-14
    0.41351241334734734068E+01    0.11217879891131936972E-07    0.45413576599068001540E-15
    0.41439119302802804867E+01    0.79055535660656844124E-08    0.13806528038150864969E-14
    0.41526997270870875667E+01    0.55627827412119241327E-08    0.10138149267302651267E-14
    0.41614875238938937585E+01    0.39079919780803301015E-08    0.22008062029286621881E-15
    0.41702753207007008385E+01    0.27413296801111208637E-08    0.38629725813233470434E-16
    0.41790631175075079184E+01    0.19201490931696271825E-08    0.32270617690426414612E-15
    0.41878509143143141102E+01    0.13429066807862671887E-08    0.19141995755332842220E-15
    0.41966387111211211902E+01    0.93777586790862048935E-09   -0.64139219411802378227E-15
    0.42054265079279282702E+01    0.65381192754198364884E-09   -0.14731865078776908440E-14
    0.42142143047347353502E+01    0.45517915429053539145E-09   -0.15455068657816831728E-14
    0.42230021015415415420E+01    0.31647208801867076902E-09   -0.92380707958861658183E-15
    0.42317898983483486219E+01    0.21971919555986093731E-09   -0.27826912570068291411E-15
    0.42405776951551557019E+01    0.15231643670256177684E-09   -0.12065634009170871943E-15
    0.42493654919619618937E+01    0.10541751707345259555E-09   -0.42785138618403124781E-15
    0.42581532887687689737E+01    0.72861596519867477649E-10   -0.82629201313847354183E-15
    0.42669410855755760537E+01    0.50304508765531198284E-10   -0.88308125104951890497E-15
    0.42757288823823822455E+01    0.34685672513570186935E-10   -0.38430021904403879390E-15
    0.42845166791891893254E+01    0.23877280331702850089E-10    0.42821812914479103720E-15
    0.42933044759959964054E+01    0.16406278584923009916E-10    0.96525166677723040544E-15
    0.43020922728028034854E+01    0.11258813052713021455E-10    0.84730671305825295708E-15
    0.43108800696096096772E+01    0.77210632317448283555E-11    0.33330761579931372835E-15
    0.43196678664164167571E+01    0.52892103297547674699E-11    0.15378515334774959647E-16
    0.43284556632232238371E+01    0.36160290922201936500E-11    0.17564336112728284183E-15
    0.43372434600300300289E+01    0.24662041059199895499E-11    0.56973814601145536785E-15
    0.43460312568368371089E+01    0.16803729491090258337E-11    0.79414756047614682040E-15
    0.43548190536436441889E+01    0.11454440280215006588E-11    0.66856219791196284663E-15
    0.43636068504504503807E+01    0.78038036929528465287E-12    0.28995256382882928261E-15
    0.43723946472572574606E+01    0.52991093698630705338E-12   -0.87436500531535203639E-16
    0.43811824440640645406E+01    0.35819296094385744061E-12   -0.22082614499980003350E-15
    0.43899702408708707324E+01    0.24183826815902813977E-12   -0.94676573904715387230E-16
    0.43987580376776778124E+01    0.16392813309781811194E-12   -0.15949059319420825462E-16
    0.44075458344844848924E+01    0.11172847842399585204E-12   -0.27773064595471058894E-15
    0.44163336312912919723E+01    0.76271853342061095195E-13   -0.66338902779357961037E-15
    0.44251214280980981641E+01    0.51783952818956185120E-13   -0.53516292807023763900E-15
    0.44339092249049052441E+01    0.34773619066249136578E-13    0.32263556535309523817E-15
    0.44426970217117123241E+01    0.23129621524147300780E-13    0.11264711234426177211E-14
    0.44514848185185185159E+01    0.15449511028809477426E-13    0.86473495757178066904E-15
    0.44602726153253255958E+01    0.10524723970324667181E-13   -0.37792987535435768203E-15
    0.44690604121321326758E+01    0.72003643366738825011E-14   -0.13150014038704014865E-14
    0.44778482089389388676E+01    0.46977404449122167495E-14   -0.93383448535162489909E-15
    0.44866360057457459476E+01    0.28542173286077308584E-14    0.30138367812348647847E-15
    0.44954238025525530276E+01    0.18103756054072834100E-14    0.11035820602531783024E-14
    0.45042115993593592194E+01    0.14656632174955074853E-14    0.84103044608926278633E-15
    0.45129993961661662993E+01    0.13589728059594291596E-14    0.28758953315439547467E-16
    0.45217871929729733793E+01    0.10986138033160190428E-14   -0.48060590373157988269E-15
    0.45305749897797804593E+01    0.72121804075567468134E-15   -0.31918870724882846455E-15
    0.45393627865865866511E+01    0.49210111577740688710E-15    0.30887704800130408663E-15
    0.45481505833933937311E+01    0.46706985909864885135E-15    0.90679155782451667319E-15
    0.45569383802002008110E+01    0.41142022928650725587E-15    0.98363183339334970959E-15
    0.45657261770070070028E+01    0.17845006327665341507E-15    0.34868849082122567680E-15
    0.45745139738138140828E+01   -0.41535520881261703829E-17   -0.70849548928666680591E-15
    0.45833017706206211628E+01    0.18760700340832400675E-15   -0.16020031526040401269E-14
    0.45920895674274273546E+01    0.67072177551441861867E-15   -0.18031432016280785149E-14
    0.46008773642342344345E+01    0.93026249654001070735E-15   -0.11148827149443860834E-14
    0.46096651610410415145E+01    0.59769118777595462656E-15    0.16763525711720498878E-15
    0.46184529578478477063E+01   -0.89503246231534313994E-16    0.12724361459450359665E-14
    0.46272407546546547863E+01   -0.55108430708597491960E-15    0.14587899614537105021E-14
    0.46360285514614618663E+01   -0.44297285978442877464E-15    0.69591189311562878221E-15
    0.46448163482682689462E+01    0.90082745735997992649E-16   -0.28468364866729622401E-15
    0.46536041450750751380E+01    0.58501344067420814345E-15   -0.71262544950408045811E-15
    0.46623919418818822180E+01    0.54139015722730920369E-15   -0.41385799772291508155E-15
    0.46711797386886892980E+01   -0.18855418576934972542E-15    0.26794034073234129846E-15
    0.46799675354954954898E+01   -0.10320475146115983485E-14    0.87724826818136295032E-15
    0.46887553323023025698E+01   -0.10000795802275894761E-14    0.11046765840737103145E-14
    0.46975431291091096497E+01    0.20594235259272176921E-15    0.84309633168329003971E-15
    0.47063309259159158415E+01    0.15153746454422600373E-14    0.19220658093030467214E-15
    0.47151187227227229215E+01    0.15830040823410634016E-14   -0.58618531594086811159E-15
    0.47239065195295300015E+01    0.53303202103978783338E-15   -0.11428401195114419017E-14
    0.47326943163363361933E+01   -0.47628927663492426143E-16   -0.11749957497933931268E-14
    0.47414821131431432732E+01    0.75636305240310270688E-15   -0.62720270468731320925E-15
    0.47502699099499503532E+01    0.16851340628129656637E-14    0.19368821973681063302E-15
    0.47590577067567574332E+01    0.89180946053791388619E-15    0.80426165333710406417E-15
    0.47678455035635636250E+01   -0.13139567788299825526E-14    0.85748684787277418156E-15
    0.47766333003703707050E+01   -0.24142484255986933835E-14    0.32586578386087225824E-15
    0.47854210971771777849E+01   -0.88281922796112120404E-15   -0.48111608477303045013E-15
    0.47942088939839839767E+01    0.15007216825969550983E-14   -0.10155247937501150823E-14
    0.48029966907907910567E+01    0.17594370644241415827E-14   -0.85580818163792849221E-15
    0.48117844875975981367E+01   -0.48370471066712960053E-15   -0.13970269729511752845E-15
    0.48205722844044043285E+01   -0.25275792233569732122E-14    0.49432463239908306358E-15
    0.48293600812112114085E+01   -0.21105101453059123963E-14    0.54547646863870403803E-15
    0.48381478780180184884E+01   -0.16662525105331094383E-15    0.14215461606716305507E-15
    0.48469356748248246802E+01    0.78870679441084597393E-15   -0.21083754544733650735E-15
    0.48557234716316317602E+01   -0.98455702365072326569E-17   -0.18953399108474327086E-15
    0.48645112684384388402E+01   -0.91275701971609666077E-15    0.14103289800695874111E-15
    0.48732990652452459202E+01   -0.39430702994259649903E-15    0.54502753864888967911E-15
    0.48820868620520521119E+01    0.90883454115301328821E-15    0.84740518980810571596E-15
    0.48908746588588591919E+01    0.12816949333015278678E-14    0.98918272667695078464E-15
    0.48996624556656662719E+01    0.23697294446823763521E-15    0.99864956096518043568E-15
    0.49084502524724724637E+01   -0.98560852921503737329E-15    0.93717892042676346771E-15
    0.49172380492792795437E+01   -0.10756329062714524377E-14    0.82162386092800159442E-15
    0.49260258460860866236E+01   -0.68998347865917322949E-16    0.58764458604289628612E-15
    0.49348136428928928154E+01    0.10164350024575812907E-14    0.18597849721269995564E-15
    0.49436014396996998954E+01    0.12945543874251541607E-14   -0.27967675741627403367E-15
    0.49523892365065069754E+01    0.61127979764945697784E-15   -0.57321091895205501819E-15
    0.49611770333133140554E+01   -0.49407066270709200024E-15   -0.52949758680526614169E-15
    0.49699648301201202472E+01   -0.10833036261603599697E-14   -0.21348487952715098405E-15
    0.49787526269269273271E+01   -0.55352294870920113058E-15    0.13986776035328388873E-15
    0.49875404237337344071E+01    0.56378505429651547870E-15    0.28300522532191772662E-15
    0.49963282205405405989E+01    0.90905636453088955269E-15    0.10203489141763676121E-15
    0.50051160173473476789E+01   -0.15540229067749174395E-15   -0.25880662291088493300E-15
    0.50139038141541547589E+01   -0.15527835777022352480E-14   -0.39554150418417458583E-15
    0.50226916109609609506E+01   -0.17125078716516756300E-14    0.10526314573588125947E-16
    0.50314794077677680306E+01   -0.55258544567788533722E-15    0.75567375411614044625E-15
    0.50402672045745751106E+01    0.39554788577281549842E-15    0.11905808424938308686E-14
    0.50490550013813813024E+01   -0.20267746964257583470E-16    0.87564689983954185177E-15
    0.50578427981881883824E+01   -0.11024942988044918576E-14    0.56391386365712187976E-16
    0.50666305949949954623E+01   -0.13268555452321625951E-14   -0.64953018910762988531E-15
    0.50754183918018025423E+01   -0.27545373741295342610E-15   -0.86330811700877894125E-15
    0.50842061886086087341E+01    0.99043778206771150330E-15   -0.64616349242452198015E-15
    0.50929939854154158141E+01    0.13398628995143209354E-14   -0.22813682433238516719E-15
    0.51017817822222228941E+01    0.75158090556105494664E-15    0.24174825036883665263E-15
    0.51105695790290290859E+01    0.21152209770583223809E-16    0.66805926523054626309E-15
    0.51193573758358361658E+01   -0.12850458776596546978E-15    0.88093736474196158034E-15
    0.51281451726426432458E+01    0.45042528313258565271E-15    0.67603285561717444142E-15
    0.51369329694494494376E+01    0.12948479150063285462E-14    0.42424291185235387201E-16
    0.51457207662562565176E+01    0.15491036263406917935E-14   -0.69996093425888634842E-15
    0.51545085630630635976E+01    0.69125079380651379414E-15   -0.11027802807028031751E-14
    0.51632963598698697893E+01   -0.66420792509584795904E-15   -0.91583088728244179802E-15
    0.51720841566766768693E+01   -0.11051750815165395753E-14   -0.22920626268536620371E-15
    0.51808719534834839493E+01    0.34143634925744082081E-17    0.59567467814494232458E-15
    0.51896597502902910293E+01    0.15371210427880291181E-14    0.10803640934990725359E-14
    0.51984475470970972211E+01    0.18282152112943835127E-14    0.92936831747579070694E-15
    0.52072353439039043010E+01    0.60558463459247152275E-15    0.33829267606843615071E-15
    0.52160231407107113810E+01   -0.79787284250822275766E-15   -0.12512451492292291590E-15
    0.52248109375175184610E+01   -0.11419459671254731827E-14   -0.97813263795118736658E-16
    0.52335987343243246528E+01   -0.59216308821781656380E-15    0.19639180569704599357E-15
    0.52423865311311317328E+01   -0.15069106648285248067E-15    0.30036382995734487512E-15
    0.52511743279379388127E+01   -0.39296267167222255654E-15    0.12234451995437419008E-15
    0.52599621247447450045E+01   -0.10314520586360526426E-14    0.67267899057321492821E-17
    0.52687499215515520845E+01   -0.14046905158886974252E-14    0.22940705319236763904E-15
    0.52775377183583591645E+01   -0.10313765920960363902E-14    0.61910165855243741769E-15
    0.52863255151651653563E+01    0.47420213712431442716E-16    0.76680698429286348771E-15
    0.52951133119719724363E+01    0.10963535762094201111E-14    0.45016168820361264557E-15
    0.53039011087787795162E+01    0.11353374497541521799E-14   -0.19509847333972599957E-15
    0.53126889055855857080E+01    0.24791694636874202532E-16   -0.78611041339586840084E-15
    0.53214767023923927880E+01   -0.10032509251888403964E-14   -0.88490383745613030262E-15
    0.53302644991991998680E+01   -0.58143954196081970563E-15   -0.29376589056702280511E-15
    0.53390522960060069479E+01    0.10608517165067083135E-14    0.66333025172662189696E-15
    0.53478400928128131397E+01    0.22014777696705815831E-14    0.12923464830327477742E-14
    0.53566278896196202197E+01    0.16689002723867151482E-14    0.11311844157212162467E-14
    0.53654156864264272997E+01    0.23338450221070743566E-15    0.36412383428885677191E-15
    0.53742034832332334915E+01   -0.54078462475092805443E-15   -0.45057313534839605092E-15
    0.53829912800400405715E+01   -0.26211630449311301963E-15   -0.89467709558807993460E-15
    0.53917790768468476514E+01    0.52068682895003145024E-16   -0.88683908076006393037E-15
    0.54005668736536538432E+01   -0.42849631422260571459E-15   -0.53679150337338588918E-15
    0.54093546704604609232E+01   -0.12045589240593762490E-14   -0.43885221850827287747E-18
    0.54181424672672680032E+01   -0.12387583236041155025E-14    0.52693019323950210521E-15
    0.54269302640740750832E+01   -0.37122243682325964893E-15    0.77908747644828587352E-15
    0.54357180608808812750E+01    0.50982139193952518845E-15    0.52309175184549804777E-15
    0.54445058576876883549E+01    0.60542348685620947913E-15   -0.19881679427132943280E-15
    0.54532936544944954349E+01    0.59247727847353111069E-16   -0.96025309033376863617E-15
    0.54620814513013016267E+01   -0.44637183234315064724E-15   -0.12458992745944814401E-14
    0.54708692481081087067E+01   -0.52421415842208623288E-15   -0.86857223757415462357E-15
    0.54796570449149157866E+01   -0.32822932964431596257E-15   -0.77925196470603934789E-16
    0.54884448417217219784E+01   -0.17876157719761717245E-15    0.65447748570983685894E-15
    0.54972326385285290584E+01   -0.22200076897470342271E-15    0.89192416856118234065E-15
    0.55060204353353361384E+01   -0.41499461922279616239E-15    0.47542973897037949986E-15
    0.55148082321421423302E+01   -0.63685939573337082101E-15   -0.28984400606098435245E-15
    0.55235960289489494102E+01   -0.76641511728902637800E-15   -0.81743577540251765527E-15
    0.55323838257557564901E+01   -0.72016958510011404295E-15   -0.78785650504532438307E-15
    0.55411716225625635701E+01   -0.48190932940738510452E-15   -0.47324406643449734095E-15
    0.55499594193693697619E+01   -0.12527779744931629190E-15   -0.34720740234623676064E-15
    0.55587472161761768419E+01    0.17850197670396233942E-15   -0.48918771971815635121E-15
    0.55675350129829839219E+01    0.23973670766139855272E-15   -0.55481646094840827684E-15
    0.55763228097897901137E+01    0.13460007221170394849E-16   -0.31851959720840468617E-15
    0.55851106065965971936E+01   -0.31484016867151541342E-15   -0.28943342491489008153E-16
    0.55938984034034042736E+01   -0.47277293239885674459E-15   -0.75870913766525338200E-16
    0.56026862002102104654E+01   -0.31670365473676301414E-15   -0.45608199859332092647E-15
    0.56114739970170175454E+01    0.81797397608699023236E-16   -0.73780670758664459016E-15
    0.56202617938238246253E+01    0.48403897233673444800E-15   -0.52795486488236500434E-15
    0.56290495906306308171E+01    0.59749774293634574680E-15    0.15384181991539397155E-15
    0.56378373874374378971E+01    0.30641553399195593886E-15    0.91761201767240985679E-15
    0.56466251842442449771E+01   -0.10886312124618727549E-15    0.12235319021760231457E-14
    0.56554129810510520571E+01   -0.15303708061912520586E-15    0.71217592437350561347E-15
    0.56642007778578582489E+01    0.31738418593973866671E-15   -0.37669016317309589646E-15
    0.56729885746646653288E+01    0.80093747585564489872E-15   -0.11278467307332996298E-14
    0.56817763714714724088E+01    0.68094179925494054569E-15   -0.76631086131769941635E-15
    0.56905641682782786006E+01   -0.33056454253688999491E-16    0.35949641664800998634E-15
    0.56993519650850856806E+01   -0.70190242785926301694E-15    0.10251311526442762939E-14
    0.57081397618918927606E+01   -0.77787587066855417857E-15    0.56837987790082387500E-15
    0.57169275586986989524E+01   -0.32569885704933131400E-15   -0.25850538429873152417E-15
    0.57257153555055060323E+01    0.20303996995157978896E-15   -0.30401878602201937539E-15
    0.57345031523123131123E+01    0.44218295173136433421E-15    0.47272600472341010360E-15
    0.57432909491191193041E+01    0.31518163927673714516E-15    0.10038282724995768741E-14
    0.57520787459259263841E+01   -0.32298107183171320889E-16    0.58132397684934695466E-15
    0.57608665427327334640E+01   -0.34593155434945796451E-15   -0.20309481280290065628E-15
    0.57696543395395405440E+01   -0.39899389716295975930E-15   -0.31553978720107273110E-15
    0.57784421363463467358E+01   -0.12330631301292492800E-15    0.36867592087551259411E-15
    0.57872299331531538158E+01    0.35405174829422977940E-15    0.98637002742127768408E-15
    0.57960177299599608958E+01    0.76695195354029613102E-15    0.83697395193904658025E-15
    0.58048055267667670876E+01    0.82177127096761600528E-15    0.17048978401376624393E-15
    0.58135933235735741675E+01    0.41341969622829353188E-15   -0.31435072010360316225E-15
    0.58223811203803812475E+01   -0.17540023443238022131E-15   -0.34561918993015048992E-15
    0.58311689171871874393E+01   -0.45113472640226833119E-15   -0.21083162243902279737E-15
    0.58399567139939945193E+01   -0.23406253914393533145E-15   -0.17567835750535067282E-15
    0.58487445108008015993E+01    0.79335974809348560697E-16   -0.10308257459816938669E-15
    0.58575323076076077911E+01    0.57954419826703006487E-18    0.21330125278503418666E-15
    0.58663201044144148710E+01   -0.39987228342744020953E-15    0.54611580125625739658E-15
    0.58751079012212219510E+01   -0.57819555739268436743E-15    0.37070801293909588105E-15
    0.58838956980280290310E+01   -0.29017576682025688578E-15   -0.40356383118091845919E-15
    0.58926834948348352228E+01   -0.77042047445232620879E-17   -0.10742112816828266023E-14
    0.59014712916416423027E+01   -0.26443752560626560410E-15   -0.86590423139650089348E-15
    0.59102590884484493827E+01   -0.77481919946564759472E-15    0.10936212508378987486E-15
    0.59190468852552555745E+01   -0.65535929070530968180E-15    0.92792513115951939176E-15
    0.59278346820620626545E+01    0.33974102318335695941E-15    0.89390378615029577069E-15
    0.59366224788688697345E+01    0.11989254909856802835E-14    0.22507704166289038083E-15
    0.59454102756756759263E+01    0.80863972134249927809E-15   -0.39829408687941013985E-15
    0.59541980724824830062E+01   -0.51840133545186964253E-15   -0.60685127021769352123E-15
    0.59629858692892900862E+01   -0.12990114542571633250E-14   -0.51436310983362181211E-15
    0.59717736660960962780E+01   -0.76801879104139729511E-15   -0.32602910314072994398E-15
    0.59805614629029033580E+01    0.70455752638966639935E-16   -0.56835975579121624630E-16
    0.59893492597097104380E+01   -0.14645356577240693558E-15    0.32089372240678251980E-15
    0.59981370565165175179E+01   -0.11812774194610936259E-14    0.62662049203798746290E-15
    0.60069248533233237097E+01   -0.14275086433634461710E-14    0.55328677234174597566E-15
    0.60157126501301307897E+01   -0.13046116296106101366E-15    0.49347845966813963041E-16
    0.60245004469369378697E+01    0.13768354189932779398E-14   -0.50233107228203134603E-15
    0.60332882437437440615E+01    0.13204340415821917956E-14   -0.66747444670449103366E-15
    0.60420760405505511415E+01   -0.21697199833470110824E-15   -0.45776625033147484225E-15
    0.60508638373573582214E+01   -0.14178125209112556306E-14   -0.27732770310288352666E-15
    0.60596516341641644132E+01   -0.10377643519882475211E-14   -0.37374753674760148686E-15
    0.60684394309709714932E+01    0.17243631623055662006E-15   -0.52150109551001119085E-15
    0.60772272277777785732E+01    0.72367636835484401267E-15   -0.38501486187575970343E-15
    0.60860150245845856531E+01    0.30460932652543261583E-15   -0.32001198022466894005E-16
    0.60948028213913918449E+01   -0.12289475044041876930E-15    0.12253948430801400882E-15
    0.61035906181981989249E+01    0.13413629481434806737E-15   -0.12011815032891486932E-15
    0.61123784150050060049E+01    0.55415584159068109457E-15   -0.42785251273406945856E-15
    0.61211662118118121967E+01    0.28318658239445967666E-15   -0.33613025840592840985E-15
    0.61299540086186192767E+01   -0.56403998036596716229E-15    0.18872317078289448799E-15
    0.61387418054254263566E+01   -0.98566205731745122716E-15    0.71710118488190006833E-15
    0.61475296022322325484E+01   -0.39942727765095973723E-15    0.79991138036405444009E-15
    0.61563173990390396284E+01    0.58991134623142450413E-15    0.32917961448037187542E-15
    0.61651051958458467084E+01    0.98447290644792882027E-15   -0.42243328497747323213E-15
    0.61738929926526529002E+01    0.55396207581095951596E-15   -0.91054047874058643722E-15
    0.61826807894594599802E+01   -0.84607824957113064513E-16   -0.65492961242079052109E-15
    0.61914685862662670601E+01   -0.34293665731590990802E-15    0.24542237316437324974E-15
    0.62002563830730741401E+01   -0.24818317926341290458E-15    0.98253803193781920903E-15
    0.62090441798798803319E+01   -0.12099966942452851292E-15    0.82151256009337790325E-15
    0.62178319766866874119E+01   -0.28742584298997562400E-16    0.92450670469423261769E-17
    0.62266197734934944918E+01    0.22631060243119398725E-15   -0.45598725394863501973E-15
    0.62354075703003006836E+01    0.65361766406754499759E-15   -0.33691242947461204737E-16
    0.62441953671071077636E+01    0.85833234050378566353E-15    0.69742161659327115205E-15
    0.62529831639139148436E+01    0.47594364536653547647E-15    0.85504546889948981950E-15
    0.62617709607207210354E+01   -0.28387649770910181152E-15    0.37653306243629654103E-15
    0.62705587575275281154E+01   -0.77118992549631216193E-15   -0.36306804590267550878E-16
    0.62793465543343351953E+01   -0.60818957767885478987E-15    0.17186891243427193067E-16
    0.62881343511411413871E+01   -0.96426268932139554348E-16    0.71738725340333333394E-16
    0.62969221479479484671E+01    0.19826152955526942106E-15   -0.40390081909740898462E-15
    0.63057099447547555471E+01    0.54142166576837320237E-16   -0.97874943617851942165E-15
    0.63144977415615626271E+01   -0.29940146967953874220E-15   -0.61565281477491524601E-15
    0.63232855383683688189E+01   -0.51065248201543456821E-15    0.81521911617505143296E-15
    0.63320733351751758988E+01   -0.39480501792015871688E-15    0.19013784696917798405E-14
    0.63408611319819829788E+01   -0.25361332883781201263E-16    0.12618933559122319152E-14
    0.63496489287887891706E+01    0.27689638181425365120E-15   -0.54446080149253511743E-15
    0.63584367255955962506E+01    0.16897486965723786419E-15   -0.14917675360400650132E-14
    0.63672245224024033305E+01   -0.32233444186207628171E-15   -0.54590873103999266599E-15
    0.63760123192092095223E+01   -0.67970025932386025110E-15    0.10380287240771489601E-14
    0.63848001160160166023E+01   -0.40138673879996176181E-15    0.14217116772412349624E-14
    0.63935879128228236823E+01    0.40295208268062852835E-15    0.47357051891410646506E-15
    0.64023757096296298741E+01    0.11033580487031773605E-14   -0.33116308027936954662E-15
    0.64111635064364369541E+01    0.12122482775750082879E-14   -0.45250386951106431299E-17
    0.64199513032432440340E+01    0.79794211381770873925E-15    0.75518561329823528617E-15
    0.64287391000500511140E+01    0.22542473936191576303E-15    0.76604866049997958641E-15
    0.64375268968568573058E+01   -0.26265982689772638644E-15    0.39881537322852952329E-16
    0.64463146936636643858E+01   -0.61484753250799034501E-15   -0.34237721934268343709E-15
    0.64551024904704714658E+01   -0.74890754400785617066E-15    0.16013115794460606330E-15
    0.64638902872772776576E+01   -0.46667067188450865866E-15    0.71066164671661565711E-15
    0.64726780840840847375E+01    0.27216517543481788665E-15    0.24697911641370780054E-15
    0.64814658808908918175E+01    0.10517726556683358224E-14   -0.10181683527866217996E-14
    0.64902536776976980093E+01    0.12273778272430408214E-14   -0.17936863978080387663E-14
    0.64990414745045050893E+01    0.57250723179758820540E-15   -0.12912120300555935533E-14
    0.65078292713113121692E+01   -0.41166173422646523323E-15   -0.12633920660959055160E-15
    0.65166170681181183610E+01   -0.99437660348953175498E-15    0.53150125352708627836E-15
    0.65254048649249254410E+01   -0.87422290908289762864E-15    0.19593916056232893366E-15
    0.65341926617317325210E+01   -0.28112114510897784200E-15   -0.69341970590247303597E-15
    0.65429804585385396010E+01    0.38079855110744332830E-15   -0.13552701544828158909E-14
    0.65517682553453457928E+01    0.82338769010459741059E-15   -0.12353684673831589273E-14
    0.65605560521521528727E+01    0.91991637752300380383E-15   -0.35188049022993700024E-15
    0.65693438489589599527E+01    0.67516782368128644967E-15    0.55186367545561952059E-15
    0.65781316457657661445E+01    0.20978911092967466293E-15    0.53349725340758594376E-15
    0.65869194425725732245E+01   -0.24508484085531415041E-15   -0.50920619605959071028E-15
    0.65957072393793803045E+01   -0.40997322773460397376E-15   -0.14918756059106554072E-14
    0.66044950361861864963E+01   -0.13809636042817225745E-15   -0.13374167373937094168E-14
    0.66132828329929935762E+01    0.41199247153553117657E-15   -0.34234907410745984597E-15
    0.66220706297998006562E+01    0.85744816064862411179E-15    0.18664977646770980957E-15
    0.66308584266066068480E+01    0.87339366930341058536E-15   -0.34922397388118515974E-15
    0.66396462234134139280E+01    0.40425392904188503735E-15   -0.10209669762821516576E-14
    0.66484340202202210079E+01   -0.31433864997897349676E-15   -0.68059144162992351569E-15
    0.66572218170270280879E+01   -0.82892689719476674832E-15    0.41571262038408387726E-15
    0.66660096138338342797E+01   -0.73958285649291231930E-15    0.89827701036964939357E-15
    0.66747974106406413597E+01   -0.10977566610682385079E-15    0.68094651795807734009E-16
    0.66835852074474484397E+01    0.45440195679070961144E-15   -0.11815388527881315205E-14
    0.66923730042542546315E+01    0.42200865182087805226E-15   -0.15072924391639407962E-14
    0.67011608010610617114E+01   -0.81752887945226170621E-19   -0.63181919807952801235E-15
    0.67099485978678687914E+01   -0.12708633041557508561E-15    0.56867555326480983311E-15
    0.67187363946746749832E+01    0.24227618545231076584E-15    0.11046279986762205319E-14
    0.67275241914814820632E+01    0.44182762723929641580E-15    0.65318267679832667109E-15
    0.67363119882882891432E+01   -0.14361855363794977177E-15   -0.42130474461129598352E-15
    0.67450997850950962231E+01   -0.10351855620128653501E-14   -0.13214176854263078348E-14
    0.67538875819019024149E+01   -0.10833829593850051470E-14   -0.12971887528022247513E-14
    0.67626753787087094949E+01    0.31895301804314134493E-17   -0.27433699560722477999E-15
    0.67714631755155165749E+01    0.10375477917148095370E-14    0.95854143426476145095E-15
    0.67802509723223227667E+01    0.76164243113033309714E-15    0.14671887580575516139E-14
    0.67890387691291298466E+01   -0.51283419214043574725E-15    0.10128079601180425390E-14
    0.67978265659359369266E+01   -0.12812773471937514469E-14    0.98041979405772551970E-16
    0.68066143627427431184E+01   -0.74564908444655507261E-15   -0.60308720501001874503E-15
    0.68154021595495501984E+01    0.24793438852411364014E-15   -0.70378805523897387290E-15
    0.68241899563563572784E+01    0.46746758600645233208E-15   -0.21898472475569672734E-15
    0.68329777531631634702E+01   -0.12024757005384362738E-15    0.46639753998908501963E-15
    0.68417655499699705501E+01   -0.50702489507648184890E-15    0.85446334380656238591E-15
    0.68505533467767776301E+01   -0.11094147934002559445E-15    0.74797980258538464173E-15
    0.68593411435835847101E+01    0.47649306712295911624E-15    0.41089093457808502826E-15
    0.68681289403903909019E+01    0.40333399117907022218E-15    0.20577768055960346694E-15
    0.68769167371971979819E+01   -0.28380910899491289588E-15    0.16982404821627857993E-15
    0.68857045340040050618E+01   -0.76291888021497572405E-15    0.77753427855173694803E-16
    0.68944923308108112536E+01   -0.51613063868177580892E-15   -0.13590119166505749582E-15
    0.69032801276176183336E+01    0.92277457414817117586E-16   -0.20162486366809128776E-15
    0.69120679244244254136E+01    0.38955207754023941021E-15    0.11501623552455917834E-15
    0.69208557212312316054E+01    0.16778448810599482949E-15    0.59656282129544613819E-15
    0.69296435180380386853E+01   -0.25666309262114699507E-15    0.74012136212413542382E-15
    0.69384313148448457653E+01   -0.51959566843982471714E-15    0.34732477368063755090E-15
    0.69472191116516519571E+01   -0.53223291273452937337E-15   -0.21557263501315520640E-15
    0.69560069084584590371E+01   -0.41015570306470827558E-15   -0.46723855534147711850E-15
    0.69647947052652661171E+01   -0.30067401421438479356E-15   -0.35305064782248241310E-15
    0.69735825020720731970E+01   -0.27748806512850854957E-15   -0.20566930656290641010E-15
    0.69823702988788793888E+01   -0.29251063725018114008E-15   -0.27894042894710116127E-15
    0.69911580956856864688E+01   -0.20734617822585434294E-15   -0.47489476513172107675E-15
    0.69999458924924935488E+01    0.35635038946948059230E-16   -0.51529286233882439170E-15
    0.70087336892992997406E+01    0.26123988239828758058E-15   -0.21376849976364255023E-15
    0.70175214861061068206E+01    0.20735669278069796982E-15    0.39066854343595364697E-15
    0.70263092829129139005E+01   -0.12303517449877945430E-15    0.10130919479899973077E-14
    0.70350970797197200923E+01   -0.36093153477523602469E-15    0.12329527102980722297E-14
    0.70438848765265271723E+01   -0.17754508822064750395E-15    0.82820915974012738144E-15
    0.70526726733333342523E+01    0.28039254353950794099E-15    0.74673190781762518875E-16
    0.70614604701401404441E+01    0.53110733378388261409E-15   -0.44561883290323832566E-15
    0.70702482669469475240E+01    0.30619858368779692173E-15   -0.38200575353043530331E-15
    0.70790360637537546040E+01   -0.17862695908775406136E-15    0.98528925605210393072E-16
    0.70878238605605616840E+01   -0.54050113581569400848E-15    0.55329397835070339687E-15
    0.70966116573673678758E+01   -0.63215850737738988741E-15    0.62119071904539913362E-15
    0.71053994541741749558E+01   -0.54936511942044645630E-15    0.21293426681602094929E-15
    0.71141872509809820357E+01   -0.35826762029026604054E-15   -0.43225817324280565822E-15
    0.71229750477877882275E+01    0.14929798113117156346E-16   -0.84163015857896204019E-15
    0.71317628445945953075E+01    0.54780424993750877718E-15   -0.65885351466077324988E-15
    0.71405506414014023875E+01    0.88597248691773222414E-15    0.19079607266310698850E-16
    0.71493384382082085793E+01    0.58189292462997408440E-15    0.71638953740919705685E-15
    0.71581262350150156593E+01   -0.34786918158245312225E-15    0.94647391891492444681E-15
    0.71669140318218227392E+01   -0.12590284648882789051E-14    0.51260342050985407819E-15
    0.71757018286286289310E+01   -0.14863632450255866689E-14   -0.36502435670353991631E-15
    0.71844896254354360110E+01   -0.10072047104811101117E-14   -0.10544262834001223763E-14
    0.71932774222422430910E+01   -0.34901142827880560551E-15   -0.92244278099636479972E-15
    0.72020652190490501710E+01    0.29147418781295423987E-16   -0.60548563759033027005E-18
    0.72108530158558563627E+01    0.90934505970169720566E-16    0.86825383598328105684E-15
    0.72196408126626634427E+01    0.12821012720558426933E-16    0.86160903490799731065E-15
    0.72284286094694705227E+01   -0.11740979849670544625E-15    0.59193526970140544754E-16
    0.72372164062762767145E+01   -0.30041745998791230636E-15   -0.71544807957516070516E-15
    0.72460042030830837945E+01   -0.42067955670011717468E-15   -0.77224100592805523257E-15
    0.72547919998898908744E+01   -0.21640612025845817999E-15   -0.10464635823243094788E-15
    0.72635797966966970662E+01    0.40615536303171569286E-15    0.76349701492645087553E-15
    0.72723675935035041462E+01    0.10786193961422300362E-14    0.11417806037256664779E-14
    0.72811553903103112262E+01    0.12136010292791277135E-14    0.62983174125450893460E-15
    0.72899431871171174180E+01    0.60263786698310851216E-15   -0.40080772087023872647E-15
    0.72987309839239244980E+01   -0.33602421958443691501E-15   -0.88168459542134591541E-15
    0.73075187807307315779E+01   -0.98608260286803237242E-15   -0.10986393093272692968E-15
    0.73163065775375386579E+01   -0.10519633991388895118E-14    0.12637468759453421604E-14
    0.73250943743443448497E+01   -0.64865972046792835125E-15    0.18336603532995245654E-14
    0.73338821711511519297E+01   -0.91548231327569372295E-16    0.10773614151094644684E-14
    0.73426699679579590097E+01    0.30559529135040373669E-15   -0.22650592635553164910E-16
    0.73514577647647652014E+01    0.37085204484908659749E-15   -0.29825651701911820665E-15
    0.73602455615715722814E+01    0.16064407407916862037E-15    0.15687437471700401345E-15
    0.73690333583783793614E+01   -0.12651225783245684624E-15    0.33887537515901176826E-15
    0.73778211551851855532E+01   -0.34728206448975615581E-15   -0.13395410138738871883E-15
    0.73866089519919926332E+01   -0.49868149588105781724E-15   -0.43550823162133233278E-15
    0.73953967487987997131E+01   -0.59180389147141438425E-15    0.23067446736785770612E-15
    0.74041845456056067931E+01   -0.52070716509647586674E-15    0.13179453791827269793E-14
    0.74129723424124129849E+01   -0.16433322026370940857E-15    0.14752953723652365014E-14
    0.74217601392192200649E+01    0.36614846112730232476E-15    0.28094448820886090978E-15
    0.74305479360260271449E+01    0.68587826363986873780E-15   -0.11051086067829733399E-14
    0.74393357328328333367E+01    0.47044233681181833703E-15   -0.13263070499659474273E-14
    0.74481235296396404166E+01   -0.20147331333104725686E-15   -0.35976332779870089480E-15
    0.74569113264464474966E+01   -0.91100257195345758385E-15    0.70619048657329842538E-15
    0.74656991232532536884E+01   -0.12320702267284106910E-14    0.10393535527583284469E-14
    0.74744869200600607684E+01   -0.98887802440703886413E-15    0.76996801497596185871E-15
    0.74832747168668678484E+01   -0.34399538446101636901E-15    0.40260877896350039344E-15
    0.74920625136736740401E+01    0.22504464858921442513E-15    0.73994917830787987194E-16
    0.75008503104804811201E+01    0.25297897999114849455E-15   -0.38036660871472956077E-15
    0.75096381072872882001E+01   -0.21448656350980019946E-15   -0.84545835276218140958E-15
    0.75184259040940952801E+01   -0.56410622555412696035E-15   -0.79133833975862706122E-15
    0.75272137009009014719E+01   -0.32810297332730634117E-15    0.38584418171162071707E-16
    0.75360014977077085518E+01    0.14661870482108429129E-15    0.99078540526430263193E-15
    0.75447892945145156318E+01    0.97525800409169008157E-16    0.10288354846045067490E-14
    0.75535770913213218236E+01   -0.59741233645473716496E-15   -0.27558458377419630783E-16
    0.75623648881281289036E+01   -0.11134332626936393537E-14   -0.11370611149108093920E-14
    0.75711526849349359836E+01   -0.71732070651007507469E-15   -0.12307694753271222522E-14
    0.75799404817417421754E+01    0.19566089878753268955E-15   -0.44477218903589939096E-15
    0.75887282785485492553E+01    0.56705424145941391489E-15    0.21328050377539212069E-15
    0.75975160753553563353E+01    0.64712716482417071252E-16    0.17679037387905433191E-15
    0.76063038721621625271E+01   -0.44858735448682846958E-15   -0.11795275744255524276E-15
    0.76150916689689696071E+01   -0.97629750195385183855E-16   -0.47724414609930477228E-16
    0.76238794657757766871E+01    0.79070920421553002189E-15    0.29389861375127209365E-15
    0.76326672625825837670E+01    0.11335825919518245986E-14    0.31307130489879717128E-15
    0.76414550593893899588E+01    0.55463916756883376203E-15   -0.17715857306153326962E-15
    0.76502428561961970388E+01   -0.98600277852735124804E-16   -0.62967872253548990709E-15
    0.76590306530030041188E+01    0.76246633450794040453E-16   -0.48001707243530314335E-15
    0.76678184498098103106E+01    0.82113331789004180987E-15    0.10649695231559642839E-15
    0.76766062466166173905E+01    0.11045789760281645048E-14    0.47160208850394958011E-15
    0.76853940434234244705E+01    0.48499553384141458978E-15    0.30124872244810345167E-15
    0.76941818402302306623E+01   -0.35596366556163026165E-15   -0.38375569050479347113E-16
    0.77029696370370377423E+01   -0.55740740974870766084E-15   -0.58271561689782372387E-16
    0.77117574338438448223E+01   -0.10715382694443847241E-15    0.24148540738318828154E-15
    0.77205452306506510141E+01    0.31905415643817544111E-15    0.46301771118688185443E-15
    0.77293330274574580940E+01    0.24801618086346928166E-15    0.33416383185416385726E-15
    0.77381208242642651740E+01   -0.15068703818468470331E-15   -0.26773379781415259132E-16
    0.77469086210710722540E+01   -0.44405698543057932524E-15   -0.31918720769021485070E-15
    0.77556964178778784458E+01   -0.42063780304056527758E-15   -0.34179000844508748778E-15
    0.77644842146846855258E+01   -0.18025349800457220490E-15   -0.99064525243204929808E-16
    0.77732720114914926057E+01    0.30049850208972303308E-16    0.21146715244736715867E-15
    0.77820598082982987975E+01   -0.18533129578085435087E-17    0.30349541340026240152E-15
    0.77908476051051058775E+01   -0.27529075663409000901E-15    0.36449842485748509794E-16
    0.77996354019119129575E+01   -0.48704239474081007081E-15   -0.39992508222475101802E-15
    0.78084231987187191493E+01   -0.30530810939973292950E-15   -0.64052209604205579233E-15
    0.78172109955255262292E+01    0.16243113047908235444E-15   -0.49758456955600507860E-15
    0.78259987923323333092E+01    0.34277280982578488447E-15   -0.11269324285774491597E-15
    0.78347865891391395010E+01   -0.11089755574582777510E-15    0.23324049004320520185E-15
    0.78435743859459465810E+01   -0.71715249531818711734E-15    0.35169978108182197007E-15
    0.78523621827527536610E+01   -0.65178225062720230404E-15    0.21391940747295000031E-15
    0.78611499795595607409E+01    0.15649231984429153448E-15   -0.86271366224532323493E-16
    0.78699377763663669327E+01    0.77706523252995018269E-15   -0.38889365222171336842E-15
    0.78787255731731740127E+01    0.42586852605249129270E-15   -0.54194971629254614056E-15
    0.78875133699799810927E+01   -0.45113586493419916462E-15   -0.47478075253256463020E-15
    0.78963011667867872845E+01   -0.70871057796954305386E-15   -0.25119122557074833115E-15
    0.79050889635935943645E+01    0.46453396174283670028E-16   -0.98554936774269850671E-16
    0.79138767604004014444E+01    0.96949525850915873617E-15   -0.29273765565326284313E-15
    0.79226645572072076362E+01    0.10956855414910146334E-14   -0.82412280908193862293E-15
    0.79314523540140147162E+01    0.48379220054352439120E-15   -0.11765135517145032048E-14
    0.79402401508208217962E+01   -0.56344433492693377944E-16   -0.77026114255046708883E-15
    0.79490279476276279880E+01   -0.51910827540758009413E-16    0.24581770590653773966E-15
    0.79578157444344350679E+01    0.18574543392027576904E-15    0.90804611929071853685E-15
    0.79666035412412421479E+01    0.19273228048113673001E-15    0.47385372459441004330E-15
    0.79753913380480492279E+01    0.22384409456038726239E-16   -0.63183150614060715824E-15
    0.79841791348548554197E+01    0.68449064464739526104E-16   -0.12693840880653762001E-14
    0.79929669316616624997E+01    0.41172613184967149374E-15   -0.82700890104462568667E-15
    0.80017547284684695796E+01    0.62544101766107314655E-15    0.25243072313645081866E-15
    0.80105425252752748833E+01    0.33185628943300145180E-15    0.11243825171725218298E-14
    0.80193303220820819632E+01   -0.26146617442577733486E-15    0.13103212406846233240E-14
    0.80281181188888890432E+01   -0.58828744278483322536E-15    0.84975006669278283453E-15
    0.80369059156956961232E+01   -0.37569740495107010845E-15    0.80912910306426829508E-16
    0.80456937125025032032E+01    0.10312663131138542240E-15   -0.57972065624727385574E-15
    0.80544815093093102831E+01    0.42542140233617352089E-15   -0.81842465922622797627E-15
    0.80632693061161173631E+01    0.44954015519206453216E-15   -0.56089312264746774333E-15
    0.80720571029229226667E+01    0.30241498765540841527E-15    0.29969057621751325525E-16
    0.80808448997297297467E+01    0.11443800385302314504E-15    0.64230662771033082206E-15
    0.80896326965365368267E+01   -0.10612797058029689819E-15    0.94756817618383238431E-15
    0.80984204933433439066E+01   -0.36310836173559599816E-15    0.78836959174682124942E-15
    0.81072082901501509866E+01   -0.55512559945983707315E-15    0.31575737754417853406E-15
    0.81159960869569580666E+01   -0.53552147411807165513E-15   -0.11887270684730672002E-15
    0.81247838837637633702E+01   -0.26882940246936027867E-15   -0.21002163436279384228E-15
    0.81335716805705704502E+01    0.10777769653800460539E-15    0.12858496225416415002E-15
    0.81423594773773775302E+01    0.37437645087229441353E-15    0.71465213907164580289E-15
    0.81511472741841846101E+01    0.34864613248632836158E-15    0.11332421489287249756E-14
    0.81599350709909916901E+01   -0.57278451477957438009E-17    0.99521444740263646174E-15
    0.81687228677977987701E+01   -0.49143966880325552129E-15    0.29924455992504748997E-15
    0.81775106646046058501E+01   -0.74740659674924282350E-15   -0.50604726955365629499E-15
    0.81862984614114111537E+01   -0.54637961307737842582E-15   -0.91055567277839447540E-15
    0.81950862582182182337E+01   -0.37226317269295514732E-16   -0.73888568456277655486E-15
    0.82038740550250253136E+01    0.41440863972779645604E-15   -0.19887188899100175971E-15
    0.82126618518318323936E+01    0.59712396815873928836E-15    0.27852806257438259760E-15
    0.82214496486386394736E+01    0.58974543889455698711E-15    0.28196148349608591821E-15
    0.82302374454454465535E+01    0.53468776629601201318E-15   -0.24118105490033473513E-15
    0.82390252422522518572E+01    0.41584826003734981311E-15   -0.78978797883562476701E-15
    0.82478130390590589371E+01    0.15102242499711079088E-15   -0.73732843657879611875E-15
    0.82566008358658660171E+01   -0.15608782397115615443E-15   -0.62036976163166562762E-16
    0.82653886326726730971E+01   -0.19976974853438800574E-15    0.54186515452079357679E-15
    0.82741764294794801771E+01    0.18962345241758590888E-15    0.47195641353373342403E-15
    0.82829642262862872570E+01    0.76125816508156023403E-15   -0.57958641819816474954E-16
    0.82917520230930943370E+01    0.10446128932705588390E-14   -0.34355876805735259423E-15
    0.83005398198998996406E+01    0.80148002430689147999E-15   -0.61509297018870976222E-16
    0.83093276167067067206E+01    0.20731502671496119221E-15    0.42394331798376129453E-15
    0.83181154135135138006E+01   -0.37828970174825192784E-15    0.61252954106004919608E-15
    0.83269032103203208806E+01   -0.68060377843824933463E-15    0.42819633574702382034E-15
    0.83356910071271279605E+01   -0.60125449562935099886E-15    0.13568637150139225027E-15
    0.83444788039339350405E+01   -0.20691774467604138078E-15   -0.81550710818788990498E-16
    0.83532666007407403441E+01    0.31047825566364667719E-15   -0.28014212679662204835E-15
    0.83620543975475474241E+01    0.70446585094759120176E-15   -0.51225385056651236174E-15
    0.83708421943543545041E+01    0.75765056326978348009E-15   -0.60301011540263272251E-15
    0.83796299911611615840E+01    0.38871731715723414193E-15   -0.31955773530681692126E-15
    0.83884177879679686640E+01   -0.24103285933977802304E-15    0.27013120320422056138E-15
    0.83972055847747757440E+01   -0.76770462142762523342E-15    0.75038004745570148499E-15
    0.84059933815815828240E+01   -0.86963143322614886032E-15    0.76416527309637866071E-15
    0.84147811783883881276E+01   -0.49441318947638174011E-15    0.37810641633231201397E-15
    0.84235689751951952076E+01    0.13341496837287205293E-15   -0.45274243470793018308E-16
    0.84323567720020022875E+01    0.63213530187728218516E-15   -0.22911758436709487878E-15
    0.84411445688088093675E+01    0.65058271724551950342E-15   -0.16763774987790140018E-15
    0.84499323656156164475E+01    0.13638700372399012750E-15   -0.15799650509712243881E-16
    0.84587201624224235275E+01   -0.50968064367190603763E-15    0.64656107179357843936E-16
    0.84675079592292288311E+01   -0.74801469486326530266E-15   -0.31413839319824935713E-17
    0.84762957560360359111E+01   -0.43201184483233955217E-15   -0.16194103261840443360E-15
    0.84850835528428429910E+01    0.68059599096019872063E-16   -0.25623679566475507288E-15
    0.84938713496496500710E+01    0.32035757940973954604E-15   -0.18077416106616648461E-15
    0.85026591464564571510E+01    0.25953941125291733622E-15    0.12725063445101236254E-17
    0.85114469432632642309E+01    0.97618905177556501036E-16    0.12972760626387919594E-15
    0.85202347400700713109E+01   -0.23629736797981521708E-16    0.11296224120296668916E-15
    0.85290225368768766145E+01   -0.15011504487729159313E-15    0.37954215393225045260E-17
    0.85378103336836836945E+01   -0.29831348983253796689E-15   -0.55480375976856077147E-16
    0.85465981304904907745E+01   -0.28070024082454923071E-15    0.77752950421071338120E-16
    0.85553859272972978545E+01    0.81106109280825758964E-16    0.43008586749800345014E-15
    0.85641737241041049344E+01    0.57630204973366709100E-15    0.80049602322684274888E-15
    0.85729615209109120144E+01    0.65240229622837386295E-15    0.84805111784359747941E-15
    0.85817493177177173180E+01    0.49953066627685067508E-16    0.44573283180394515852E-15
    0.85905371145245243980E+01   -0.72309246802543720549E-15   -0.71660383240259537405E-16
    0.85993249113313314780E+01   -0.88509493296486513175E-15   -0.21426818860366111001E-15
    0.86081127081381385580E+01   -0.31326157150899008490E-15    0.10566297555067047543E-15
    0.86169005049449456379E+01    0.29887569950093757340E-15    0.47008650434612478270E-15
    0.86256883017517527179E+01    0.35260128662442658244E-15    0.47669151394035596723E-15
    0.86344760985585597979E+01    0.10976020053750074015E-15    0.19758592934872138198E-15
    0.86432638953653651015E+01    0.22702303736634505640E-15   -0.58748420704517946781E-17
    0.86520516921721721815E+01    0.72879136101711041975E-15    0.26412754294732944419E-16
    0.86608394889789792614E+01    0.86341925696602239193E-15    0.10538913889318530962E-15
    0.86696272857857863414E+01    0.16895372305644553133E-15    0.22361042317581331319E-16
    0.86784150825925934214E+01   -0.68627782853097057812E-15   -0.15080346312029261819E-15
    0.86872028793994005014E+01   -0.64168505096131219428E-15   -0.18115531356315043057E-15
    0.86959906762062058050E+01    0.31982739625765815105E-15    0.94720741212632602256E-17
    0.87047784730130128850E+01    0.99376777926979541879E-15    0.25551669289130021562E-15
    0.87135662698198199649E+01    0.47425844154283278431E-15    0.37140608817874447090E-15
    0.87223540666266270449E+01   -0.60430674998655164296E-15    0.35672887777488201933E-15
    0.87311418634334341249E+01   -0.88138157414809840806E-15    0.33368687222547435971E-15
    0.87399296602402412049E+01   -0.10658924811250055172E-16    0.35975313515058605840E-15
    0.87487174570470482848E+01    0.94482201533864168638E-15    0.37517818677961369598E-15
    0.87575052538538535885E+01    0.93330467125902076918E-15    0.33472567389218927698E-15
    0.87662930506606606684E+01    0.16581549203946669985E-15    0.31385351890495108567E-15
    0.87750808474674677484E+01   -0.36523206130093629920E-15    0.41095820005880810608E-15
    0.87838686442742748284E+01   -0.16728730541270233959E-15    0.56503937637899988081E-15
    0.87926564410810819084E+01    0.32635889264798339760E-15    0.56714579601137946009E-15
    0.88014442378878889883E+01    0.49142686012579191130E-15    0.32584449454805085370E-15
    0.88102320346946942919E+01    0.22375042769529756370E-15    0.54318969987693709422E-16
    0.88190198315015013719E+01   -0.15895220102510862164E-15    0.37630593885000902372E-16
    0.88278076283083084519E+01   -0.39728563317043182105E-15    0.22869192868252623435E-15
    0.88365954251151155319E+01   -0.49198456456936637926E-15    0.24513267759369957953E-15
    0.88453832219219226118E+01   -0.52266802447195922093E-15   -0.11319072903488002049E-15
    0.88541710187287296918E+01   -0.47079612421995410829E-15   -0.48855551446018545436E-15
    0.88629588155355367718E+01   -0.29260238281839242280E-15   -0.37675990341402448572E-15
    0.88717466123423420754E+01   -0.95958798904952007878E-16    0.14070889009911093146E-15
    0.88805344091491491554E+01   -0.10940577556259534198E-15    0.37467823784579138764E-15
    0.88893222059559562354E+01   -0.38363044440199852055E-15   -0.78473884891246143431E-16
    0.88981100027627633153E+01   -0.59872784339148309293E-15   -0.66980607983078760763E-15
    0.89068977995695703953E+01   -0.37715478048895615651E-15   -0.51952868592508714858E-15
    0.89156855963763774753E+01    0.20517888446193879922E-15    0.42580853009135367153E-15
    0.89244733931831827789E+01    0.61089654504841067574E-15    0.12319951643204815120E-14
    0.89332611899899898589E+01    0.47351026105045953634E-15    0.10960750909310329187E-14
    0.89420489867967969388E+01    0.82526299163844314837E-16    0.27571599599080801780E-15
    0.89508367836036040188E+01    0.15247721636390667476E-16   -0.34970986377631673672E-15
    0.89596245804104110988E+01    0.40962698754022161374E-15   -0.31795589812837656383E-15
    0.89684123772172181788E+01    0.81070186911049681010E-15    0.72109514540595946670E-16
    0.89772001740240252587E+01    0.75180747940410822109E-15    0.31948894493857897777E-15
    0.89859879708308305624E+01    0.26904140390470402799E-15    0.26218025965819727357E-15
    0.89947757676376376423E+01   -0.22328847028435956135E-15    0.37682081425392792469E-16
    0.90035635644444447223E+01   -0.35086828600491016892E-15   -0.21944160764429471790E-15
    0.90123513612512518023E+01   -0.27526142221813103166E-16   -0.48814100108208040250E-15
    0.90211391580580588823E+01    0.52827019135346025979E-15   -0.71910196020046852028E-15
    0.90299269548648659622E+01    0.88751148499251709024E-15   -0.73390845965151173084E-15
    0.90387147516716712659E+01    0.72238798440232136732E-15   -0.39685666130916463039E-15
    0.90475025484784783458E+01    0.17553718306387575667E-15    0.11638424220415488034E-15
    0.90562903452852854258E+01   -0.20261462938772036486E-15    0.36893075411683045178E-15
    0.90650781420920925058E+01   -0.42587019684814501270E-16    0.10453871580519903135E-15
    0.90738659388988995858E+01    0.40593373825179498268E-15   -0.42753162581619382180E-15
    0.90826537357057066657E+01    0.59944494179101237731E-15   -0.73157461657171900373E-15
    0.90914415325125137457E+01    0.33895327301757949696E-15   -0.56676405768917478391E-15
    0.91002293293193190493E+01   -0.65943714333862027356E-16   -0.11219019407062696271E-15
    0.91090171261261261293E+01   -0.22474653919390527987E-15    0.29001033222799306090E-15
    0.91178049229329332093E+01   -0.64908109522254297447E-16    0.40681344602113071275E-15
    0.91265927197397402892E+01    0.18138338704665044582E-15    0.20370129558719921540E-15
    0.91353805165465473692E+01    0.18780262109805970603E-15   -0.16125908262013639037E-15
    0.91441683133533544492E+01   -0.24046659703142126859E-15   -0.41817451979306287523E-15
    0.91529561101601597528E+01   -0.94015413969501902447E-15   -0.34908592361313599827E-15
    0.91617439069669668328E+01   -0.13355914602932079710E-14    0.71676553829547530600E-16
    0.91705317037737739128E+01   -0.91315189644810300188E-15    0.65331399663416217573E-15
    0.91793195005805809927E+01    0.13409424954734722421E-15    0.10341087520335522489E-14
    0.91881072973873880727E+01    0.94742187560545999218E-15    0.85997291226182151212E-15
    0.91968950941941951527E+01    0.86146220342236801836E-15    0.11212409171282672797E-15
    0.92056828910010004563E+01    0.78051811918003014636E-16   -0.71657019700970282174E-15
    0.92144706878078075363E+01   -0.65048079074162275744E-15   -0.98290844315900228682E-15
    0.92232584846146146162E+01   -0.75546167846005145919E-15   -0.45858910312025567886E-15
    0.92320462814214216962E+01   -0.20615231072037432890E-15    0.50599743662017397213E-15
    0.92408340782282287762E+01    0.61026113036203654419E-15    0.13030683767380017682E-14
    0.92496218750350358562E+01    0.11248574836806677642E-14    0.14381655218144158522E-14
    0.92584096718418411598E+01    0.92931362263083558522E-15    0.80063890188184911726E-15
    0.92671974686486482398E+01    0.12179771173927642692E-15   -0.16037863106710627697E-15
    0.92759852654554553197E+01   -0.73402784198820125588E-15   -0.67253575018937528468E-15
    0.92847730622622623997E+01   -0.10981971029350338196E-14   -0.34428778091550958980E-15
    0.92935608590690694797E+01   -0.86422967618308744006E-15    0.37636975538202254311E-15
    0.93023486558758765597E+01   -0.30720149070898141226E-15    0.70857219615326089599E-15
    0.93111364526826818633E+01    0.17532715450183014820E-15    0.40381045431132178235E-15
    0.93199242494894889433E+01    0.29010435488338074523E-15   -0.86819326887534626644E-16
    0.93287120462962960232E+01    0.22382498525983205522E-16   -0.26721147700762993922E-15
    0.93374998431031031032E+01   -0.31250540838724311350E-15   -0.14039998938611349764E-15
    0.93462876399099101832E+01   -0.35331442663745328158E-15   -0.22447477941690084432E-16
    0.93550754367167172632E+01   -0.81818196071337952038E-16   -0.67994062936886260860E-16
    0.93638632335235243431E+01    0.18229738305449195928E-15   -0.14968400270040026972E-15
    0.93726510303303296467E+01    0.23798542809052932502E-15   -0.15559117937770558544E-15
    0.93814388271371367267E+01    0.30961844716391184969E-15   -0.21350243519544181634E-15
    0.93902266239439438067E+01    0.69869681146380425718E-15   -0.50005492654567188183E-15
    0.93990144207507508867E+01    0.12172565322205880470E-14   -0.90646720266708254061E-15
    0.94078022175575579666E+01    0.12450965495140868152E-14   -0.10581988140850768879E-14
    0.94165900143643650466E+01    0.49716637407015694309E-15   -0.73907915232816699050E-15
    0.94253778111711703502E+01   -0.46179204951225507401E-15   -0.18818864071007993580E-15
    0.94341656079779774302E+01   -0.76912193385758702860E-15    0.16238203921236460534E-15
    0.94429534047847845102E+01   -0.19771566760872796121E-15    0.15226203222032976497E-15
    0.94517412015915915902E+01    0.66279411408431680309E-15   -0.16951904248231321225E-16
    0.94605289983983986701E+01    0.10866067734419515018E-14   -0.11997248643959110852E-15
    0.94693167952052057501E+01    0.82228958632609684787E-15   -0.17605586835299376818E-15
    0.94781045920120128301E+01    0.10383366698621037706E-15   -0.31831057138443662536E-15
    0.94868923888188181337E+01   -0.60304095723315533338E-15   -0.51850815888651134881E-15
    0.94956801856256252137E+01   -0.86254392224341548993E-15   -0.56271534587069511772E-15
    0.95044679824324322936E+01   -0.52182355499295775773E-15   -0.31104966138126217267E-15
    0.95132557792392393736E+01    0.15830397594263733600E-15    0.10735658171802893901E-15
    0.95220435760460464536E+01    0.71565441502890760765E-15    0.41201773821711292189E-15
    0.95308313728528535336E+01    0.82797436681592459768E-15    0.41006987063770766081E-15
    0.95396191696596588372E+01    0.49181432997775797591E-15    0.11623812590267022186E-15
    0.95484069664664659172E+01    0.12040057470192027417E-16   -0.26637685008039249611E-15
    0.95571947632732729971E+01   -0.13074686132256063666E-15   -0.42753158596590079476E-15
    0.95659825600800800771E+01    0.32841354975077768637E-15   -0.14348596776546481121E-15
    0.95747703568868871571E+01    0.10173142424091772444E-14    0.50840495985053347136E-15
    0.95835581536936942371E+01    0.11489960874207548284E-14    0.11524740868491375139E-14
    0.95923459505005013170E+01    0.43574713628004219332E-15    0.13561767386044493211E-14
    0.96011337473073066207E+01   -0.37596065578076983480E-15    0.88337642781982592568E-15
    0.96099215441141137006E+01   -0.32597404549512002849E-15   -0.12336728032569317361E-15
    0.96187093409209207806E+01    0.51999496555205944385E-15   -0.10450839454112946159E-14
    0.96274971377277278606E+01    0.10829782504137206830E-14   -0.11126217528806486608E-14
    0.96362849345345349406E+01    0.64280308013981085383E-15   -0.17463969867268627577E-15
    0.96450727313413420205E+01   -0.21865162616129258249E-15    0.90708642661603832929E-15
    0.96538605281481491005E+01   -0.43499762591239228474E-15    0.10774891370791324906E-14
    0.96626483249549544041E+01    0.14608224450969320668E-15    0.27408541106055433427E-15
    0.96714361217617614841E+01    0.63463015209709677905E-15   -0.53268014852677285722E-15
    0.96802239185685685641E+01    0.34610660057038640829E-15   -0.53265330901210503437E-15
    0.96890117153753756440E+01   -0.30685087341872046312E-15    0.45390749257421425579E-16
    0.96977995121821827240E+01   -0.46828779498378946598E-15    0.42853885103283533689E-15
    0.97065873089889898040E+01   -0.50686461583293248591E-17    0.27399773114186154632E-15
    0.97153751057957951076E+01    0.36517762773382619476E-15   -0.93611994508229305670E-16
    0.97241629026026021876E+01    0.62447019326824575935E-16   -0.24606585696323890371E-15
    0.97329506994094092676E+01   -0.62710100193113207902E-15   -0.12826600046284120205E-15
    0.97417384962162163475E+01   -0.98139216984496946749E-15    0.27971598495695732871E-16
    0.97505262930230234275E+01   -0.67542083843343917582E-15    0.54800239145943623175E-17
    0.97593140898298305075E+01   -0.20680012337739630457E-16   -0.23668276927697656454E-15
    0.97681018866366375875E+01    0.43809634614896341162E-15   -0.56087434852960280074E-15
    0.97768896834434428911E+01    0.33955832453966839862E-15   -0.71649432494997058262E-15
    0.97856774802502499710E+01   -0.29938992666789357511E-15   -0.52378975964129855786E-15
    0.97944652770570570510E+01   -0.10232598062107877177E-14   -0.72385016732889211312E-16
    0.98032530738638641310E+01   -0.12006889148648976994E-14    0.33294954338505489997E-15
    0.98120408706706712110E+01   -0.60860556106651406314E-15    0.48664672076446087367E-15
    0.98208286674774782909E+01    0.24433433154022096802E-15    0.48697892546224278307E-15
    0.98296164642842835946E+01    0.61164817179847124580E-15    0.54780415449520631764E-15
    0.98384042610910906745E+01    0.25453807006034030877E-15    0.68962108655256913234E-15
    0.98471920578978977545E+01   -0.41318520803414106163E-15    0.72145539188879425269E-15
    0.98559798547047048345E+01   -0.80977829329210216504E-15    0.52484970090335508608E-15
    0.98647676515115119145E+01   -0.63576475023605028985E-15    0.24685083665605447100E-15
    0.98735554483183189944E+01    0.84750620955736530883E-17    0.13797086604679995069E-15
    0.98823432451251260744E+01    0.67024566309311580688E-15    0.27663298897070595083E-15
    0.98911310419319313780E+01    0.81755297416677493705E-15    0.51094588986923092243E-15
    0.98999188387387384580E+01    0.32625055574035476016E-15    0.62717116509150745115E-15
    0.99087066355455455380E+01   -0.29528820188594962635E-15    0.50828183804309041491E-15
    0.99174944323523526180E+01   -0.44454209536746939467E-15    0.18137529959973233076E-15
    0.99262822291591596979E+01   -0.15522244760138382567E-15   -0.19084615535871407207E-15
    0.99350700259659667779E+01   -0.12195274979399447504E-16   -0.40160867884177343827E-15
    0.99438578227727720815E+01   -0.24874200473302679866E-15   -0.37021988422916461555E-15
    0.99526456195795791615E+01   -0.28871735813115609116E-15   -0.22511795179956919091E-15
    0.99614334163863862415E+01    0.26498742061377807267E-15   -0.13366088054450347535E-15
    0.99702212131931933214E+01    0.45007699217336953688E-15   -0.75739599069259019212E-16
    0.99790090100000004014E+01   -0.51594232170145280388E-15    0.67869539277852669967E-16
