    0.11999999999999999556E+01    0.00000000000000000000E+00    0.00000000000000000000E+00
    0.12087877968068068135E+01    0.60966855015336818067E-10   -0.34725637104764198289E-19
    0.12175755936136136715E+01   -0.92702799748290569285E-10   -0.14295134366509093611E-17
    0.12263633904204203073E+01   -0.86544244514222553318E-10   -0.15583669641584285727E-17
    0.12351511872272271653E+01    0.19966675869040789747E-09    0.13002596037231801202E-17
    0.12439389840340340232E+01    0.19519363659769923503E-09    0.27571342309609456536E-17
    0.12527267808408408811E+01   -0.37040655963938393803E-09   -0.47103832285739192819E-18
    0.12615145776476475170E+01   -0.84776227165187178009E-09   -0.52931311904148218480E-17
    0.12703023744544543749E+01   -0.49194894607672828210E-09   -0.62892806507899527621E-17
    0.12790901712612612329E+01    0.35722594208066687344E-09   -0.24886486018067255064E-17
    0.12878779680680680908E+01    0.52499807115349471149E-09    0.20406027584792905664E-17
    0.12966657648748749487E+01   -0.35653560804789297082E-09    0.37408535461361612636E-17
    0.13054535616816815846E+01   -0.10063150565348897618E-08    0.34626568871827334624E-17
    0.13142413584884884425E+01   -0.13480586661621269746E-09    0.41022928134899563678E-17
    0.13230291552952953005E+01    0.13759222025113141555E-08    0.63609816718175452320E-17
    0.13318169521021021584E+01    0.11602536317280409311E-08    0.81612396346552324879E-17
    0.13406047489089087943E+01   -0.11943517035113389353E-08    0.76603793398808711726E-17
    0.13493925457157156522E+01   -0.25489652365071393188E-08    0.51393257436347909598E-17
    0.13581803425225225102E+01   -0.10112566350236442942E-09    0.88624700360683222261E-18
    0.13669681393293293681E+01    0.36487103815300843115E-08   -0.75635692883972271091E-17
    0.13757559361361360040E+01    0.28392608626686518300E-08   -0.22160514999494197317E-16
    0.13845437329429428619E+01   -0.32746062590671536956E-08   -0.35529497879106471325E-16
    0.13933315297497497198E+01   -0.65676618325582807559E-08   -0.29870096921895993586E-16
    0.14021193265565565778E+01   -0.49062634378116967840E-10    0.33863418159078312924E-17
    0.14109071233633634357E+01    0.95791551280575072152E-08    0.41564739120842902535E-16
    0.14196949201701700716E+01    0.71789920615311749198E-08    0.45731713316978643408E-16
    0.14284827169769769295E+01   -0.89042708082912003567E-08    0.10091747344023732377E-16
    0.14372705137837837874E+01   -0.17429838853073777003E-07   -0.16753703675130166526E-16
    0.14460583105905906454E+01   -0.66503028862090646817E-09    0.98788870871140631241E-17
    0.14548461073973975033E+01    0.22753087590233716857E-07    0.58437737046509917342E-16
    0.14636339042042041392E+01    0.11221480206065610451E-07    0.53916646886797053699E-16
    0.14724217010110109971E+01   -0.43763254654383807903E-07    0.76496769580376664615E-17
    0.14812094978178178550E+01   -0.98068548620719578574E-07    0.67072025764242260803E-16
    0.14899972946246244909E+01   -0.13695170752243580384E-06    0.34192570930295111485E-15
    0.14987850914314313489E+01   -0.28264117019691811779E-06    0.69159536879064929477E-15
    0.15075728882382382068E+01   -0.82247620161620474332E-06    0.80226033768439888190E-15
    0.15163606850450450647E+01   -0.21717895902921110005E-05    0.53183942093839697016E-15
    0.15251484818518519226E+01   -0.50803542210770481806E-05    0.10340008535714183420E-15
    0.15339362786586585585E+01   -0.11441487650046180602E-04   -0.14643025356214034224E-15
    0.15427240754654654165E+01   -0.25488950676036201809E-04   -0.13042377048518771038E-15
    0.15515118722722722744E+01   -0.56086407286974977379E-04   -0.35783122536728856159E-16
    0.15602996690790791323E+01   -0.12016675045619866328E-03   -0.34377180350936680238E-16
    0.15690874658858859902E+01   -0.24945772723657919133E-03   -0.89317862300279898889E-16
    0.15778752626926926261E+01   -0.50463881122645901610E-03   -0.85331397402972677855E-16
    0.15866630594994994841E+01   -0.99444454183173153564E-03   -0.44151205247399979765E-16
    0.15954508563063063420E+01   -0.19093289951629844204E-02   -0.12975783334065793927E-15
    0.16042386531131129779E+01   -0.35692170232578682501E-02   -0.45860069560764611535E-15
    0.16130264499199198358E+01   -0.64888790737590087976E-02   -0.95501635466136286999E-15
    0.16218142467267266937E+01   -0.11480360535578330167E-01   -0.13709515686316647852E-14
    0.16306020435335335517E+01   -0.19768006965683114495E-01   -0.13824903147343821025E-14
    0.16393898403403404096E+01   -0.33098916195327648948E-01   -0.79992943274205227318E-15
    0.16481776371471470455E+01   -0.53844576562350851545E-01    0.13286570906067148057E-15
    0.16569654339539539034E+01   -0.85007705858864926474E-01    0.71677337954899273158E-15
    0.16657532307607607613E+01   -0.13001133992235425207E+00    0.44505579475791411476E-15
    0.16745410275675676193E+01   -0.19233950899292945325E+00   -0.27266258544839026922E-15
    0.16833288243743744772E+01   -0.27472898147871438468E+00   -0.41059471109676152272E-15
    0.16921166211811811131E+01   -0.37795309607197719037E+00    0.46820880801216447890E-15
    0.17009044179879879710E+01   -0.49950077626247002538E+00    0.16090433481666756200E-14
    0.17096922147947948289E+01   -0.63213321225536545089E+00    0.21044475376666462336E-14
    0.17184800116016014648E+01   -0.76263944686465112710E+00    0.22488331260028083934E-14
    0.17272678084084085448E+01   -0.87210662810151040603E+00    0.32474030622362637959E-14
    0.17360556052152151807E+01   -0.93760945177852872412E+00    0.54742667319850125738E-14
    0.17448434020220220386E+01   -0.93525545030689094528E+00    0.75736757897180772899E-14
    0.17536311988288288966E+01   -0.84591621548698459065E+00    0.78858141707067573285E-14
    0.17624189956356355324E+01   -0.66168375985603966605E+00    0.63544420802823960224E-14
    0.17712067924424426124E+01   -0.39101390389862628050E+00    0.43939300738682630443E-14
    0.17799945892492492483E+01   -0.62499602469486513490E-01    0.29617582715723123409E-14
    0.17887823860560561062E+01    0.27519210562076967808E+00    0.14439522801634816686E-14
    0.17975701828628629642E+01    0.56165873940348798321E+00   -0.11348712161515418930E-14
    0.18063579796696696000E+01    0.73645167666871957923E+00   -0.43922576517309609327E-14
    0.18151457764764764580E+01    0.75377070908177934427E+00   -0.66720045411026598313E-14
    0.18239335732832833159E+01    0.59942945278767190143E+00   -0.67076013829610873461E-14
    0.18327213700900899518E+01    0.30168822208169177035E+00   -0.47086673729828461120E-14
    0.18415091668968970318E+01   -0.72234335474808522570E-01   -0.17342976602471187904E-14
    0.18502969637037036676E+01   -0.42664324437332745710E+00    0.13769038511199245740E-14
    0.18590847605105105256E+01   -0.66052211885212663844E+00    0.42091532379243669160E-14
    0.18678725573173173835E+01   -0.70123832115381812269E+00    0.62164654245634978729E-14
    0.18766603541241240194E+01   -0.53094990651527218528E+00    0.64986994399127517601E-14
    0.18854481509309310994E+01   -0.19405574457191762661E+00    0.45035892918349595001E-14
    0.18942359477377377353E+01    0.20601820922538144343E+00    0.86737714636953010397E-15
    0.19030237445445445932E+01    0.53542853414151814206E+00   -0.27955209869057521988E-14
    0.19118115413513514511E+01    0.67985634634878810978E+00   -0.50024472586330203734E-14
    0.19205993381581580870E+01    0.58610971704873549015E+00   -0.51995215305745655096E-14
    0.19293871349649649449E+01    0.27989729355933806731E+00   -0.36407821347247928352E-14
    0.19381749317717718029E+01   -0.13076022176724602653E+00   -0.97869980914090044080E-15
    0.19469627285785784387E+01   -0.48983587000758749275E+00    0.20292700782122995126E-14
    0.19557505253853855187E+01   -0.65906898938145841438E+00    0.47005092487083227724E-14
    0.19645383221921921546E+01   -0.57225737758717232229E+00    0.64745651349098141667E-14
    0.19733261189989990125E+01   -0.25661573268885390364E+00    0.67027524479310874940E-14
    0.19821139158058058705E+01    0.16467286628332369891E+00    0.45090698789956307205E-14
    0.19909017126126125063E+01    0.51598627637376903721E+00   -0.42810644305435491075E-15
    0.19996895094194195863E+01    0.65063202141278120294E+00   -0.63827763156170113291E-14
    0.20084773062262262222E+01    0.51397099961107550747E+00   -0.94910689545876213942E-14
    0.20172651030330328581E+01    0.15788268728531881790E+00   -0.68483545723166463493E-14
    0.20260528998398399381E+01   -0.26881839872810070480E+00    0.88676961185158207906E-16
    0.20348406966466465740E+01   -0.57654614925261327141E+00    0.64193246525771370885E-14
    0.20436284934534532098E+01   -0.62837074367734113700E+00    0.82837937069690944178E-14
    0.20524162902602602898E+01   -0.40523227765496411257E+00    0.57234111052370568901E-14
    0.20612040870670673698E+01   -0.19784143758843201512E-02    0.12176956806107921565E-14
    0.20699918838738740057E+01    0.40540106155582072978E+00   -0.29071154032810715282E-14
    0.20787796806806806416E+01    0.62841157777614942148E+00   -0.54559005591456850024E-14
    0.20875674774874877215E+01    0.56198304384345343365E+00   -0.59703798973490082909E-14
    0.20963552742942943574E+01    0.24161714010849003054E+00   -0.43935366214972759579E-14
    0.21051430711011009933E+01   -0.18778861799244858655E+00   -0.11828259281813027551E-14
    0.21139308679079080733E+01   -0.53402941274263060478E+00    0.25143897414571419239E-14
    0.21227186647147147092E+01   -0.63329545226095040888E+00    0.51554119705324333152E-14
    0.21315064615215213450E+01   -0.43401279729675301677E+00    0.54818099012217450196E-14
    0.21402942583283284250E+01   -0.34467987086750390135E-01    0.30929072152750889223E-14
    0.21490820551351350609E+01    0.37803178029114220537E+00   -0.12930250762149737165E-14
    0.21578698519419421409E+01    0.61656221556627233138E+00   -0.58069611163967932014E-14
    0.21666576487487487768E+01    0.56760656149019250716E+00   -0.81251009970482868563E-14
    0.21754454455555558567E+01    0.24748407726255863825E+00   -0.67376653432674347894E-14
    0.21842332423623624926E+01   -0.18861436796315245168E+00   -0.18581572851968139919E-14
    0.21930210391691691285E+01   -0.53187174382333790579E+00    0.45437917207668147162E-14
    0.22018088359759762085E+01   -0.62641357771804184740E+00    0.91952308100858753789E-14
    0.22105966327827828444E+01   -0.42849622051400931833E+00    0.91299718777485720298E-14
    0.22193844295895894803E+01   -0.24499495574189598252E-01    0.41385770538810442214E-14
    0.22281722263963965602E+01    0.39221391419602197326E+00   -0.24550540653638616824E-14
    0.22369600232032031961E+01    0.61952114083719722615E+00   -0.66312138490982247253E-14
    0.22457478200100098320E+01    0.55512383994153624567E+00   -0.70458178423651771322E-14
    0.22545356168168169120E+01    0.23267758240358732413E+00   -0.51064244342957931843E-14
    0.22633234136236239920E+01   -0.20220870420174547055E+00   -0.24372747782248324074E-14
    0.22721112104304301837E+01   -0.54443326311985984489E+00    0.65911647134760624673E-15
    0.22808990072372372637E+01   -0.62644194154607357738E+00    0.41496776645082750327E-14
    0.22896868040440443437E+01   -0.41314060354498072236E+00    0.67775440639703796730E-14
    0.22984746008508509796E+01   -0.99314737566784886541E-02    0.65465366184075776604E-14
    0.23072623976576576155E+01    0.39918177767631141117E+00    0.27421300163910594193E-14
    0.23160501944644646954E+01    0.62521390214772043503E+00   -0.29650255264708556117E-14
    0.23248379912712713313E+01    0.55635005061947795379E+00   -0.75893736278815170357E-14
    0.23336257880780779672E+01    0.22635348565422702682E+00   -0.84980660450085879127E-14
    0.23424135848848850472E+01   -0.20513890805296983166E+00   -0.46966200849556898478E-14
    0.23512013816916916831E+01   -0.54139967213303241689E+00    0.22643456317893804899E-14
    0.23599891784984983190E+01   -0.63187489353024217653E+00    0.85370464760628733124E-14
    0.23687769753053053989E+01   -0.42988281174545273089E+00    0.10443233426632817501E-13
    0.23775647721121124789E+01   -0.28002847527029244012E-01    0.71380674712301632115E-14
    0.23863525689189186707E+01    0.38392217031523767634E+00    0.72638810285526311669E-15
    0.23951403657257257507E+01    0.61985161217123663224E+00   -0.56067128819627934342E-14
    0.24039281625325328307E+01    0.57899721648671720331E+00   -0.92207915051179641089E-14
    0.24127159593393394665E+01    0.27634425735227885479E+00   -0.87550572175047860437E-14
    0.24215037561461461024E+01   -0.15358420161645844337E+00   -0.44946996635565749631E-14
    0.24302915529529531824E+01   -0.51308616470222134787E+00    0.17919758315038050930E-14
    0.24390793497597598183E+01   -0.64211919437956477275E+00    0.74371527577351496361E-14
    0.24478671465665664542E+01   -0.49013654352092284050E+00    0.97521685301439532416E-14
    0.24566549433733735341E+01   -0.12219367095842291471E+00    0.73959406754841364696E-14
    0.24654427401801801700E+01    0.30257537071541384943E+00    0.15382231641229554878E-14
    0.24742305369869868059E+01    0.59427618870931764317E+00   -0.48097985819251247531E-14
    0.24830183337937938859E+01    0.62520112870594102272E+00   -0.88320097151025982307E-14
    0.24918061306006009659E+01    0.38864232364358253236E+00   -0.92867782205958977694E-14
    0.25005939274074071577E+01   -0.14315416732822222254E-01   -0.63454512505605854317E-14
    0.25093817242142142376E+01   -0.41417283712891950209E+00   -0.10362331050617803428E-14
    0.25181695210210213176E+01   -0.63762263388152584653E+00    0.49981595311190552362E-14
    0.25269573178278279535E+01   -0.58878000662498808371E+00    0.95250150847864068442E-14
    0.25357451146346345894E+01   -0.29461940807479375382E+00    0.10224672928291660981E-13
    0.25445329114414416694E+01    0.12153736360473488265E+00    0.61499635176549859300E-14
    0.25533207082482483052E+01    0.48996144777071176657E+00   -0.95712746331893612632E-15
    0.25621085050550549411E+01    0.65659060034622429569E+00   -0.75075193213248503638E-14
    0.25708963018618620211E+01    0.55175598578170037545E+00   -0.10484006244669425100E-13
    0.25796840986686686570E+01    0.22411059681774647689E+00   -0.90242126858584371275E-14
    0.25884718954754752929E+01   -0.19290065331016986727E+00   -0.41173184728688116971E-14
    0.25972596922822823728E+01   -0.53488867175809196031E+00    0.22344923605739051012E-14
    0.26060474890890894528E+01   -0.66427759068148373167E+00    0.77976870778796227802E-14
    0.26148352858958960887E+01   -0.52866099280455991494E+00    0.10821385376852793421E-13
    0.26236230827027027246E+01   -0.18674634915731991303E+00    0.10490423503501309369E-13
    0.26324108795095098046E+01    0.22689778487546080621E+00    0.68993082751637493814E-14
    0.26411986763163164404E+01    0.55475223607796908531E+00    0.91216367285906615820E-15
    0.26499864731231230763E+01    0.66976932389901533416E+00   -0.58601294549461856144E-14
    0.26587742699299301563E+01    0.52703769178289727737E+00   -0.11030442683862235121E-13
    0.26675620667367367922E+01    0.18566005620478467919E+00   -0.11994627473966734485E-13
    0.26763498635435434281E+01   -0.22467023168855021487E+00   -0.75941617330992412363E-14
    0.26851376603503505081E+01   -0.55290232652271409375E+00    0.38048518980046441255E-15
    0.26939254571571571439E+01   -0.67636770074888830084E+00    0.80262191173049614891E-14
    0.27027132539639637798E+01   -0.54893115845583617673E+00    0.11832251929658962985E-13
    0.27115010507707708598E+01   -0.22194992163787746753E+00    0.10436940451655618139E-13
    0.27202888475775779398E+01    0.18479124154503884236E+00    0.47059247991041148086E-14
    0.27290766443843845757E+01    0.52675910872711029231E+00   -0.27913058508367813941E-14
    0.27378644411911912115E+01    0.68102665041051013706E+00   -0.89388714070512400883E-14
    0.27466522379979982915E+01    0.59280301701233817369E+00   -0.11635767018308535378E-13
    0.27554400348048049274E+01    0.29771310228196840031E+00   -0.10602100056312213357E-13
    0.27642278316116115633E+01   -0.10040736903960013893E+00   -0.67339438379119782913E-14
    0.27730156284184186433E+01   -0.46547151331413133546E+00   -0.12020702847251365781E-14
    0.27818034252252252791E+01   -0.67173422448424169318E+00    0.47317923243869555773E-14
    0.27905912220320319150E+01   -0.64962668691982539126E+00    0.94082584985995642599E-14
    0.27993790188388389950E+01   -0.41095433417083876426E+00    0.10940241969739937111E-13
    0.28081668156456460750E+01   -0.36055181358093914279E-01    0.83271455573553174300E-14
    0.28169546124524522668E+01    0.35202354465780605342E+00    0.25140690695922180930E-14
    0.28257424092592593468E+01    0.62531703922836523457E+00   -0.40616364215584382245E-14
    0.28345302060660664267E+01    0.69602729913838912168E+00   -0.89731258532787795446E-14
    0.28433180028728730626E+01    0.54534928338461274855E+00   -0.10844675268593481717E-13
    0.28521057996796796985E+01    0.22180932461071317663E+00   -0.93881707558753345813E-14
    0.28608935964864867785E+01   -0.17240981106053085425E+00   -0.51677718542230978494E-14
    0.28696813932932934144E+01   -0.51267126614856850519E+00    0.62464481906410759936E-15
    0.28784691901001000502E+01   -0.69458122017329815279E+00    0.63900107740744000480E-14
    0.28872569869069071302E+01   -0.66560216087262247253E+00    0.10456609480635137377E-13
    0.28960447837137137661E+01   -0.43500571885003636030E+00    0.11617106207386494988E-13
    0.29048325805205204020E+01   -0.73370863212202333536E-01    0.96131195785494800161E-14
    0.29136203773273274820E+01    0.30953762476764218325E+00    0.51161711698321038273E-14
    0.29224081741341345619E+01    0.60155262444891877127E+00   -0.64168809703743062928E-15
    0.29311959709409407537E+01    0.71970849882252008189E+00   -0.62073973674547792696E-14
    0.29399837677477478337E+01    0.63032563992283519028E+00   -0.10138824230740107892E-13
    0.29487715645545549137E+01    0.36114331412705552582E+00   -0.11240822267432003631E-13
    0.29575593613613615496E+01   -0.91934043615385790948E-02   -0.89543277219861806899E-14
    0.29663471581681681855E+01   -0.37733094835118591304E+00   -0.38216457625379730620E-14
    0.29751349549749752654E+01   -0.64234585111408071256E+00    0.24907957564460740801E-14
    0.29839227517817819013E+01   -0.73205215337833806633E+00    0.79539751583305581286E-14
    0.29927105485885885372E+01   -0.62484130136835114300E+00    0.11036296652957294873E-13
    0.30014983453953956172E+01   -0.35197353596908026452E+00    0.11060737147479072373E-13
    0.30102861422022022531E+01    0.13946710091490857608E-01    0.82048407835488596768E-14
    0.30190739390090088889E+01    0.37664240937729293046E+00    0.33585414565106028376E-14
    0.30278617358158159689E+01    0.64236211489272398989E+00   -0.22100536144609680193E-14
    0.30366495326226230489E+01    0.74559550954101294629E+00   -0.72151859260353495154E-14
    0.30454373294294292407E+01    0.66240482382217924506E+00   -0.10604406952600772285E-13
    0.30542251262362363207E+01    0.41469702123690099782E+00   -0.11728597089400692356E-13
    0.30630129230430434006E+01    0.65575586576167022024E-01   -0.10427318957648867310E-13
    0.30718007198498500365E+01   -0.29927202286876147808E+00   -0.69808673893866305225E-14
    0.30805885166566566724E+01   -0.59318637322889333774E+00   -0.20322440982353182697E-14
    0.30893763134634637524E+01   -0.74732593813368464186E+00    0.34704347441418051279E-14
    0.30981641102702703883E+01   -0.72693697660396838778E+00    0.83263883901636818230E-14
    0.31069519070770770242E+01   -0.53947039149319053752E+00    0.11262560877192190397E-13
    0.31157397038838841041E+01   -0.22917981512661605992E+00    0.11331527058636788687E-13
    0.31245275006906907400E+01    0.13305835254341577545E+00    0.83070135057529789986E-14
    0.31333152974974973759E+01    0.46574173837769888840E+00    0.28192690862850693273E-14
    0.31421030943043044559E+01    0.69627969165065484169E+00   -0.37035972476103259185E-14
    0.31508908911111115358E+01    0.77642794959713667957E+00   -0.93730923812391369796E-14
    0.31596786879179177276E+01    0.69027759816994038733E+00   -0.12617607051420401721E-13
    0.31684664847247248076E+01    0.45812567655731351035E+00   -0.12893907930480027470E-13
    0.31772542815315318876E+01    0.13052292424332140319E+00   -0.10613784515656486348E-13
    0.31860420783383385235E+01   -0.22422478821506505731E+00   -0.65659964414566818033E-14
    0.31948298751451451594E+01   -0.53368619388732518871E+00   -0.15439782056200594850E-14
    0.32036176719519522393E+01   -0.73589145416129375654E+00    0.36141238330009599496E-14
    0.32124054687587593193E+01   -0.79245474117067515873E+00    0.79522252720226159997E-14
    0.32211932655655655111E+01   -0.69424097977702980966E+00    0.10632105534455341967E-13
    0.32299810623723725911E+01   -0.46182415648473756908E+00    0.11347496102163195250E-13
    0.32387688591791796711E+01   -0.14148905323700830539E+00    0.10396443645205800312E-13
    0.32475566559859858629E+01    0.20542860988314673443E+00    0.81670954826852751744E-14
    0.32563444527927929428E+01    0.51464844405059284593E+00    0.46618965352915126170E-14
    0.32651322495996000228E+01    0.73012233480013510878E+00   -0.17895697190691453241E-15
    0.32739200464064062146E+01    0.81430093692130567362E+00   -0.56835039310776268314E-14
    0.32827078432132132946E+01    0.75451108253455523300E+00   -0.10315098640993721149E-13
    0.32914956400200203745E+01    0.56306584641829249271E+00   -0.12680767527003062214E-13
    0.33002834368268265663E+01    0.27478695938423208789E+00   -0.12536309234937500638E-13
    0.33090712336336336463E+01   -0.59930056287033919848E-01   -0.10570564211102319879E-13
    0.33178590304404407263E+01   -0.38486022775493111681E+00   -0.74415971851180764860E-14
    0.33266468272472478063E+01   -0.64720904978322435497E+00   -0.33312830566379657468E-14
    0.33354346240540539981E+01   -0.80570527868792263249E+00    0.15642908992656561471E-14
    0.33442224208608610780E+01   -0.83733705520222634355E+00    0.64925970457874357982E-14
    0.33530102176676681580E+01   -0.73954477602728740937E+00    0.10352396245520023263E-13
    0.33617980144744743498E+01   -0.52935555159691749516E+00    0.12356754366568691204E-13
    0.33705858112812814298E+01   -0.24028712554688910763E+00    0.12377117189001548180E-13
    0.33793736080880885098E+01    0.83946149806934086679E-01    0.10717445486229074345E-13
    0.33881614048948947016E+01    0.39639417501037454983E+00    0.77994207132188229774E-14
    0.33969492017017017815E+01    0.65338388872081076819E+00    0.40530897486922853604E-14
    0.34057369985085088615E+01    0.82060342679698228263E+00   -0.63755060948311574358E-16
    0.34145247953153150533E+01    0.87739947876576918073E+00   -0.40746203418972884469E-14
    0.34233125921221221333E+01    0.81827106099463664535E+00   -0.75543172871474384873E-14
    0.34321003889289292133E+01    0.65310024083782569626E+00   -0.10194707216900847973E-13
    0.34408881857357362932E+01    0.40492438875194902703E+00   -0.11792093038541675177E-13
    0.34496759825425424850E+01    0.10614206291497080281E+00   -0.12189584484983774258E-13
    0.34584637793493495650E+01   -0.20575786622139227711E+00   -0.11271313532930825622E-13
    0.34672515761561566450E+01   -0.49302481459045638390E+00   -0.90434738139526959432E-14
    0.34760393729629628368E+01   -0.72230782805973758887E+00   -0.57054921134328607186E-14
    0.34848271697697699167E+01   -0.86808528242887417203E+00   -0.15959695978749829124E-14
    0.34936149665765769967E+01   -0.91523248899600617712E+00    0.29309672639254942139E-14
    0.35024027633833831885E+01   -0.86034692939160906100E+00    0.75271203153770051743E-14
    0.35111905601901902685E+01   -0.71122753704998331603E+00    0.11705048131883394265E-13
    0.35199783569969973485E+01   -0.48562485104364339072E+00    0.14742718315270001231E-13
    0.35287661538038035403E+01   -0.20878598628931571701E+00    0.15950184315874698422E-13
    0.35375539506106106202E+01    0.89736672886532822813E-01    0.15132140433828782667E-13
    0.35463417474174177002E+01    0.37929372727908294838E+00    0.12721215654019873114E-13
    0.35551295442242247802E+01    0.63128357056876405196E+00    0.93798248066355052396E-14
    0.35639173410310309720E+01    0.82203399684314260032E+00    0.55706912868254655200E-14
    0.35727051378378380520E+01    0.93468236547761029964E+00    0.14985802508492083120E-14
    0.35814929346446451319E+01    0.96038488239559827164E+00   -0.27235220240685281879E-14
    0.35902807314514513237E+01    0.89875606797634965961E+00   -0.69349506195369105420E-14
    0.35990685282582584037E+01    0.75719969441909862340E+00   -0.10855213825019855665E-13
    0.36078563250650654837E+01    0.54983173154409648031E+00   -0.14073028978785759277E-13
    0.36166441218718716755E+01    0.29579221946638406537E+00   -0.16217726023090405271E-13
    0.36254319186786787554E+01    0.17194071873559164249E-01   -0.17218830259414782492E-13
    0.36342197154854858354E+01   -0.26289815326824811370E+00   -0.17305507029104933558E-13
    0.36430075122922929154E+01   -0.52240114455600616949E+00   -0.16603311920385320732E-13
    0.36517953090990991072E+01   -0.74198871790660370085E+00   -0.14799502368097229972E-13
    0.36605831059059061872E+01   -0.90632690955538608435E+00   -0.11441082999470032574E-13
    0.36693709027127132671E+01   -0.10049518738868046253E+01   -0.65739685016493181192E-14
    0.36781586995195194589E+01   -0.10327296764839910548E+01   -0.93950216773549251864E-15
    0.36869464963263265389E+01   -0.98972289132330359962E+00    0.45311165852338719941E-14
    0.36957342931331336189E+01   -0.88082580075668415187E+00    0.92621703562465622649E-14
    0.37045220899399398107E+01   -0.71501718895079724447E+00    0.13115913389321198552E-13
    0.37133098867467468907E+01   -0.50438360118786795816E+00    0.16198566047728157085E-13
    0.37220976835535539706E+01   -0.26308668481146102458E+00    0.18645520742924761729E-13
    0.37308854803603601624E+01   -0.62722686654143036331E-02    0.20406858323801892208E-13
    0.37396732771671672424E+01    0.25098637753836711139E+00    0.21140706694488226617E-13
    0.37484610739739743224E+01    0.49456268226190586157E+00    0.20523779313785699412E-13
    0.37572488707807814023E+01    0.71202791449302704763E+00    0.18764688428065293694E-13
    0.37660366675875875941E+01    0.89321519294892626206E+00    0.16633712643048813071E-13
    0.37748244643943946741E+01    0.10305182500129734802E+01    0.14760382917948196956E-13
    0.37836122612012017541E+01    0.11190721405682984013E+01    0.13000525932953163709E-13
    0.37924000580080079459E+01    0.11567057984074136101E+01    0.10688627376817027477E-13
    0.38011878548148150259E+01    0.11437552322050492659E+01    0.73728062578564226139E-14
    0.38099756516216221058E+01    0.10827899764428314811E+01    0.31806324217670647306E-14
    0.38187634484284282976E+01    0.97822648870326689430E+00   -0.14046417891471261443E-14
    0.38275512452352353776E+01    0.83591514680833511886E+00   -0.58643025589600917925E-14
    0.38363390420420424576E+01    0.66272075453269863043E+00   -0.98418174795718582762E-14
    0.38451268388488486494E+01    0.46610267890527390389E+00   -0.13255272005764136587E-13
    0.38539146356556557294E+01    0.25373116581356608412E+00   -0.16252329645225822109E-13
    0.38627024324624628093E+01    0.33156637831676827322E-01   -0.18946734698718471856E-13
    0.38714902292692698893E+01   -0.18848945116797524713E+00   -0.21200602208551030739E-13
    0.38802780260760760811E+01   -0.40471823540074164383E+00   -0.22756054979988134894E-13
    0.38890658228828831611E+01   -0.60985956692403564539E+00   -0.23545125594530955200E-13
    0.38978536196896902410E+01   -0.79918651498652126808E+00   -0.23764404072063090793E-13
    0.39066414164964964328E+01   -0.96896988546360929284E+00   -0.23596075479520332981E-13
    0.39154292133033035128E+01   -0.11165035667818337117E+01   -0.22967010141510085682E-13
    0.39242170101101105928E+01   -0.12400770507286678068E+01   -0.21730667190313109017E-13
    0.39330048069169167846E+01   -0.13389158393589331020E+01   -0.20056937759034065932E-13
    0.39417926037237238646E+01   -0.14130948011283850363E+01   -0.18477466624514381842E-13
    0.39505804005305309445E+01   -0.14634159726383724198E+01   -0.17423202677193687977E-13
    0.39593681973373371363E+01   -0.14912773934083176641E+01   -0.16813513778516501166E-13
    0.39681559941441442163E+01   -0.14985366405860702788E+01   -0.16230969535930051654E-13
    0.39769437909509512963E+01   -0.14873725127120562828E+01   -0.15398864776461910173E-13
    0.39857315877577583763E+01   -0.14601583321817424022E+01   -0.14382611385269071155E-13
    0.39945193845645645681E+01   -0.14193519636637983439E+01   -0.13374223195240583679E-13
    0.40033071813713716480E+01   -0.13673955192576288109E+01   -0.12453261672653055615E-13
    0.40120949781781787280E+01   -0.13066376096175906785E+01   -0.11580413038530264777E-13
    0.40208827749849849198E+01   -0.12392697361585003346E+01   -0.10715008429750650565E-13
    0.40296705717917919998E+01   -0.11672809754493644885E+01   -0.98742519140935896653E-14
    0.40384583685985990797E+01   -0.10924370826687859193E+01   -0.90997456631695409552E-14
    0.40472461654054052715E+01   -0.10162691571111635014E+01   -0.84116667860679751375E-14
    0.40560339622122123515E+01   -0.94007854431080761781E+00   -0.77877600096730693726E-14
    0.40648217590190194315E+01   -0.86495079075513325861E+00   -0.71585456301821238559E-14
    0.40736095558258256233E+01   -0.79177155852877112441E+00   -0.64291628907389954309E-14
    0.40823973526326327033E+01   -0.72124446065848413223E+00   -0.55364679924128811391E-14
    0.40911851494394397832E+01   -0.65390953448260524805E+00   -0.45017400780151703918E-14
    0.40999729462462468632E+01   -0.59016258641687868725E+00   -0.34418316582560839876E-14
    0.41087607430530530550E+01   -0.53027487879975898633E+00   -0.25509954640460686344E-14
    0.41175485398598601350E+01   -0.47441145405250217948E+00   -0.20117417137875017711E-14
    0.41263363366666672150E+01   -0.42264753917200559297E+00   -0.18129800816223935373E-14
    0.41351241334734734068E+01   -0.37498377477137434521E+00   -0.16527704905835089181E-14
    0.41439119302802804867E+01   -0.33135866441883315980E+00   -0.12070217637389775584E-14
    0.41526997270870875667E+01   -0.29165945540783910772E+00   -0.55507477543785506922E-15
    0.41614875238938937585E+01   -0.25573223409571177456E+00   -0.18568901622931746785E-15
    0.41702753207007008385E+01   -0.22339107779693431755E+00   -0.42338202342923246097E-15
    0.41790631175075079184E+01   -0.19442670850444346287E+00   -0.96182786292318490797E-15
    0.41878509143143141102E+01   -0.16861406551644406160E+00   -0.11803789516804558120E-14
    0.41966387111211211902E+01   -0.14571920716883343672E+00   -0.83243873511150825448E-15
    0.42054265079279282702E+01   -0.12550522463108559901E+00   -0.25583147668948948566E-15
    0.42142143047347353502E+01   -0.10773687164786827086E+00    0.89340099076471264170E-16
    0.42230021015415415420E+01   -0.92184643535395197067E-01    0.75653899128380665584E-16
    0.42317898983483486219E+01   -0.78627831545088344711E-01   -0.12551933650144570354E-15
    0.42405776951551557019E+01   -0.66856975373863120060E-01   -0.32406072039325401711E-15
    0.42493654919619618937E+01   -0.56675681551657974833E-01   -0.46101835103814750505E-15
    0.42581532887687689737E+01   -0.47901638716092480308E-01   -0.56478011634889215299E-15
    0.42669410855755760537E+01   -0.40367295781906814556E-01   -0.67575983999147526232E-15
    0.42757288823823822455E+01   -0.33919925136752723804E-01   -0.79390852436557842330E-15
    0.42845166791891893254E+01   -0.28421343828114627172E-01   -0.84552345197280016560E-15
    0.42933044759959964054E+01   -0.23747421885940721287E-01   -0.72211413288679857734E-15
    0.43020922728028034854E+01   -0.19787335116754144193E-01   -0.41159595850786561434E-15
    0.43108800696096096772E+01   -0.16442740432322047045E-01   -0.80381049059841003827E-16
    0.43196678664164167571E+01   -0.13626856971663455984E-01    0.72636347291259182977E-16
    0.43284556632232238371E+01   -0.11263498124712492329E-01    0.56715373985829863935E-16
    0.43372434600300300289E+01   -0.92860982607558296975E-02    0.93934740213149897997E-16
    0.43460312568368371089E+01   -0.76367370188607291634E-02    0.31001250754389964076E-15
    0.43548190536436441889E+01   -0.62651926916647690188E-02    0.49593647584228224239E-15
    0.43636068504504503807E+01   -0.51280951669864923911E-02    0.31166083745234049201E-15
    0.43723946472572574606E+01   -0.41881367575565126016E-02   -0.31170742198714161784E-15
    0.43811824440640645406E+01   -0.34133496098392290125E-02   -0.10529997488348169421E-14
    0.43899702408708707324E+01   -0.27764658546638627812E-02   -0.14644274535005080254E-14
    0.43987580376776778124E+01   -0.22543156063493082278E-02   -0.12659716903863744385E-14
    0.44075458344844848924E+01   -0.18272985584741338952E-02   -0.49982560566905224213E-15
    0.44163336312912919723E+01   -0.14788982891338184247E-02    0.41342506032972152060E-15
    0.44251214280980981641E+01   -0.11952485855682075215E-02    0.87835818137059994131E-15
    0.44339092249049052441E+01   -0.96476405552214710912E-03    0.64946629734534446689E-15
    0.44426970217117123241E+01   -0.77779961033232290074E-03    0.16803395519848957570E-15
    0.44514848185185185159E+01   -0.62636522672425789561E-03    0.78756917085152554813E-16
    0.44602726153253255958E+01   -0.50387149211899564735E-03    0.40990283102711277240E-15
    0.44690604121321326758E+01   -0.40490383231138389912E-03    0.49441770780069186056E-15
    0.44778482089389388676E+01   -0.32503140779264712897E-03   -0.14769448833159038979E-15
    0.44866360057457459476E+01   -0.26063327259153156465E-03   -0.11002842948479066502E-14
    0.44954238025525530276E+01   -0.20875981094976866592E-03   -0.14951195973451341790E-14
    0.45042115993593592194E+01   -0.16701362425171909160E-03   -0.96301383430112992410E-15
    0.45129993961661662993E+01   -0.13344816546876926136E-03    0.73395256234252103535E-16
    0.45217871929729733793E+01   -0.10648757929971630913E-03    0.97096127694445187727E-15
    0.45305749897797804593E+01   -0.84855421602465734413E-04    0.14234982857578843793E-14
    0.45393627865865866511E+01   -0.67519443455092960989E-04    0.14577128855545732086E-14
    0.45481505833933937311E+01   -0.53645137129762364610E-04    0.11675162555373745839E-14
    0.45569383802002008110E+01   -0.42557115194682988279E-04    0.60548963138985120491E-15
    0.45657261770070070028E+01   -0.33709755826857114346E-04   -0.11248941231159480874E-15
    0.45745139738138140828E+01   -0.26661536921847837651E-04   -0.73419358886510570155E-15
    0.45833017706206211628E+01   -0.21055766416906922624E-04   -0.10240499106520611451E-14
    0.45920895674274273546E+01   -0.16604719778025382173E-04   -0.99951354792285813707E-15
    0.46008773642342344345E+01   -0.13076382633787557539E-04   -0.91230842570520212275E-15
    0.46096651610410415145E+01   -0.10284217695785348687E-04   -0.91150473237484490637E-15
    0.46184529578478477063E+01   -0.80781696735268066406E-05   -0.80992570926265823179E-15
    0.46272407546546547863E+01   -0.63378641003256118783E-05   -0.36109894847025767835E-15
    0.46360285514614618663E+01   -0.49669701652104759643E-05    0.27058482994958510153E-15
    0.46448163482682689462E+01   -0.38884942152508496517E-05    0.54133620450352499501E-15
    0.46536041450750751380E+01   -0.30411485269256545895E-05    0.18107378496358518048E-15
    0.46623919418818822180E+01   -0.23761572814295195553E-05   -0.34866672465527715374E-15
    0.46711797386886892980E+01   -0.18548321627945094939E-05   -0.35986264188200238467E-15
    0.46799675354954954898E+01   -0.14465555700042231225E-05    0.18108721666216277216E-15
    0.46887553323023025698E+01   -0.11271114674729876052E-05    0.56523554829071236515E-15
    0.46975431291091096497E+01   -0.87741644900755914791E-06    0.23382012523983190657E-15
    0.47063309259159158415E+01   -0.68241406097348288737E-06   -0.51400008029852109430E-15
    0.47151187227227229215E+01   -0.53025681583562878551E-06   -0.92959325091370484005E-15
    0.47239065195295300015E+01   -0.41163845382202953914E-06   -0.68481548660834793227E-15
    0.47326943163363361933E+01   -0.31924715611690490325E-06   -0.10995791573773564021E-15
    0.47414821131431432732E+01   -0.24735632479147019875E-06    0.35502445697242524333E-15
    0.47502699099499503532E+01   -0.19147077636250798838E-06    0.63984115136057892212E-15
    0.47590577067567574332E+01   -0.14806949175212622247E-06    0.88452737484241584127E-15
    0.47678455035635636250E+01   -0.11439823962765507649E-06    0.10226437430034343695E-14
    0.47766333003703707050E+01   -0.88301226817228362823E-07    0.75616190148728423020E-15
    0.47854210971771777849E+01   -0.68096683803769686412E-07    0.84088433531576306978E-17
    0.47942088939839839767E+01   -0.52469765317705667634E-07   -0.77124981411449475236E-15
    0.48029966907907910567E+01   -0.40395071894575998215E-07   -0.10079847304738549394E-14
    0.48117844875975981367E+01   -0.31074336440480179900E-07   -0.66116358204548726311E-15
    0.48205722844044043285E+01   -0.23885912435825263281E-07   -0.26586214125279907975E-15
    0.48293600812112114085E+01   -0.18347438531110667757E-07   -0.23444660766912626874E-15
    0.48381478780180184884E+01   -0.14083762519232305904E-07   -0.33362197050045599698E-15
    0.48469356748248246802E+01   -0.10803937390314683054E-07   -0.75119417723250318051E-16
    0.48557234716316317602E+01   -0.82828153000629694285E-08    0.54530522068801968449E-15
    0.48645112684384388402E+01   -0.63461505727914615007E-08    0.95666305799069878785E-15
    0.48732990652452459202E+01   -0.48595847414046199976E-08    0.69524964513881267015E-15
    0.48820868620520521119E+01   -0.37192088430878087965E-08   -0.51980070586055159275E-16
    0.48908746588588591919E+01   -0.28448770126824465559E-08   -0.71322439167290052082E-15
    0.48996624556656662719E+01   -0.21749005490262923820E-08   -0.92435074124296748927E-15
    0.49084502524724724637E+01   -0.16617757743338910171E-08   -0.73948493993373285962E-15
    0.49172380492792795437E+01   -0.12690450169736071362E-08   -0.38058080382591377776E-15
    0.49260258460860866236E+01   -0.96862010340637354296E-09    0.92618432870082017793E-17
    0.49348136428928928154E+01   -0.73891356515213407008E-09    0.37212513392611071489E-15
    0.49436014396996998954E+01   -0.56337027596471921511E-09    0.64212129558103898347E-15
    0.49523892365065069754E+01   -0.42928738777733051679E-09    0.73601664427250270050E-15
    0.49611770333133140554E+01   -0.32694696135882349492E-09    0.64447148702518583057E-15
    0.49699648301201202472E+01   -0.24887895325790626270E-09    0.48739677594884266653E-15
    0.49787526269269273271E+01   -0.18935459396631332798E-09    0.41498609884777874402E-15
    0.49875404237337344071E+01   -0.14399247021357002354E-09    0.45621696100075634093E-15
    0.49963282205405405989E+01   -0.10944138878362957803E-09    0.50870103902314532989E-15
    0.50051160173473476789E+01   -0.83145559164860631403E-10    0.49099226226949967905E-15
    0.50139038141541547589E+01   -0.63145173936771208111E-10    0.45675512117822898286E-15
    0.50226916109609609506E+01   -0.47940625524511016409E-10    0.52053708351981601474E-15
    0.50314794077677680306E+01   -0.36387557151772412248E-10    0.71135569116066847707E-15
    0.50402672045745751106E+01   -0.27612634112648732970E-10    0.92397979905678121674E-15
    0.50490550013813813024E+01   -0.20951335891564992029E-10    0.98520243919103504306E-15
    0.50578427981881883824E+01   -0.15895331645908958184E-10    0.75346694851183899909E-15
    0.50666305949949954623E+01   -0.12057155712077980207E-10    0.26066449137670221325E-15
    0.50754183918018025423E+01   -0.91431045185485161605E-11   -0.16492617939635749436E-15
    0.50842061886086087341E+01   -0.69309771746657019053E-11   -0.80602664769423852527E-16
    0.50929939854154158141E+01   -0.52528832503140725494E-11    0.55717756094560604771E-15
    0.51017817822222228941E+01   -0.39806615999769207710E-11    0.11259266283526284289E-14
    0.51105695790290290859E+01   -0.30164245277715219283E-11    0.92536656964577730776E-15
    0.51193573758358361658E+01   -0.22855385419431416279E-11    0.31381910450207003795E-16
    0.51281451726426432458E+01   -0.17311969558693492883E-11   -0.72270315716833488343E-15
    0.51369329694494494376E+01   -0.13106454336913048951E-11   -0.73430790640785587606E-15
    0.51457207662562565176E+01   -0.99185974426788779510E-12   -0.32454233652982229234E-15
    0.51545085630630635976E+01   -0.75075928016889716679E-12   -0.16275696495403089112E-15
    0.51632963598698697893E+01   -0.56876184179542234213E-12   -0.26365784613847530430E-15
    0.51720841566766768693E+01   -0.43121342980221016816E-12    0.41372478202369738159E-16
    0.51808719534834839493E+01   -0.32676635645430719635E-12    0.10556475668662947721E-14
    0.51896597502902910293E+01   -0.24693301123638256996E-12    0.20282108480275145628E-14
    0.51984475470970972211E+01   -0.18571394646034555669E-12    0.19438390314942041452E-14
    0.52072353439039043010E+01   -0.13920488714636675431E-12    0.79345709423920608507E-15
    0.52160231407107113810E+01   -0.10478978333152174461E-12   -0.37189431140695174316E-15
    0.52248109375175184610E+01   -0.79903785992891661745E-13   -0.71942895925190380473E-15
    0.52335987343243246528E+01   -0.61349126849641948260E-13   -0.54732736127275029800E-15
    0.52423865311311317328E+01   -0.46326973270030507316E-13   -0.61141503967530651698E-15
    0.52511743279379388127E+01   -0.33967245661364211757E-13   -0.92565760461451007786E-15
    0.52599621247447450045E+01   -0.25057441599769285875E-13   -0.71692186538242150617E-15
    0.52687499215515520845E+01   -0.19835592139607335553E-13    0.36748274618206853117E-15
    0.52775377183583591645E+01   -0.16547754331584908281E-13    0.14741949320730658140E-14
    0.52863255151651653563E+01   -0.12918374388067714515E-13    0.14434801950184627996E-14
    0.52951133119719724363E+01   -0.85504062851696641732E-14    0.24173295780594032119E-15
    0.53039011087787795162E+01   -0.50399198131760448166E-14   -0.96795247595085430933E-15
    0.53126889055855857080E+01   -0.36336199675493800023E-14   -0.12189388929642939908E-14
    0.53214767023923927880E+01   -0.35540887130323075303E-14   -0.75152076840374754275E-15
    0.53302644991991998680E+01   -0.31534851209483381921E-14   -0.37941815952775571244E-15
    0.53390522960060069479E+01   -0.20048701331668163841E-14   -0.30789917114163682520E-15
    0.53478400928128131397E+01   -0.11489263903322711460E-14    0.17115551184102914084E-17
    0.53566278896196202197E+01   -0.13672952225349205291E-14    0.84855364561311076911E-15
    0.53654156864264272997E+01   -0.19652475628144602503E-14    0.16318558706251809539E-14
    0.53742034832332334915E+01   -0.17227825615262002141E-14    0.15123438319870236107E-14
    0.53829912800400405715E+01   -0.53900886118627459744E-15    0.48459327439932408584E-15
    0.53917790768468476514E+01    0.44916099624810052522E-15   -0.56803246923315238798E-15
    0.54005668736536538432E+01    0.36061395224945219014E-15   -0.89184177951679093153E-15
    0.54093546704604609232E+01   -0.37062338253280939340E-15   -0.60487363451449263891E-15
    0.54181424672672680032E+01   -0.73192706175853561285E-15   -0.27717559206619242559E-15
    0.54269302640740750832E+01   -0.44988575114766055747E-15   -0.12622164426818535677E-15
    0.54357180608808812750E+01   -0.16421007324217118326E-15    0.11326008991705285251E-15
    0.54445058576876883549E+01   -0.40085888671951617914E-15    0.60990833199380254024E-15
    0.54532936544944954349E+01   -0.84279356075899875726E-15    0.10372150540232914172E-14
    0.54620814513013016267E+01   -0.85210985156662242227E-15    0.92763243792747879730E-15
    0.54708692481081087067E+01   -0.38198531433776845357E-15    0.25918667071794885260E-15
    0.54796570449149157866E+01   -0.24421750776111089014E-16   -0.49191750012944139604E-15
    0.54884448417217219784E+01   -0.16424280959995272898E-15   -0.85329395673914354314E-15
    0.54972326385285290584E+01   -0.42781249186443176734E-15   -0.74890956686770072351E-15
    0.55060204353353361384E+01   -0.24162758728973576620E-15   -0.39462780629398556823E-15
    0.55148082321421423302E+01    0.29134809495235219875E-15   -0.16717882818205207938E-16
    0.55235960289489494102E+01    0.44517820080896926225E-15    0.26562617747799781856E-15
    0.55323838257557564901E+01   -0.13012441460184489242E-15    0.38396575022384453897E-15
    0.55411716225625635701E+01   -0.79826037579637313878E-15    0.27656824837632743139E-15
    0.55499594193693697619E+01   -0.68399694690563386408E-15   -0.59197876678825989421E-16
    0.55587472161761768419E+01    0.19518732466345013165E-15   -0.49187986645276914433E-15
    0.55675350129829839219E+01    0.91607472035423744906E-15   -0.79447842587278459408E-15
    0.55763228097897901137E+01    0.76782772237035604564E-15   -0.79678714603079724535E-15
    0.55851106065965971936E+01    0.27574253863875987038E-16   -0.49408351318456885162E-15
    0.55938984034034042736E+01   -0.55468895149398347430E-15   -0.24047899366773720589E-17
    0.56026862002102104654E+01   -0.67384205533813550911E-15    0.53648319074628135897E-15
    0.56114739970170175454E+01   -0.63564477718477684067E-15    0.97819192254225994369E-15
    0.56202617938238246253E+01   -0.76145320351920719802E-15    0.11276846842007822971E-14
    0.56290495906306308171E+01   -0.94937166693381596842E-15    0.76204073164522426361E-15
    0.56378373874374378971E+01   -0.90454945548719909031E-15   -0.14182271522996703929E-15
    0.56466251842442449771E+01   -0.57600395147573281462E-15   -0.11618661412633841975E-14
    0.56554129810510520571E+01   -0.20985821170252586631E-15   -0.16241042215127805450E-14
    0.56642007778578582489E+01   -0.18685025052937925908E-16   -0.12205492198998852933E-14
    0.56729885746646653288E+01    0.47790462226361043786E-16   -0.36436698795563042207E-15
    0.56817763714714724088E+01    0.14281206445540299157E-15    0.26437503562856266849E-15
    0.56905641682782786006E+01    0.25174044021361652611E-15    0.40011398709207773751E-15
    0.56993519650850856806E+01    0.19516832207456475539E-15    0.27860875442782003829E-15
    0.57081397618918927606E+01   -0.99121285327253349818E-16    0.13821101784653214546E-15
    0.57169275586986989524E+01   -0.42988632661566290503E-15   -0.11414177914063659088E-15
    0.57257153555055060323E+01   -0.51150179710161893268E-15   -0.62612478323819082361E-15
    0.57345031523123131123E+01   -0.26281624982401463155E-15   -0.11662462908762144766E-14
    0.57432909491191193041E+01    0.15283356813331149665E-15   -0.12179172496122699150E-14
    0.57520787459259263841E+01    0.53128695044968597599E-15   -0.58217147085917975240E-15
    0.57608665427327334640E+01    0.78242843718362916885E-15    0.27786204852223743551E-15
    0.57696543395395405440E+01    0.88292158694362672541E-15    0.70019522040349918891E-15
    0.57784421363463467358E+01    0.77254603824684225295E-15    0.50277559047431826080E-15
    0.57872299331531538158E+01    0.38806576312653792034E-15    0.46745175055217164719E-16
    0.57960177299599608958E+01   -0.17301023894478305119E-15   -0.29490356837231895571E-15
    0.58048055267667670876E+01   -0.60154143065292897689E-15   -0.51671024836115519866E-15
    0.58135933235735741675E+01   -0.64419470315648192290E-15   -0.79337555115789693769E-15
    0.58223811203803812475E+01   -0.42634216271308606912E-15   -0.11241695327276474767E-14
    0.58311689171871874393E+01   -0.34459966773451333836E-15   -0.12768432850266745989E-14
    0.58399567139939945193E+01   -0.55648117104754359000E-15   -0.10221129624230914026E-14
    0.58487445108008015993E+01   -0.70977675844465172440E-15   -0.33883135360628056576E-15
    0.58575323076076077911E+01   -0.38161080487249503680E-15    0.54549462868699907323E-15
    0.58663201044144148710E+01    0.31778847619967867232E-15    0.11993024737377469503E-14
    0.58751079012212219510E+01    0.80023805308858442389E-15    0.11903476792076443711E-14
    0.58838956980280290310E+01    0.67322481504638713411E-15    0.42880530611473995407E-15
    0.58926834948348352228E+01    0.16490099270393747605E-15   -0.67046421759003090275E-15
    0.59014712916416423027E+01   -0.24182184958768307805E-15   -0.15031800821179985317E-14
    0.59102590884484493827E+01   -0.38591592275814774191E-15   -0.17197084173901061358E-14
    0.59190468852552555745E+01   -0.47572905334312725279E-15   -0.13601745086633212937E-14
    0.59278346820620626545E+01   -0.64139540727023219969E-15   -0.69461997988293455841E-15
    0.59366224788688697345E+01   -0.67123811818057976782E-15   -0.38172661060929252094E-16
    0.59454102756756759263E+01   -0.33765970292161691920E-15    0.40189632850982853949E-15
    0.59541980724824830062E+01    0.15049670597147405158E-15    0.63564107056002893771E-15
    0.59629858692892900862E+01    0.27115321963134275759E-15    0.79302566438677994334E-15
    0.59717736660960962780E+01   -0.16265063424809624146E-15    0.84390603095850422556E-15
    0.59805614629029033580E+01   -0.66520281090004012982E-15    0.50591751235936049646E-15
    0.59893492597097104380E+01   -0.62999904553081844468E-15   -0.35090273222961648852E-15
    0.59981370565165175179E+01   -0.78078739183931266105E-16   -0.12348128334172741732E-14
    0.60069248533233237097E+01    0.39603305015019181073E-15   -0.13008326624291220231E-14
    0.60157126501301307897E+01    0.40877413811118317864E-15   -0.28013369447500454153E-15
    0.60245004469369378697E+01    0.24947459858188565459E-15    0.10459583698910571630E-14
    0.60332882437437440615E+01    0.37502479116072367762E-15    0.16281672586979378316E-14
    0.60420760405505511415E+01    0.68726086366797265699E-15    0.12212630765326069415E-14
    0.60508638373573582214E+01    0.62902088580273623087E-15    0.44146726047254716036E-15
    0.60596516341641644132E+01    0.15354476462742530228E-16   -0.97710265432931576513E-16
    0.60684394309709714932E+01   -0.53726504374662432268E-15   -0.37036841772483874909E-15
    0.60772272277777785732E+01   -0.32198687394713456805E-15   -0.61169103659674735753E-15
    0.60860150245845856531E+01    0.51341993119922662553E-15   -0.76033636092199756180E-15
    0.60948028213913918449E+01    0.10909842717140863284E-14   -0.47840187232943338409E-15
    0.61035906181981989249E+01    0.87953207636097146612E-15    0.31126620849204629969E-15
    0.61123784150050060049E+01    0.31734716074709489936E-15    0.11378489800576812398E-14
    0.61211662118118121967E+01    0.12635858351295053216E-15    0.14135791595223657642E-14
    0.61299540086186192767E+01    0.33303611942134433833E-15    0.10253136879244446543E-14
    0.61387418054254263566E+01    0.32079930623012093501E-15    0.35711654049354959734E-15
    0.61475296022322325484E+01   -0.20588243576910939115E-15   -0.19389893905406093756E-15
    0.61563173990390396284E+01   -0.69703903103596010535E-15   -0.54290006162166885249E-15
    0.61651051958458467084E+01   -0.48098943887191574574E-15   -0.74235249114126012739E-15
    0.61738929926526529002E+01    0.26070793284922539738E-15   -0.69028961936705527399E-15
    0.61826807894594599802E+01    0.64193686837875890859E-15   -0.19002437937711787430E-15
    0.61914685862662670601E+01    0.20063153229091782899E-15    0.68489558186064495316E-15
    0.62002563830730741401E+01   -0.48320357606617035249E-15    0.14347494430234736948E-14
    0.62090441798798803319E+01   -0.58068254838527305515E-15    0.15292806411814854145E-14
    0.62178319766866874119E+01   -0.10079755806934967374E-15    0.91228035280789698761E-15
    0.62266197734934944918E+01    0.19190575985105381229E-15    0.13966955063427854291E-16
    0.62354075703003006836E+01   -0.12783780067460796099E-15   -0.66760713316207709251E-15
    0.62441953671071077636E+01   -0.53795013070749450884E-15   -0.88680131511594834697E-15
    0.62529831639139148436E+01   -0.31155022690233813495E-15   -0.63724028647595029798E-15
    0.62617709607207210354E+01    0.46278610089311960660E-15   -0.37370011005514867971E-16
    0.62705587575275281154E+01    0.96006058479259422694E-15    0.70983450953228773743E-15
    0.62793465543343351953E+01    0.64278893239403777087E-15    0.12939951041376934006E-14
    0.62881343511411413871E+01   -0.12815420173754510863E-15    0.13594309233110666646E-14
    0.62969221479479484671E+01   -0.63797438366721544820E-15    0.77031145755221137203E-15
    0.63057099447547555471E+01   -0.63082381179191279836E-15   -0.13102227377567650236E-15
    0.63144977415615626271E+01   -0.39919415120054934324E-15   -0.71480855311308646226E-15
    0.63232855383683688189E+01   -0.25074904886256661114E-15   -0.62952308763942727789E-15
    0.63320733351751758988E+01   -0.15401133555798598806E-15   -0.11340980142372362810E-15
    0.63408611319819829788E+01    0.67156320432508904213E-16    0.34357163729076951555E-15
    0.63496489287887891706E+01    0.40782840463162054852E-15    0.48995078842171598767E-15
    0.63584367255955962506E+01    0.66376526368142481543E-15    0.42036967940253817153E-15
    0.63672245224024033305E+01    0.67509471677783179122E-15    0.35294230033970751880E-15
    0.63760123192092095223E+01    0.48352583775254499342E-15    0.42138772722336846503E-15
    0.63848001160160166023E+01    0.23737118150958546252E-15    0.58197552987790559018E-15
    0.63935879128228236823E+01    0.33512848299791072311E-16    0.59428395406144913184E-15
    0.64023757096296298741E+01   -0.12165537995427013500E-15    0.21083921708334690010E-15
    0.64111635064364369541E+01   -0.24917950124683566123E-15   -0.47126057437274019447E-15
    0.64199513032432440340E+01   -0.33947871845352371763E-15   -0.91942713828947715917E-15
    0.64287391000500511140E+01   -0.33008629901937980902E-15   -0.67131671288533255015E-15
    0.64375268968568573058E+01   -0.11278858800040889861E-15    0.90322493723831808478E-16
    0.64463146936636643858E+01    0.35731128961148481744E-15    0.69211972677747583127E-15
    0.64551024904704714658E+01    0.87743402985647534227E-15    0.72099673896481163326E-15
    0.64638902872772776576E+01    0.99929965883144569722E-15    0.43420398493807674362E-15
    0.64726780840840847375E+01    0.44393402148966389396E-15    0.30454668181409431201E-15
    0.64814658808908918175E+01   -0.46145035219299295665E-15    0.39755551084422495339E-15
    0.64902536776976980093E+01   -0.98492052300012276925E-15    0.39129257752625035575E-15
    0.64990414745045050893E+01   -0.70604965760388022868E-15    0.12146354755849463546E-15
    0.65078292713113121692E+01    0.89631959339407884014E-16   -0.12660217008259497431E-15
    0.65166170681181183610E+01    0.81211002947018355375E-15    0.19805995412360822002E-16
    0.65254048649249254410E+01    0.11403591266762919680E-14    0.53522948281960060246E-15
    0.65341926617317325210E+01    0.11227954901513526734E-14    0.10014188511997199977E-14
    0.65429804585385396010E+01    0.88936559968983477898E-15    0.10147683374175526203E-14
    0.65517682553453457928E+01    0.46595520580999425019E-15    0.49218284206634612450E-15
    0.65605560521521528727E+01   -0.10945267526308131076E-15   -0.32695087602424192025E-15
    0.65693438489589599527E+01   -0.62032515044545422231E-15   -0.99866065859631354696E-15
    0.65781316457657661445E+01   -0.76069120182566406886E-15   -0.11217484445570043306E-14
    0.65869194425725732245E+01   -0.42609412906268940901E-15   -0.67475305967168004577E-15
    0.65957072393793803045E+01    0.14439130626298674776E-15   -0.10131334484822581460E-15
    0.66044950361861864963E+01    0.57818384697424191386E-15    0.14214760913701660378E-15
    0.66132828329929935762E+01    0.65513341423125379972E-15    0.93414887657042441229E-16
    0.66220706297998006562E+01    0.39990405991528684895E-15    0.15714239597182638301E-15
    0.66308584266066068480E+01    0.13526737628190518030E-16    0.48146039137305142129E-15
    0.66396462234134139280E+01   -0.24270844345901321090E-15    0.67311074763810328487E-15
    0.66484340202202210079E+01   -0.22478423083695174327E-15    0.31172203213753310034E-15
    0.66572218170270280879E+01   -0.51630382671025253016E-16   -0.42620109575783372721E-15
    0.66660096138338342797E+01    0.28289007771225182337E-16   -0.90710591810421046558E-15
    0.66747974106406413597E+01   -0.19261434377540977787E-16   -0.77492817763722007138E-15
    0.66835852074474484397E+01    0.98350010615047123151E-16   -0.32343456652737466456E-15
    0.66923730042542546315E+01    0.60154803916478625975E-15   -0.90655254382810225926E-17
    0.67011608010610617114E+01    0.11989544638059770494E-14    0.16679358713871641222E-15
    0.67099485978678687914E+01    0.12841824673340905641E-14    0.54494210400072035997E-15
    0.67187363946746749832E+01    0.61898185590456531673E-15    0.11353510096262525088E-14
    0.67275241914814820632E+01   -0.34149968302890474649E-15    0.13536710771871738239E-14
    0.67363119882882891432E+01   -0.94205787597351761975E-15    0.69465336664799022923E-15
    0.67450997850950962231E+01   -0.95947305414851678302E-15   -0.49769656862900777629E-15
    0.67538875819019024149E+01   -0.63615476735921300253E-15   -0.12769975503238913888E-14
    0.67626753787087094949E+01   -0.24996892592463648236E-15   -0.11157166025754300259E-14
    0.67714631755155165749E+01    0.14116591923005598348E-15   -0.43155461677138098866E-15
    0.67802509723223227667E+01    0.51273428465403249609E-15    0.26865360544332963277E-16
    0.67890387691291298466E+01    0.63133821777204977177E-15   -0.37420369375894561495E-17
    0.67978265659359369266E+01    0.22653928196169473888E-15   -0.24605901223970013812E-15
    0.68066143627427431184E+01   -0.53490787329725708426E-15   -0.41237440683411129686E-15
    0.68154021595495501984E+01   -0.95163690089058746130E-15   -0.52834699922616151531E-15
    0.68241899563563572784E+01   -0.49029768046215862149E-15   -0.73304409336409972535E-15
    0.68329777531631634702E+01    0.47295807590918038567E-15   -0.98072717084869598513E-15
    0.68417655499699705501E+01    0.96559557721390574763E-15   -0.10512298203588273435E-14
    0.68505533467767776301E+01    0.51399522646062097245E-15   -0.79529943964837711186E-15
    0.68593411435835847101E+01   -0.33459920388626235925E-15   -0.28865078266816771485E-15
    0.68681289403903909019E+01   -0.75982586290447119109E-15    0.23828271719347493352E-15
    0.68769167371971979819E+01   -0.60830982571184525338E-15    0.53642250032720618268E-15
    0.68857045340040050618E+01   -0.37516218485355272311E-15    0.46998907549877982907E-15
    0.68944923308108112536E+01   -0.46583721012562945368E-15    0.13638442789044258915E-15
    0.69032801276176183336E+01   -0.75817064625228082736E-15   -0.14439333568491591486E-15
    0.69120679244244254136E+01   -0.88242620036631674882E-15   -0.89066117652498615963E-16
    0.69208557212312316054E+01   -0.65195181829411298484E-15    0.28160107311275656764E-15
    0.69296435180380386853E+01   -0.18293125137602185392E-15    0.70991831692964953625E-15
    0.69384313148448457653E+01    0.22749481760939365424E-15    0.10127722624010871708E-14
    0.69472191116516519571E+01    0.27553067779748347913E-15    0.12355682175129434366E-14
    0.69560069084584590371E+01   -0.12139136295439575139E-15    0.14592959247752286904E-14
    0.69647947052652661171E+01   -0.65773000159588537282E-15    0.15674878573695018442E-14
    0.69735825020720731970E+01   -0.86213923027949941764E-15    0.13226018290539294709E-14
    0.69823702988788793888E+01   -0.59182106040160516911E-15    0.66577574720527093561E-15
    0.69911580956856864688E+01   -0.20748030865546112397E-15   -0.14595796185521327937E-15
    0.69999458924924935488E+01   -0.94477568897077350017E-16   -0.75125159043266579067E-15
    0.70087336892992997406E+01   -0.13622467449113289208E-15   -0.95438148151056358564E-15
    0.70175214861061068206E+01    0.10478610516670799947E-15   -0.78299749667426602012E-15
    0.70263092829129139005E+01    0.70451934262492911855E-15   -0.38730976688899056547E-15
    0.70350970797197200923E+01    0.11222297659963776077E-14    0.54038895780954566046E-16
    0.70438848765265271723E+01    0.83597198222749282399E-15    0.38668916364691972387E-15
    0.70526726733333342523E+01    0.50273511950608217098E-16    0.51562528367048155865E-15
    0.70614604701401404441E+01   -0.50223334232283778343E-15    0.41122296087483847462E-15
    0.70702482669469475240E+01   -0.40169094756376530564E-15    0.94816947655265649825E-16
    0.70790360637537546040E+01    0.52715361706979110498E-16   -0.36558977624237771171E-15
    0.70878238605605616840E+01    0.35683644770950582211E-15   -0.83733561118875670047E-15
    0.70966116573673678758E+01    0.43467063802298929448E-15   -0.11174480168159355251E-14
    0.71053994541741749558E+01    0.57669492699471458221E-15   -0.10187547055645078567E-14
    0.71141872509809820357E+01    0.88842201263854190246E-15   -0.51749551763184493246E-15
    0.71229750477877882275E+01    0.10550103414176841167E-14    0.18419206962710075469E-15
    0.71317628445945953075E+01    0.77142549821459223089E-15    0.76319851845588802933E-15
    0.71405506414014023875E+01    0.22278057837350591475E-15    0.92593954953168907173E-15
    0.71493384382082085793E+01   -0.98410151579718346683E-16    0.55263152857144201406E-15
    0.71581262350150156593E+01   -0.29990703693966887412E-16   -0.17405609500872928854E-15
    0.71669140318218227392E+01    0.27813863645091609912E-16   -0.80308776847326770030E-15
    0.71757018286286289310E+01   -0.30425368410906926070E-15   -0.94236406141967495954E-15
    0.71844896254354360110E+01   -0.75938238584646756178E-15   -0.58574800113944909920E-15
    0.71932774222422430910E+01   -0.68772715648161720799E-15   -0.46993328010365413091E-16
    0.72020652190490501710E+01    0.77639719984920052636E-16    0.37951241916932324074E-15
    0.72108530158558563627E+01    0.89376720470959884040E-15    0.62143605248672062844E-15
    0.72196408126626634427E+01    0.10527396289379320016E-14    0.73915198410369113938E-15
    0.72284286094694705227E+01    0.60877041520853720851E-15    0.77832198213724086499E-15
    0.72372164062762767145E+01    0.19415825217152978475E-15    0.72766999244398313552E-15
    0.72460042030830837945E+01    0.14742964799065033253E-15    0.55314441166607052999E-15
    0.72547919998898908744E+01    0.13133970481916333474E-15    0.24355005562409796049E-15
    0.72635797966966970662E+01   -0.26234042282572097533E-15   -0.13607490520231083851E-15
    0.72723675935035041462E+01   -0.82798901671647706968E-15   -0.41609479423376327763E-15
    0.72811553903103112262E+01   -0.94913448306566147248E-15   -0.42198394717225500173E-15
    0.72899431871171174180E+01   -0.39702880090212755936E-15   -0.15476558195519715772E-15
    0.72987309839239244980E+01    0.33465583031837150169E-15    0.16543666543002121019E-15
    0.73075187807307315779E+01    0.61093715815959612849E-15    0.31076471572130367976E-15
    0.73163065775375386579E+01    0.32926797145002292465E-15    0.26662147846040153103E-15
    0.73250943743443448497E+01   -0.12487543799158967071E-15    0.17724997042987720381E-15
    0.73338821711511519297E+01   -0.40863108046145907482E-15    0.10895078167496557721E-15
    0.73426699679579590097E+01   -0.51231687925772900298E-15   -0.39068172773671793363E-16
    0.73514577647647652014E+01   -0.55313647056942247681E-15   -0.33684170805010693094E-15
    0.73602455615715722814E+01   -0.50504784494840128472E-15   -0.61736934652947284018E-15
    0.73690333583783793614E+01   -0.24528226590636237837E-15   -0.58484408984709499874E-15
    0.73778211551851855532E+01    0.19160390189870099055E-15   -0.12925140556648868116E-15
    0.73866089519919926332E+01    0.53887349188610517004E-15    0.52260578085276514318E-15
    0.73953967487987997131E+01    0.56529896542704524058E-15    0.97221161864827892966E-15
    0.74041845456056067931E+01    0.34967444661342970636E-15    0.88731780248126671419E-15
    0.74129723424124129849E+01    0.17314554592500979425E-15    0.19208789689529213078E-15
    0.74217601392192200649E+01    0.16537938052017685351E-15   -0.79245275679694279055E-15
    0.74305479360260271449E+01    0.17761445194288564999E-15   -0.14385451875004285036E-14
    0.74393357328328333367E+01    0.82305601023947954439E-16   -0.12902198024898407784E-14
    0.74481235296396404166E+01    0.73967281271655852303E-16   -0.50671946525558449995E-15
    0.74569113264464474966E+01    0.47095829894132625686E-15    0.31245367089230192704E-15
    0.74656991232532536884E+01    0.12053808368606117908E-14    0.70317089351024858729E-15
    0.74744869200600607684E+01    0.16950264507378668678E-14    0.64828042736819216672E-15
    0.74832747168668678484E+01    0.14115246029268688743E-14    0.38012324167346936929E-15
    0.74920625136736740401E+01    0.46965708520309988773E-15    0.97555981879200965663E-16
    0.75008503104804811201E+01   -0.49513376805458118069E-15   -0.11059131351047314523E-15
    0.75096381072872882001E+01   -0.91283545277580341219E-15   -0.20413010754411017435E-15
    0.75184259040940952801E+01   -0.65034537621457743484E-15   -0.15730617622076593349E-15
    0.75272137009009014719E+01    0.46873634011652740807E-16    0.99192806494204585892E-17
    0.75360014977077085518E+01    0.73778782783996493247E-15    0.20200361252133540300E-15
    0.75447892945145156318E+01    0.10341555656961242271E-14    0.29860420275519028392E-15
    0.75535770913213218236E+01    0.87428131036895659561E-15    0.25414835244675060591E-15
    0.75623648881281289036E+01    0.56560226856796496823E-15    0.12913892502758406017E-15
    0.75711526849349359836E+01    0.43739673152473827823E-15    0.56341934291474658766E-18
    0.75799404817417421754E+01    0.48973985720856901776E-15   -0.12914189035872317550E-15
    0.75887282785485492553E+01    0.45974522991541695033E-15   -0.29496767490526595349E-15
    0.75975160753553563353E+01    0.15329309203358668733E-15   -0.45440382800241096505E-15
    0.76063038721621625271E+01   -0.35970050250028203323E-15   -0.46564234194840496820E-15
    0.76150916689689696071E+01   -0.81329083503225730692E-15   -0.23053013263582828604E-15
    0.76238794657757766871E+01   -0.89208688226337962904E-15    0.16537816431784105911E-15
    0.76326672625825837670E+01   -0.43258468776911291101E-15    0.50499669229707088228E-15
    0.76414550593893899588E+01    0.35951749511969961381E-15    0.61273610160166757011E-15
    0.76502428561961970388E+01    0.94797648445648619132E-15    0.46248171892317080439E-15
    0.76590306530030041188E+01    0.92601496901005877159E-15    0.16213811884623326643E-15
    0.76678184498098103106E+01    0.43634762506278811582E-15   -0.10314299735205965208E-15
    0.76766062466166173905E+01   -0.31069371817241922717E-16   -0.17376247854129919042E-15
    0.76853940434234244705E+01   -0.21706614705164427163E-15   -0.39588837271962886689E-16
    0.76941818402302306623E+01   -0.31209910908735034687E-15    0.14622501150454741582E-15
    0.77029696370370377423E+01   -0.54220682705800495055E-15    0.23495426868613956234E-15
    0.77117574338438448223E+01   -0.74245194015358126921E-15    0.24210842940996634882E-15
    0.77205452306506510141E+01   -0.53952812359074363177E-15    0.28352097384994822534E-15
    0.77293330274574580940E+01    0.10306884198773279917E-15    0.37825134923711208037E-15
    0.77381208242642651740E+01    0.71602803116247389146E-15    0.38739823636461218681E-15
    0.77469086210710722540E+01    0.80732613406859947418E-15    0.18876041299346272854E-15
    0.77556964178778784458E+01    0.36355900577717730004E-15   -0.14518589757141910061E-15
    0.77644842146846855258E+01   -0.24072295238643016629E-15   -0.39723599652086298761E-15
    0.77732720114914926057E+01   -0.69253166507604207939E-15   -0.39472914908770707603E-15
    0.77820598082982987975E+01   -0.95879724821599956477E-15   -0.12542225310686341074E-15
    0.77908476051051058775E+01   -0.10908476932365258880E-14    0.28178769766580101994E-15
    0.77996354019119129575E+01   -0.10048135286155015899E-14    0.61947751322899949159E-15
    0.78084231987187191493E+01   -0.57748186145959829971E-15    0.70944032727445725873E-15
    0.78172109955255262292E+01    0.77414315797686246441E-16    0.53028897509132117288E-15
    0.78259987923323333092E+01    0.57092964282481994196E-15    0.24060184557087671460E-15
    0.78347865891391395010E+01    0.59840621130435841985E-15    0.34529932838115481630E-16
    0.78435743859459465810E+01    0.27649118256804587588E-15   -0.67993690478475800539E-17
    0.78523621827527536610E+01   -0.45306149104610355026E-17    0.83749818668924463697E-16
    0.78611499795595607409E+01   -0.10870534886655482826E-16    0.24712826047561962462E-15
    0.78699377763663669327E+01    0.15593256510037619810E-15    0.44273067173146412053E-15
    0.78787255731731740127E+01    0.30768901845439794843E-15    0.61488192861784567486E-15
    0.78875133699799810927E+01    0.44035984313529680344E-15    0.66277063069075984394E-15
    0.78963011667867872845E+01    0.68282257294748504663E-15    0.49990160936809313220E-15
    0.79050889635935943645E+01    0.10576585154101595345E-14    0.16196199707146248863E-15
    0.79138767604004014444E+01    0.13841107052982024322E-14   -0.17178127455429604875E-15
    0.79226645572072076362E+01    0.14240320813096518949E-14   -0.29705013068848406569E-15
    0.79314523540140147162E+01    0.10591926879533888019E-14   -0.11539084850529695699E-15
    0.79402401508208217962E+01    0.36582934504723377643E-15    0.31766041339182701761E-15
    0.79490279476276279880E+01   -0.38204465377093670553E-15    0.80055594004310964862E-15
    0.79578157444344350679E+01   -0.80828900282062822331E-15    0.10603409885417296855E-14
    0.79666035412412421479E+01   -0.67357892429167507612E-15    0.92269411910116247603E-15
    0.79753913380480492279E+01   -0.78889848150807622717E-16    0.45205962597998736964E-15
    0.79841791348548554197E+01    0.60598548854429370730E-15   -0.11658378815988973662E-15
    0.79929669316616624997E+01    0.97810479823911157167E-15   -0.56465711175806765708E-15
    0.80017547284684695796E+01    0.80807325576714843544E-15   -0.78555503912129187536E-15
    0.80105425252752748833E+01    0.18244721475003445360E-15   -0.72785386375807387169E-15
    0.80193303220820819632E+01   -0.45834442463588277108E-15   -0.33742116408511191465E-15
    0.80281181188888890432E+01   -0.63846245532273096068E-15    0.36649421173873009282E-15
    0.80369059156956961232E+01   -0.34152419235393279937E-15    0.11488197143232613262E-14
    0.80456937125025032032E+01   -0.59871621807042311157E-16    0.15875356958867259466E-14
    0.80544815093093102831E+01   -0.15416075698833191019E-15    0.13677678560180174339E-14
    0.80632693061161173631E+01   -0.30494858812682869100E-15    0.55259391388362895246E-15
    0.80720571029229226667E+01    0.60585407462440313771E-16   -0.47362784161096387773E-15
    0.80808448997297297467E+01    0.82945356883193754921E-15   -0.12538000128658003029E-14
    0.80896326965365368267E+01    0.10684025376169714102E-14   -0.14709532481624496691E-14
    0.80984204933433439066E+01    0.14427201680907260857E-15   -0.10857872764391459048E-14
    0.81072082901501509866E+01   -0.12881024416210410429E-14   -0.39192364242297547460E-15
    0.81159960869569580666E+01   -0.19072421353668039671E-14    0.18331695626844979960E-15
    0.81247838837637633702E+01   -0.12098741957675544716E-14    0.40986614886793401048E-15
    0.81335716805705704502E+01    0.40719891073798838877E-17    0.37697652900889132810E-15
    0.81423594773773775302E+01    0.71708541373926658119E-15    0.29195889900259672911E-15
    0.81511472741841846101E+01    0.78753641351307088143E-15    0.26129112539588076978E-15
    0.81599350709909916901E+01    0.73165732438966712259E-15    0.28003305856067755196E-15
    0.81687228677977987701E+01    0.79108331465127350830E-15    0.33774453460989399761E-15
    0.81775106646046058501E+01    0.60783399785007884701E-15    0.46156176921426024936E-15
    0.81862984614114111537E+01   -0.13717468855320147695E-15    0.65525484713958154432E-15
    0.81950862582182182337E+01   -0.11100319115556278530E-14    0.84169513752859979518E-15
    0.82038740550250253136E+01   -0.16093418267613448675E-14    0.90539399524520457005E-15
    0.82126618518318323936E+01   -0.13297047455706793589E-14    0.78819169562605715727E-15
    0.82214496486386394736E+01   -0.63381650458780464704E-15    0.53013231479372221658E-15
    0.82302374454454465535E+01   -0.62202993257688039652E-16    0.22521045716358329705E-15
    0.82390252422522518572E+01    0.18396554127734391450E-15   -0.31180465052237640342E-16
    0.82478130390590589371E+01    0.23639538898314152721E-15   -0.15630758129830847260E-15
    0.82566008358658660171E+01    0.26344486119692505332E-15   -0.75374644520927552409E-16
    0.82653886326726730971E+01    0.29744827154141744303E-15    0.24511709046696099512E-15
    0.82741764294794801771E+01    0.26918387578057526272E-15    0.70823548946776370249E-15
    0.82829642262862872570E+01    0.89976857507340679610E-16    0.10428706776402190394E-14
    0.82917520230930943370E+01   -0.25464580801764073605E-15    0.97443554089013519159E-15
    0.83005398198998996406E+01   -0.61680279607285060805E-15    0.49609266110903790750E-15
    0.83093276167067067206E+01   -0.72925860854577426085E-15   -0.95338763548580724693E-16
    0.83181154135135138006E+01   -0.43421043715792124565E-15   -0.50803746746675526195E-15
    0.83269032103203208806E+01    0.12610980923216199319E-15   -0.72821719723560403783E-15
    0.83356910071271279605E+01    0.60643740875135844069E-15   -0.89003819166238284919E-15
    0.83444788039339350405E+01    0.70976027587302799528E-15   -0.94538481669211602085E-15
    0.83532666007407403441E+01    0.35684930810651328804E-15   -0.62767629469574064015E-15
    0.83620543975475474241E+01   -0.27586712770180896893E-15    0.15162949150752046593E-15
    0.83708421943543545041E+01   -0.80109575725717452804E-15    0.98257980911292721215E-15
    0.83796299911611615840E+01   -0.86672223439406400958E-15    0.12487423349966102917E-14
    0.83884177879679686640E+01   -0.48492249401751825733E-15    0.72449201314992169092E-15
    0.83972055847747757440E+01   -0.48759631877126856239E-16   -0.21915809364714687900E-15
    0.84059933815815828240E+01    0.95161278133251922648E-16   -0.98574254134345502598E-15
    0.84147811783883881276E+01    0.14668528198100448796E-16   -0.11721538755700113837E-14
    0.84235689751951952076E+01    0.90096355999708223844E-17   -0.72391098121779927373E-15
    0.84323567720020022875E+01    0.15395358216304404272E-15    0.69837076586749745106E-16
    0.84411445688088093675E+01    0.19414919928264192097E-15    0.73557879642059238684E-15
    0.84499323656156164475E+01   -0.59685139947015653885E-16    0.97218607262623553722E-15
    0.84587201624224235275E+01   -0.39037647380360510895E-15    0.90289622037314050576E-15
    0.84675079592292288311E+01   -0.41189257534958149473E-15    0.80478694288215761716E-15
    0.84762957560360359111E+01   -0.83591965681022174567E-16    0.60072729404723755838E-15
    0.84850835528428429910E+01    0.19505049163475701568E-15   -0.13908718036224216462E-15
    0.84938713496496500710E+01    0.89060851518778376440E-16   -0.14785159977620047107E-14
    0.85026591464564571510E+01   -0.23488988889973327133E-15   -0.25856936536105948161E-14
    0.85114469432632642309E+01   -0.34630419403785476342E-15   -0.23951871052957462257E-14
    0.85202347400700713109E+01   -0.11424936785560786932E-15   -0.82157079226072686338E-15
    0.85290225368768766145E+01    0.15065983857830466669E-15    0.10140813682195914760E-14
    0.85378103336836836945E+01    0.15480103437398235174E-15    0.19468839806897214692E-14
    0.85465981304904907745E+01    0.27177492308954365690E-16    0.18330704459902838599E-14
    0.85553859272972978545E+01    0.11167967139808667738E-15    0.12827041456452625436E-14
    0.85641737241041049344E+01    0.46733384649011391697E-15    0.73305228490154940230E-15
    0.85729615209109120144E+01    0.75515606883757731221E-15    0.10197661345885694305E-15
    0.85817493177177173180E+01    0.66987983819642374283E-15   -0.72183644792957426479E-15
    0.85905371145245243980E+01    0.32083918815519005325E-15   -0.14242239372726885257E-14
    0.85993249113313314780E+01    0.55902051043394266309E-16   -0.15180935892282876754E-14
    0.86081127081381385580E+01    0.20455105871993671791E-16   -0.92788706582073868802E-15
    0.86169005049449456379E+01    0.36430597725316440644E-16   -0.11970237675388563650E-15
    0.86256883017517527179E+01   -0.70173428975977255920E-16    0.40197711311796617424E-15
    0.86344760985585597979E+01   -0.18435559053299313818E-15    0.55040824205293460307E-15
    0.86432638953653651015E+01   -0.70379077370244869954E-16    0.51749901699508189329E-15
    0.86520516921721721815E+01    0.25258499907684951937E-15    0.35457774069450623615E-15
    0.86608394889789792614E+01    0.45253500680228602128E-15   -0.10802143467947155657E-15
    0.86696272857857863414E+01    0.26285349935391378008E-15   -0.87248727453166107169E-15
    0.86784150825925934214E+01   -0.19265059288588815048E-15   -0.14808605063333061515E-14
    0.86872028793994005014E+01   -0.54821035392882295723E-15   -0.13634334699918436872E-14
    0.86959906762062058050E+01   -0.57026579318428572063E-15   -0.46996115112929643054E-15
    0.87047784730130128850E+01   -0.31796111440036384053E-15    0.61504821699586121250E-15
    0.87135662698198199649E+01   -0.47984163598056870495E-17    0.12549777027921319092E-14
    0.87223540666266270449E+01    0.17519881288450560513E-15    0.12937024505836841508E-14
    0.87311418634334341249E+01    0.14549192249335660541E-15    0.96132497526603772069E-15
    0.87399296602402412049E+01   -0.56376150224286424509E-17    0.48057631127381500557E-15
    0.87487174570470482848E+01   -0.89144798157263243866E-16   -0.81925340150655135098E-16
    0.87575052538538535885E+01   -0.18585350666132667598E-16   -0.62422855442380480523E-15
    0.87662930506606606684E+01    0.55912316832066227786E-16   -0.85883201460919813655E-15
    0.87750808474674677484E+01   -0.64371707433867349263E-16   -0.51908425017608240177E-15
    0.87838686442742748284E+01   -0.30764177025299152061E-15    0.28656579093597494337E-15
    0.87926564410810819084E+01   -0.34045041550821758806E-15    0.10598356216357936883E-14
    0.88014442378878889883E+01   -0.58921418778244870013E-17    0.13447914397859816850E-14
    0.88102320346946942919E+01    0.35884898782967694156E-15    0.10988352163081414123E-14
    0.88190198315015013719E+01    0.27535652902952875515E-15    0.57942085996576905649E-15
    0.88278076283083084519E+01   -0.24267906206953581327E-15    0.91284224665990704532E-17
    0.88365954251151155319E+01   -0.62918330878014868214E-15   -0.52801284153416708058E-15
    0.88453832219219226118E+01   -0.45400358249071148556E-15   -0.88092989785461163088E-15
    0.88541710187287296918E+01    0.21802325695719843962E-16   -0.70720454060127737956E-15
    0.88629588155355367718E+01    0.18919955933741953249E-15    0.19354176737613405915E-15
    0.88717466123423420754E+01   -0.17151900912796264144E-15    0.13815801997109412703E-14
    0.88805344091491491554E+01   -0.69962607314782421911E-15    0.19007855921569491167E-14
    0.88893222059559562354E+01   -0.98015516262016128408E-15    0.11945564997988620326E-14
    0.88981100027627633153E+01   -0.10104764342639236065E-14   -0.20972090867653362352E-15
    0.89068977995695703953E+01   -0.10396122623464631465E-14   -0.12476741602261185560E-14
    0.89156855963763774753E+01   -0.11312167338035619451E-14   -0.13966196517200085203E-14
    0.89244733931831827789E+01   -0.10652281280069536684E-14   -0.99189073793630131247E-15
    0.89332611899899898589E+01   -0.68144580963726501665E-15   -0.55240522995358875702E-15
    0.89420489867967969388E+01   -0.15865477504903801225E-15   -0.16391139655055310100E-15
    0.89508367836036040188E+01    0.17540856067088174015E-15    0.36556621051216408139E-15
    0.89596245804104110988E+01    0.23108318922993535011E-15    0.10100309497642739575E-14
    0.89684123772172181788E+01    0.22439270935288309038E-15    0.14082071796994005826E-14
    0.89772001740240252587E+01    0.33653400047504206521E-15    0.12380847190232453766E-14
    0.89859879708308305624E+01    0.44328607043241752534E-15    0.55143630504884421396E-15
    0.89947757676376376423E+01    0.30408753725474391040E-15   -0.30457843104122011970E-15
    0.90035635644444447223E+01   -0.59470669805454326491E-16   -0.95729343386631694296E-15
    0.90123513612512518023E+01   -0.30764746757039981293E-15   -0.11843991153833848608E-14
    0.90211391580580588823E+01   -0.13466567318911730015E-15   -0.95991781832475094544E-15
    0.90299269548648659622E+01    0.42344835888972438224E-15   -0.44328701685139402328E-15
    0.90387147516716712659E+01    0.10527579828926432296E-14    0.13744066938305074327E-15
    0.90475025484784783458E+01    0.13991224484320577933E-14    0.63858430830055589491E-15
    0.90562903452852854258E+01    0.12510900796599186794E-14    0.10185526199219065925E-14
    0.90650781420920925058E+01    0.64252164218515785829E-15    0.11901092355121952228E-14
    0.90738659388988995858E+01   -0.12516242166871162027E-15    0.93755949494205174328E-15
    0.90826537357057066657E+01   -0.66743112907666914911E-15    0.12904107204921544597E-15
    0.90914415325125137457E+01   -0.78004087662103371590E-15   -0.97113496570493927744E-15
    0.91002293293193190493E+01   -0.52350208245709962038E-15   -0.17613007089300349350E-14
    0.91090171261261261293E+01   -0.86263404785414930486E-16   -0.18124812183828666955E-14
    0.91178049229329332093E+01    0.35865444690934070101E-15   -0.12575652910047452163E-14
    0.91265927197397402892E+01    0.69662733718557407283E-15   -0.56001785694172981079E-15
    0.91353805165465473692E+01    0.86619156936613654941E-15   -0.26709249481648013169E-16
    0.91441683133533544492E+01    0.84957351099164142395E-15    0.33713307357097985667E-15
    0.91529561101601597528E+01    0.66128823179438439712E-15    0.54958518065675431633E-15
    0.91617439069669668328E+01    0.34226269975896174694E-15    0.43854190065688321923E-15
    0.91705317037737739128E+01   -0.28075061603292385826E-16   -0.14669560920497232156E-15
    0.91793195005805809927E+01   -0.31717574265374661013E-15   -0.97094793770967282569E-15
    0.91881072973873880727E+01   -0.37663982784893681864E-15   -0.14612502102466184208E-14
    0.91968950941941951527E+01   -0.14052427412829352210E-15   -0.12492489940621987240E-14
    0.92056828910010004563E+01    0.29872179403102595166E-15   -0.57120042736491714935E-15
    0.92144706878078075363E+01    0.71424455021865914297E-15    0.23252869310725881276E-16
    0.92232584846146146162E+01    0.82284542309665621313E-15    0.23749436556573622541E-15
    0.92320462814214216962E+01    0.42874503461641532166E-15    0.18985118772294543015E-15
    0.92408340782282287762E+01   -0.36262219219606068234E-15    0.85430665600442667085E-16
    0.92496218750350358562E+01   -0.10663965402217862366E-14   -0.65799242744887094251E-16
    0.92584096718418411598E+01   -0.11837236058675578427E-14   -0.34054612593804316938E-15
    0.92671974686486482398E+01   -0.71268001075491116613E-15   -0.64378596063826242066E-15
    0.92759852654554553197E+01   -0.15334971080961590464E-15   -0.70944828846128078725E-15
    0.92847730622622623997E+01    0.79818783655341195676E-16   -0.40852983705584802295E-15
    0.92935608590690694797E+01    0.94924821704531119226E-16    0.36888796535177914596E-16
    0.93023486558758765597E+01    0.21285495598303422748E-15    0.27431764409432636506E-15
    0.93111364526826818633E+01    0.38404802829457162593E-15    0.20240324000025855285E-15
    0.93199242494894889433E+01    0.17876038518397870677E-15    0.32880952058614024334E-16
    0.93287120462962960232E+01   -0.55257819688654944339E-15   -0.23110024051700571054E-16
    0.93374998431031031032E+01   -0.12418867596525453687E-14   -0.19933912200041593425E-17
    0.93462876399099101832E+01   -0.11530715134978571213E-14   -0.53072133510564121273E-16
    0.93550754367167172632E+01   -0.27851004386659921857E-15   -0.16203989140501470402E-15
    0.93638632335235243431E+01    0.60080757983197019797E-15   -0.13374635710469420179E-15
    0.93726510303303296467E+01    0.82340777612782113310E-15    0.12382899596660437317E-15
    0.93814388271371367267E+01    0.54275018031120410954E-15    0.40835943915641871830E-15
    0.93902266239439438067E+01    0.33447297434977547894E-15    0.44807990900037261099E-15
    0.93990144207507508867E+01    0.39375383352915862481E-15    0.26731771522455363516E-15
    0.94078022175575579666E+01    0.37806360207975384374E-15    0.17184798526438001700E-15
    0.94165900143643650466E+01   -0.12733910557768136533E-17    0.30130511655173880412E-15
    0.94253778111711703502E+01   -0.51443752620977577046E-15    0.34384101349237222487E-15
    0.94341656079779774302E+01   -0.66930614433872938589E-15   -0.75467417539887228853E-16
    0.94429534047847845102E+01   -0.24368606595084475566E-15   -0.78680990370509693017E-15
    0.94517412015915915902E+01    0.54330975211539578844E-15   -0.11204892956281448127E-14
    0.94605289983983986701E+01    0.12797272864613333574E-14   -0.68769968299208972720E-15
    0.94693167952052057501E+01    0.16256560914787341506E-14    0.83798284151257047101E-16
    0.94781045920120128301E+01    0.14308464696026914014E-14    0.45663278162738955714E-15
    0.94868923888188181337E+01    0.77640943189577557100E-15    0.25424116377450680523E-15
    0.94956801856256252137E+01   -0.72816894148654442975E-16   -0.37868270467186535949E-16
    0.95044679824324322936E+01   -0.81085143234394861083E-15   -0.37586151148184724980E-16
    0.95132557792392393736E+01   -0.12185911845541509335E-14   -0.18332620586173369367E-16
    0.95220435760460464536E+01   -0.12074503754280975164E-14   -0.46312510561282096133E-15
    0.95308313728528535336E+01   -0.82254732935285609483E-15   -0.12774249801036025316E-14
    0.95396191696596588372E+01   -0.21634668224600161507E-15   -0.17507631071661452958E-14
    0.95484069664664659172E+01    0.40830783804410711358E-15   -0.13537386109791126964E-14
    0.95571947632732729971E+01    0.85786718012128666363E-15   -0.33955824194041423021E-15
    0.95659825600800800771E+01    0.10017493471481302467E-14    0.57458432807302794058E-15
    0.95747703568868871571E+01    0.81837520731091297258E-15    0.87460138619380835230E-15
    0.95835581536936942371E+01    0.40132562600676766143E-15    0.53244104269683049848E-15
    0.95923459505005013170E+01   -0.78138876745233605026E-16   -0.14957386746648561579E-15
    0.96011337473073066207E+01   -0.42318007689795870355E-15   -0.76416820226243432027E-15
    0.96099215441141137006E+01   -0.48517154549743948652E-15   -0.10278082400883602631E-14
    0.96187093409209207806E+01   -0.23785728946547197089E-15   -0.97504242033971360245E-15
    0.96274971377277278606E+01    0.21794861779521174242E-15   -0.87435292614271922008E-15
    0.96362849345345349406E+01    0.72450641892752946563E-15   -0.84988514511622985623E-15
    0.96450727313413420205E+01    0.11289353901010694521E-14   -0.66198515687007673790E-15
    0.96538605281481491005E+01    0.12900953960295295880E-14   -0.50605937962523566138E-16
    0.96626483249549544041E+01    0.10728765882905336994E-14    0.75783618455617778366E-15
    0.96714361217617614841E+01    0.42494680169255118152E-15    0.11217703618408700487E-14
    0.96802239185685685641E+01   -0.46183051007659943844E-15    0.67497752923060948930E-15
    0.96890117153753756440E+01   -0.11136832005797113966E-14   -0.21147499441888110363E-15
    0.96977995121821827240E+01   -0.11100908895054280893E-14   -0.84954082507713515928E-15
    0.97065873089889898040E+01   -0.51487467144687006963E-15   -0.94826239254371168340E-15
    0.97153751057957951076E+01    0.15408390649930769842E-15   -0.74602565508813519769E-15
    0.97241629026026021876E+01    0.44449600444033025973E-15   -0.51632134996189962543E-15
    0.97329506994094092676E+01    0.35254851057080471499E-15   -0.20244953078815739113E-15
    0.97417384962162163475E+01    0.13601688070284593698E-15    0.34318199742060092554E-15
    0.97505262930230234275E+01   -0.69237660512330775180E-16    0.93111919297052158841E-15
    0.97593140898298305075E+01   -0.33042826988934055743E-15    0.10792295659979962792E-14
    0.97681018866366375875E+01   -0.67493020656343708424E-15    0.55535435837943480417E-15
    0.97768896834434428911E+01   -0.92263047226137281007E-15   -0.27393085024807416452E-15
    0.97856774802502499710E+01   -0.84950316158398075295E-15   -0.81311808213650141196E-15
    0.97944652770570570510E+01   -0.45495650585193974109E-15   -0.83575946613930397481E-15
    0.98032530738638641310E+01    0.13615914407732142958E-16   -0.57915695997763932637E-15
    0.98120408706706712110E+01    0.29222203680924284415E-15   -0.30882036986299378300E-15
    0.98208286674774782909E+01    0.28710127305842101584E-15    0.36619937049846475845E-18
    0.98296164642842835946E+01    0.43018644729393898660E-16    0.46561961603172990942E-15
    0.98384042610910906745E+01   -0.36493196674907732513E-15    0.93995588338673817636E-15
    0.98471920578978977545E+01   -0.84672112029096560242E-15    0.10477589466088913638E-14
    0.98559798547047048345E+01   -0.12163859977930791432E-14    0.62551935479645788597E-15
    0.98647676515115119145E+01   -0.11839969879588232562E-14   -0.59390823519820389033E-17
    0.98735554483183189944E+01   -0.57615257239569783127E-15   -0.36734289810133697347E-15
    0.98823432451251260744E+01    0.39853701059343940996E-15   -0.32459641964380720596E-15
    0.98911310419319313780E+01    0.12289641811256974047E-14   -0.12782722205625697027E-15
    0.98999188387387384580E+01    0.15306847608897266196E-14    0.26168752382627109843E-16
    0.99087066355455455380E+01    0.13347450221268864957E-14    0.26748689255903435781E-15
    0.99174944323523526180E+01    0.88001025721530702994E-15    0.72101188034583140660E-15
    0.99262822291591596979E+01    0.26091266992533638212E-15    0.10309313783700904244E-14
    0.99350700259659667779E+01   -0.53581437693446840197E-15    0.59832261294809858343E-15
    0.99438578227727720815E+01   -0.12085807919167155202E-14   -0.47584209622580590675E-15
    0.99526456195795791615E+01   -0.10981853691850323823E-14   -0.10636655261304733762E-14
    0.99614334163863862415E+01   -0.26231296642892733508E-15   -0.52715883822323071820E-15
    0.99702212131931933214E+01   -0.10219437912822514482E-15   -0.12088072904663235462E-15
    0.99790090100000004014E+01    0.23723968084254764651E-14    0.16372851323713154036E-14
