    0.11999999999999999556E+01    0.00000000000000000000E+00    0.00000000000000000000E+00
    0.12087877968068068135E+01   -0.18379661353623163804E-11   -0.66142252672252587885E-17
    0.12175755936136136715E+01    0.27085467986281693972E-11    0.13531028431340228304E-16
    0.12263633904204203073E+01    0.26266815684973255735E-11    0.19825650159477304397E-16
    0.12351511872272271653E+01   -0.57982812671880450407E-11   -0.19387110147278847641E-16
    0.12439389840340340232E+01   -0.58126010343577321833E-11   -0.55106149111172083326E-16
    0.12527267808408408811E+01    0.10658899889770377012E-10   -0.37929802139308486717E-16
    0.12615145776476475170E+01    0.24708854875433323151E-10    0.16922391814816929583E-16
    0.12703023744544543749E+01    0.14492015570518535117E-10    0.56816596090225086790E-16
    0.12790901712612612329E+01   -0.10248857514298120400E-10    0.49543253099399115180E-16
    0.12878779680680680908E+01   -0.15335212464021369981E-10    0.48560309055194949539E-17
    0.12966657648748749487E+01    0.10115026029451756905E-10   -0.41232696842755102453E-16
    0.13054535616816815846E+01    0.29111050089194486845E-10   -0.49649623871353982860E-16
    0.13142413584884884425E+01    0.41912743047543823621E-11   -0.72889101861791942734E-17
    0.13230291552952953005E+01   -0.39468828949616257419E-10    0.48828697772111255386E-16
    0.13318169521021021584E+01   -0.33682669268127541826E-10    0.56495561828841176138E-16
    0.13406047489089087943E+01    0.33819389730616422256E-10   -0.40515666318745493474E-18
    0.13493925457157156522E+01    0.73178165121686792070E-10   -0.57051620695308943177E-16
    0.13581803425225225102E+01    0.36924760740374980011E-11   -0.38826269494274721679E-16
    0.13669681393293293681E+01   -0.10379098000586416253E-09    0.42598768077614689012E-16
    0.13757559361361360040E+01   -0.81847003331484593568E-10    0.98558889731978870368E-16
    0.13845437329429428619E+01    0.91830889290170148193E-10    0.73841164490689121748E-16
    0.13933315297497497198E+01    0.18685057555274897719E-09    0.13518094286716551539E-16
    0.14021193265565565778E+01    0.36526190432682948171E-11   -0.10857608777614878592E-16
    0.14109071233633634357E+01   -0.26998553166454144776E-09   -0.10457880644798545241E-16
    0.14196949201701700716E+01   -0.20629497600993761462E-09   -0.69089818600452827992E-16
    0.14284827169769769295E+01    0.24373765351468763459E-09   -0.21975452398051728056E-15
    0.14372705137837837874E+01    0.48203989116521453374E-09   -0.37739105340280590981E-15
    0.14460583105905906454E+01    0.72133140850768898335E-13   -0.44505753635999070631E-15
    0.14548461073973975033E+01   -0.70516531512260499115E-09   -0.45707335350330627153E-15
    0.14636339042042041392E+01   -0.52541996775796934472E-09   -0.53611909575293547737E-15
    0.14724217010110109971E+01    0.65186487626472479126E-09   -0.67734993590726386240E-15
    0.14812094978178178550E+01    0.12633277760244856609E-08   -0.65416024540890094140E-15
    0.14899972946246244909E+01    0.64588631943310663418E-11   -0.27191622601432112680E-15
    0.14987850914314313489E+01   -0.17729824617536901185E-08    0.31016754089195478847E-15
    0.15075728882382382068E+01   -0.11152113099001960707E-08    0.65774182662712450226E-15
    0.15163606850450450647E+01    0.23916280611788700813E-08    0.51201345112234424177E-15
    0.15251484818518519226E+01    0.50257386291825465712E-08    0.62607354565860745905E-16
    0.15339362786586585585E+01    0.44652421834364577186E-08   -0.31980793461052161297E-15
    0.15427240754654654165E+01    0.67900130090841106505E-08   -0.49137908362631546172E-15
    0.15515118722722722744E+01    0.26027865749250904497E-07   -0.56714528103082911565E-15
    0.15602996690790791323E+01    0.77253317135546469329E-07   -0.60410379397443635309E-15
    0.15690874658858859902E+01    0.18254849502667229672E-06   -0.42781561935292778802E-15
    0.15778752626926926261E+01    0.40938263942451408773E-06    0.95383826135392880202E-16
    0.15866630594994994841E+01    0.92748806993804339373E-06    0.70019371142594868674E-15
    0.15954508563063063420E+01    0.21093074795725459848E-05    0.85399745279954048258E-15
    0.16042386531131129779E+01    0.46790476404314231313E-05    0.33262956777792217771E-15
    0.16130264499199198358E+01    0.10063619150441459061E-04   -0.46643157817277310094E-15
    0.16218142467267266937E+01    0.21203031058011936297E-04   -0.95817488621940073171E-15
    0.16306020435335335517E+01    0.43732927673943590549E-04   -0.98129315853756847489E-15
    0.16393898403403404096E+01    0.88492121440690991703E-04   -0.82445710176054428886E-15
    0.16481776371471470455E+01    0.17534412211893740598E-03   -0.71990437980784208540E-15
    0.16569654339539539034E+01    0.33948819806413951111E-03   -0.53227849050075245394E-15
    0.16657532307607607613E+01    0.64316994788090296742E-03   -0.56021976445419961617E-16
    0.16745410275675676193E+01    0.11908969848212400643E-02    0.54925741444262435882E-15
    0.16833288243743744772E+01    0.21546798881682334599E-02    0.82104881474554356335E-15
    0.16921166211811811131E+01    0.38086557561298091390E-02    0.50321405828969572266E-15
    0.17009044179879879710E+01    0.65722037643918991556E-02   -0.14079458085493873436E-15
    0.17096922147947948289E+01    0.11069881358740674485E-01   -0.59324179274065298884E-15
    0.17184800116016014648E+01    0.18197244883062804743E-01   -0.51194505942018247022E-15
    0.17272678084084085448E+01    0.29186409261144706517E-01    0.86474215002685734472E-16
    0.17360556052152151807E+01    0.45669834773171706643E-01    0.87559345118180451749E-15
    0.17448434020220220386E+01    0.69714420204498653288E-01    0.13908849074450175151E-14
    0.17536311988288288966E+01    0.10378834826169525130E+00    0.14147663639831200092E-14
    0.17624189956356355324E+01    0.15067886629745480542E+00    0.13327640150454029419E-14
    0.17712067924424426124E+01    0.21325157116691215164E+00    0.18499242819563832402E-14
    0.17799945892492492483E+01    0.29406446659424129164E+00    0.31604207859788987246E-14
    0.17887823860560561062E+01    0.39486756747641510445E+00    0.46010338814064023564E-14
    0.17975701828628629642E+01    0.51588446316019909155E+00    0.55444558548524310710E-14
    0.18063579796696696000E+01    0.65502563720941786585E+00    0.64852806866690523953E-14
    0.18151457764764764580E+01    0.80714526527065755257E+00    0.86812204606824863649E-14
    0.18239335732832833159E+01    0.96335591186731439617E+00    0.12551082128070226952E-13
    0.18327213700900899518E+01    0.11107148729630693662E+01    0.16875426713480597462E-13
    0.18415091668968970318E+01    0.12327261935188045250E+01    0.20122684638279169141E-13
    0.18502969637037036676E+01    0.13103152510653237606E+01    0.22195207639914598742E-13
    0.18590847605105105256E+01    0.13239750605269648975E+01    0.24311089702554882668E-13
    0.18678725573173173835E+01    0.12569358412924429569E+01    0.27271252934046471689E-13
    0.18766603541241240194E+01    0.10985563301868332964E+01    0.30306446289524266310E-13
    0.18854481509309310994E+01    0.84793310913479913449E+00    0.31632764903722379809E-13
    0.18942359477377377353E+01    0.51720057279208098144E+00    0.29548460943566232244E-13
    0.19030237445445445932E+01    0.13253438841582612651E+00    0.23303035270814650509E-13
    0.19118115413513514511E+01   -0.26693175128560253651E+00    0.13718641631245089642E-13
    0.19205993381581580870E+01   -0.63231441766942175775E+00    0.30727667822348617011E-14
    0.19293871349649649449E+01   -0.91230650122534040491E+00   -0.65708053146524421127E-14
    0.19381749317717718029E+01   -0.10618889794256254344E+01   -0.15113211812425957684E-13
    0.19469627285785784387E+01   -0.10510643421865719649E+01   -0.23570745202945381740E-13
    0.19557505253853855187E+01   -0.87341046522111454031E+00   -0.31082208848925877586E-13
    0.19645383221921921546E+01   -0.55134676540008198398E+00   -0.33809208230533341475E-13
    0.19733261189989990125E+01   -0.13430143671716693321E+00   -0.28480792629271799141E-13
    0.19821139158058058705E+01    0.30655370843787316248E+00   -0.16597932259889351099E-13
    0.19909017126126125063E+01    0.68985944229228512992E+00   -0.34513475928197560941E-14
    0.19996895094194195863E+01    0.94083674630533653538E+00    0.71708564565846754009E-14
    0.20084773062262262222E+01    0.10068993377589627869E+01    0.15862669281472693251E-13
    0.20172651030330328581E+01    0.86947736335271497143E+00    0.24231151462195897516E-13
    0.20260528998398399381E+01    0.55259142342980660523E+00    0.30380102064600759459E-13
    0.20348406966466465740E+01    0.11980977314271316903E+00    0.29674520419863582256E-13
    0.20436284934534532098E+01   -0.33870867738251370094E+00    0.19875234800822607631E-13
    0.20524162902602602898E+01   -0.72301146473842070606E+00    0.40844817258139176365E-14
    0.20612040870670673698E+01   -0.94591163575921910489E+00   -0.12026344450479123036E-13
    0.20699918838738740057E+01   -0.95554974249298707534E+00   -0.24325914622261865426E-13
    0.20787796806806806416E+01   -0.74719356711636075730E+00   -0.31304591704153491326E-13
    0.20875674774874877215E+01   -0.36560425359582338078E+00   -0.32614618144595592209E-13
    0.20963552742942943574E+01    0.10111580992763082032E+00   -0.28001546368493753587E-13
    0.21051430711011009933E+01    0.54340528185524439309E+00   -0.17663511087175711853E-13
    0.21139308679079080733E+01    0.85665211900874815854E+00   -0.29784058196825108767E-14
    0.21227186647147147092E+01    0.96446914553339646581E+00    0.13298449223195543703E-13
    0.21315064615215213450E+01    0.83875224937165937522E+00    0.27310852362104643433E-13
    0.21402942583283284250E+01    0.50982662062436023831E+00    0.34899585938488041096E-13
    0.21490820551351350609E+01    0.56612342274439175771E-01    0.33376729230773477379E-13
    0.21578698519419421409E+01   -0.41094398594190512108E+00    0.23240910679467080965E-13
    0.21666576487487487768E+01   -0.77700402063699203214E+00    0.78068363429762810145E-14
    0.21754454455555558567E+01   -0.95062783781816706519E+00   -0.88453841092719675901E-14
    0.21842332423623624926E+01   -0.88944274784808341483E+00   -0.23364505816845734007E-13
    0.21930210391691691285E+01   -0.60725686851246718501E+00   -0.33089653675843327922E-13
    0.22018088359759762085E+01   -0.17366252359656111914E+00   -0.35694374050114413525E-13
    0.22105966327827828444E+01    0.30263329873839511786E+00   -0.29764020416039371917E-13
    0.22193844295895894803E+01    0.70346234658645789839E+00   -0.16093553919386662083E-13
    0.22281722263963965602E+01    0.92957728633821701258E+00    0.18532072531463753638E-14
    0.22369600232032031961E+01    0.92350592842688528084E+00    0.19363049974055695389E-13
    0.22457478200100098320E+01    0.68718083964357101756E+00    0.32294623575608251509E-13
    0.22545356168168169120E+01    0.28036753761036425914E+00    0.37870040626775528914E-13
    0.22633234136236239920E+01   -0.19654719722447458463E+00    0.34639629317722004891E-13
    0.22721112104304301837E+01   -0.62501198822263204224E+00    0.22647485858504015110E-13
    0.22808990072372372637E+01   -0.89799125012102087862E+00    0.41816878529828289310E-14
    0.22896868040440443437E+01   -0.94911076066808208740E+00   -0.15697703075184870833E-13
    0.22984746008508509796E+01   -0.76669361892781362489E+00   -0.30827916058207240362E-13
    0.23072623976576576155E+01   -0.39520989368759190663E+00   -0.37271941461959507697E-13
    0.23160501944644646954E+01    0.73022518256462498609E-01   -0.35030092954093696521E-13
    0.23248379912712713313E+01    0.52306442004870579154E+00   -0.26147565131901693463E-13
    0.23336257880780779672E+01    0.84674491931456774552E+00   -0.12209865704174441804E-13
    0.23424135848848850472E+01    0.96645317828569177188E+00    0.54920588619662742186E-14
    0.23512013816916916831E+01    0.85384047427649423234E+00    0.23765345344712978052E-13
    0.23599891784984983190E+01    0.53820363694473849492E+00    0.36952575242566751334E-13
    0.23687769753053053989E+01    0.95347735071455580469E-01    0.40044861886126225270E-13
    0.23775647721121124789E+01   -0.37049083998168769183E+00    0.32235633927293903038E-13
    0.23863525689189186707E+01   -0.75003918640491240577E+00    0.16860900168657400427E-13
    0.23951403657257257507E+01   -0.95603309381109058407E+00   -0.14578146770453377127E-14
    0.24039281625325328307E+01   -0.94360503194013733985E+00   -0.18931551638357202923E-13
    0.24127159593393394665E+01   -0.71675345362887954437E+00   -0.32691455712047689347E-13
    0.24215037561461461024E+01   -0.32821845119153603143E+00   -0.40369966050650564761E-13
    0.24302915529529531824E+01    0.13328689009317970515E+00   -0.40239646078012015029E-13
    0.24390793497597598183E+01    0.56550442133075506934E+00   -0.31787392774377222219E-13
    0.24478671465665664542E+01    0.87455860409759988983E+00   -0.16165165405752842285E-13
    0.24566549433733735341E+01    0.99394854636620832977E+00    0.36899621771629423287E-14
    0.24654427401801801700E+01    0.90020662802109618905E+00    0.23233125338952299403E-13
    0.24742305369869868059E+01    0.61574056671679811004E+00    0.37525368656732888045E-13
    0.24830183337937938859E+01    0.20159551943856487966E+00    0.43191543827723263652E-13
    0.24918061306006009659E+01   -0.25466008044718202452E+00    0.39570716468404747384E-13
    0.25005939274074071577E+01   -0.65851520996456758272E+00    0.28156162845280994468E-13
    0.25093817242142142376E+01   -0.92912474772149156177E+00    0.11596044643630721014E-13
    0.25181695210210213176E+01   -0.10138360570342468403E+01   -0.69644721992576019593E-14
    0.25269573178278279535E+01   -0.89768223243121014754E+00   -0.24270352052601141101E-13
    0.25357451146346345894E+01   -0.60646549072884192721E+00   -0.37299669466853669900E-13
    0.25445329114414416694E+01   -0.19849066550382418739E+00   -0.43574138303603397099E-13
    0.25533207082482483052E+01    0.24756115448238072418E+00   -0.41503123898001514670E-13
    0.25621085050550549411E+01    0.64751227047226156408E+00   -0.30947131527264161508E-13
    0.25708963018618620211E+01    0.92837044426391801544E+00   -0.13897762393611370520E-13
    0.25796840986686686570E+01    0.10415521070928208669E+01    0.56505235881318001848E-14
    0.25884718954754752929E+01    0.96917204388852340458E+00    0.23384605750228848095E-13
    0.25972596922822823728E+01    0.72688690617964180074E+00    0.36479765263778575111E-13
    0.26060474890890894528E+01    0.35947370638191028513E+00    0.43749193897592825390E-13
    0.26148352858958960887E+01   -0.69037371968321770144E-01    0.44587273880240754959E-13
    0.26236230827027027246E+01   -0.48638603084223946960E+00    0.38498626320017065867E-13
    0.26324108795095098046E+01   -0.82427345822065056780E+00    0.25949145675698100102E-13
    0.26411986763163164404E+01   -0.10299693897212534033E+01    0.92683800296885160414E-14
    0.26499864731231230763E+01   -0.10733195109118736088E+01   -0.80883058250323052759E-14
    0.26587742699299301563E+01   -0.95014937905890983760E+00   -0.23429705420851288482E-13
    0.26675620667367367922E+01   -0.68236362332854316737E+00   -0.35678769309868066038E-13
    0.26763498635435434281E+01   -0.31251963838385882211E+00   -0.44078948945823260655E-13
    0.26851376603503505081E+01    0.10342792959710520040E+00   -0.46762174739422829009E-13
    0.26939254571571571439E+01    0.50466906184733395513E+00   -0.41645894993488040246E-13
    0.27027132539639637798E+01    0.83489820350535093318E+00   -0.28940228487843894030E-13
    0.27115010507707708598E+01    0.10501276809173982763E+01   -0.12022426849250633192E-13
    0.27202888475775779398E+01    0.11234881862694876542E+01    0.49852481261501322240E-14
    0.27290766443843845757E+01    0.10484152553792300822E+01    0.19975552773315034558E-13
    0.27378644411911912115E+01    0.83808026490073739279E+00    0.32730042760101960217E-13
    0.27466522379979982915E+01    0.52204121047055840332E+00    0.42758589179175498976E-13
    0.27554400348048049274E+01    0.14173657662345776065E+00    0.48254539635307413020E-13
    0.27642278316116115633E+01   -0.25565942921236367580E+00    0.47440504378932152187E-13
    0.27730156284184186433E+01   -0.62359426884374402622E+00    0.40237408885614720848E-13
    0.27818034252252252791E+01   -0.92131370201125284414E+00    0.28273547566907935957E-13
    0.27905912220320319150E+01   -0.11180943306310202612E+01    0.13711833560475364768E-13
    0.27993790188388389950E+01   -0.11960828291899254783E+01   -0.16168490966929083206E-14
    0.28081668156456460750E+01   -0.11507611064804668111E+01   -0.16325476812030767940E-13
    0.28169546124524522668E+01   -0.99044808062049516373E+00   -0.29371933805243076544E-13
    0.28257424092592593468E+01   -0.73431943950545874866E+00   -0.39947264737198843023E-13
    0.28345302060660664267E+01   -0.40937249950573140200E+00   -0.47363795262535412640E-13
    0.28433180028728730626E+01   -0.47224482996724041761E-01   -0.51033062406904762803E-13
    0.28521057996796796985E+01    0.31921294203333772099E+00   -0.50604971921349540280E-13
    0.28608935964864867785E+01    0.65892979580706334541E+00   -0.46124370959148590646E-13
    0.28696813932932934144E+01    0.94523963055852366910E+00   -0.38061366857025944706E-13
    0.28784691901001000502E+01    0.11576130516966189887E+01   -0.27247817044478170108E-13
    0.28872569869069071302E+01    0.12828711669599406342E+01   -0.14749677279329488727E-13
    0.28960447837137137661E+01    0.13153317529203281122E+01   -0.16406000307621826842E-14
    0.29048325805205204020E+01    0.12565351958868542503E+01    0.11218519042937467243E-13
    0.29136203773273274820E+01    0.11143256308412596844E+01    0.23246657252078319790E-13
    0.29224081741341345619E+01    0.90147860808060276128E+00    0.34099787245848660479E-13
    0.29311959709409407537E+01    0.63421892511701327688E+00    0.43589489638565091097E-13
    0.29399837677477478337E+01    0.33061698599487071570E+00    0.51551371157790278657E-13
    0.29487715645545549137E+01    0.90187665153365799420E-02    0.57733526646500346205E-13
    0.29575593613613615496E+01   -0.31321682478573537045E+00    0.61840662370046596940E-13
    0.29663471581681681855E+01   -0.62074898226855323990E+00    0.63685118453300327023E-13
    0.29751349549749752654E+01   -0.90101281182752768206E+00    0.63323978209563529850E-13
    0.29839227517817819013E+01   -0.11445342602262160714E+01    0.61154160356778568624E-13
    0.29927105485885885372E+01   -0.13450647549414926907E+01    0.57905555157241714557E-13
    0.30014983453953956172E+01   -0.14994259516242520736E+01    0.54216120918705731036E-13
    0.30102861422022022531E+01   -0.16071524465212323474E+01    0.49969950924870468256E-13
    0.30190739390090088889E+01   -0.16700626420030848518E+01    0.44351671277881893172E-13
    0.30278617358158159689E+01   -0.16917358372875230810E+01    0.37171123014076699716E-13
    0.30366495326226230489E+01   -0.16769781017188920558E+01    0.30016722412646858219E-13
    0.30454373294294292407E+01   -0.16313490621730835084E+01    0.25110808128578574640E-13
    0.30542251262362363207E+01   -0.15607348673603262945E+01    0.22732490969165318260E-13
    0.30630129230430434006E+01   -0.14709856987016693974E+01    0.20534820541820875719E-13
    0.30718007198498500365E+01   -0.13676575159879245103E+01    0.16314047213971012808E-13
    0.30805885166566566724E+01   -0.12558004654485976914E+01    0.10830958728616707768E-13
    0.30893763134634637524E+01   -0.11398356690834576810E+01    0.68259057124047396219E-14
    0.30981641102702703883E+01   -0.10234937727332373836E+01    0.56009658169690480356E-14
    0.31069519070770770242E+01   -0.90979092120732341087E+00    0.55691100892780923525E-14
    0.31157397038838841041E+01   -0.80105951118239060449E+00    0.44919851767509216748E-14
    0.31245275006906907400E+01   -0.69899755165851418237E+00    0.20506876550275618406E-14
    0.31333152974974973759E+01   -0.60473823670430593147E+00   -0.32852493737657887565E-15
    0.31421030943043044559E+01   -0.51893281763478593671E+00   -0.14281761837490318344E-14
    0.31508908911111115358E+01   -0.44183346943066242885E+00   -0.13334857718387768604E-14
    0.31596786879179177276E+01   -0.37337422842186751559E+00   -0.82736526107640389761E-15
    0.31684664847247248076E+01   -0.31324884801551167168E+00   -0.49564569348079851816E-15
    0.31772542815315318876E+01   -0.26097720907956101222E+00   -0.46194580450767201586E-15
    0.31860420783383385235E+01   -0.21596357443889610539E+00   -0.54793633326588824523E-15
    0.31948298751451451594E+01   -0.17754652080876925924E+00   -0.49522838209749166904E-15
    0.32036176719519522393E+01   -0.14503607500042098311E+00   -0.22975766728758700947E-15
    0.32124054687587593193E+01   -0.11774537539734265812E+00   -0.35468217238179931793E-16
    0.32211932655655655111E+01   -0.95012488911114037493E-01   -0.28465803994910336761E-15
    0.32299810623723725911E+01   -0.76215507696512849178E-01   -0.90972822455175879835E-15
    0.32387688591791796711E+01   -0.60783341312750274743E-01   -0.13050547333979001306E-14
    0.32475566559859858629E+01   -0.48200289701187497282E-01   -0.97226983878497528152E-15
    0.32563444527927929428E+01   -0.38008343945741963898E-01   -0.14990581017418805045E-15
    0.32651322495996000228E+01   -0.29806364924593313492E-01    0.42691960505604320824E-15
    0.32739200464064062146E+01   -0.23247195881072428569E-01    0.30402488154735408420E-15
    0.32827078432132132946E+01   -0.18033975400228170749E-01   -0.30159341288578164076E-15
    0.32914956400200203745E+01   -0.13915414282475495333E-01   -0.81679279327096490125E-15
    0.33002834368268265663E+01   -0.10680831803582821818E-01   -0.76933223777930568078E-15
    0.33090712336336336463E+01   -0.81552568358401189563E-02   -0.10743569119688969372E-15
    0.33178590304404407263E+01   -0.61945970627472722592E-02    0.60593653031563140769E-15
    0.33266468272472478063E+01   -0.46811220029610725937E-02    0.46439440931998467630E-15
    0.33354346240540539981E+01   -0.35194487848753835436E-02   -0.77747358256854189125E-15
    0.33442224208608610780E+01   -0.26327906435344144292E-02   -0.19397277412974936458E-14
    0.33530102176676681580E+01   -0.19597984927781208347E-02   -0.14301247357164744272E-14
    0.33617980144744743498E+01   -0.14518050111140389652E-02    0.73175677895576437884E-15
    0.33705858112812814298E+01   -0.10704145274270254490E-02    0.24862366568445707325E-14
    0.33793736080880885098E+01   -0.78559934590033549898E-03    0.19890895027740205331E-14
    0.33881614048948947016E+01   -0.57400239600371104863E-03   -0.18756496698079616031E-15
    0.33969492017017017815E+01   -0.41759169646779736819E-03   -0.18088728418495605445E-14
    0.34057369985085088615E+01   -0.30254855068481440340E-03   -0.14969722133350155222E-14
    0.34145247953153150533E+01   -0.21832608026471387133E-03    0.84162250246202253502E-16
    0.34233125921221221333E+01   -0.15695077419872863786E-03    0.13861141280746478976E-14
    0.34321003889289292133E+01   -0.11241823336660165746E-03    0.14469799269925179993E-14
    0.34408881857357362932E+01   -0.80238509548341901902E-04    0.33470536857580325687E-15
    0.34496759825425424850E+01   -0.57079258032471908530E-04   -0.10801461255548261061E-14
    0.34584637793493495650E+01   -0.40472036499151758796E-04   -0.16464684615640607029E-14
    0.34672515761561566450E+01   -0.28606621921897902410E-04   -0.83351597274187729521E-15
    0.34760393729629628368E+01   -0.20157966102644082180E-04    0.60143399682520085098E-15
    0.34848271697697699167E+01   -0.14161584099288319100E-04    0.12740050299797663840E-14
    0.34936149665765769967E+01   -0.99201889022012017580E-05    0.58733699150058003361E-15
    0.35024027633833831885E+01   -0.69288920196532189047E-05   -0.72787011395241738104E-15
    0.35111905601901902685E+01   -0.48257866959859431125E-05   -0.15272377501593508435E-14
    0.35199783569969973485E+01   -0.33514903013958979943E-05   -0.12968008480555996018E-14
    0.35287661538038035403E+01   -0.23209162567641047995E-05   -0.33828457521640304620E-15
    0.35375539506106106202E+01   -0.16028400127762396427E-05    0.58465861690385502423E-15
    0.35463417474174177002E+01   -0.11038338430675756227E-05    0.71552952476518529618E-15
    0.35551295442242247802E+01   -0.75807847011230315328E-06   -0.11411079940576429187E-15
    0.35639173410310309720E+01   -0.51917982151745328121E-06   -0.11304475535489312918E-14
    0.35727051378378380520E+01   -0.35456635480675916474E-06   -0.12816160105842316053E-14
    0.35814929346446451319E+01   -0.24151456879974775350E-06   -0.44303080143766919713E-15
    0.35902807314514513237E+01   -0.16407024360011905212E-06    0.33266549929371982682E-15
    0.35990685282582584037E+01   -0.11116228326160232134E-06    0.86696969669847893221E-16
    0.36078563250650654837E+01   -0.75110458876912017253E-07   -0.84693804523618512217E-15
    0.36166441218718716755E+01   -0.50610909699687936221E-07   -0.13257373620809018710E-14
    0.36254319186786787554E+01   -0.34020816748471768291E-07   -0.82554123056269031785E-15
    0.36342197154854858354E+01   -0.22813385143459201707E-07    0.24602492810201490046E-16
    0.36430075122922929154E+01   -0.15259052187335498827E-07    0.36442124332932270157E-15
    0.36517953090990991072E+01   -0.10177889112630868887E-07    0.86162354951839485914E-16
    0.36605831059059061872E+01   -0.67698851161500704935E-08   -0.24712333161737242694E-15
    0.36693709027127132671E+01   -0.44938229320540479912E-08   -0.10010674475712474818E-15
    0.36781586995195194589E+01   -0.29771808053799550944E-08    0.59183100287164904858E-15
    0.36869464963263265389E+01   -0.19675714068730810273E-08    0.14331034399418133511E-14
    0.36957342931331336189E+01   -0.12961473507943503302E-08    0.17546538805481604277E-14
    0.37045220899399398107E+01   -0.85121861525576974216E-09    0.10903715194870040772E-14
    0.37133098867467468907E+01   -0.55830942951492996950E-09   -0.22997528837731415508E-15
    0.37220976835535539706E+01   -0.36593978168998120636E-09   -0.11238760087977315683E-14
    0.37308854803603601624E+01   -0.23927511526841471021E-09   -0.75563854533867066134E-15
    0.37396732771671672424E+01   -0.15568024763826028260E-09    0.56778722029586367295E-15
    0.37484610739739743224E+01   -0.10085483258917947976E-09    0.17279312098057323873E-14
    0.37572488707807814023E+01   -0.65396052928613916847E-10    0.18120339402441572452E-14
    0.37660366675875875941E+01   -0.42539999234691866465E-10    0.73651305433444855894E-15
    0.37748244643943946741E+01   -0.27601306814393438868E-10   -0.78600853460866789127E-15
    0.37836122612012017541E+01   -0.17711466235696377615E-10   -0.15596356104819867541E-14
    0.37924000580080079459E+01   -0.11265735977025637806E-10   -0.73591252123384817214E-15
    0.38011878548148150259E+01   -0.72240126715436233482E-11    0.11556172934037968797E-14
    0.38099756516216221058E+01   -0.47097133359904515646E-11    0.23220491476673514080E-14
    0.38187634484284282976E+01   -0.30594522645695424281E-11    0.15085829916037234603E-14
    0.38275512452352353776E+01   -0.19226232855161297019E-11   -0.47461451223134189258E-15
    0.38363390420420424576E+01   -0.11768122410088668270E-11   -0.16650673955896795733E-14
    0.38451268388488486494E+01   -0.74477667812109945162E-12   -0.11413551456406536219E-14
    0.38539146356556557294E+01   -0.50380010071893172183E-12    0.19064853826313237316E-15
    0.38627024324624628093E+01   -0.33858964344482984848E-12    0.97463631705250747855E-15
    0.38714902292692698893E+01   -0.20432704433795015832E-12    0.84077174881213564840E-15
    0.38802780260760760811E+01   -0.11131624569288786032E-12    0.31192247336129978015E-15
    0.38890658228828831611E+01   -0.67554624435308493126E-13   -0.11980923340309351932E-15
    0.38978536196896902410E+01   -0.52496047200543495634E-13   -0.41168658748197582326E-15
    0.39066414164964964328E+01   -0.39635999612682727820E-13   -0.58557259532703549546E-15
    0.39154292133033035128E+01   -0.21832042706010070882E-13   -0.36098070439620790609E-15
    0.39242170101101105928E+01   -0.79565010596773105500E-14    0.50653582008191729483E-15
    0.39330048069169167846E+01   -0.42482351431168366393E-14    0.15563580314089026882E-14
    0.39417926037237238646E+01   -0.60793810773753260522E-14    0.17126847593789721966E-14
    0.39505804005305309445E+01   -0.59722740803166696415E-14    0.47772731032703901760E-15
    0.39593681973373371363E+01   -0.24245585061057179031E-14   -0.11443010751397377168E-14
    0.39681559941441442163E+01    0.95737715555563665160E-15   -0.15743845344849457413E-14
    0.39769437909509512963E+01    0.14652418560383438687E-14   -0.49178912088769434044E-15
    0.39857315877577583763E+01    0.34428992456740324459E-16    0.75782125191467391270E-15
    0.39945193845645645681E+01   -0.10805199480636672116E-14    0.83973183976792314049E-15
    0.40033071813713716480E+01   -0.98792349304585294438E-15   -0.27830663799564794467E-16
    0.40120949781781787280E+01   -0.27142554940628308527E-15   -0.61800060919442566890E-15
    0.40208827749849849198E+01    0.27756066567045307705E-15   -0.30251869875710193798E-15
    0.40296705717917919998E+01    0.39586022483816049770E-15    0.36607089970990787616E-15
    0.40384583685985990797E+01    0.21588190470399073952E-15    0.59715285973066388342E-15
    0.40472461654054052715E+01   -0.15848692087686689349E-16    0.31572742716460092060E-15
    0.40560339622122123515E+01   -0.10711487680601427517E-15    0.14349605898336971069E-16
    0.40648217590190194315E+01   -0.16471957112514017634E-16    0.35381740391430940733E-16
    0.40736095558258256233E+01    0.14491830948305092386E-15    0.24296643800028102402E-15
    0.40823973526326327033E+01    0.23561206800863085714E-15    0.28510856695055347262E-15
    0.40911851494394397832E+01    0.19879966467049845223E-15   -0.68489632948726303359E-16
    0.40999729462462468632E+01    0.59699652579344876969E-16   -0.75066686761320587872E-15
    0.41087607430530530550E+01   -0.13823469268880764350E-15   -0.13356566007498427748E-14
    0.41175485398598601350E+01   -0.36744560870280219261E-15   -0.12512873542352294757E-14
    0.41263363366666672150E+01   -0.60431913922612220950E-15   -0.35115409893661811083E-15
    0.41351241334734734068E+01   -0.80742814086684259342E-15    0.70145440714811280055E-15
    0.41439119302802804867E+01   -0.89420462766115005429E-15    0.97427375867349810994E-15
    0.41526997270870875667E+01   -0.72657946247071902474E-15    0.23591546945028806921E-15
    0.41614875238938937585E+01   -0.19859858051527272368E-15   -0.79396734965134590871E-15
    0.41702753207007008385E+01    0.54120256007052587174E-15   -0.12065807663478953064E-14
    0.41790631175075079184E+01    0.98947490208298405357E-15   -0.67765297857353115778E-15
    0.41878509143143141102E+01    0.71011684179179062291E-15    0.43028086622628423236E-15
    0.41966387111211211902E+01   -0.33264395445801580991E-16    0.13401356324754943489E-14
    0.42054265079279282702E+01   -0.34941590406844107307E-15    0.12922107218436965362E-14
    0.42142143047347353502E+01    0.25061070829062436884E-15    0.15373942840620084787E-15
    0.42230021015415415420E+01    0.10748426429157885122E-14   -0.12335099680888832918E-14
    0.42317898983483486219E+01    0.10042599821868435950E-14   -0.17366929017984684569E-14
    0.42405776951551557019E+01   -0.61156106050021458313E-16   -0.10724273397909968647E-14
    0.42493654919619618937E+01   -0.96228258244482574468E-15   -0.53421906043065923770E-16
    0.42581532887687689737E+01   -0.69661618299550923613E-15    0.38972383601088856792E-15
    0.42669410855755760537E+01    0.36639805656894331990E-15    0.11866635933196273510E-15
    0.42757288823823822455E+01    0.10776134521798590848E-14   -0.36414161249262226928E-15
    0.42845166791891893254E+01    0.94549185767802595542E-15   -0.59044238907056935635E-15
    0.42933044759959964054E+01    0.54154143734943037290E-15   -0.46672502973297936024E-15
    0.43020922728028034854E+01    0.48169660145947643061E-15   -0.13133157991347134385E-15
    0.43108800696096096772E+01    0.53660128511208436288E-15    0.24098117791843352576E-15
    0.43196678664164167571E+01    0.12328057071320320274E-15    0.49299476897856138271E-15
    0.43284556632232238371E+01   -0.59044653689504396185E-15    0.47230053773365113853E-15
    0.43372434600300300289E+01   -0.62380127525115464253E-15    0.89682121680951135545E-16
    0.43460312568368371089E+01    0.47866165131963173669E-15   -0.52671938708495820893E-15
    0.43548190536436441889E+01    0.16534451827872492590E-14   -0.97099127818752047427E-15
    0.43636068504504503807E+01    0.13937230245313526679E-14   -0.87681493100768287655E-15
    0.43723946472572574606E+01   -0.28728435106044940696E-15   -0.37848430735426677553E-15
    0.43811824440640645406E+01   -0.16248062522384580511E-14   -0.75987465275490754336E-16
    0.43899702408708707324E+01   -0.11711556292202903558E-14   -0.35135527064480530705E-15
    0.43987580376776778124E+01    0.47537042282845939008E-15   -0.84820149989641091112E-15
    0.44075458344844848924E+01    0.15366132459263610797E-14   -0.90775778172575529469E-15
    0.44163336312912919723E+01    0.11058631842269636502E-14   -0.41966693181449016182E-15
    0.44251214280980981641E+01   -0.13161277317069942857E-15    0.30632263777524130730E-16
    0.44339092249049052441E+01   -0.97326145675803775916E-15   -0.56307581439312196920E-16
    0.44426970217117123241E+01   -0.83054600523991319636E-15   -0.44917526685611752771E-15
    0.44514848185185185159E+01    0.71216566565714858168E-16   -0.57224457302898041352E-15
    0.44602726153253255958E+01    0.98382287846654507423E-15   -0.33852185382971379093E-15
    0.44690604121321326758E+01    0.11178268742140222168E-14   -0.27612280713816979181E-15
    0.44778482089389388676E+01    0.32299802477967971152E-15   -0.72903558213611307439E-15
    0.44866360057457459476E+01   -0.55471046793706938008E-15   -0.12378050179570908589E-14
    0.44954238025525530276E+01   -0.49490829688787766172E-15   -0.10732345891419225156E-14
    0.45042115993593592194E+01    0.41792228500327414512E-15   -0.25097852114478124716E-15
    0.45129993961661662993E+01    0.95821455440997090661E-15    0.35971031691929688051E-15
    0.45217871929729733793E+01    0.31066983152174533368E-15    0.96034826437939551552E-16
    0.45305749897797804593E+01   -0.75053408894816357842E-15   -0.64782950205890241796E-15
    0.45393627865865866511E+01   -0.83636690255705701350E-15   -0.94736224893901961702E-15
    0.45481505833933937311E+01    0.18869652564439835976E-15   -0.46846913745605517730E-15
    0.45569383802002008110E+01    0.95704542186602293736E-15    0.23507256201466094432E-15
    0.45657261770070070028E+01    0.41900974811442149830E-15    0.49035684728049089412E-15
    0.45745139738138140828E+01   -0.71071443215593353998E-15    0.21308853364834274444E-15
    0.45833017706206211628E+01   -0.92058643538695923690E-15   -0.20487854209793078961E-15
    0.45920895674274273546E+01    0.11787368687275954352E-15   -0.38634033588350840828E-15
    0.46008773642342344345E+01    0.11614281523011636234E-14   -0.23462135426213526128E-15
    0.46096651610410415145E+01    0.10342400285184158926E-14    0.10590609253896035381E-15
    0.46184529578478477063E+01    0.12337455526470440477E-16    0.36438667517107547988E-15
    0.46272407546546547863E+01   -0.76412077391689707171E-15    0.32106098033212040614E-15
    0.46360285514614618663E+01   -0.72868579544488844326E-15   -0.61473626924208416647E-17
    0.46448163482682689462E+01   -0.33351654209488154244E-15   -0.37051048729021382212E-15
    0.46536041450750751380E+01   -0.22424867019735538540E-15   -0.54397039590741700600E-15
    0.46623919418818822180E+01   -0.47419103127461909830E-15   -0.51453021808110586724E-15
    0.46711797386886892980E+01   -0.71922960070264819714E-15   -0.39207013115127983107E-15
    0.46799675354954954898E+01   -0.69212457695755898513E-15   -0.19735398277696331002E-15
    0.46887553323023025698E+01   -0.44477244171569553694E-15    0.13609543091430661868E-15
    0.46975431291091096497E+01   -0.16576013766801063952E-15    0.49815192007858432002E-15
    0.47063309259159158415E+01    0.21568548468404951967E-16    0.47557442989916932355E-15
    0.47151187227227229215E+01    0.98705326571594367085E-16   -0.20285325691720148287E-15
    0.47239065195295300015E+01    0.11266497984184320611E-15   -0.10434230835347140798E-14
    0.47326943163363361933E+01    0.12480405075331159070E-15   -0.10109875326997631843E-14
    0.47414821131431432732E+01    0.15111452900043595135E-15    0.23153840962273240146E-15
    0.47502699099499503532E+01    0.13134792549162741814E-15    0.15333268184761881452E-14
    0.47590577067567574332E+01   -0.84067297214250920396E-17    0.13999166468939273263E-14
    0.47678455035635636250E+01   -0.25759162132772214081E-15   -0.14579338337470401514E-15
    0.47766333003703707050E+01   -0.49849843163211751827E-15   -0.14376704272119195059E-14
    0.47854210971771777849E+01   -0.57614881111168282622E-15   -0.11388151112552722799E-14
    0.47942088939839839767E+01   -0.38629665537618749839E-15    0.21525414422799889161E-15
    0.48029966907907910567E+01    0.30257869193340148499E-16    0.10932644193193541784E-14
    0.48117844875975981367E+01    0.41454552453121957308E-15    0.82154858372027036349E-15
    0.48205722844044043285E+01    0.42671180142280353786E-15    0.80472425317571203400E-16
    0.48293600812112114085E+01    0.25365556728900496823E-16   -0.25466510287967387148E-15
    0.48381478780180184884E+01   -0.32527568519244648332E-15   -0.12603194547412866922E-15
    0.48469356748248246802E+01   -0.94049418818947430137E-16   -0.45630329566375343605E-17
    0.48557234716316317602E+01    0.65499539527104652730E-15   -0.70861519563989371106E-16
    0.48645112684384388402E+01    0.12530322246337955469E-14   -0.24829176323894426783E-16
    0.48732990652452459202E+01    0.11874751442465007775E-14    0.34259099194081518831E-15
    0.48820868620520521119E+01    0.67375240679285740601E-15    0.71471524637062331456E-15
    0.48908746588588591919E+01    0.26957686565868974132E-15    0.61136635212853652131E-15
    0.48996624556656662719E+01    0.12649248913498076770E-15    0.45736127273396474881E-16
    0.49084502524724724637E+01   -0.10369699682691036097E-15   -0.42658050212174876879E-15
    0.49172380492792795437E+01   -0.58965570410566561603E-15   -0.37470035759866760537E-15
    0.49260258460860866236E+01   -0.86134499366289427277E-15    0.38045776618365911527E-17
    0.49348136428928928154E+01   -0.38739907995726228887E-15    0.21947015379290460787E-15
    0.49436014396996998954E+01    0.49922803192137238768E-15    0.14303427233347821642E-15
    0.49523892365065069754E+01    0.71261014594493686816E-15    0.96488056159418475557E-16
    0.49611770333133140554E+01   -0.27803181296097567479E-15    0.28767400575350723326E-15
    0.49699648301201202472E+01   -0.15701097217250921097E-14    0.41529363842015391028E-15
    0.49787526269269273271E+01   -0.17942008812034125229E-14    0.93792764489499042852E-16
    0.49875404237337344071E+01   -0.74161780912775670306E-15   -0.44706823951923208041E-15
    0.49963282205405405989E+01    0.42163648973817427988E-15   -0.45073771400324576922E-15
    0.50051160173473476789E+01    0.57652322652616911873E-15    0.37732755696113686217E-15
    0.50139038141541547589E+01   -0.19539139932232901489E-15    0.12392169605554580693E-14
    0.50226916109609609506E+01   -0.10179748220430331636E-14    0.10852951129006914413E-14
    0.50314794077677680306E+01   -0.12485530253715877942E-14   -0.45543159721729211633E-16
    0.50402672045745751106E+01   -0.89697872098330749290E-15   -0.97593243668398060481E-15
    0.50490550013813813024E+01   -0.32372744889768506842E-15   -0.80910548734151682954E-15
    0.50578427981881883824E+01    0.11365191560277518314E-15    0.26025654442003091063E-16
    0.50666305949949954623E+01    0.22566223968337326515E-15    0.49309185770404632036E-15
    0.50754183918018025423E+01    0.56950378983106338383E-16    0.30226904408287652724E-15
    0.50842061886086087341E+01   -0.17408791416505087308E-15    0.96754871905807032212E-16
    0.50929939854154158141E+01   -0.27021303593382849583E-15    0.31363522512231601538E-15
    0.51017817822222228941E+01   -0.19978128513002918006E-15    0.39321179944149461914E-15
    0.51105695790290290859E+01   -0.35710522806758279107E-16   -0.41134307565760044884E-15
    0.51193573758358361658E+01    0.18082065489519569028E-15   -0.17023205694878493295E-14
    0.51281451726426432458E+01    0.45875804193969600271E-15   -0.20422565436792220280E-14
    0.51369329694494494376E+01    0.74312619095159315130E-15   -0.65706123475813410860E-15
    0.51457207662562565176E+01    0.85784961715863246963E-15    0.13986619248186950931E-14
    0.51545085630630635976E+01    0.66848948462042294621E-15    0.23117826430886608116E-14
    0.51632963598698697893E+01    0.30558183142807434794E-15    0.13794657646911703068E-14
    0.51720841566766768693E+01    0.11163344481780983514E-15   -0.47774229770840790934E-15
    0.51808719534834839493E+01    0.28579774538969432044E-15   -0.17312631667192340647E-14
    0.51896597502902910293E+01    0.63882130319666185722E-15   -0.13377652695105363680E-14
    0.51984475470970972211E+01    0.78920570371566664709E-15    0.62182901021267460226E-15
    0.52072353439039043010E+01    0.52312591770413869160E-15    0.26460073989195582087E-14
    0.52160231407107113810E+01   -0.47615748361619037118E-16    0.26748362245331846404E-14
    0.52248109375175184610E+01   -0.55846917656347491500E-15    0.16242901692706788955E-15
    0.52335987343243246528E+01   -0.57005844846157521756E-15   -0.27929372363939681850E-14
    0.52423865311311317328E+01    0.62585018576649758058E-16   -0.34490081084829360264E-14
    0.52511743279379388127E+01    0.82516125890757067818E-15   -0.14036026101582682691E-14
    0.52599621247447450045E+01    0.84528483928292811681E-15    0.11206027458843450285E-14
    0.52687499215515520845E+01   -0.10533179616476275310E-15    0.19241951818103048942E-14
    0.52775377183583591645E+01   -0.10683351625979856005E-14    0.92724712304797035087E-15
    0.52863255151651653563E+01   -0.91212990092153617773E-15   -0.48505808867079568907E-15
    0.52951133119719724363E+01    0.20091585043911513508E-15   -0.11504595054740811984E-14
    0.53039011087787795162E+01    0.89673902695962064671E-15   -0.85438679326706167183E-15
    0.53126889055855857080E+01    0.32503126496284928310E-15    0.23132898797877421090E-16
    0.53214767023923927880E+01   -0.68761634784195334067E-15    0.94728174024883706549E-15
    0.53302644991991998680E+01   -0.74889810843447954660E-15    0.14585493276258561783E-14
    0.53390522960060069479E+01    0.26730970049457703845E-15    0.13084469870823779654E-14
    0.53478400928128131397E+01    0.10924408500105688655E-14    0.54513018999913403820E-15
    0.53566278896196202197E+01    0.75016744364667380216E-15   -0.45399608820380976391E-15
    0.53654156864264272997E+01   -0.23726038197575431473E-15   -0.10719151684613393806E-14
    0.53742034832332334915E+01   -0.66997396280850623859E-15   -0.84888880915551561696E-15
    0.53829912800400405715E+01   -0.16564394411334168640E-15    0.62118767612392044560E-16
    0.53917790768468476514E+01    0.57585890345185125706E-15    0.95397772121904350903E-15
    0.54005668736536538432E+01    0.81726688352468489212E-15    0.11608171650776380283E-14
    0.54093546704604609232E+01    0.59214055676068290437E-15    0.54654908004484678631E-15
    0.54181424672672680032E+01    0.36384478689449244496E-15   -0.50438816374126892005E-15
    0.54269302640740750832E+01    0.29688232379625400124E-15   -0.13180038413925509301E-14
    0.54357180608808812750E+01    0.14436065418289074828E-15   -0.12951181586934088603E-14
    0.54445058576876883549E+01   -0.21580280216147088312E-15   -0.39422189243499300867E-15
    0.54532936544944954349E+01   -0.43845720144000473225E-15    0.67166627561931932025E-15
    0.54620814513013016267E+01   -0.13180183948325188744E-15    0.10387017207481318022E-14
    0.54708692481081087067E+01    0.51071911482127489001E-15    0.52048051042394236599E-15
    0.54796570449149157866E+01    0.79919014013277924346E-15   -0.29765916555281241479E-15
    0.54884448417217219784E+01    0.37408448840296222682E-15   -0.72437507301161825319E-15
    0.54972326385285290584E+01   -0.27941533779386154764E-15   -0.52445485250757167070E-15
    0.55060204353353361384E+01   -0.41440638609608132834E-15    0.78958386516293630873E-16
    0.55148082321421423302E+01    0.70537446561966187322E-16    0.63219776412523826176E-15
    0.55235960289489494102E+01    0.57001456539576464674E-15    0.71641316864341834516E-15
    0.55323838257557564901E+01    0.57631182335495695539E-15    0.23586021943917690196E-15
    0.55411716225625635701E+01    0.24750015846061421575E-15   -0.45061836752866662523E-15
    0.55499594193693697619E+01    0.41183006838305634897E-16   -0.81255668381616919865E-15
    0.55587472161761768419E+01    0.59976948103129285117E-16   -0.56360224635804211084E-15
    0.55675350129829839219E+01   -0.39069848049178478967E-17    0.15254241372837694686E-15
    0.55763228097897901137E+01   -0.31601534728410312268E-15    0.81974966796425521268E-15
    0.55851106065965971936E+01   -0.55718137280450352704E-15    0.77422408739856603618E-15
    0.55938984034034042736E+01   -0.34148831218288083632E-15   -0.23157606527373653531E-15
    0.56026862002102104654E+01    0.16585473788215036141E-15   -0.14712511053361062116E-14
    0.56114739970170175454E+01    0.33872475848763244667E-15   -0.16798599808908774326E-14
    0.56202617938238246253E+01   -0.11643624685306888788E-15   -0.45633340062954683735E-15
    0.56290495906306308171E+01   -0.69143446329786443226E-15    0.10006328146602223606E-14
    0.56378373874374378971E+01   -0.68160753184368991026E-15    0.11940708266113370908E-14
    0.56466251842442449771E+01   -0.82500438164961195734E-16    0.15490051671694961552E-15
    0.56554129810510520571E+01    0.41138684892892685744E-15   -0.62983348550262192166E-15
    0.56642007778578582489E+01    0.29699845473695815348E-15   -0.16181797747496658768E-15
    0.56729885746646653288E+01   -0.14104424438226555213E-15    0.81703922600058939857E-15
    0.56817763714714724088E+01   -0.28504808692184346438E-15    0.97191061757169418091E-15
    0.56905641682782786006E+01    0.47048990959385600626E-16    0.19500806860769993539E-15
    0.56993519650850856806E+01    0.47204696550122910728E-15   -0.34132594036573066539E-15
    0.57081397618918927606E+01    0.54743759307204861559E-15    0.13330313214464243908E-15
    0.57169275586986989524E+01    0.19168983115988520974E-15    0.91336020498216294543E-15
    0.57257153555055060323E+01   -0.32685565974092273802E-15    0.85235253143733146333E-15
    0.57345031523123131123E+01   -0.58044848133815744694E-15   -0.29689454424125155345E-16
    0.57432909491191193041E+01   -0.27011499671663006231E-15   -0.55110662069026434871E-15
    0.57520787459259263841E+01    0.41015695432668907252E-15    0.59805265998473999310E-16
    0.57608665427327334640E+01    0.72003517508574596812E-15    0.11452114700160145245E-14
    0.57696543395395405440E+01    0.11122343416591461968E-15    0.14856723755648170189E-14
    0.57784421363463467358E+01   -0.91255759112251477430E-15    0.71329522320384215739E-15
    0.57872299331531538158E+01   -0.11482724680398017102E-14   -0.43202212149213644697E-15
    0.57960177299599608958E+01   -0.18962629777113727438E-15   -0.97677678117420432715E-15
    0.58048055267667670876E+01    0.79985001187138412628E-15   -0.49536901204469471072E-15
    0.58135933235735741675E+01    0.45548029260235529840E-15    0.70693437453570509950E-15
    0.58223811203803812475E+01   -0.92702703347399151231E-15    0.17051975393072413141E-14
    0.58311689171871874393E+01   -0.16210408597394777510E-14    0.15324275428196787656E-14
    0.58399567139939945193E+01   -0.67489255232395833419E-15    0.16662214795283474752E-15
    0.58487445108008015993E+01    0.77737066415295086720E-15   -0.11023485623384680269E-14
    0.58575323076076077911E+01    0.10073885418511319807E-14   -0.93798994003567770754E-15
    0.58663201044144148710E+01   -0.10171360283524315300E-15    0.44115155555149275321E-15
    0.58751079012212219510E+01   -0.10258725945773776005E-14    0.14564720505397291695E-14
    0.58838956980280290310E+01   -0.62460828918754596021E-15    0.10461296360458402018E-14
    0.58926834948348352228E+01    0.52573349431400185055E-15   -0.15432309640621639517E-15
    0.59014712916416423027E+01    0.11032595153093932122E-14   -0.83019182413855694294E-15
    0.59102590884484493827E+01    0.65551269221352544272E-15   -0.59664446786235857514E-15
    0.59190468852552555745E+01   -0.13257930755430937869E-15   -0.16852109410377559404E-15
    0.59278346820620626545E+01   -0.44548732313279715630E-15   -0.17826059168335793148E-15
    0.59366224788688697345E+01   -0.12926746039712701779E-15   -0.38328437902120312022E-15
    0.59454102756756759263E+01    0.41959710085146346107E-15   -0.21528257403558692512E-15
    0.59541980724824830062E+01    0.68193301825380843143E-15    0.31738919549421570019E-15
    0.59629858692892900862E+01    0.35967742239402031376E-15    0.61355362955086038483E-15
    0.59717736660960962780E+01   -0.37905203958374664112E-15    0.28460893053976190215E-15
    0.59805614629029033580E+01   -0.89942656776322605200E-15   -0.33757171989814831146E-15
    0.59893492597097104380E+01   -0.64431847356854972924E-15   -0.64069681799185341267E-15
    0.59981370565165175179E+01    0.23751816421344705240E-15   -0.42325544889258269370E-15
    0.60069248533233237097E+01    0.98993459679222241480E-15    0.10444757466632630105E-17
    0.60157126501301307897E+01    0.10087667042222803972E-14    0.24232658887958480843E-15
    0.60245004469369378697E+01    0.36206933402975813690E-15    0.17410732580188733728E-15
    0.60332882437437440615E+01   -0.44254886792232661487E-15   -0.11983457526009107053E-15
    0.60420760405505511415E+01   -0.92526671653203290486E-15   -0.51666309297542352484E-15
    0.60508638373573582214E+01   -0.88118049015248638238E-15   -0.88312946347969209032E-15
    0.60596516341641644132E+01   -0.41493788203936225646E-15   -0.97686188503080730340E-15
    0.60684394309709714932E+01    0.12579328219930135381E-15   -0.48617987211069573017E-15
    0.60772272277777785732E+01    0.38856645457399644321E-15    0.57414714584381038476E-15
    0.60860150245845856531E+01    0.27495580160159027808E-15    0.14747723838117108780E-14
    0.60948028213913918449E+01   -0.53772773611986778089E-16    0.12250952040684538822E-14
    0.61035906181981989249E+01   -0.39708018653110318938E-15   -0.24484750179304610924E-15
    0.61123784150050060049E+01   -0.66393614277231794116E-15   -0.15949262213472422472E-14
    0.61211662118118121967E+01   -0.79382208639917208679E-15   -0.13741404489443696061E-14
    0.61299540086186192767E+01   -0.63681463948539865872E-15    0.33189020869517689559E-15
    0.61387418054254263566E+01   -0.76391469692541463588E-16    0.19909215573546663131E-14
    0.61475296022322325484E+01    0.64201905465339335256E-15    0.22576131920024581635E-14
    0.61563173990390396284E+01    0.85794771582302862579E-15    0.11265726413186060499E-14
    0.61651051958458467084E+01    0.12297404480528742589E-15   -0.43193617375014359484E-15
    0.61738929926526529002E+01   -0.10953609598053475254E-14   -0.13259708239545654161E-14
    0.61826807894594599802E+01   -0.16914510173391480244E-14   -0.96521639415733029278E-15
    0.61914685862662670601E+01   -0.10510320715571475921E-14    0.35419202043070161026E-15
    0.62002563830730741401E+01    0.28124316781556820754E-15    0.14924012035656443239E-14
    0.62090441798798803319E+01    0.12017838046733106911E-14    0.14017510621389211617E-14
    0.62178319766866874119E+01    0.99938606697561060285E-15    0.17511440307516706070E-15
    0.62266197734934944918E+01   -0.20947942077654913816E-15   -0.10921376122186510513E-14
    0.62354075703003006836E+01   -0.15260872743071249402E-14   -0.14677196754600019255E-14
    0.62441953671071077636E+01   -0.16808804304643747381E-14   -0.96140939623255856851E-15
    0.62529831639139148436E+01   -0.12820212408687240471E-15   -0.17128176049929843942E-15
    0.62617709607207210354E+01    0.19321795831335194494E-14    0.38652719058245668651E-15
    0.62705587575275281154E+01    0.23769765855601981780E-14    0.52945886470807525369E-15
    0.62793465543343351953E+01    0.52366344846107652185E-15    0.28778707707744672715E-15
    0.62881343511411413871E+01   -0.17723163402405079542E-14   -0.20280670213231707262E-15
    0.62969221479479484671E+01   -0.22092951186525757944E-14   -0.68246244607026189187E-15
    0.63057099447547555471E+01   -0.72480215588532604154E-15   -0.75209656391319940712E-15
    0.63144977415615626271E+01    0.69333256213592461859E-15   -0.13454199971956598583E-15
    0.63232855383683688189E+01    0.63862744798758205910E-15    0.84736521113868608196E-15
    0.63320733351751758988E+01   -0.16728451460810817989E-15    0.12265481796364293071E-14
    0.63408611319819829788E+01   -0.31553283161233476377E-15    0.34723872618432652171E-15
    0.63496489287887891706E+01    0.22475564535231910795E-15   -0.11053812811913247166E-14
    0.63584367255955962506E+01    0.24611309114927405391E-15   -0.16082758998602524260E-14
    0.63672245224024033305E+01   -0.70693359852581684804E-15   -0.57065906803145328251E-15
    0.63760123192092095223E+01   -0.13618604914274023103E-14    0.80986315538429746868E-15
    0.63848001160160166023E+01   -0.39320337250728926577E-15    0.98023539838245823550E-15
    0.63935879128228236823E+01    0.14816189491364730108E-14   -0.11132836651380913817E-15
    0.64023757096296298741E+01    0.20690580292309147523E-14   -0.11047645381656254497E-14
    0.64111635064364369541E+01    0.46222104203810503321E-15   -0.94477114363784129265E-15
    0.64199513032432440340E+01   -0.15864918896998267153E-14    0.38909375494283272156E-16
    0.64287391000500511140E+01   -0.18018178078682293844E-14    0.81060073263585867426E-15
    0.64375268968568573058E+01   -0.15737733495461487675E-15    0.75294026055862880905E-15
    0.64463146936636643858E+01    0.13216267819496233115E-14    0.32931745024443760897E-16
    0.64551024904704714658E+01    0.12067239712047610834E-14   -0.68676994295319036015E-15
    0.64638902872772776576E+01    0.20754957463519047839E-15   -0.68445099040415112027E-15
    0.64726780840840847375E+01   -0.21850265847827579148E-15    0.22902762579941998571E-15
    0.64814658808908918175E+01    0.14454598570702115685E-15    0.12506579342800714078E-14
    0.64902536776976980093E+01    0.29456280706594135193E-15    0.11667072494725593967E-14
    0.64990414745045050893E+01   -0.31818219492210296795E-15   -0.24683549442011826472E-15
    0.65078292713113121692E+01   -0.90422159386382655190E-15   -0.16658463181306468769E-14
    0.65166170681181183610E+01   -0.47818354276293844789E-15   -0.16175784340050042513E-14
    0.65254048649249254410E+01    0.65623846972887222379E-15   -0.17747669994866820872E-15
    0.65341926617317325210E+01    0.11760528375615013039E-14    0.12081373938608410911E-14
    0.65429804585385396010E+01    0.42011249379408054316E-15    0.14161735011643605260E-14
    0.65517682553453457928E+01   -0.73726161221729392429E-15    0.68549039001622415795E-15
    0.65605560521521528727E+01   -0.10147670205869354538E-14   -0.55235866442091048204E-16
    0.65693438489589599527E+01   -0.22490651897584952216E-15   -0.25863708813765636578E-15
    0.65781316457657661445E+01    0.70476975649264134398E-15   -0.17260806259956165997E-16
    0.65869194425725732245E+01    0.90591164748984899852E-15    0.34583705692329835641E-15
    0.65957072393793803045E+01    0.35182188752543398092E-15    0.60557911446100667735E-15
    0.66044950361861864963E+01   -0.43601950634476553833E-15    0.64645055063999376305E-15
    0.66132828329929935762E+01   -0.96397767404448942981E-15    0.39483491235270985890E-15
    0.66220706297998006562E+01   -0.10300075189502215756E-14   -0.13459782183519102754E-15
    0.66308584266066068480E+01   -0.72345523108523239416E-15   -0.70731968104019877601E-15
    0.66396462234134139280E+01   -0.32935712782049433207E-15   -0.89967065876079256698E-15
    0.66484340202202210079E+01   -0.96430431387738533085E-16   -0.47869635641770121205E-15
    0.66572218170270280879E+01   -0.21347917875399556307E-16    0.22103765331647529388E-15
    0.66660096138338342797E+01    0.45332846238547891083E-16    0.53304553159355471244E-15
    0.66747974106406413597E+01    0.51427525877842880896E-16    0.16505589369738651638E-15
    0.66835852074474484397E+01   -0.31914765858573839936E-15   -0.46484753483867281752E-15
    0.66923730042542546315E+01   -0.10811943861335488678E-14   -0.74075320399498664269E-15
    0.67011608010610617114E+01   -0.14128098940160881030E-14   -0.50797129253999851452E-15
    0.67099485978678687914E+01   -0.33036331211155675823E-15   -0.10597871275290642336E-15
    0.67187363946746749832E+01    0.17449929726173819491E-14    0.91120042436729319183E-16
    0.67275241914814820632E+01    0.26626254237706747373E-14   -0.62545431749384899106E-17
    0.67363119882882891432E+01    0.88731128685273240991E-15   -0.26908160646538553565E-15
    0.67450997850950962231E+01   -0.20363744868266527619E-14   -0.52015037999863508532E-15
    0.67538875819019024149E+01   -0.27536550134304933586E-14   -0.63309169008844460964E-15
    0.67626753787087094949E+01   -0.17744079570429665291E-15   -0.57103544681923171238E-15
    0.67714631755155165749E+01    0.27804925308169761871E-14   -0.38783355809371094973E-15
    0.67802509723223227667E+01    0.27073619016420975256E-14   -0.16759985299018236836E-15
    0.67890387691291298466E+01   -0.13098643416425138226E-15    0.40192464626304564703E-16
    0.67978265659359369266E+01   -0.23916868897325810697E-14    0.21015608044033696848E-15
    0.68066143627427431184E+01   -0.18868131134747542204E-14    0.27549434771910860327E-15
    0.68154021595495501984E+01    0.12247668640494285781E-15    0.13198210940752770985E-15
    0.68241899563563572784E+01    0.11703870527952102996E-14   -0.21092831666271530206E-15
    0.68329777531631634702E+01    0.62945044929050917160E-15   -0.49492906233710309159E-15
    0.68417655499699705501E+01   -0.19807275756929159785E-15   -0.39261706605252848616E-15
    0.68505533467767776301E+01   -0.23134145559574939502E-15    0.86145310529775402888E-16
    0.68593411435835847101E+01    0.14760700515737101399E-15    0.47024091720655750639E-15
    0.68681289403903909019E+01    0.65340941121041711328E-16    0.29696699925691976913E-15
    0.68769167371971979819E+01   -0.49223076080206256603E-15   -0.35889549326211472142E-15
    0.68857045340040050618E+01   -0.77179561797687434379E-15   -0.96266460154675675943E-15
    0.68944923308108112536E+01   -0.41933903572356787655E-15   -0.10523954199969164793E-14
    0.69032801276176183336E+01   -0.26798165212619765981E-16   -0.59470565167144267518E-15
    0.69120679244244254136E+01   -0.27666876192256041732E-15    0.88857000720797050588E-16
    0.69208557212312316054E+01   -0.92582054225450631408E-15    0.53534400632540712152E-15
    0.69296435180380386853E+01   -0.10808301883939066277E-14    0.42375064710782826784E-15
    0.69384313148448457653E+01   -0.41374475072568278725E-15   -0.10941517605054880105E-15
    0.69472191116516519571E+01    0.32478013189898309706E-15   -0.45953176167069150684E-15
    0.69560069084584590371E+01    0.31064314528787943489E-15   -0.13067739197055552180E-15
    0.69647947052652661171E+01   -0.20107501722898985861E-15    0.67193219080039469728E-15
    0.69735825020720731970E+01   -0.22055304386302498165E-15    0.12391548114120674806E-14
    0.69823702988788793888E+01    0.55625424939514064489E-15    0.11270446314545072817E-14
    0.69911580956856864688E+01    0.11769315413964095222E-14    0.56688123739086684018E-15
    0.69999458924924935488E+01    0.66705587937747119426E-15    0.89874634252452058568E-16
    0.70087336892992997406E+01   -0.57396574557144138646E-15    0.67021130933889507879E-18
    0.70175214861061068206E+01   -0.11824128070471075648E-14    0.22906416457836243308E-15
    0.70263092829129139005E+01   -0.53001528796126742499E-15    0.46995091948804328094E-15
    0.70350970797197200923E+01    0.49881805368929729466E-15    0.38966033239873214516E-15
    0.70438848765265271723E+01    0.69141396737173329074E-15   -0.96603242361466203553E-16
    0.70526726733333342523E+01   -0.55287526423689085489E-16   -0.62589766255271730718E-15
    0.70614604701401404441E+01   -0.82200942284685496650E-15   -0.68059713093669164370E-15
    0.70702482669469475240E+01   -0.85352797236219690324E-15   -0.21506052344267499396E-15
    0.70790360637537546040E+01   -0.26072187414729104195E-15    0.16709834412801188666E-15
    0.70878238605605616840E+01    0.37197785088895031898E-15   -0.72153500215530490878E-16
    0.70966116573673678758E+01    0.60590141186477950502E-15   -0.65127147829909988627E-15
    0.71053994541741749558E+01    0.36058471869411297400E-15   -0.76386094679479895587E-15
    0.71141872509809820357E+01   -0.17737606027135067752E-15   -0.10369373769637774670E-15
    0.71229750477877882275E+01   -0.68638584819370697941E-15    0.69421228425190020488E-15
    0.71317628445945953075E+01   -0.86426330599536986212E-15    0.81248825469165422389E-15
    0.71405506414014023875E+01   -0.57554777321540223796E-15    0.15537371357603252453E-15
    0.71493384382082085793E+01    0.66261744407171754273E-16   -0.67681090445978793553E-15
    0.71581262350150156593E+01    0.67496742147268712244E-15   -0.10734971613502217294E-14
    0.71669140318218227392E+01    0.74760117264585381951E-15   -0.86438189901786542090E-15
    0.71757018286286289310E+01    0.13604343107141795058E-15   -0.22854391059290257905E-15
    0.71844896254354360110E+01   -0.56973890158462864805E-15    0.52493267585952454451E-15
    0.71932774222422430910E+01   -0.50645807824485153947E-15    0.10725484880471355044E-14
    0.72020652190490501710E+01    0.43640234024805965269E-15    0.11202692177843465912E-14
    0.72108530158558563627E+01    0.12965438540955791148E-14    0.51991247691624475353E-15
    0.72196408126626634427E+01    0.10848214566911660028E-14   -0.47331320857415877032E-15
    0.72284286094694705227E+01   -0.73013984775453060136E-16   -0.10565453137338007771E-14
    0.72372164062762767145E+01   -0.11259078287580625372E-14   -0.46042376289902074370E-15
    0.72460042030830837945E+01   -0.12075166823414495605E-14    0.10152533455341715111E-14
    0.72547919998898908744E+01   -0.32931683543304363856E-15    0.18718001518599870277E-14
    0.72635797966966970662E+01    0.82295892191327342313E-15    0.97192942532564543334E-15
    0.72723675935035041462E+01    0.13571048774568124419E-14   -0.91960702881289125584E-15
    0.72811553903103112262E+01    0.73987901027495962318E-15   -0.18561857738477486081E-14
    0.72899431871171174180E+01   -0.61671655454924903981E-15   -0.93828141730810768653E-15
    0.72987309839239244980E+01   -0.14324351965020615084E-14    0.70765308593697595751E-15
    0.73075187807307315779E+01   -0.81056525441741679617E-15    0.14035901852819672488E-14
    0.73163065775375386579E+01    0.58511818850339366071E-15    0.69198139529753032918E-15
    0.73250943743443448497E+01    0.11798618798611005898E-14   -0.58461389501547058443E-15
    0.73338821711511519297E+01    0.33651665558725394648E-15   -0.13692038374557322244E-14
    0.73426699679579590097E+01   -0.89876176386213175819E-15   -0.11822775047421345935E-14
    0.73514577647647652014E+01   -0.11710529419689576039E-14   -0.21479791291739194116E-15
    0.73602455615715722814E+01   -0.38133403468447002391E-15    0.82901422223974262326E-15
    0.73690333583783793614E+01    0.48074729626680921170E-15    0.11855890174692217857E-14
    0.73778211551851855532E+01    0.66163393179364994876E-15    0.65830694783270869299E-15
    0.73866089519919926332E+01    0.34840441539503057372E-15   -0.18555844233466566143E-15
    0.73953967487987997131E+01    0.11871039793930146499E-15   -0.59001436203388299605E-15
    0.74041845456056067931E+01    0.20252646745607630312E-15   -0.26568647873528929933E-15
    0.74129723424124129849E+01    0.39639165593163695470E-15    0.51961742088057103592E-15
    0.74217601392192200649E+01    0.42090364784268603854E-15    0.12391189146824260027E-14
    0.74305479360260271449E+01    0.18930246774236769074E-15    0.14177937566568366942E-14
    0.74393357328328333367E+01   -0.14419651382652509666E-15    0.90533031444827818026E-15
    0.74481235296396404166E+01   -0.24277237557901874225E-15    0.47237450679432395865E-16
    0.74569113264464474966E+01    0.13153241438451178762E-15   -0.56096146769701306098E-15
    0.74656991232532536884E+01    0.71744925995704335627E-15   -0.58225848483203089991E-15
    0.74744869200600607684E+01    0.79796775260396046624E-15   -0.17720642040985515132E-15
    0.74832747168668678484E+01    0.15444517845527530342E-16    0.25528168127928667976E-15
    0.74920625136736740401E+01   -0.91461762405039102815E-15    0.42089795434744900274E-15
    0.75008503104804811201E+01   -0.83845880824008399713E-15    0.27128793568427554431E-15
    0.75096381072872882001E+01    0.37117077483951357827E-15    0.59407907445764661968E-18
    0.75184259040940952801E+01    0.14144033120240250576E-14   -0.73395715874201815010E-16
    0.75272137009009014719E+01    0.10772354568809612810E-14    0.19874279323231529749E-15
    0.75360014977077085518E+01   -0.23160116763791610174E-15    0.56583957697649200182E-15
    0.75447892945145156318E+01   -0.10105132531750755413E-14    0.60591122614331503767E-15
    0.75535770913213218236E+01   -0.49665702094989395371E-15    0.23668020831517922226E-15
    0.75623648881281289036E+01    0.54782166950130046737E-15   -0.13912215080132573383E-15
    0.75711526849349359836E+01    0.98040120941755963256E-15   -0.13792950689635522394E-15
    0.75799404817417421754E+01    0.59431526075671830135E-15    0.98030627923982116768E-16
    0.75887282785485492553E+01    0.40123012428907429085E-16    0.10593216664601551534E-15
    0.75975160753553563353E+01   -0.14191822474939318433E-15   -0.25351329806137057736E-15
    0.76063038721621625271E+01   -0.34640978191702494485E-16   -0.57502959845759151923E-15
    0.76150916689689696071E+01    0.19295786256914675119E-16   -0.44835863322357014424E-15
    0.76238794657757766871E+01   -0.10008646275951812817E-15   -0.16098530055089881255E-16
    0.76326672625825837670E+01   -0.24400066504905423013E-15    0.21828554849374354508E-15
    0.76414550593893899588E+01   -0.23076395064219204539E-15    0.43014866233817492779E-16
    0.76502428561961970388E+01   -0.17237302147504557524E-16   -0.21432286281645138163E-15
    0.76590306530030041188E+01    0.27409629776822018505E-15   -0.16507646380382411069E-15
    0.76678184498098103106E+01    0.39876431662288553421E-15    0.13017165239021156672E-15
    0.76766062466166173905E+01    0.18415832695196220592E-15    0.28911563848910106686E-15
    0.76853940434234244705E+01   -0.20209127398808126683E-15    0.12516867553512856527E-15
    0.76941818402302306623E+01   -0.27766339056879626417E-15   -0.15021652483663239199E-15
    0.77029696370370377423E+01    0.24242034597789346451E-15   -0.28833077104303366653E-15
    0.77117574338438448223E+01    0.98796871492806455619E-15   -0.37457742190869593260E-15
    0.77205452306506510141E+01    0.12160602346068743631E-14   -0.65550504524570619132E-15
    0.77293330274574580940E+01    0.54025332815925780831E-15   -0.10478860377081571979E-14
    0.77381208242642651740E+01   -0.70610862371988858871E-15   -0.10632469628050809364E-14
    0.77469086210710722540E+01   -0.17552767692704983009E-14   -0.44064516955751687743E-15
    0.77556964178778784458E+01   -0.18581307692657471441E-14    0.29416287023623421681E-15
    0.77644842146846855258E+01   -0.77909994483652769610E-15    0.30654602275777962571E-15
    0.77732720114914926057E+01    0.73992791739711513903E-15   -0.47323885042037222670E-15
    0.77820598082982987975E+01    0.12430958303416045657E-14   -0.10918779613822610871E-14
    0.77908476051051058775E+01   -0.23539786356921980112E-16   -0.68960925577178217901E-15
    0.77996354019119129575E+01   -0.19354039161806340190E-14    0.40820956393218906340E-15
    0.78084231987187191493E+01   -0.24702563662068142972E-14    0.10858819375604609151E-14
    0.78172109955255262292E+01   -0.93385382608251031490E-15    0.71407428530241357772E-15
    0.78259987923323333092E+01    0.12518661946085684633E-14   -0.26939968362695422259E-15
    0.78347865891391395010E+01    0.21866763623790401413E-14   -0.98867650807261555533E-15
    0.78435743859459465810E+01    0.12978799894149279989E-14   -0.91623509742160238167E-15
    0.78523621827527536610E+01   -0.54908057333894433874E-15   -0.11791201639482404877E-15
    0.78611499795595607409E+01   -0.19929079881868282969E-14    0.85662923176165835691E-15
    0.78699377763663669327E+01   -0.20329333289125977166E-14    0.12752323386238494950E-14
    0.78787255731731740127E+01   -0.61989533417701566101E-15    0.78021781865988524694E-15
    0.78875133699799810927E+01    0.10887078337524244557E-14   -0.18936297056663961865E-15
    0.78963011667867872845E+01    0.15894048222178643616E-14   -0.77342980809097284204E-15
    0.79050889635935943645E+01    0.49678390669411611236E-15   -0.52104434501617252497E-15
    0.79138767604004014444E+01   -0.10406294470807383865E-14    0.25085225652716870653E-15
    0.79226645572072076362E+01   -0.16215204614283343183E-14    0.88477333334770654601E-15
    0.79314523540140147162E+01   -0.93060583801246288730E-15    0.91797787774568201867E-15
    0.79402401508208217962E+01    0.29370920462852055725E-15    0.31172303720727902096E-15
    0.79490279476276279880E+01    0.11146173052023917786E-14   -0.52640484304831921961E-15
    0.79578157444344350679E+01    0.10353874144013410715E-14   -0.94832405294852999633E-15
    0.79666035412412421479E+01    0.20661526854231393368E-15   -0.59628006411873368958E-15
    0.79753913380480492279E+01   -0.59975985690570604930E-15    0.17809285251706146383E-15
    0.79841791348548554197E+01   -0.55211652779025054325E-15    0.64400961757838926233E-15
    0.79929669316616624997E+01    0.41134702921685657208E-15    0.43853789070493937539E-15
    0.80017547284684695796E+01    0.14266779944531706017E-14   -0.13781761557021600083E-15
    0.80105425252752748833E+01    0.16032019852403341034E-14   -0.56033805326489245654E-15
    0.80193303220820819632E+01    0.90433290527672423480E-15   -0.57802447774128726354E-15
    0.80281181188888890432E+01   -0.18405336216238042698E-17   -0.27741336121768578392E-15
    0.80369059156956961232E+01   -0.48591100178589180874E-15    0.11205137534077493469E-15
    0.80456937125025032032E+01   -0.39534628415309124153E-15    0.37557243319396903678E-15
    0.80544815093093102831E+01    0.34765179182670276681E-16    0.38579224291660572109E-15
    0.80632693061161173631E+01    0.39733995831210905168E-15    0.14294067045066907540E-15
    0.80720571029229226667E+01    0.35627801925700638125E-15   -0.23790025758897525990E-15
    0.80808448997297297467E+01   -0.11204663999990551412E-15   -0.57293536839209513156E-15
    0.80896326965365368267E+01   -0.67633278506081375913E-15   -0.68171958511727890327E-15
    0.80984204933433439066E+01   -0.90581027429270018350E-15   -0.49384371513272128729E-15
    0.81072082901501509866E+01   -0.56230457915527507141E-15   -0.12596871597902160824E-15
    0.81159960869569580666E+01    0.22501293692083286363E-15    0.18668653471076302998E-15
    0.81247838837637633702E+01    0.88446053891254516470E-15    0.24153250762398713639E-15
    0.81335716805705704502E+01    0.68005122857516037157E-15   -0.15135114124463301017E-16
    0.81423594773773775302E+01   -0.50238149817007690948E-15   -0.43361157674762171403E-15
    0.81511472741841846101E+01   -0.16262769513241470360E-14   -0.68007084450518736250E-15
    0.81599350709909916901E+01   -0.14000092143583208062E-14   -0.48740272973863745791E-15
    0.81687228677977987701E+01    0.11593371287026331869E-15   -0.81856696888612106570E-17
    0.81775106646046058501E+01    0.12863848383483082075E-14    0.21135667705614862316E-15
    0.81862984614114111537E+01    0.77879317592182528417E-15   -0.17810487640891229169E-15
    0.81950862582182182337E+01   -0.75521255436498603457E-15   -0.83600882600375999191E-15
    0.82038740550250253136E+01   -0.15022828226496271059E-14   -0.10833557735626803318E-14
    0.82126618518318323936E+01   -0.63990979970975797227E-15   -0.69352670630756776741E-15
    0.82214496486386394736E+01    0.87111767202194740024E-15   -0.12176595322977696742E-15
    0.82302374454454465535E+01    0.16057480931928439696E-14    0.12442632091890339716E-15
    0.82390252422522518572E+01    0.10997022808189800933E-14    0.86696608652592358076E-16
    0.82478130390590589371E+01   -0.57184327544159148250E-16    0.14615045660759985343E-15
    0.82566008358658660171E+01   -0.89031227230714130766E-15    0.39039615212390991836E-15
    0.82653886326726730971E+01   -0.68519056361042880645E-15    0.45495133875720376202E-15
    0.82741764294794801771E+01    0.48379032781832633774E-15    0.87495995801105516078E-16
    0.82829642262862872570E+01    0.15433690173746208639E-14   -0.36332459168900845658E-15
    0.82917520230930943370E+01    0.13095253660599317032E-14   -0.32200786411507641608E-15
    0.83005398198998996406E+01   -0.11684173581165632258E-15    0.21039860425209284007E-15
    0.83093276167067067206E+01   -0.12327239271454471807E-14    0.53110302624876803528E-15
    0.83181154135135138006E+01   -0.88286248755358057485E-15    0.11642968876951016456E-15
    0.83269032103203208806E+01    0.24627625986308048259E-15   -0.61710097892105031774E-15
    0.83356910071271279605E+01    0.54961715083576328652E-15   -0.78715630970585697001E-15
    0.83444788039339350405E+01   -0.36059749862889381641E-15   -0.14332999496379550468E-15
    0.83532666007407403441E+01   -0.11368826263310230821E-14    0.62495044721841190583E-15
    0.83620543975475474241E+01   -0.57471552650410907340E-15    0.75443502054937170526E-15
    0.83708421943543545041E+01    0.69891871490914251135E-15    0.24562176146387297485E-15
    0.83796299911611615840E+01    0.10806830067005376830E-14   -0.30969503050286292496E-15
    0.83884177879679686640E+01    0.12057854738268198098E-15   -0.43283954926358131628E-15
    0.83972055847747757440E+01   -0.91042199983761332331E-15   -0.12142403538398161731E-15
    0.84059933815815828240E+01   -0.75360447950437825745E-15    0.31597088002420355827E-15
    0.84147811783883881276E+01    0.23980782803202814950E-15    0.52379682928291028155E-15
    0.84235689751951952076E+01    0.74224590992943849055E-15    0.32187733592885329819E-15
    0.84323567720020022875E+01    0.20512963654455122892E-15   -0.11976136937527836680E-15
    0.84411445688088093675E+01   -0.57595974206695021308E-15   -0.36303414541604203419E-15
    0.84499323656156164475E+01   -0.64658771081699270978E-15   -0.13421651447940120604E-15
    0.84587201624224235275E+01   -0.38756966148422391243E-16    0.33693435853039141701E-15
    0.84675079592292288311E+01    0.52432177748493343082E-15    0.57260195929637287083E-15
    0.84762957560360359111E+01    0.64874078204304139846E-15    0.39120439895659524925E-15
    0.84850835528428429910E+01    0.61876587944457461991E-15    0.68135313989764672195E-16
    0.84938713496496500710E+01    0.76034075359265558654E-15   -0.55650487583901224952E-16
    0.85026591464564571510E+01    0.85785303442985203524E-15    0.47591821648717768843E-16
    0.85114469432632642309E+01    0.47553041864514616816E-15    0.15939081325151414857E-15
    0.85202347400700713109E+01   -0.29383359132237209947E-15    0.10914264170701753273E-15
    0.85290225368768766145E+01   -0.74224267902015164715E-15   -0.85204391937644844327E-16
    0.85378103336836836945E+01   -0.39466991722528054734E-15   -0.30525367422683861912E-15
    0.85465981304904907745E+01    0.29398003952228559591E-15   -0.44268985224492279061E-15
    0.85553859272972978545E+01    0.43911148163038461612E-15   -0.42603356382741746993E-15
    0.85641737241041049344E+01   -0.20713348826725414159E-15   -0.20619611989713351058E-15
    0.85729615209109120144E+01   -0.98030957891886240698E-15    0.21702855016028417364E-15
    0.85817493177177173180E+01   -0.11412787404051192309E-14    0.71104367251987923816E-15
    0.85905371145245243980E+01   -0.66089012547739530294E-15    0.98192085178640691030E-15
    0.85993249113313314780E+01   -0.44376185921148259147E-16    0.77895592056421480135E-15
    0.86081127081381385580E+01    0.31792877073352206194E-15    0.19384088266221694299E-15
    0.86169005049449456379E+01    0.41903855884921574053E-15   -0.33904184530414684659E-15
    0.86256883017517527179E+01    0.35643415303550609417E-15   -0.44840057600548856278E-15
    0.86344760985585597979E+01    0.71967153364001431298E-16   -0.17910649786347656636E-15
    0.86432638953653651015E+01   -0.46969830250842526129E-15    0.11394795461471242669E-15
    0.86520516921721721815E+01   -0.91908104976722070110E-15    0.10229851195271679157E-15
    0.86608394889789792614E+01   -0.66196493414554463136E-15   -0.29639980446463701238E-15
    0.86696272857857863414E+01    0.41339610658137446668E-15   -0.87424479945558372525E-15
    0.86784150825925934214E+01    0.14092604664293621817E-14   -0.11981321528466156336E-14
    0.86872028793994005014E+01    0.12334271319461132775E-14   -0.93038903470016589544E-15
    0.86959906762062058050E+01   -0.23905193247593624815E-16   -0.23735487247266322006E-15
    0.87047784730130128850E+01   -0.98822750746792919707E-15    0.25244691429072495753E-15
    0.87135662698198199649E+01   -0.60880298322651575640E-15    0.85127948951476765688E-16
    0.87223540666266270449E+01    0.52833995443578748230E-15   -0.50692642665211946813E-15
    0.87311418634334341249E+01    0.10068556490630960833E-14   -0.90703265275199351503E-15
    0.87399296602402412049E+01    0.34879789048293566951E-15   -0.79200411029557425045E-15
    0.87487174570470482848E+01   -0.53084804213117409408E-15   -0.36962558591585440519E-15
    0.87575052538538535885E+01   -0.64834751031858397003E-15   -0.14695582285639708425E-16
    0.87662930506606606684E+01   -0.13423677269519495590E-15    0.10561229661901597727E-15
    0.87750808474674677484E+01    0.19906401001527857628E-15    0.55862286148653121168E-16
    0.87838686442742748284E+01    0.29688352898832181645E-16   -0.19866136652200401837E-16
    0.87926564410810819084E+01   -0.15382822216489381177E-15   -0.17233537328447361301E-16
    0.88014442378878889883E+01    0.11645732798281895065E-15    0.65956954392339615821E-16
    0.88102320346946942919E+01    0.56522635188749001736E-15    0.11839940159660563245E-15
    0.88190198315015013719E+01    0.53483704118284562181E-15    0.37466113573942416396E-16
    0.88278076283083084519E+01   -0.16565569175809128270E-15   -0.10248213987513289599E-15
    0.88365954251151155319E+01   -0.10062540842940905661E-14   -0.88808274371377104576E-16
    0.88453832219219226118E+01   -0.12773442109724049712E-14    0.12581187845121636753E-15
    0.88541710187287296918E+01   -0.66463459974520628404E-15    0.22924599989111634756E-15
    0.88629588155355367718E+01    0.55611394120498124486E-15   -0.12142509914702092678E-15
    0.88717466123423420754E+01    0.15588221704558751828E-14   -0.76667587665183126843E-15
    0.88805344091491491554E+01    0.14181916475644739718E-14   -0.10638188325829033762E-14
    0.88893222059559562354E+01    0.53613250183461421910E-16   -0.61531355530854705196E-15
    0.88981100027627633153E+01   -0.12507531840120766317E-14    0.17217225073669977970E-15
    0.89068977995695703953E+01   -0.10021517433686135654E-14    0.50756814081715026759E-15
    0.89156855963763774753E+01    0.69223912741431604123E-15    0.61968120378438508982E-16
    0.89244733931831827789E+01    0.20229835255661064498E-14   -0.75229269576245709054E-15
    0.89332611899899898589E+01    0.15491058396087888898E-14   -0.12447907900676181142E-14
    0.89420489867967969388E+01   -0.13175350646630724375E-15   -0.96566439282313911545E-15
    0.89508367836036040188E+01   -0.12895916516631659143E-14    0.36376291409187694470E-16
    0.89596245804104110988E+01   -0.10870727260854566647E-14    0.11283517199192574928E-14
    0.89684123772172181788E+01   -0.19708147730510081496E-15    0.14123194547360387997E-14
    0.89772001740240252587E+01    0.40076418959139614565E-15    0.52869737365243730397E-15
    0.89859879708308305624E+01    0.53095298272800598093E-15   -0.81146092071591770613E-15
    0.89947757676376376423E+01    0.58139460845506149840E-15   -0.14393863824311799382E-14
    0.90035635644444447223E+01    0.67294581360745952372E-15   -0.82318861143151011477E-15
    0.90123513612512518023E+01    0.47870045713754078306E-15    0.54723825611962812571E-15
    0.90211391580580588823E+01   -0.12318374486064767483E-15    0.16836186998500769548E-14
    0.90299269548648659622E+01   -0.57984386342064531196E-15    0.17451213151838231345E-14
    0.90387147516716712659E+01   -0.24613315865907193907E-15    0.55463432610643176417E-15
    0.90475025484784783458E+01    0.63594442535468766742E-15   -0.10360418981815322595E-14
    0.90562903452852854258E+01    0.97481169594998204557E-15   -0.15808324897637217992E-14
    0.90650781420920925058E+01    0.12291469192034113909E-15   -0.42652589257310053600E-15
    0.90738659388988995858E+01   -0.11723255657298500374E-14    0.13629638742113756115E-14
    0.90826537357057066657E+01   -0.15883183630779019870E-14    0.20601675153676830989E-14
    0.90914415325125137457E+01   -0.76086836016186230223E-15    0.11161588430502359919E-14
    0.91002293293193190493E+01    0.39064675957599553565E-15   -0.42252333017467071821E-15
    0.91090171261261261293E+01    0.83874282215025741532E-15   -0.12645026839059633698E-14
    0.91178049229329332093E+01    0.48132235068523334661E-15   -0.10946776830200576307E-14
    0.91265927197397402892E+01   -0.82964454232782240836E-16   -0.43020995388403915456E-15
    0.91353805165465473692E+01   -0.33090761014781623713E-15    0.13210677056052379068E-15
    0.91441683133533544492E+01   -0.18436337455708579704E-15    0.31692574013487710297E-15
    0.91529561101601597528E+01    0.14278518719054885150E-15    0.11156746200006452383E-15
    0.91617439069669668328E+01    0.37022396129082385311E-15   -0.34745296271283330617E-15
    0.91705317037737739128E+01    0.32005040741890063166E-15   -0.80998570700130398461E-15
    0.91793195005805809927E+01    0.39889218277836646755E-16   -0.92897175321229708940E-15
    0.91881072973873880727E+01   -0.23879849168529850667E-15   -0.43564205418937219349E-15
    0.91968950941941951527E+01   -0.33328559304391288189E-15    0.50250766882748909715E-15
    0.92056828910010004563E+01   -0.28073310808210614247E-15    0.11412359730960433000E-14
    0.92144706878078075363E+01   -0.22291047860770795192E-15    0.77520296009559674202E-15
    0.92232584846146146162E+01   -0.18126840669271808417E-15   -0.39917737984244198323E-15
    0.92320462814214216962E+01   -0.37667455508526215336E-16   -0.13289982287881093021E-14
    0.92408340782282287762E+01    0.23905267160737555706E-15   -0.12235185906533042972E-14
    0.92496218750350358562E+01    0.44275441625738510838E-15   -0.39815426821399429950E-15
    0.92584096718418411598E+01    0.33505284262119060273E-15    0.25806496387059207225E-15
    0.92671974686486482398E+01   -0.24683576344508166293E-16    0.35382247889117163468E-15
    0.92759852654554553197E+01   -0.28330831531021671134E-15    0.24288869881809232973E-15
    0.92847730622622623997E+01   -0.19080927720769453871E-15    0.28618637610380127984E-15
    0.92935608590690694797E+01    0.10421743408253777097E-15    0.27636986985939083491E-15
    0.93023486558758765597E+01    0.25862408828645759456E-15   -0.15863132543208668760E-15
    0.93111364526826818633E+01    0.13156275286520762733E-15   -0.79922773638329815177E-15
    0.93199242494894889433E+01   -0.11884384601881181033E-15   -0.87912194058472186710E-15
    0.93287120462962960232E+01   -0.29451006634891908016E-15   -0.64427150226717664306E-16
    0.93374998431031031032E+01   -0.37065543862870925836E-15    0.89470576587568793683E-15
    0.93462876399099101832E+01   -0.39913452209299753371E-15    0.93809308758302471207E-15
    0.93550754367167172632E+01   -0.30135537723294551165E-15   -0.24034293200513266178E-16
    0.93638632335235243431E+01    0.88216730255723675220E-16   -0.99206900540178376806E-15
    0.93726510303303296467E+01    0.69122834520368407783E-15   -0.11044645338812275799E-14
    0.93814388271371367267E+01    0.10204479426526639334E-14   -0.58072756418600610104E-15
    0.93902266239439438067E+01    0.63762240446461564034E-15   -0.18442050481017532044E-15
    0.93990144207507508867E+01   -0.20006928855943336221E-15   -0.13725752288237822410E-15
    0.94078022175575579666E+01   -0.64333513892386189166E-15    0.17891382906904818212E-16
    0.94165900143643650466E+01   -0.20379080361562773339E-15    0.46104744476638213055E-15
    0.94253778111711703502E+01    0.59312503136937540524E-15    0.48950035081564648248E-15
    0.94341656079779774302E+01    0.82466139920699019700E-15   -0.55844596859269982266E-15
    0.94429534047847845102E+01    0.24368200564815812748E-15   -0.19150258036035105470E-14
    0.94517412015915915902E+01   -0.52552353798315261512E-15   -0.17495666551572272355E-14
    0.94605289983983986701E+01   -0.79542821211563286462E-15    0.50099963119426177373E-15
    0.94693167952052057501E+01   -0.49841661180900413331E-15    0.27252677027860577538E-14
    0.94781045920120128301E+01   -0.47094323303727219741E-16    0.22848973009400392005E-14
    0.94868923888188181337E+01    0.14258764281489246336E-15   -0.67142164880488260246E-15
    0.94956801856256252137E+01   -0.72534434447525192027E-16   -0.31027188378740370861E-14
    0.95044679824324322936E+01   -0.53071228139824873956E-15   -0.25698468361855450505E-14
    0.95132557792392393736E+01   -0.84446408507651455163E-15    0.11414103998928268563E-15
    0.95220435760460464536E+01   -0.68486969211777981256E-15    0.22589885595901657705E-14
    0.95308313728528535336E+01   -0.11118072693637338473E-15    0.21993305303509603588E-14
    0.95396191696596588372E+01    0.45071458611948704932E-15    0.38481599020474548694E-15
    0.95484069664664659172E+01    0.61616244452991708761E-15   -0.16087378139437935276E-14
    0.95571947632732729971E+01    0.36749373362094950503E-15   -0.22769948079713415020E-14
    0.95659825600800800771E+01   -0.22564731782667108440E-16   -0.10479317205471739773E-14
    0.95747703568868871571E+01   -0.23344273484538568186E-15    0.11462149339850930151E-14
    0.95835581536936942371E+01   -0.78864692421589981360E-16    0.24279436142072526783E-14
    0.95923459505005013170E+01    0.38806329451086466298E-15    0.17329893973024050295E-14
    0.96011337473073066207E+01    0.86020495920791842168E-15   -0.49967120696705079518E-16
    0.96099215441141137006E+01    0.97988767863962480795E-15   -0.11831690199094977691E-14
    0.96187093409209207806E+01    0.61376387483849584671E-15   -0.95545948035348407885E-15
    0.96274971377277278606E+01   -0.42544093303527129625E-16   -0.97140241991961046450E-16
    0.96362849345345349406E+01   -0.55097506155594731029E-15    0.41520611543600865394E-15
    0.96450727313413420205E+01   -0.42695331852766750132E-15    0.36534374981068452706E-15
    0.96538605281481491005E+01    0.44492017307152273283E-15    0.98355969063249450734E-16
    0.96626483249549544041E+01    0.14031973508393297478E-14   -0.13066778597802895227E-15
    0.96714361217617614841E+01    0.13826665971628097522E-14   -0.35740156919452273858E-15
    0.96802239185685685641E+01    0.10492933824087677132E-15   -0.60815353733672530282E-15
    0.96890117153753756440E+01   -0.12727103396732641320E-14   -0.68298482690086864766E-15
    0.96977995121821827240E+01   -0.13277318693482636699E-14   -0.37502334428769781601E-15
    0.97065873089889898040E+01   -0.83237387169756656778E-16    0.17728873646855477490E-15
    0.97153751057957951076E+01    0.98049136330305609683E-15    0.52026709389088789730E-15
    0.97241629026026021876E+01    0.72499576008693673287E-15    0.32308494924726661897E-15
    0.97329506994094092676E+01   -0.36098304032806279132E-15   -0.29523210175243481257E-15
    0.97417384962162163475E+01   -0.10046577292641640116E-14   -0.90602041193419977369E-15
    0.97505262930230234275E+01   -0.71160885665068725290E-15   -0.10928064757315008032E-14
    0.97593140898298305075E+01   -0.83409827424284701366E-16   -0.67942263500774535479E-15
    0.97681018866366375875E+01    0.19804169826389725350E-15    0.15328000308160167745E-15
    0.97768896834434428911E+01    0.16172952284494900866E-15    0.88498457361494691473E-15
    0.97856774802502499710E+01    0.20394718920552913896E-15    0.98824957179681738935E-15
    0.97944652770570570510E+01    0.36652705682665239080E-15    0.34599471147970107779E-15
    0.98032530738638641310E+01    0.27780976738818282661E-15   -0.66157078133772190186E-15
    0.98120408706706712110E+01   -0.20803065844994221482E-15   -0.14203318456005184023E-14
    0.98208286674774782909E+01   -0.61404472124417973752E-15   -0.14036752976739134797E-14
    0.98296164642842835946E+01   -0.36000188464519076497E-15   -0.51007972213568485299E-15
    0.98384042610910906745E+01    0.45315302485868387657E-15    0.67090149395022782979E-15
    0.98471920578978977545E+01    0.10598394572653682923E-14    0.11700907542169992563E-14
    0.98559798547047048345E+01    0.87616642995287941337E-15    0.53050254032228160720E-15
    0.98647676515115119145E+01    0.11170970980590442058E-15   -0.65336797214537455649E-15
    0.98735554483183189944E+01   -0.55351098695175558922E-15   -0.13449618007348207173E-14
    0.98823432451251260744E+01   -0.62094857495281775860E-15   -0.10435568164575082064E-14
    0.98911310419319313780E+01   -0.72504586577399494269E-16   -0.68575601339209864137E-16
    0.98999188387387384580E+01    0.70988319775534266512E-15    0.88224625933735197953E-15
    0.99087066355455455380E+01    0.11502587967477263634E-14    0.12075444784844004700E-14
    0.99174944323523526180E+01    0.86840827593635547045E-15    0.68903212824328366567E-15
    0.99262822291591596979E+01    0.74981991639694401931E-16   -0.33787469537842204744E-15
    0.99350700259659667779E+01   -0.52441906379787973590E-15   -0.11084856160382772203E-14
    0.99438578227727720815E+01   -0.32315260738011873999E-15   -0.85522056951296429495E-15
    0.99526456195795791615E+01    0.59466086784175409300E-15    0.56880608189570196106E-15
    0.99614334163863862415E+01    0.10551570203792982426E-14    0.16755007515346132967E-14
    0.99702212131931933214E+01   -0.60789906319853342130E-15   -0.34420852506472134895E-15
    0.99790090100000004014E+01    0.62083453650606399769E-15    0.12936108167249175187E-14
