    0.11999999999999999556E+01    0.00000000000000000000E+00    0.00000000000000000000E+00
    0.12087877968068068135E+01    0.50347271182907328274E-13    0.25830656393684833360E-17
    0.12175755936136136715E+01   -0.72807442342743542274E-13    0.22481835433113041256E-17
    0.12263633904204203073E+01   -0.72233788487824008986E-13    0.17746396945378175180E-17
    0.12351511872272271653E+01    0.15533110283045820620E-12    0.14236640468968544737E-17
    0.12439389840340340232E+01    0.15806012138683449927E-12    0.13589342529650001410E-17
    0.12527267808408408811E+01   -0.28404392500300652009E-12    0.17513913492153028046E-17
    0.12615145776476475170E+01   -0.66353874934557321423E-12    0.26244562766374434197E-17
    0.12703023744544543749E+01   -0.39161587469778604239E-12    0.38618303492048455664E-17
    0.12790901712612612329E+01    0.27264421139952625969E-12    0.52715516586539984243E-17
    0.12878779680680680908E+01    0.41232077293456928650E-12    0.65986130256978129512E-17
    0.12966657648748749487E+01   -0.26732581452208323441E-12    0.74841304650523755265E-17
    0.13054535616816815846E+01   -0.77831778495336312211E-12    0.74090116306935992757E-17
    0.13142413584884884425E+01   -0.11656008296690384087E-12    0.56181772365985203059E-17
    0.13230291552952953005E+01    0.10501043055657877422E-11    0.12224843371312514430E-17
    0.13318169521021021584E+01    0.90234735360263528416E-12   -0.54192938215375396661E-17
    0.13406047489089087943E+01   -0.89301568604637476955E-12   -0.10193624281200467545E-16
    0.13493925457157156522E+01   -0.19478572540569313159E-11   -0.56958616701098594642E-17
    0.13581803425225225102E+01   -0.11018226746581671562E-12    0.10568817104733116284E-16
    0.13669681393293293681E+01    0.27483070143607572489E-11    0.27377331802615550406E-16
    0.13757559361361360040E+01    0.21836098071636358415E-11    0.26967554734598096173E-16
    0.13845437329429428619E+01   -0.24117758665292574322E-11    0.72355382313871319579E-17
    0.13933315297497497198E+01   -0.49482642730980833729E-11   -0.78948875558413235877E-17
    0.14021193265565565778E+01   -0.13161105885750728379E-12    0.78768576987801167968E-17
    0.14109071233633634357E+01    0.71070459012408510417E-11    0.51206179231494511864E-16
    0.14196949201701700716E+01    0.54781476504935880158E-11    0.87226629632047434166E-16
    0.14284827169769769295E+01   -0.63568022661648186838E-11    0.76860684663637357518E-16
    0.14372705137837837874E+01   -0.12688775905307751052E-10    0.35184293735299767720E-17
    0.14460583105905906454E+01   -0.10238133750017985131E-12   -0.11122261118759147238E-15
    0.14548461073973975033E+01    0.18446546453970399048E-10   -0.20272524378840274595E-15
    0.14636339042042041392E+01    0.13908981803535325308E-10   -0.20298529494945859894E-15
    0.14724217010110109971E+01   -0.16776874797263122417E-10   -0.11995660427575217769E-15
    0.14812094978178178550E+01   -0.32770893958699465955E-10   -0.60203757378827844980E-16
    0.14899972946246244909E+01    0.28457324900573998679E-12   -0.10252832331878113506E-15
    0.14987850914314313489E+01    0.48158020563276107796E-10   -0.15014486538361188780E-15
    0.15075728882382382068E+01    0.35479123806845547787E-10   -0.55290694083049403568E-17
    0.15163606850450450647E+01   -0.44800480397691638592E-10    0.35082308862555949483E-15
    0.15251484818518519226E+01   -0.85878090301617827374E-10    0.63459845814476331152E-15
    0.15339362786586585585E+01    0.42678017017110499785E-12    0.56023389756537460153E-15
    0.15427240754654654165E+01    0.12179690478646991547E-09    0.22894983017346389043E-15
    0.15515118722722722744E+01    0.77759971910504222604E-10    0.49340258119703255757E-16
    0.15602996690790791323E+01   -0.15603779209137479396E-09    0.22825280729199438781E-15
    0.15690874658858859902E+01   -0.31897980179682251676E-09    0.47619710186441797957E-15
    0.15778752626926926261E+01   -0.23568011017055133586E-09    0.35092879865107347428E-15
    0.15866630594994994841E+01   -0.27595222261783744992E-09   -0.23065423870342879469E-15
    0.15954508563063063420E+01   -0.12710804531886872292E-08   -0.88983434841409682544E-15
    0.16042386531131129779E+01   -0.39574302970332490538E-08   -0.10700443144824411210E-14
    0.16130264499199198358E+01   -0.91679601343403934935E-08   -0.38750472519067149970E-15
    0.16218142467267266937E+01   -0.19918170254946042686E-07    0.97851683312939873875E-15
    0.16306020435335335517E+01   -0.44425031958208306966E-07    0.20231785822456721616E-14
    0.16393898403403404096E+01   -0.10074022633594323278E-06    0.15615548056350105710E-14
    0.16481776371471470455E+01   -0.22329018521847048892E-06   -0.33935190011264281454E-15
    0.16569654339539539034E+01   -0.47961955508716596670E-06   -0.18585917237647773158E-14
    0.16657532307607607613E+01   -0.10103079129788952197E-05   -0.13043858052001186749E-14
    0.16745410275675676193E+01   -0.20876583330652807058E-05    0.60968456318180019955E-15
    0.16833288243743744772E+01   -0.42410075372829592462E-05    0.13724763788119636732E-14
    0.16921166211811811131E+01   -0.84485003461339344038E-05   -0.15440948272060080863E-15
    0.17009044179879879710E+01   -0.16472990428493126578E-04   -0.20556611486399522758E-14
    0.17096922147947948289E+01   -0.31510791185270105698E-04   -0.18351713978284031343E-14
    0.17184800116016014648E+01   -0.59072815245346571762E-04    0.23561366872970973500E-15
    0.17272678084084085448E+01   -0.10863039510786615159E-03    0.14542801350779901537E-14
    0.17360556052152151807E+01   -0.19599433205843828942E-03    0.29288961642425644782E-15
    0.17448434020220220386E+01   -0.34682559951589416380E-03   -0.15488805261991038181E-14
    0.17536311988288288966E+01   -0.60251989973593249577E-03   -0.15385942799078311077E-14
    0.17624189956356355324E+01   -0.10275779415064502809E-02    0.31181028976600071162E-15
    0.17712067924424426124E+01   -0.17210462187983400703E-02    0.16008173578923974891E-14
    0.17799945892492492483E+01   -0.28317215433245521670E-02    0.80596006413071016330E-15
    0.17887823860560561062E+01   -0.45771599765431171189E-02   -0.77732530239917007610E-15
    0.17975701828628629642E+01   -0.72702325535339276316E-02   -0.94871869228019258672E-15
    0.18063579796696696000E+01   -0.11349062885352581218E-01    0.59042023222734728226E-15
    0.18151457764764764580E+01   -0.17411705685565728730E-01    0.21136895847695771935E-14
    0.18239335732832833159E+01   -0.26254725097770052061E-01    0.21078447888632631463E-14
    0.18327213700900899518E+01   -0.38907685714980433378E-01    0.81868034875077728357E-15
    0.18415091668968970318E+01   -0.56657422627191117437E-01   -0.38476245786672843410E-15
    0.18502969637037036676E+01   -0.81062452385743666294E-01   -0.30057416536276090244E-15
    0.18590847605105105256E+01   -0.11392884738060406191E+00    0.13754487360728448424E-14
    0.18678725573173173835E+01   -0.15725055407802790430E+00    0.38523560828796736868E-14
    0.18766603541241240194E+01   -0.21310604490305110059E+00    0.55796813911799147616E-14
    0.18854481509309310994E+01   -0.28346766468737327749E+00    0.56192610372280109492E-14
    0.18942359477377377353E+01   -0.36996887457547783518E+00    0.50066402689335077725E-14
    0.19030237445445445932E+01   -0.47359649912767964874E+00    0.59452543884485781407E-14
    0.19118115413513514511E+01   -0.59431919487052298212E+00    0.91888879197552492853E-14
    0.19205993381581580870E+01   -0.73071881441715691441E+00    0.12798790116023877393E-13
    0.19293871349649649449E+01   -0.87964482313457692531E+00    0.14377239468056632672E-13
    0.19381749317717718029E+01   -0.10359099273980285627E+01    0.13937348175268485944E-13
    0.19469627285785784387E+01   -0.11921841369332832894E+01    0.13625039507373618084E-13
    0.19557505253853855187E+01   -0.13390687229178213080E+01    0.14783763704644508872E-13
    0.19645383221921921546E+01   -0.14653818957475059914E+01    0.16297341589126119992E-13
    0.19733261189989990125E+01   -0.15588589242169623716E+01    0.16375826080819679346E-13
    0.19821139158058058705E+01   -0.16070391788081017648E+01    0.15034880359684356442E-13
    0.19909017126126125063E+01   -0.15984415750334444173E+01    0.13928238777085993885E-13
    0.19996895094194195863E+01   -0.15239787850474522113E+01    0.13964168230323333766E-13
    0.20084773062262262222E+01   -0.13783304137488125996E+01    0.14004448417308164505E-13
    0.20172651030330328581E+01   -0.11611679497516340653E+01    0.12436700559874824557E-13
    0.20260528998398399381E+01   -0.87821319139196873937E+00    0.93028136705965937331E-14
    0.20348406966466465740E+01   -0.54161363504911685940E+00    0.61643544123840118735E-14
    0.20436284934534532098E+01   -0.16971751216314479027E+00    0.40880507380843330384E-14
    0.20524162902602602898E+01    0.21370739086186454903E+00    0.24597324986964138415E-14
    0.20612040870670673698E+01    0.58129471318892900200E+00    0.16886385027940531273E-16
    0.20699918838738740057E+01    0.90431506322482890781E+00   -0.36091532834553575774E-14
    0.20787796806806806416E+01    0.11553457390381947079E+01   -0.75782778593810125438E-14
    0.20875674774874877215E+01    0.13112792186529462768E+01   -0.10567228517251906606E-13
    0.20963552742942943574E+01    0.13560558662712995925E+01   -0.11551899540255293440E-13
    0.21051430711011009933E+01    0.12827324366558650048E+01   -0.10460515246044805143E-13
    0.21139308679079080733E+01    0.10950923991703513938E+01   -0.85571337013138387635E-14
    0.21227186647147147092E+01    0.80787200100909195566E+00   -0.75307256783726485718E-14
    0.21315064615215213450E+01    0.44580781481246811726E+00   -0.75879001726811458023E-14
    0.21402942583283284250E+01    0.41864871887955817931E-01   -0.68664370932524610266E-14
    0.21490820551351350609E+01   -0.36597435627623137178E+00   -0.38353750550370391074E-14
    0.21578698519419421409E+01   -0.73841347633772036474E+00    0.35750845467200390972E-16
    0.21666576487487487768E+01   -0.10387282883816224555E+01    0.14605742177298541652E-14
    0.21754454455555558567E+01   -0.12367583518314471114E+01   -0.44277922672037563000E-15
    0.21842332423623624926E+01   -0.13122718982196861504E+01   -0.23627309752027473687E-14
    0.21930210391691691285E+01   -0.12570066556349646092E+01   -0.72375116827870043925E-15
    0.22018088359759762085E+01   -0.10759758198604187918E+01    0.36037202642665874027E-14
    0.22105966327827828444E+01   -0.78701908793760810834E+00    0.63199695657808122589E-14
    0.22193844295895894803E+01   -0.41890131962351723205E+00    0.52368374469764245161E-14
    0.22281722263963965602E+01   -0.86329298578930614011E-02    0.30755415848662853035E-14
    0.22369600232032031961E+01    0.40248230317892980112E+00    0.36394789454482369973E-14
    0.22457478200100098320E+01    0.77316010184575534314E+00    0.68821523846261986388E-14
    0.22545356168168169120E+01    0.10662385421912126127E+01    0.93228044978559785395E-14
    0.22633234136236239920E+01    0.12525594597914444517E+01    0.86788580180912575033E-14
    0.22721112104304301837E+01    0.13140330595799936120E+01    0.64181853659448805493E-14
    0.22808990072372372637E+01    0.12450884989199881847E+01    0.51716204181947937130E-14
    0.22896868040440443437E+01    0.10533144374583784941E+01    0.52150228478218678370E-14
    0.22984746008508509796E+01    0.75841788470120563570E+00    0.45719726799104977441E-14
    0.23072623976576576155E+01    0.38982548783493409239E+00    0.19524898424465482932E-14
    0.23160501944644646954E+01   -0.16299515834053431018E-01   -0.16160555133579535776E-14
    0.23248379912712713313E+01   -0.42092593062552713379E+00   -0.43916030216454652968E-14
    0.23336257880780779672E+01   -0.78619457850023444223E+00   -0.60882902833612835844E-14
    0.23424135848848850472E+01   -0.10789154638441487144E+01   -0.77540940985828206485E-14
    0.23512013816916916831E+01   -0.12735869776553225829E+01   -0.98773895174427900733E-14
    0.23599891784984983190E+01   -0.13546082986999441466E+01   -0.11446483351374053667E-13
    0.23687769753053053989E+01   -0.13169809106061576287E+01   -0.11275885833748541850E-13
    0.23775647721121124789E+01   -0.11663332129907995061E+01   -0.96647847424353177150E-14
    0.23863525689189186707E+01   -0.91778872375200881706E+00   -0.81490067275502169697E-14
    0.23951403657257257507E+01   -0.59392576955806186678E+00   -0.77943806722764673200E-14
    0.24039281625325328307E+01   -0.22245809926135087786E+00   -0.82178569240254841773E-14
    0.24127159593393394665E+01    0.16644923029974825757E+00   -0.83428731936391487088E-14
    0.24215037561461461024E+01    0.54289040505384433821E+00   -0.75252663623334481615E-14
    0.24302915529529531824E+01    0.87948945627093699784E+00   -0.58767166076850872676E-14
    0.24390793497597598183E+01    0.11533027440675356345E+01   -0.39523988773103372252E-14
    0.24478671465665664542E+01    0.13472689518498479622E+01   -0.23373852303960049936E-14
    0.24566549433733735341E+01    0.14508461467569893077E+01   -0.11639942268867932096E-14
    0.24654427401801801700E+01    0.14602852267766976979E+01    0.20174306726095997529E-15
    0.24742305369869868059E+01    0.13782720800468595268E+01    0.24840465992354013254E-14
    0.24830183337937938859E+01    0.12130791882024472006E+01    0.51336797442496089573E-14
    0.24918061306006009659E+01    0.97751509036155215249E+00    0.61631195597583079372E-14
    0.25005939274074071577E+01    0.68757826945502509286E+00    0.44327883414173537802E-14
    0.25093817242142142376E+01    0.36104221095543670428E+00    0.18956547030272764922E-14
    0.25181695210210213176E+01    0.16135953777555913508E-01    0.18880176399010605636E-14
    0.25269573178278279535E+01   -0.32968992457690693421E+00    0.45960175516747766813E-14
    0.25357451146346345894E+01   -0.66080485081734530173E+00    0.56831100915977787453E-14
    0.25445329114414416694E+01   -0.96408586435520449154E+00    0.15131295263071999917E-14
    0.25533207082482483052E+01   -0.12294336821618268019E+01   -0.52695484542851169795E-14
    0.25621085050550549411E+01   -0.14499415058454401262E+01   -0.81939363813257082068E-14
    0.25708963018618620211E+01   -0.16217967366085672687E+01   -0.51896246156440087513E-14
    0.25796840986686686570E+01   -0.17440505575352600598E+01   -0.18554718446632702035E-14
    0.25884718954754752929E+01   -0.18181862132775115093E+01   -0.42333960460537805560E-14
    0.25972596922822823728E+01   -0.18476248812926783227E+01   -0.10605299495107408022E-13
    0.26060474890890894528E+01   -0.18372108417978099126E+01   -0.13722135714260394133E-13
    0.26148352858958960887E+01   -0.17926853538844762515E+01   -0.10519268257193704402E-13
    0.26236230827027027246E+01   -0.17202116877242890070E+01   -0.63610565855116219427E-14
    0.26324108795095098046E+01   -0.16259988878329314499E+01   -0.76224651542979440391E-14
    0.26411986763163164404E+01   -0.15159765767184087970E+01   -0.13023653632146650920E-13
    0.26499864731231230763E+01   -0.13955833888493740513E+01   -0.15462986089089378366E-13
    0.26587742699299301563E+01   -0.12696414320496791639E+01   -0.11348403014089728488E-13
    0.26675620667367367922E+01   -0.11422738563903589437E+01   -0.50291378888848582327E-14
    0.26763498635435434281E+01   -0.10168875222401281277E+01   -0.27489491807344144938E-14
    0.26851376603503505081E+01   -0.89618088806996509810E+00   -0.52055868981854195610E-14
    0.26939254571571571439E+01   -0.78218521980195387933E+00   -0.79442451328552991558E-14
    0.27027132539639637798E+01   -0.67633027706929704781E+00   -0.73682696904614932683E-14
    0.27115010507707708598E+01   -0.57951667627991476639E+00   -0.42328246495830625281E-14
    0.27202888475775779398E+01   -0.49219628170084328556E+00   -0.14998009291504331569E-14
    0.27290766443843845757E+01   -0.41445335702930691246E+00   -0.10582479502510042623E-14
    0.27378644411911912115E+01   -0.34607838614672653543E+00   -0.26561201357144538023E-14
    0.27466522379979982915E+01   -0.28663620892167013254E+00   -0.44949398483986806527E-14
    0.27554400348048049274E+01   -0.23552881093123573253E+00   -0.43948419828178922840E-14
    0.27642278316116115633E+01   -0.19204927177738176369E+00   -0.17105469562025128548E-14
    0.27730156284184186433E+01   -0.15543122326847530479E+00    0.12413939749798707515E-14
    0.27818034252252252791E+01   -0.12488847439438956199E+00    0.11379139899544634548E-14
    0.27905912220320319150E+01   -0.99647195485082259991E-01   -0.21640666841062504573E-14
    0.27993790188388389950E+01   -0.78971551251508231850E-01   -0.45398410138428000606E-14
    0.28081668156456460750E+01   -0.62178679682988055588E-01   -0.24924670422764433186E-14
    0.28169546124524522668E+01   -0.48649504608304652842E-01    0.18250871947344078422E-14
    0.28257424092592593468E+01   -0.37833650581510239186E-01    0.28941777661754315744E-14
    0.28345302060660664267E+01   -0.29250067927542571650E-01   -0.96073924338559028607E-15
    0.28433180028728730626E+01   -0.22485511088942568281E-01   -0.48891881140760431328E-14
    0.28521057996796796985E+01   -0.17189861409815116594E-01   -0.37611367857802773118E-14
    0.28608935964864867785E+01   -0.13070439192567276029E-01    0.99799059437697753935E-15
    0.28696813932932934144E+01   -0.98856059023523963625E-02    0.33502792260138639759E-14
    0.28784691901001000502E+01   -0.74378995982605109957E-02    0.51329089479984877243E-15
    0.28872569869069071302E+01   -0.55674855246531382638E-02   -0.36276480008425382104E-14
    0.28960447837137137661E+01   -0.41462458616001113612E-02   -0.39832116751201766349E-14
    0.29048325805205204020E+01   -0.30722289602576492024E-02   -0.59315265548575638622E-15
    0.29136203773273274820E+01   -0.22649761200876391935E-02    0.22273448346901353744E-14
    0.29224081741341345619E+01   -0.16614919693500663275E-02    0.16045373380365663485E-14
    0.29311959709409407537E+01   -0.12127143377864196480E-02   -0.97161496242597597370E-15
    0.29399837677477478337E+01   -0.88076573902958301462E-03   -0.24171587709724468244E-14
    0.29487715645545549137E+01   -0.63653006219875434522E-03   -0.16456570123469650746E-14
    0.29575593613613615496E+01   -0.45776920602349065398E-03    0.10111739980973889472E-15
    0.29663471581681681855E+01   -0.32762613569008332531E-03    0.11633312680941075963E-14
    0.29751349549749752654E+01   -0.23336132648905030394E-03    0.85333812626665602901E-15
    0.29839227517817819013E+01   -0.16543823788970379624E-03   -0.41099111337057101474E-15
    0.29927105485885885372E+01   -0.11674394981227040964E-03   -0.14281193350998797925E-14
    0.30014983453953956172E+01   -0.82006412104382479865E-04   -0.10971902577958217936E-14
    0.30102861422022022531E+01   -0.57350549030872155325E-04    0.39005557739302506662E-15
    0.30190739390090088889E+01   -0.39932168843037820904E-04    0.14248770879305089313E-14
    0.30278617358158159689E+01   -0.27685866152630755313E-04    0.74581632355188372636E-15
    0.30366495326226230489E+01   -0.19115660100483374066E-04   -0.86087730952834380143E-15
    0.30454373294294292407E+01   -0.13144145346437061407E-04   -0.14080717141127850099E-14
    0.30542251262362363207E+01   -0.90024660285669460473E-05   -0.18245857206165336138E-15
    0.30630129230430434006E+01   -0.61415440931769614349E-05    0.13299137162164533654E-14
    0.30718007198498500365E+01   -0.41737986198407165485E-05    0.14102335743346571487E-14
    0.30805885166566566724E+01   -0.28259599548205774876E-05    0.24627040842111622838E-15
    0.30893763134634637524E+01   -0.19062187285599341179E-05   -0.53499467825731069727E-15
    0.30981641102702703883E+01   -0.12812583435673935935E-05   -0.15535770428195307308E-16
    0.31069519070770770242E+01   -0.85809710963508347545E-06    0.10292675234719852135E-14
    0.31157397038838841041E+01   -0.57268901470490282872E-06    0.13637680364728729567E-14
    0.31245275006906907400E+01   -0.38091394303533821173E-06    0.76008836036545292009E-15
    0.31333152974974973759E+01   -0.25247957050447558847E-06   -0.29300130483752677744E-16
    0.31421030943043044559E+01   -0.16680821858470934872E-06   -0.27550656560093850105E-15
    0.31508908911111115358E+01   -0.10983881251015003867E-06    0.10288343511756617680E-15
    0.31596786879179177276E+01   -0.72091347051289414854E-07    0.69449609783045467832E-15
    0.31684664847247248076E+01   -0.47167509088369221781E-07    0.95215907926390446485E-15
    0.31772542815315318876E+01   -0.30758990843622548889E-07    0.56834620272168958569E-15
    0.31860420783383385235E+01   -0.19998253188627870762E-07   -0.17195137642040555400E-15
    0.31948298751451451594E+01   -0.12960913262051853471E-07   -0.48531557034871455734E-15
    0.32036176719519522393E+01   -0.83740704272335290445E-08    0.77336181955772466584E-16
    0.32124054687587593193E+01   -0.53943264830129867262E-08    0.90976568726287312268E-15
    0.32211932655655655111E+01   -0.34637291728847400827E-08    0.93165924755358236531E-15
    0.32299810623723725911E+01   -0.22177481450063610462E-08   -0.47715171738452253158E-16
    0.32387688591791796711E+01   -0.14156538670491887162E-08   -0.94276486222061433154E-15
    0.32475566559859858629E+01   -0.90093436802604527955E-09   -0.72025029137969175581E-15
    0.32563444527927929428E+01   -0.57166726411284286687E-09    0.26503246070931862069E-15
    0.32651322495996000228E+01   -0.36156101831216115727E-09    0.75553235913063864117E-15
    0.32739200464064062146E+01   -0.22805327881419534618E-09    0.18983479021185315236E-15
    0.32827078432132132946E+01   -0.14342559943409354337E-09   -0.66086310807623684584E-15
    0.32914956400200203745E+01   -0.89929841829364729851E-10   -0.77615117363563684833E-15
    0.33002834368268265663E+01   -0.56207618253241002452E-10   -0.86511998256193716483E-16
    0.33090712336336336463E+01   -0.35006782622207105745E-10    0.64538995665261175789E-15
    0.33178590304404407263E+01   -0.21749039064115625759E-10    0.76495013805765416576E-15
    0.33266468272472478063E+01   -0.13479707968727911251E-10    0.26629551270595371234E-15
    0.33354346240540539981E+01   -0.83279987176330625466E-11   -0.42184914551169112333E-15
    0.33442224208608610780E+01   -0.51226170785882159596E-11   -0.81220394552946119745E-15
    0.33530102176676681580E+01   -0.31370754460929747396E-11   -0.63935251376628777554E-15
    0.33617980144744743498E+01   -0.19200762415449877976E-11   -0.57973303610335139954E-16
    0.33705858112812814298E+01   -0.11763385351470970441E-11    0.41287763999086932616E-15
    0.33793736080880885098E+01   -0.71777979381444019610E-12    0.34148612639207154223E-15
    0.33881614048948947016E+01   -0.43258371175033534191E-12   -0.19702635273800826875E-15
    0.33969492017017017815E+01   -0.25790895140121357287E-12   -0.73854819131051664656E-15
    0.34057369985085088615E+01   -0.15543420419674395500E-12   -0.87527747435026187096E-15
    0.34145247953153150533E+01   -0.96145887605404992208E-13   -0.54196977080163813560E-15
    0.34233125921221221333E+01   -0.59485436803419057555E-13   -0.72781185442107380215E-17
    0.34321003889289292133E+01   -0.34900917334272286484E-13    0.25774960225821494112E-15
    0.34408881857357362932E+01   -0.19101622193911748394E-13   -0.71865348263913274547E-16
    0.34496759825425424850E+01   -0.10766141909828960658E-13   -0.73152418833060065788E-15
    0.34584637793493495650E+01   -0.74422724047655912625E-14   -0.93125871814572614104E-15
    0.34672515761561566450E+01   -0.62127675798237611954E-14   -0.22762710581263721397E-15
    0.34760393729629628368E+01   -0.50361240516405833136E-14    0.74318892713562529451E-15
    0.34848271697697699167E+01   -0.31922665585274991499E-14    0.89055579238614014343E-15
    0.34936149665765769967E+01   -0.11342803709352720062E-14    0.53801913523653336960E-16
    0.35024027633833831885E+01    0.55565383521973051584E-16   -0.66181618633638812847E-15
    0.35111905601901902685E+01   -0.24778125442396753104E-15   -0.27137818318702612705E-15
    0.35199783569969973485E+01   -0.13600377096032190633E-14    0.76905980903383398002E-15
    0.35287661538038035403E+01   -0.19074847352979345417E-14    0.11542455768312729255E-14
    0.35375539506106106202E+01   -0.12769166704627744605E-14    0.40844884959719304832E-15
    0.35463417474174177002E+01   -0.14852603034125027668E-15   -0.54868261266512406550E-15
    0.35551295442242247802E+01    0.48407807068745256118E-15   -0.68004290895457684783E-15
    0.35639173410310309720E+01    0.36856814514263978799E-15   -0.12307508875665373795E-15
    0.35727051378378380520E+01   -0.66435265682803834866E-16    0.18736657394299420536E-15
    0.35814929346446451319E+01   -0.42157417441220993071E-15   -0.15552765354647976676E-15
    0.35902807314514513237E+01   -0.66021941429083979704E-15   -0.55931697608910524817E-15
    0.35990685282582584037E+01   -0.79243000710183995002E-15   -0.37474181428757870072E-15
    0.36078563250650654837E+01   -0.56770255523543195624E-15    0.16413273491391532426E-15
    0.36166441218718716755E+01    0.20146548654880458293E-15    0.30555189626938927303E-15
    0.36254319186786787554E+01    0.10001445479539816479E-14   -0.13026798889093366095E-15
    0.36342197154854858354E+01    0.76131317746489229694E-15   -0.44661574268770592729E-15
    0.36430075122922929154E+01   -0.75857794586762814172E-15   -0.34387053116716076238E-16
    0.36517953090990991072E+01   -0.19629451981267674959E-14    0.72428325831012495907E-15
    0.36605831059059061872E+01   -0.91716608541761269490E-15    0.93144573141975178191E-15
    0.36693709027127132671E+01    0.18598488195198147006E-14    0.39716090043714067811E-15
    0.36781586995195194589E+01    0.31770337973059299447E-14   -0.51484196200418991806E-16
    0.36869464963263265389E+01    0.94476145420844447102E-15    0.28611481729455103716E-15
    0.36957342931331336189E+01   -0.25859414848700411790E-14    0.93399638662165510250E-15
    0.37045220899399398107E+01   -0.31895786919582469050E-14    0.83408689810973512453E-15
    0.37133098867467468907E+01   -0.13822161178539338113E-16   -0.17944139042688703426E-15
    0.37220976835535539706E+01    0.30641850376529257216E-14   -0.10215778217380220190E-14
    0.37308854803603601624E+01    0.23284744484631361909E-14   -0.74835034538570018707E-15
    0.37396732771671672424E+01   -0.11337720008196467109E-14    0.16192179654743674857E-15
    0.37484610739739743224E+01   -0.31437960519057418571E-14    0.46619955226789359797E-15
    0.37572488707807814023E+01   -0.16029849865917017638E-14   -0.15436243615848319902E-15
    0.37660366675875875941E+01    0.14850745219074542943E-14   -0.65010251756378975130E-15
    0.37748244643943946741E+01    0.29968637084162505737E-14   -0.96890471648247907404E-16
    0.37836122612012017541E+01    0.19569941929030522185E-14    0.92981314468241667103E-15
    0.37924000580080079459E+01   -0.33018047727810194291E-15    0.10797529710970663964E-14
    0.38011878548148150259E+01   -0.19481856047423424605E-14    0.55745312376676437474E-16
    0.38099756516216221058E+01   -0.17128424667275158383E-14   -0.91144172876090320136E-15
    0.38187634484284282976E+01    0.14767548889849731093E-15   -0.67283589664406102202E-15
    0.38275512452352353776E+01    0.18643994978125334524E-14    0.34122551650152163742E-15
    0.38363390420420424576E+01    0.15414482647727999222E-14    0.77666786776468427686E-15
    0.38451268388488486494E+01   -0.71284703947763058434E-15    0.14342643806297203554E-15
    0.38539146356556557294E+01   -0.25654783092313733145E-14   -0.62888289139035062902E-15
    0.38627024324624628093E+01   -0.20671874868910869739E-14   -0.52844547311975561795E-15
    0.38714902292692698893E+01    0.27961640871838240710E-16    0.24691992851687492792E-15
    0.38802780260760760811E+01    0.13247649221962743083E-14    0.70643213052452242570E-15
    0.38890658228828831611E+01    0.62165667816193450183E-15    0.38351183672770271677E-15
    0.38978536196896902410E+01   -0.10160802386937669301E-14   -0.18946829787656079189E-15
    0.39066414164964964328E+01   -0.18814661620314064490E-14   -0.30112807139857458198E-15
    0.39154292133033035128E+01   -0.13792952591099333827E-14    0.98573248620223973951E-16
    0.39242170101101105928E+01   -0.11011812383241638627E-15    0.51210555860887117070E-15
    0.39330048069169167846E+01    0.97354278711306858717E-15    0.52202359067253527378E-15
    0.39417926037237238646E+01    0.12148630586649533249E-14    0.12914833580366976426E-15
    0.39505804005305309445E+01    0.53006651213617536818E-15   -0.37091879341940751519E-15
    0.39593681973373371363E+01   -0.51993670796974243638E-15   -0.61416253325031434341E-15
    0.39681559941441442163E+01   -0.11266417378784352963E-14   -0.41341705485706713901E-15
    0.39769437909509512963E+01   -0.86108564733131171008E-15    0.16656465459864619720E-16
    0.39857315877577583763E+01    0.42159475890824067265E-16    0.16584871977540578488E-15
    0.39945193845645645681E+01    0.90807626040675368163E-15   -0.20421777725833655301E-15
    0.40033071813713716480E+01    0.99468760818430689222E-15   -0.63835255222265557959E-15
    0.40120949781781787280E+01    0.27412427656271088406E-16   -0.44914697773009146139E-15
    0.40208827749849849198E+01   -0.12577793787969766789E-14    0.39943352891287470085E-15
    0.40296705717917919998E+01   -0.14335630372502143067E-14    0.11361555061038644314E-14
    0.40384583685985990797E+01    0.10533227647952874353E-15    0.10770709084625467784E-14
    0.40472461654054052715E+01    0.20313781037403195259E-14    0.42833160305193654868E-15
    0.40560339622122123515E+01    0.23204839878727768742E-14   -0.28266842510033789685E-16
    0.40648217590190194315E+01    0.60564583974829494616E-15    0.18142787399372166798E-15
    0.40736095558258256233E+01   -0.13003696770634835473E-14    0.82394842024587285344E-15
    0.40823973526326327033E+01   -0.15067314117680491704E-14    0.12788618014647556562E-14
    0.40911851494394397832E+01   -0.21072712055993329221E-16    0.99833506198578029806E-15
    0.40999729462462468632E+01    0.16458547872022239779E-14   -0.65430262253480671079E-16
    0.41087607430530530550E+01    0.21055010346596343338E-14   -0.11218106062421656936E-14
    0.41175485398598601350E+01    0.10643740920049649628E-14   -0.95120957845731071891E-15
    0.41263363366666672150E+01   -0.71019554878469360560E-15    0.68098409184884997750E-15
    0.41351241334734734068E+01   -0.17995394922405516778E-14    0.21119561726423527167E-14
    0.41439119302802804867E+01   -0.11470615386266192605E-14    0.13650734626256074431E-14
    0.41526997270870875667E+01    0.73499884435752902152E-15   -0.11676481354907021421E-14
    0.41614875238938937585E+01    0.19217086622515972320E-14   -0.26088771492599124156E-14
    0.41702753207007008385E+01    0.10867345346242245123E-14   -0.10352645230670227250E-14
    0.41790631175075079184E+01   -0.87593042199628089478E-15    0.17517768495959326395E-14
    0.41878509143143141102E+01   -0.19010036887394235966E-14    0.23006184719393622526E-14
    0.41966387111211211902E+01   -0.10765459069761238404E-14   -0.15416036242778538818E-15
    0.42054265079279282702E+01    0.58335313102366203199E-15   -0.27134316107212082947E-14
    0.42142143047347353502E+01    0.15565388328197953946E-14   -0.25236706774084149463E-14
    0.42230021015415415420E+01    0.12757075842008150918E-14   -0.12176377023799000891E-15
    0.42317898983483486219E+01    0.23598653906002731228E-15    0.17216880201618371210E-14
    0.42405776951551557019E+01   -0.61709224202053815691E-15    0.13460985721634561436E-14
    0.42493654919619618937E+01   -0.51390405050549101316E-15   -0.44938504381427727042E-15
    0.42581532887687689737E+01    0.55950929508445369604E-15   -0.18906798912303313389E-14
    0.42669410855755760537E+01    0.16077518043247800442E-14   -0.19166548214850985100E-14
    0.42757288823823822455E+01    0.14606968006837000617E-14   -0.64851285488173608269E-15
    0.42845166791891893254E+01    0.66668484781070855403E-16    0.82716895739312747055E-15
    0.42933044759959964054E+01   -0.13307779091990033407E-14    0.11372312286429493248E-14
    0.43020922728028034854E+01   -0.15209757415664346838E-14   -0.15549191918175201715E-15
    0.43108800696096096772E+01   -0.51906591198918073132E-15   -0.17983205785671705363E-14
    0.43196678664164167571E+01    0.69751493760013264559E-15   -0.20488180312120480888E-14
    0.43284556632232238371E+01    0.11733497806660063363E-14   -0.71264621028242920955E-15
    0.43372434600300300289E+01    0.60499793030255177133E-15    0.56606979309330976526E-15
    0.43460312568368371089E+01   -0.55420691301249034074E-15    0.35413849732216535669E-15
    0.43548190536436441889E+01   -0.12698747487282317747E-14   -0.83763291017406692525E-15
    0.43636068504504503807E+01   -0.70593868692989439360E-15   -0.14046964925220001160E-14
    0.43723946472572574606E+01    0.79492667112167697204E-15   -0.68312287739147681904E-15
    0.43811824440640645406E+01    0.17972944093502046799E-14    0.43843302459953146253E-15
    0.43899702408708707324E+01    0.12474332936963129241E-14    0.83522966754576480527E-15
    0.43987580376776778124E+01   -0.33701882996242671809E-15    0.39296034607136561952E-15
    0.44075458344844848924E+01   -0.15095714944801583349E-14   -0.20511315884401372331E-15
    0.44163336312912919723E+01   -0.13831622843438745658E-14   -0.38652535503349635503E-15
    0.44251214280980981641E+01   -0.26821414005742564027E-15   -0.12544505797289721395E-15
    0.44339092249049052441E+01    0.84666664770542551530E-15    0.28076351346651455958E-15
    0.44426970217117123241E+01    0.10070146238593721370E-14    0.52091604636038946182E-15
    0.44514848185185185159E+01   -0.79021829742267756563E-16    0.45237845155734252542E-15
    0.44602726153253255958E+01   -0.15538654246959743672E-14    0.19905933775705761823E-15
    0.44690604121321326758E+01   -0.18685451765229023303E-14    0.59284118028052147196E-16
    0.44778482089389388676E+01   -0.41717616568743642443E-15    0.18078846450427340306E-15
    0.44866360057457459476E+01    0.13792402468853740723E-14    0.33946284261891750661E-15
    0.44954238025525530276E+01    0.15070254800725298254E-14    0.19935819054227926113E-15
    0.45042115993593592194E+01   -0.17690009019640406397E-15   -0.23082721435373433580E-15
    0.45129993961661662993E+01   -0.16535943843302761371E-14   -0.55834364455557760883E-15
    0.45217871929729733793E+01   -0.12453639949920408437E-14   -0.50296590767025641128E-15
    0.45305749897797804593E+01    0.34158916838902567753E-15   -0.28053867506265730959E-15
    0.45393627865865866511E+01    0.11366269101670078258E-14   -0.30018006695281754529E-15
    0.45481505833933937311E+01    0.39508605439778027854E-15   -0.57796615045173351111E-15
    0.45569383802002008110E+01   -0.73959565588822121104E-15   -0.67866091703979491674E-15
    0.45657261770070070028E+01   -0.94381626975397568354E-15   -0.33149024806517835363E-15
    0.45745139738138140828E+01   -0.24556053201123134147E-15    0.11031803057311139997E-15
    0.45833017706206211628E+01    0.39712605738290264692E-15    0.10561002270960241349E-15
    0.45920895674274273546E+01    0.38818268151115811126E-15   -0.28212420122434986218E-15
    0.46008773642342344345E+01   -0.31259245321565233964E-16   -0.35904928276546507341E-15
    0.46096651610410415145E+01   -0.37535572575848338048E-15    0.25989815824593896291E-15
    0.46184529578478477063E+01   -0.49677751942046009292E-15    0.97014060872922821912E-15
    0.46272407546546547863E+01   -0.52771650833874300785E-15    0.86998470874207434258E-15
    0.46360285514614618663E+01   -0.53597242086839244991E-15   -0.46883865982270933774E-17
    0.46448163482682689462E+01   -0.43302006419894855287E-15   -0.59049113124968746319E-15
    0.46536041450750751380E+01   -0.20738740115426951347E-15   -0.13548725215574268890E-15
    0.46623919418818822180E+01   -0.86954110016555762103E-16    0.77456353559198514784E-15
    0.46711797386886892980E+01   -0.29495102603659320940E-15    0.97631967112784441217E-15
    0.46799675354954954898E+01   -0.65935494772958500150E-15    0.21633302877267590913E-15
    0.46887553323023025698E+01   -0.66515554834439469937E-15   -0.55935405977446857810E-15
    0.46975431291091096497E+01   -0.48692322324056306244E-16   -0.41117376202987331121E-15
    0.47063309259159158415E+01    0.77715396817346504232E-15    0.54847366563693048270E-15
    0.47151187227227229215E+01    0.11228496725055598453E-14    0.14332396069771671171E-14
    0.47239065195295300015E+01    0.75414556666226417885E-15    0.14552330518533269590E-14
    0.47326943163363361933E+01    0.76547944048192239284E-16    0.46771821860892717670E-15
    0.47414821131431432732E+01   -0.35867939223031000576E-15   -0.93426084611789712106E-15
    0.47502699099499503532E+01   -0.33215425698190544991E-15   -0.16170460719628492605E-14
    0.47590577067567574332E+01   -0.17297676694208824952E-16   -0.80899395018130531783E-15
    0.47678455035635636250E+01    0.16958849797636547571E-15    0.82706099655942151075E-15
    0.47766333003703707050E+01   -0.15843877135366366059E-15    0.15081047843815544659E-14
    0.47854210971771777849E+01   -0.96022172748442269489E-15    0.29027223445826715118E-15
    0.47942088939839839767E+01   -0.15890233252117272358E-14   -0.15788601771344151825E-14
    0.48029966907907910567E+01   -0.13571701934100751887E-14   -0.20305237828874180885E-14
    0.48117844875975981367E+01   -0.35519357777618346280E-15   -0.59289379151325744240E-15
    0.48205722844044043285E+01    0.53586554496339151134E-15    0.11590282328841442430E-14
    0.48293600812112114085E+01    0.59389460810401080869E-15    0.15318866550070687266E-14
    0.48381478780180184884E+01    0.88216459164959454702E-17    0.39510147605410072309E-15
    0.48469356748248246802E+01   -0.45595950021461671786E-15   -0.11179286393888075829E-14
    0.48557234716316317602E+01   -0.25965127584960403893E-15   -0.17831412994743573098E-14
    0.48645112684384388402E+01    0.53770483456489445706E-15   -0.10850004121582362721E-14
    0.48732990652452459202E+01    0.14168781874950558058E-14    0.48520596112238290180E-15
    0.48820868620520521119E+01    0.16977093547597295817E-14    0.15514105316717281977E-14
    0.48908746588588591919E+01    0.10420777951770663056E-14    0.97843450114101273600E-15
    0.48996624556656662719E+01   -0.40390707443751281318E-16   -0.73296611167905401773E-15
    0.49084502524724724637E+01   -0.46183162368373919038E-15   -0.16770401752923825181E-14
    0.49172380492792795437E+01    0.28798541726258221160E-15   -0.65512634195449994823E-15
    0.49260258460860866236E+01    0.13860888705014871737E-14    0.13182118364385819732E-14
    0.49348136428928928154E+01    0.15479144625618036300E-14    0.22404313971368085836E-14
    0.49436014396996998954E+01    0.49583296248287202698E-15    0.13839208819932971399E-14
    0.49523892365065069754E+01   -0.77526048388753514869E-15   -0.16113198565151164749E-15
    0.49611770333133140554E+01   -0.11429645089193778192E-14   -0.97197730865351536975E-15
    0.49699648301201202472E+01   -0.38360234883436786762E-15   -0.63758057869228761941E-15
    0.49787526269269273271E+01    0.83757351374273555603E-15    0.29896083626878398887E-15
    0.49875404237337344071E+01    0.14650192608825050301E-14    0.10136511391127005006E-14
    0.49963282205405405989E+01    0.73513358208846795208E-15    0.94077051901820443070E-15
    0.50051160173473476789E+01   -0.97825011212403288603E-15    0.11789420106732928482E-15
    0.50139038141541547589E+01   -0.19319127692794321282E-14   -0.73412474324481142456E-15
    0.50226916109609609506E+01   -0.64225627570169314367E-15   -0.80886187906861475666E-15
    0.50314794077677680306E+01    0.19706136874253544451E-14   -0.24412889106203802574E-16
    0.50402672045745751106E+01    0.30298202591115059115E-14    0.90452965563102264777E-15
    0.50490550013813813024E+01    0.10599550130859866684E-14    0.12339215600131087548E-14
    0.50578427981881883824E+01   -0.18068285092629495941E-14    0.83846626294383304172E-15
    0.50666305949949954623E+01   -0.23021357559772463597E-14    0.12425209824429318732E-15
    0.50754183918018025423E+01   -0.99318721045010007776E-16   -0.37235354413758839461E-15
    0.50842061886086087341E+01    0.18523401427112944354E-14   -0.29368526569980290711E-15
    0.50929939854154158141E+01    0.12252817890444901936E-14    0.35364469828429917492E-15
    0.51017817822222228941E+01   -0.79712182397233106914E-15    0.11464762513664117394E-14
    0.51105695790290290859E+01   -0.14442534812112652669E-14    0.15163808944695778521E-14
    0.51193573758358361658E+01   -0.10280335764447629817E-16    0.11403001323672891278E-14
    0.51281451726426432458E+01    0.15386752971362564794E-14    0.15345349597972821273E-15
    0.51369329694494494376E+01    0.13932544234891788217E-14   -0.84730230335874063201E-15
    0.51457207662562565176E+01    0.92762708990703373288E-16   -0.10102503061465907303E-14
    0.51545085630630635976E+01   -0.62228786417810119618E-15    0.65430719490324146536E-16
    0.51632963598698697893E+01   -0.16755554011762428315E-15    0.15606179272279126871E-14
    0.51720841566766768693E+01    0.42192174565650428636E-15    0.18834174069434399135E-14
    0.51808719534834839493E+01    0.15294270831199001797E-15    0.42940216834593680634E-15
    0.51896597502902910293E+01   -0.62905173785049663792E-15   -0.13681909081022652124E-14
    0.51984475470970972211E+01   -0.89572401439385757739E-15   -0.15504658472500499015E-14
    0.52072353439039043010E+01   -0.29645607193177131824E-15    0.31100571075552598022E-16
    0.52160231407107113810E+01    0.53322775751012118248E-15    0.15492513384583003741E-14
    0.52248109375175184610E+01    0.83631393645989109366E-15    0.14158978662081063405E-14
    0.52335987343243246528E+01    0.48151190963711408337E-15   -0.20527508544700243193E-16
    0.52423865311311317328E+01   -0.11987705844996737918E-15   -0.12359078940775200446E-14
    0.52511743279379388127E+01   -0.44026374513380406750E-15   -0.12090230063790273936E-14
    0.52599621247447450045E+01   -0.18322855579749699473E-15   -0.10567584039617762719E-15
    0.52687499215515520845E+01    0.47787120719630402525E-15    0.11577497863427494999E-14
    0.52775377183583591645E+01    0.89019972374035223100E-15    0.15539304876659289041E-14
    0.52863255151651653563E+01    0.49344850740434621140E-15    0.66860991242136530749E-15
    0.52951133119719724363E+01   -0.47161391729067829331E-15   -0.68765231042209690884E-15
    0.53039011087787795162E+01   -0.10876670302421610929E-14   -0.10015961038845744014E-14
    0.53126889055855857080E+01   -0.76906353086115800808E-15    0.24256956627445492912E-15
    0.53214767023923927880E+01    0.48651032719505044052E-16    0.16138432053311861180E-14
    0.53302644991991998680E+01    0.44992156078533719896E-15    0.13107800670371281328E-14
    0.53390522960060069479E+01    0.60374576991150348470E-17   -0.52035317773603081612E-15
    0.53478400928128131397E+01   -0.92553542555109278831E-15   -0.18380071073493269659E-14
    0.53566278896196202197E+01   -0.16286157568173456081E-14   -0.12669102303093201205E-14
    0.53654156864264272997E+01   -0.15205892547010383417E-14    0.16982938784905934191E-15
    0.53742034832332334915E+01   -0.52472121443916816769E-15    0.56488765853424587404E-15
    0.53829912800400405715E+01    0.68984722944044504827E-15   -0.33302942967684289747E-15
    0.53917790768468476514E+01    0.10888758372488876425E-14   -0.95068089730873252282E-15
    0.54005668736536538432E+01    0.28240194518205066567E-15   -0.22264535819667553358E-15
    0.54093546704604609232E+01   -0.90105999165297666991E-15    0.84231567758783121866E-15
    0.54181424672672680032E+01   -0.12487696558292277453E-14    0.62644448339276163754E-15
    0.54269302640740750832E+01   -0.43339440064901009026E-15   -0.71854096345563434511E-15
    0.54357180608808812750E+01    0.76538859877821484736E-15   -0.13285683311950679824E-14
    0.54445058576876883549E+01    0.13424582120806780794E-14   -0.21478147216678950959E-15
    0.54532936544944954349E+01    0.87305816553037018435E-15    0.11229165945214214924E-14
    0.54620814513013016267E+01   -0.30990461127793082814E-15    0.63419324269093960575E-15
    0.54708692481081087067E+01   -0.12555499292350594013E-14   -0.13301006181194492252E-14
    0.54796570449149157866E+01   -0.99076783601341777440E-15   -0.22023525375488335654E-14
    0.54884448417217219784E+01    0.45167912125669184355E-15   -0.60121453912058706521E-15
    0.54972326385285290584E+01    0.16330676637157862699E-14    0.15480674746816861340E-14
    0.55060204353353361384E+01    0.11137551210487224045E-14    0.14686334636075294830E-14
    0.55148082321421423302E+01   -0.70437238345421710643E-15   -0.70410086952249133551E-15
    0.55235960289489494102E+01   -0.18228232679315815703E-14   -0.19975503727464746784E-14
    0.55323838257557564901E+01   -0.10041658738351151915E-14   -0.58698082337052671926E-15
    0.55411716225625635701E+01    0.70051869940572162511E-15    0.16472428407551063379E-14
    0.55499594193693697619E+01    0.13597028098325655283E-14    0.17134438139556169846E-14
    0.55587472161761768419E+01    0.46047274201405139293E-15   -0.41237186751537301799E-15
    0.55675350129829839219E+01   -0.77907266963318339524E-15   -0.17564507549388830372E-14
    0.55763228097897901137E+01   -0.11218597705112657747E-14   -0.40809537648485810007E-15
    0.55851106065965971936E+01   -0.60520628472145745985E-15    0.18469711657701628321E-14
    0.55938984034034042736E+01   -0.22411909345951828795E-16    0.20441653812851324004E-14
    0.56026862002102104654E+01    0.18976133643388419885E-15    0.38179547858075378740E-16
    0.56114739970170175454E+01    0.21302905988288941185E-15   -0.13963635042378032189E-14
    0.56202617938238246253E+01    0.24351434597404244637E-15   -0.36855174862392333699E-15
    0.56290495906306308171E+01    0.83668301038804651676E-16    0.16299228567475840203E-14
    0.56378373874374378971E+01   -0.45905406306466081106E-15    0.19330453600582421642E-14
    0.56466251842442449771E+01   -0.97850289967686807299E-15    0.26314324149414858517E-15
    0.56554129810510520571E+01   -0.71802096552947831585E-15   -0.10945291266016308220E-14
    0.56642007778578582489E+01    0.36251294729952244885E-15   -0.48347313013063977714E-15
    0.56729885746646653288E+01    0.10960859192935420980E-14    0.99960097704117358306E-15
    0.56817763714714724088E+01    0.35351034275580198996E-15    0.12416772655793009847E-14
    0.56905641682782786006E+01   -0.13243178504778658880E-14   -0.40867179189663344066E-16
    0.56993519650850856806E+01   -0.20625423356425857387E-14   -0.11204153421869522067E-14
    0.57081397618918927606E+01   -0.89900524691072963682E-15   -0.70034033418601603998E-15
    0.57169275586986989524E+01    0.87610146121597890448E-15    0.44638328113047935757E-15
    0.57257153555055060323E+01    0.12940928705096449358E-14    0.73922013497128751883E-15
    0.57345031523123131123E+01    0.74349266508110480248E-16   -0.11446657745590034749E-15
    0.57432909491191193041E+01   -0.12236597445094297821E-14   -0.92578103834943599419E-15
    0.57520787459259263841E+01   -0.12081701094398587111E-14   -0.69058009954914997255E-15
    0.57608665427327334640E+01   -0.97103446874039498492E-16    0.24030757959942150655E-15
    0.57696543395395405440E+01    0.96083816301899532183E-15    0.83891182597194381169E-15
    0.57784421363463467358E+01    0.12332226437894052463E-14    0.63990315044314362882E-15
    0.57872299331531538158E+01    0.82791550103515291651E-15    0.38505224951700073589E-16
    0.57960177299599608958E+01    0.20556779900453362052E-15   -0.33675203047125547500E-15
    0.58048055267667670876E+01   -0.26929604301506328935E-15   -0.19283804414872705842E-15
    0.58135933235735741675E+01   -0.38328131417791286302E-15    0.30620421966827625389E-15
    0.58223811203803812475E+01   -0.63947381506570627129E-17    0.62825347309461363869E-15
    0.58311689171871874393E+01    0.80598738030999964231E-15    0.24846845090443075889E-15
    0.58399567139939945193E+01    0.15584417432930221653E-14   -0.72724308983242621813E-15
    0.58487445108008015993E+01    0.13851246725799941048E-14   -0.13731656401173672996E-14
    0.58575323076076077911E+01   -0.47488852389289435673E-16   -0.88536446989040507055E-15
    0.58663201044144148710E+01   -0.15881078979963754089E-14    0.27697206249612725064E-15
    0.58751079012212219510E+01   -0.13761905296499901937E-14    0.71618773722643528617E-15
    0.58838956980280290310E+01    0.80248617184222928723E-15   -0.21661463441802027044E-15
    0.58926834948348352228E+01    0.25008385288419211251E-14   -0.14731038718644645733E-14
    0.59014712916416423027E+01    0.13055795741561311178E-14   -0.15593452305467997817E-14
    0.59102590884484493827E+01   -0.17407102910726224419E-14   -0.33525771854481329993E-15
    0.59190468852552555745E+01   -0.29187459802236691655E-14    0.90996855213936468138E-15
    0.59278346820620626545E+01   -0.48568651838070062965E-15    0.99892353354050381059E-15
    0.59366224788688697345E+01    0.27341186488785535519E-14   -0.78058022397476337242E-17
    0.59454102756756759263E+01    0.28498865798685371912E-14   -0.11698456404667033879E-14
    0.59541980724824830062E+01   -0.15424861280981956910E-15   -0.15287144154664234166E-14
    0.59629858692892900862E+01   -0.25545900469670471047E-14   -0.72309695029108584085E-15
    0.59717736660960962780E+01   -0.17088578410939811788E-14    0.66297766659158071944E-15
    0.59805614629029033580E+01    0.87345675322582765549E-15    0.12592552839363081753E-14
    0.59893492597097104380E+01    0.19940249206575012750E-14    0.17955816040095654001E-15
    0.59981370565165175179E+01    0.69620177650452787245E-15   -0.16241901581493292018E-14
    0.60069248533233237097E+01   -0.12186797517541343408E-14   -0.20498998235269644413E-14
    0.60157126501301307897E+01   -0.18323075108319745626E-14   -0.35956986959558756480E-15
    0.60245004469369378697E+01   -0.10511939496665998770E-14    0.15667880309401057795E-14
    0.60332882437437440615E+01    0.15355789943689969831E-16    0.14526357095914259193E-14
    0.60420760405505511415E+01    0.46364968254533899992E-15   -0.42508356396786449485E-15
    0.60508638373573582214E+01    0.17210666744488249427E-15   -0.15588194516178675887E-14
    0.60596516341641644132E+01   -0.41159925472472625614E-15   -0.47899250054298110874E-15
    0.60684394309709714932E+01   -0.63506140974270606549E-15    0.13416424071134889270E-14
    0.60772272277777785732E+01   -0.12631154154200437701E-15    0.15844800803879661790E-14
    0.60860150245845856531E+01    0.78397168613308439351E-15    0.11158033690615408358E-15
    0.60948028213913918449E+01    0.13048059502276009012E-14   -0.10732997088333188576E-14
    0.61035906181981989249E+01    0.10094380061976776708E-14   -0.61096584134500814475E-15
    0.61123784150050060049E+01    0.29825286679133286153E-15    0.53076652227152199848E-15
    0.61211662118118121967E+01   -0.12994807735803831460E-15    0.67651367058573163998E-15
    0.61299540086186192767E+01   -0.45897179895869220373E-16   -0.17932667688483766632E-15
    0.61387418054254263566E+01    0.21825182246468293269E-15   -0.48767860864368080055E-15
    0.61475296022322325484E+01    0.28304577087245428324E-15    0.53512423391326524941E-15
    0.61563173990390396284E+01    0.10145436031609098670E-15    0.16356465548739426824E-14
    0.61651051958458467084E+01   -0.13423002014924830260E-15    0.12368216571669872467E-14
    0.61738929926526529002E+01   -0.23145934750846338033E-15   -0.24961769992492905911E-15
    0.61826807894594599802E+01   -0.12372141646921570219E-15   -0.80829143167602699854E-15
    0.61914685862662670601E+01    0.11012463767085656665E-15    0.44632967287307052187E-15
    0.62002563830730741401E+01    0.28628182857144262158E-15    0.18497972310296905828E-14
    0.62090441798798803319E+01    0.26124033203093213372E-15    0.13503728390680383184E-14
    0.62178319766866874119E+01    0.81658801410909220571E-16   -0.63420265059066349484E-15
    0.62266197734934944918E+01   -0.56882387343368685272E-16   -0.16401159148274509367E-14
    0.62354075703003006836E+01   -0.15570867047152585994E-16   -0.41203853196819627779E-15
    0.62441953671071077636E+01    0.15954142821620796403E-15    0.13374731584229529032E-14
    0.62529831639139148436E+01    0.32561727346889119294E-15    0.12427177509854172526E-14
    0.62617709607207210354E+01    0.38627702150128580507E-15   -0.57555870207915874603E-15
    0.62705587575275281154E+01    0.32344469497125576113E-15   -0.17642069756104478615E-14
    0.62793465543343351953E+01    0.13300399214388448479E-15   -0.90359372444716911353E-15
    0.62881343511411413871E+01   -0.19190810706793996219E-15    0.68996932020930261856E-15
    0.62969221479479484671E+01   -0.54802056835130740575E-15    0.92052787484423150517E-15
    0.63057099447547555471E+01   -0.62321312354870986675E-15   -0.33482557597740651816E-15
    0.63144977415615626271E+01   -0.14288247903353693622E-15   -0.12856906847496927265E-14
    0.63232855383683688189E+01    0.60902070206535426218E-15   -0.68787362856529749873E-15
    0.63320733351751758988E+01    0.73264065799933405239E-15    0.67648798331181591162E-15
    0.63408611319819829788E+01   -0.26590136637111572999E-15    0.12659776596591290032E-14
    0.63496489287887891706E+01   -0.14048791958365556424E-14    0.67399239712834099837E-15
    0.63584367255955962506E+01   -0.10019775001937338055E-14   -0.19250413734892644783E-15
    0.63672245224024033305E+01    0.10441096139116103741E-14   -0.39841212148461399968E-15
    0.63760123192092095223E+01    0.24172987004368509464E-14    0.10505775191664539526E-15
    0.63848001160160166023E+01    0.10416935154705741964E-14    0.73350582764729721578E-15
    0.63935879128228236823E+01   -0.18195633657266490798E-14    0.87517681807181572241E-15
    0.64023757096296298741E+01   -0.26349559849567026376E-14    0.30044842840124027276E-15
    0.64111635064364369541E+01   -0.99310421251321986512E-16   -0.62060424473214365193E-15
    0.64199513032432440340E+01    0.27366538153754549066E-14   -0.10346141762789396587E-14
    0.64287391000500511140E+01    0.22300569285902222914E-14   -0.38746776112162424905E-15
    0.64375268968568573058E+01   -0.10974998761572394318E-14    0.78196635905391411552E-15
    0.64463146936636643858E+01   -0.32170307068099163186E-14    0.12429938389873765374E-14
    0.64551024904704714658E+01   -0.17025379635541560344E-14    0.44339798719828040965E-15
    0.64638902872772776576E+01    0.14092799362435109356E-14   -0.78795793915718363652E-15
    0.64726780840840847375E+01    0.25932965404077996592E-14   -0.11850060134195736087E-14
    0.64814658808908918175E+01    0.10206970163935746024E-14   -0.33810432283466627378E-15
    0.64902536776976980093E+01   -0.11532614675238678351E-14    0.10655833372445842354E-14
    0.64990414745045050893E+01   -0.17255130923447160279E-14    0.18906283797643088848E-14
    0.65078292713113121692E+01   -0.50132739573626368221E-15    0.12912698415502219278E-14
    0.65166170681181183610E+01    0.12541771005841417666E-14   -0.57387098176525043202E-15
    0.65254048649249254410E+01    0.21257443547094721039E-14   -0.21133729011528718305E-14
    0.65341926617317325210E+01    0.14297317631765822738E-14   -0.14494496298525080401E-14
    0.65429804585385396010E+01   -0.30797863864494579155E-15    0.12337013856283660270E-14
    0.65517682553453457928E+01   -0.15149881261125166641E-14    0.30384725007724464767E-14
    0.65605560521521528727E+01   -0.97296082514122620476E-15    0.15017043144849919000E-14
    0.65693438489589599527E+01    0.74032459329193127914E-15   -0.19082727116105656883E-14
    0.65781316457657661445E+01    0.17774498038518470272E-14   -0.30987352311329423209E-14
    0.65869194425725732245E+01    0.11043884057851628005E-14   -0.44521805747267427177E-15
    0.65957072393793803045E+01   -0.38596985828603132460E-15    0.28309153998322904376E-14
    0.66044950361861864963E+01   -0.11062671750493780027E-14    0.27232174959410579704E-14
    0.66132828329929935762E+01   -0.48514147243108329859E-15   -0.49343652411369921446E-15
    0.66220706297998006562E+01    0.76626121475164393609E-15   -0.28523432676064756355E-14
    0.66308584266066068480E+01    0.15613478472175140495E-14   -0.17622118740512268828E-14
    0.66396462234134139280E+01    0.12520790200503997352E-14    0.11404291188524294823E-14
    0.66484340202202210079E+01   -0.67921294058661993276E-17    0.26412863595313892448E-14
    0.66572218170270280879E+01   -0.11798252034675408192E-14    0.17011363310390883129E-14
    0.66660096138338342797E+01   -0.10716491460041301261E-14   -0.15052954028930402479E-15
    0.66747974106406413597E+01    0.36832872364129663832E-15   -0.11023140088707369629E-14
    0.66835852074474484397E+01    0.16552125056430467437E-14   -0.69914306386179016677E-15
    0.66923730042542546315E+01    0.13485398728705834257E-14    0.40881972334132809879E-15
    0.67011608010610617114E+01   -0.16929846606915816347E-15    0.12660328354946823152E-14
    0.67099485978678687914E+01   -0.11355726641003074353E-14    0.12220586246872699319E-14
    0.67187363946746749832E+01   -0.56009410887034827006E-15    0.35768275072541245188E-15
    0.67275241914814820632E+01    0.65784747467976880978E-15   -0.49608052443259263540E-15
    0.67363119882882891432E+01    0.10460360210124381474E-14   -0.51409854069976703182E-15
    0.67450997850950962231E+01    0.30425694071272497762E-15    0.29943484557735899538E-15
    0.67538875819019024149E+01   -0.64371075165364959825E-15    0.11967758873210386644E-14
    0.67626753787087094949E+01   -0.91410440029744315966E-15    0.14752680768354008193E-14
    0.67714631755155165749E+01   -0.48737297671669082728E-15    0.10177124970763529682E-14
    0.67802509723223227667E+01    0.11180188778795335309E-15    0.19474917619048097191E-15
    0.67890387691291298466E+01    0.41784703692009534871E-15   -0.43196330066603577470E-15
    0.67978265659359369266E+01    0.29241343340816095705E-15   -0.43800606917890762800E-15
    0.68066143627427431184E+01   -0.81296907100437464234E-16    0.13088286676156152603E-15
    0.68154021595495501984E+01   -0.32444023358723024678E-15    0.70473665771506340106E-15
    0.68241899563563572784E+01   -0.16870924209733053367E-15    0.68347468733019126577E-15
    0.68329777531631634702E+01    0.26040548145807172759E-15   -0.48923352821764167173E-17
    0.68417655499699705501E+01    0.56399806608090169636E-15   -0.87214976514623807308E-15
    0.68505533467767776301E+01    0.49029582204873356111E-15   -0.12478197037237775581E-14
    0.68593411435835847101E+01    0.16161928197699572876E-15   -0.69809143589651044964E-15
    0.68681289403903909019E+01   -0.13467064523290907151E-15    0.55853915890551934583E-15
    0.68769167371971979819E+01   -0.23938318864097998938E-15    0.14340785766094926747E-14
    0.68857045340040050618E+01   -0.17944629073670409888E-15    0.77846057970705218994E-15
    0.68944923308108112536E+01   -0.45924595145398577996E-16   -0.11052164417241768852E-14
    0.69032801276176183336E+01    0.99018601449016033167E-16   -0.21816167934766077537E-14
    0.69120679244244254136E+01    0.22447667578048187934E-15   -0.91946583377421299139E-15
    0.69208557212312316054E+01    0.30923949819032854314E-15    0.14111374738831364012E-14
    0.69296435180380386853E+01    0.33438765530374992964E-15    0.19261941409246592587E-14
    0.69384313148448457653E+01    0.28709420246404468589E-15   -0.17662879515446763548E-15
    0.69472191116516519571E+01    0.16517637129153127497E-15   -0.21984727998570196462E-14
    0.69560069084584590371E+01   -0.19052684584808863771E-16   -0.13358085981769252530E-14
    0.69647947052652661171E+01   -0.23589136673726244405E-15    0.14901447966386403280E-14
    0.69735825020720731970E+01   -0.43919361026889007719E-15    0.27297428220594696437E-14
    0.69823702988788793888E+01   -0.57106959578457966094E-15    0.85338626341547774588E-15
    0.69911580956856864688E+01   -0.58128158562164730298E-15   -0.15899885982685846982E-14
    0.69999458924924935488E+01   -0.47355928248688625114E-15   -0.14677068146804595857E-14
    0.70087336892992997406E+01   -0.33995417183857816407E-15    0.81513713707220446949E-15
    0.70175214861061068206E+01   -0.29603198436316199620E-15    0.20933495905491119365E-14
    0.70263092829129139005E+01   -0.34837051195395051606E-15    0.73829984062922811242E-15
    0.70350970797197200923E+01   -0.35867598654387299762E-15   -0.13134294105754148988E-14
    0.70438848765265271723E+01   -0.20098316075553235727E-15   -0.14166553290789645444E-14
    0.70526726733333342523E+01    0.68348942002933267849E-16    0.31983089360629730035E-15
    0.70614604701401404441E+01    0.25122152857726780028E-15    0.14946715329499603523E-14
    0.70702482669469475240E+01    0.19979587665603895044E-15    0.67907712358849641574E-15
    0.70790360637537546040E+01   -0.57990249488261787745E-16   -0.93940847397653234750E-15
    0.70878238605605616840E+01   -0.34357774555738373947E-15   -0.14193994713115242940E-14
    0.70966116573673678758E+01   -0.41330030456726672661E-15   -0.43473871862802457549E-15
    0.71053994541741749558E+01   -0.13140316432890811214E-15    0.74191808056163552127E-15
    0.71141872509809820357E+01    0.31056043915137403741E-15    0.96516253589592572440E-15
    0.71229750477877882275E+01    0.43761267015590355474E-15    0.27718494193689944737E-15
    0.71317628445945953075E+01    0.25824932834285702625E-16   -0.55405799523504775318E-15
    0.71405506414014023875E+01   -0.41894425837538053873E-15   -0.84157320287659549216E-15
    0.71493384382082085793E+01   -0.12288288193622113885E-15   -0.39086493660227259542E-15
    0.71581262350150156593E+01    0.86640393794695746429E-15    0.39982110627041473866E-15
    0.71669140318218227392E+01    0.14148538220718775024E-14    0.74785377488520113946E-15
    0.71757018286286289310E+01    0.64231562710700966327E-15    0.20182051947343586228E-15
    0.71844896254354360110E+01   -0.71907109482397857453E-15   -0.72621770661236958154E-15
    0.71932774222422430910E+01   -0.10247165897675775533E-14   -0.10081256759811834825E-14
    0.72020652190490501710E+01    0.19108868599127472985E-15   -0.27488000118861113176E-15
    0.72108530158558563627E+01    0.14432556283939814581E-14    0.71153650625059229573E-15
    0.72196408126626634427E+01    0.11337087622181513011E-14    0.97552964513365942709E-15
    0.72284286094694705227E+01   -0.42046286097081690956E-15    0.39098094431410370735E-15
    0.72372164062762767145E+01   -0.14672148611353756945E-14   -0.37925005201448953096E-15
    0.72460042030830837945E+01   -0.10106312973322041372E-14   -0.72293599673878117530E-15
    0.72547919998898908744E+01    0.14023209676616490872E-15   -0.58700218358158004498E-15
    0.72635797966966970662E+01    0.64224905659625058135E-15   -0.26684309514591308528E-15
    0.72723675935035041462E+01    0.18905156567954297644E-15   -0.45042401820308217641E-16
    0.72811553903103112262E+01   -0.47743635263972175139E-15   -0.41450135893148650577E-16
    0.72899431871171174180E+01   -0.63113411405502106723E-15   -0.21703176862473320278E-15
    0.72987309839239244980E+01   -0.22272055848895201898E-15   -0.41914228146474241046E-15
    0.73075187807307315779E+01    0.34573676897339447608E-15   -0.47563560912839830991E-15
    0.73163065775375386579E+01    0.64673956236842116965E-15   -0.29447600671174896674E-15
    0.73250943743443448497E+01    0.47686612333226955841E-15    0.72303772319454486960E-16
    0.73338821711511519297E+01   -0.31158548015500911034E-16    0.39793108483239791325E-15
    0.73426699679579590097E+01   -0.46716809546003429902E-15    0.37372276552249297985E-15
    0.73514577647647652014E+01   -0.47976112269152736654E-15   -0.87745046778793026536E-16
    0.73602455615715722814E+01   -0.10044615216397196499E-15   -0.60748788957542403841E-15
    0.73690333583783793614E+01    0.32979285521210818978E-15   -0.62246602659633839664E-15
    0.73778211551851855532E+01    0.50038992770581622119E-15   -0.44194430391466603930E-17
    0.73866089519919926332E+01    0.35041355431569867259E-15    0.72254948156197976735E-15
    0.73953967487987997131E+01    0.36855403179727852170E-16    0.91270488350847418894E-15
    0.74041845456056067931E+01   -0.17494037875046298212E-15    0.40694382860102703265E-15
    0.74129723424124129849E+01   -0.74517820134075525728E-16   -0.40702024409484389925E-15
    0.74217601392192200649E+01    0.30609949939699327003E-15   -0.91450151710540555582E-15
    0.74305479360260271449E+01    0.66925111247420915444E-15   -0.64546476532709236908E-15
    0.74393357328328333367E+01    0.71486157805346319001E-15    0.32391893309608818926E-15
    0.74481235296396404166E+01    0.41565450451121703702E-15    0.11529760955829622577E-14
    0.74569113264464474966E+01    0.80519951912822382212E-17    0.88415891925645614732E-15
    0.74656991232532536884E+01   -0.20862902658006337443E-15   -0.39085039431621443908E-15
    0.74744869200600607684E+01   -0.53057273132949102355E-16   -0.13174243295116095348E-14
    0.74832747168668678484E+01    0.42011355973434964745E-15   -0.76107131269937573871E-15
    0.74920625136736740401E+01    0.87717859857396632277E-15    0.72926798128240362928E-15
    0.75008503104804811201E+01    0.92557002395542545981E-15    0.15128832506974755592E-14
    0.75096381072872882001E+01    0.49177487224124436595E-15    0.75603217930012889846E-15
    0.75184259040940952801E+01   -0.58751424387008837510E-16   -0.71522226531042938839E-15
    0.75272137009009014719E+01   -0.26009719796247270121E-15   -0.15162094869895365223E-14
    0.75360014977077085518E+01    0.61202762666950981096E-16   -0.10585441341934539027E-14
    0.75447892945145156318E+01    0.67230295478737571615E-15    0.18736175033835398619E-15
    0.75535770913213218236E+01    0.10222383114999988262E-14    0.11729555114249467208E-14
    0.75623648881281289036E+01    0.54553514287901559061E-15    0.92468036959441683116E-15
    0.75711526849349359836E+01   -0.70547884279086069611E-15   -0.62288235861634965273E-15
    0.75799404817417421754E+01   -0.16450001092780787621E-14   -0.21128621852104584087E-14
    0.75887282785485492553E+01   -0.10557895889049080433E-14   -0.18540163900086663856E-14
    0.75975160753553563353E+01    0.74854521317837746379E-15    0.15501635601657718507E-15
    0.76063038721621625271E+01    0.17258981842356831530E-14    0.18082759925170119846E-14
    0.76150916689689696071E+01    0.43392977628434569578E-15    0.12621492066116901155E-14
    0.76238794657757766871E+01   -0.18119086355968519058E-14   -0.74284005514673182327E-15
    0.76326672625825837670E+01   -0.22746549330041277668E-14   -0.18070500870134180035E-14
    0.76414550593893899588E+01   -0.24098286817533898870E-15   -0.79210202730744242805E-15
    0.76502428561961970388E+01    0.18874442757228223791E-14    0.97774480278623000600E-15
    0.76590306530030041188E+01    0.16456299533953558344E-14    0.16035681162319077580E-14
    0.76678184498098103106E+01   -0.37032359009478816061E-15    0.74704283070798677637E-15
    0.76766062466166173905E+01   -0.14913591612161227559E-14   -0.46992161309628709716E-15
    0.76853940434234244705E+01   -0.47060041424609492088E-15   -0.97065362039260112775E-15
    0.76941818402302306623E+01    0.11310762546777121735E-14   -0.61648728986291616933E-15
    0.77029696370370377423E+01    0.13174475812060304527E-14    0.83308040658561322608E-16
    0.77117574338438448223E+01    0.21997930595704972720E-15    0.51195270418511217975E-15
    0.77205452306506510141E+01   -0.46053486569527027261E-15    0.31434645512111807203E-15
    0.77293330274574580940E+01    0.95104189539143839885E-16   -0.36832027433602734991E-15
    0.77381208242642651740E+01    0.86072466689420408859E-15   -0.95388558936807568493E-15
    0.77469086210710722540E+01    0.63795357631897926928E-15   -0.92366351436642800385E-15
    0.77556964178778784458E+01   -0.18930769285295792453E-15   -0.30142107798209462077E-15
    0.77644842146846855258E+01   -0.26221268554734239720E-15    0.43577342762604922754E-15
    0.77732720114914926057E+01    0.74952172605931603318E-15    0.79814105301000143112E-15
    0.77820598082982987975E+01    0.15291830670678026057E-14    0.59953184386191359125E-15
    0.77908476051051058775E+01    0.87755833222042336592E-15    0.29658788232146071303E-16
    0.77996354019119129575E+01   -0.55095638500015002478E-15   -0.40236204190639096608E-15
    0.78084231987187191493E+01   -0.10258492557634109023E-14   -0.21653302497669563171E-15
    0.78172109955255262292E+01    0.14408828839618269808E-16    0.54028650124663500351E-15
    0.78259987923323333092E+01    0.12021156645908544210E-14    0.12266418756298618554E-14
    0.78347865891391395010E+01    0.10066373890841449144E-14    0.12361454011850791337E-14
    0.78435743859459465810E+01   -0.43057942175670048890E-15    0.61235224166367941953E-15
    0.78523621827527536610E+01   -0.16652946031766559408E-14   -0.84337454688233993711E-16
    0.78611499795595607409E+01   -0.16336541690300415483E-14   -0.35846961178198339515E-15
    0.78699377763663669327E+01   -0.54240059733965168422E-15   -0.13320395916843588653E-15
    0.78787255731731740127E+01    0.64384360197858736474E-15    0.30886067312036517667E-15
    0.78875133699799810927E+01    0.99336213332607348968E-15    0.51289750050071424289E-15
    0.78963011667867872845E+01    0.18206956137030187812E-15    0.16456493952006050492E-15
    0.79050889635935943645E+01   -0.11226754714768501266E-14   -0.55208566347763675531E-15
    0.79138767604004014444E+01   -0.15629058798975523511E-14   -0.98727546391355331805E-15
    0.79226645572072076362E+01   -0.42597779840871655961E-15   -0.66803065610084495142E-15
    0.79314523540140147162E+01    0.12788226837290924757E-14    0.12667796546549497847E-15
    0.79402401508208217962E+01    0.17729553624425513692E-14    0.64050519415691447855E-15
    0.79490279476276279880E+01    0.58344451777576994158E-15    0.40409812387589558554E-15
    0.79578157444344350679E+01   -0.84825943866343997392E-15   -0.37267232776404217194E-15
    0.79666035412412421479E+01   -0.93837442772244821718E-15   -0.10391866617790716938E-14
    0.79753913380480492279E+01    0.25332332798005842933E-15   -0.91269459299646942090E-15
    0.79841791348548554197E+01    0.13885236476520234195E-14    0.21523507154394120682E-15
    0.79929669316616624997E+01    0.14568858676031394695E-14    0.15812415386543935608E-14
    0.80017547284684695796E+01    0.60115653853780353830E-15    0.17685747002268535231E-14
    0.80105425252752748833E+01   -0.38980277500960081860E-15    0.25971718118301020067E-15
    0.80193303220820819632E+01   -0.80445330491796130865E-15   -0.13954058221759924338E-14
    0.80281181188888890432E+01   -0.38181670369521963681E-15   -0.10578267342240382228E-14
    0.80369059156956961232E+01    0.55278153747599772409E-15    0.11386815260013093488E-14
    0.80456937125025032032E+01    0.12541281243299642968E-14    0.23915913385089622016E-14
    0.80544815093093102831E+01    0.11519373346776896028E-14    0.69605362657188559876E-15
    0.80632693061161173631E+01    0.37120882688698140214E-15   -0.21139047187462292774E-14
    0.80720571029229226667E+01   -0.42117851899470987209E-15   -0.24316878383011354549E-14
    0.80808448997297297467E+01   -0.56160398467176667900E-15    0.32492226780626469375E-15
    0.80896326965365368267E+01    0.17195248350084492435E-15    0.25840957467272680456E-14
    0.80984204933433439066E+01    0.13278540431026516033E-14    0.12553529071809255305E-14
    0.81072082901501509866E+01    0.18127987316482235171E-14   -0.19978051880592354215E-14
    0.81159960869569580666E+01    0.77122497638154218932E-15   -0.29225272220398415472E-14
    0.81247838837637633702E+01   -0.11556471294112934963E-14   -0.29675989992204154335E-15
    0.81335716805705704502E+01   -0.19611904137562106511E-14    0.24496203611112045473E-14
    0.81423594773773775302E+01   -0.49520019976277700637E-15    0.18913065491140506211E-14
    0.81511472741841846101E+01    0.17224880318432741541E-14   -0.94174818183081984586E-15
    0.81599350709909916901E+01    0.20463766831070396483E-14   -0.22689415177789379308E-14
    0.81687228677977987701E+01   -0.64461904364005928830E-17   -0.57374372292696914158E-15
    0.81775106646046058501E+01   -0.19759003493279322755E-14    0.17099572703483721978E-14
    0.81862984614114111537E+01   -0.15313622889801129754E-14    0.17316042768043579929E-14
    0.81950862582182182337E+01    0.65229932744579627454E-15   -0.24948324309425761818E-15
    0.82038740550250253136E+01    0.19926504048971322151E-14   -0.17344949054640549342E-14
    0.82126618518318323936E+01    0.12215721491362657972E-14   -0.12379797880290766745E-14
    0.82214496486386394736E+01   -0.41190645037008528798E-15    0.33962966571224857793E-15
    0.82302374454454465535E+01   -0.10870789772355768740E-14    0.13141306159350827870E-14
    0.82390252422522518572E+01   -0.45770297345664528878E-15    0.10271999912460738478E-14
    0.82478130390590589371E+01    0.50404869905806419931E-15   -0.28786960961203383479E-18
    0.82566008358658660171E+01    0.87366147078236494379E-15   -0.85534276242297927620E-15
    0.82653886326726730971E+01    0.52611463721107450368E-15   -0.89004837127014754138E-15
    0.82741764294794801771E+01   -0.11860224180490195314E-15   -0.94764676529924377599E-16
    0.82829642262862872570E+01   -0.53657548973635929105E-15    0.78395043901777426722E-15
    0.82917520230930943370E+01   -0.42970438947549817700E-15    0.85127123457049679196E-15
    0.83005398198998996406E+01    0.38942161790779856825E-16    0.12734930266675935008E-16
    0.83093276167067067206E+01    0.34250786254904250471E-15   -0.86052677686787992980E-15
    0.83181154135135138006E+01    0.15087278430647842334E-15   -0.91519019802187896953E-15
    0.83269032103203208806E+01   -0.23144939213282459793E-15   -0.22947304061746189587E-15
    0.83356910071271279605E+01   -0.24586898826661431230E-15    0.43546949383877845208E-15
    0.83444788039339350405E+01    0.13958389665936159838E-15    0.49982669281144049318E-15
    0.83532666007407403441E+01    0.31103052725861147300E-15    0.57953158535100392300E-17
    0.83620543975475474241E+01   -0.14126076426563608325E-15   -0.60067562426144468498E-15
    0.83708421943543545041E+01   -0.71934057533559332597E-15   -0.81936028167943074638E-15
    0.83796299911611615840E+01   -0.59845343557622666733E-15   -0.41749891146035432462E-15
    0.83884177879679686640E+01    0.17345980293609645709E-15    0.30206534229396732642E-15
    0.83972055847747757440E+01    0.53331044353045774337E-15    0.63921899722583863475E-15
    0.84059933815815828240E+01   -0.20816239636246548506E-15    0.19585824453179020905E-15
    0.84147811783883881276E+01   -0.12268999238068517182E-14   -0.58305603239973999593E-15
    0.84235689751951952076E+01   -0.11087744292069445836E-14   -0.86645445906275277461E-15
    0.84323567720020022875E+01    0.23608690804794946161E-15   -0.38187795335124888574E-15
    0.84411445688088093675E+01    0.12456985583959215288E-14    0.31591700301354081833E-15
    0.84499323656156164475E+01    0.66274920159846975687E-15    0.55752954264731562559E-15
    0.84587201624224235275E+01   -0.77553867581052028231E-15    0.25376230104424706572E-15
    0.84675079592292288311E+01   -0.12973562515076582689E-14   -0.20007372231590768217E-15
    0.84762957560360359111E+01   -0.35066228062151140667E-15   -0.43003610153573399320E-15
    0.84850835528428429910E+01    0.78801088881601779423E-15   -0.34994446745275098567E-15
    0.84938713496496500710E+01    0.77679554374992992388E-15   -0.61816291001963348005E-16
    0.85026591464564571510E+01   -0.15912944567772951936E-15    0.28811045473974613813E-15
    0.85114469432632642309E+01   -0.78228295133146332295E-15    0.54563283301034787905E-15
    0.85202347400700713109E+01   -0.48070314403786138636E-15    0.53517372392520984985E-15
    0.85290225368768766145E+01    0.16985001775448449250E-15    0.14129978334374401749E-15
    0.85378103336836836945E+01    0.40029450835369754997E-15   -0.47902402504179671706E-15
    0.85465981304904907745E+01    0.21124097114956351603E-15   -0.81001770613729920431E-15
    0.85553859272972978545E+01    0.11838577578301168240E-15   -0.42662291797297717073E-15
    0.85641737241041049344E+01    0.30327766310885748641E-15    0.34298904819498744552E-15
    0.85729615209109120144E+01    0.38080678181861849085E-15    0.52608945340040626646E-15
    0.85817493177177173180E+01    0.46366366531564952010E-16   -0.33453303124506126846E-15
    0.85905371145245243980E+01   -0.37009519397075406298E-15   -0.13285767518766738430E-14
    0.85993249113313314780E+01   -0.28760092363540849768E-15   -0.11327763919845388564E-14
    0.86081127081381385580E+01    0.31053762975954340858E-15    0.22741915696122467573E-15
    0.86169005049449456379E+01    0.74575338519333414999E-15    0.11823481321417848841E-14
    0.86256883017517527179E+01    0.46072479935607724225E-15    0.57413031706286551385E-15
    0.86344760985585597979E+01   -0.27968069788271795218E-15   -0.74265850055117720916E-15
    0.86432638953653651015E+01   -0.73325950632296548965E-15   -0.99571446883852355114E-15
    0.86520516921721721815E+01   -0.52354013930658386652E-15    0.17389507907667124437E-15
    0.86608394889789792614E+01    0.49746600797729146993E-16    0.12339063591508265686E-14
    0.86696272857857863414E+01    0.44644760497207809496E-15    0.82962973683375034627E-15
    0.86784150825925934214E+01    0.36737446160259674196E-15   -0.43760655787387402310E-15
    0.86872028793994005014E+01   -0.10777031168731440273E-15   -0.92793432735005103444E-15
    0.86959906762062058050E+01   -0.57984956121455226439E-15   -0.12599585450316310862E-15
    0.87047784730130128850E+01   -0.56759716664622679811E-15    0.80811454054364822773E-15
    0.87135662698198199649E+01    0.41271525390687504476E-16    0.69645735214356657533E-15
    0.87223540666266270449E+01    0.71674001330278408793E-15   -0.17650145554933743449E-15
    0.87311418634334341249E+01    0.75489574063906408589E-15   -0.63155377468767960193E-15
    0.87399296602402412049E+01    0.64019983591976264466E-16   -0.11982934199691767569E-15
    0.87487174570470482848E+01   -0.69421534719113267236E-15    0.75405467729972659841E-15
    0.87575052538538535885E+01   -0.82498294648138681580E-15    0.10854862967094159165E-14
    0.87662930506606606684E+01   -0.26579253369783944536E-15    0.56103434914314339951E-15
    0.87750808474674677484E+01    0.48476555665390319078E-15   -0.40840835670783205576E-15
    0.87838686442742748284E+01    0.81082839402393362249E-15   -0.97074926383931856026E-15
    0.87926564410810819084E+01    0.37632602098762019871E-15   -0.38540399178924242028E-15
    0.88014442378878889883E+01   -0.57223035430107926326E-15    0.11197918512515493828E-14
    0.88102320346946942919E+01   -0.11600642576129171388E-14    0.19845332259942366371E-14
    0.88190198315015013719E+01   -0.63198575419796266776E-15    0.77835155592762610631E-15
    0.88278076283083084519E+01    0.61864277605687671704E-15   -0.16617782474697636282E-14
    0.88365954251151155319E+01    0.11855985099123544466E-14   -0.25054270229146188942E-14
    0.88453832219219226118E+01    0.28172916872098090983E-15   -0.30653592685490479504E-15
    0.88541710187287296918E+01   -0.10640240396624883704E-14    0.25642760422027941403E-14
    0.88629588155355367718E+01   -0.11607726638887247792E-14    0.25070378549642569102E-14
    0.88717466123423420754E+01    0.20055605569207380483E-15   -0.63296782778249651876E-15
    0.88805344091491491554E+01    0.14255700598771224882E-14   -0.30234655047956379127E-14
    0.88893222059559562354E+01    0.11604169151815007163E-14   -0.16554049472340484986E-14
    0.88981100027627633153E+01   -0.26381283559580144614E-16    0.17689861021037378996E-14
    0.89068977995695703953E+01   -0.56926499014490230353E-15    0.31809342135269933910E-14
    0.89156855963763774753E+01    0.39421508121836348267E-16    0.11931776132112013259E-14
    0.89244733931831827789E+01    0.77631152500617747925E-15   -0.16041829248634821308E-14
    0.89332611899899898589E+01    0.66778584646859326689E-15   -0.22290448553273196311E-14
    0.89420489867967969388E+01    0.10813929537539830491E-15   -0.56139725076947535185E-15
    0.89508367836036040188E+01    0.11629118406947461127E-15    0.13588396056882165323E-14
    0.89596245804104110988E+01    0.72976496743818440842E-15    0.18471607675130438968E-14
    0.89684123772172181788E+01    0.82950449951183102784E-15    0.80487328358946976573E-15
    0.89772001740240252587E+01   -0.21168702361422622866E-15   -0.77734016979733995179E-15
    0.89859879708308305624E+01   -0.13158813958528903206E-14   -0.16323370705891165415E-14
    0.89947757676376376423E+01   -0.93214738517439668326E-15   -0.10373206160363067999E-14
    0.90035635644444447223E+01    0.76452074929280257664E-15    0.47170229704827017560E-15
    0.90123513612512518023E+01    0.17639188980763911567E-14    0.13885497487450675461E-14
    0.90211391580580588823E+01    0.72978221825571730184E-15    0.74197467614632272389E-15
    0.90299269548648659622E+01   -0.11017088813454554365E-14   -0.78996593760059104367E-15
    0.90387147516716712659E+01   -0.14396509965533728811E-14   -0.16908084384487855345E-14
    0.90475025484784783458E+01    0.15451364485164275516E-15   -0.12282580441946583323E-14
    0.90562903452852854258E+01    0.17497679864889798890E-14    0.71592759399497518921E-17
    0.90650781420920925058E+01    0.15207218907639053325E-14    0.93889767700106594444E-15
    0.90738659388988995858E+01   -0.16574138216078688189E-15    0.90123103004764036037E-15
    0.90826537357057066657E+01   -0.15448183395005278150E-14   -0.41894665203694251405E-16
    0.90914415325125137457E+01   -0.14932299233093663809E-14   -0.11062483693783114186E-14
    0.91002293293193190493E+01   -0.35080890824263451840E-15   -0.12533633549816989253E-14
    0.91090171261261261293E+01    0.81187278927514047184E-15   -0.17602263823446398292E-15
    0.91178049229329332093E+01    0.10807102270107418808E-14    0.11234040921036091541E-14
    0.91265927197397402892E+01    0.21720396434544301913E-15    0.12987958369927260346E-14
    0.91353805165465473692E+01   -0.10735734825845469301E-14    0.20518114069939037702E-15
    0.91441683133533544492E+01   -0.15481564269741255479E-14   -0.91792617175397326298E-15
    0.91529561101601597528E+01   -0.60871879190910036602E-15   -0.92111640889524933234E-15
    0.91617439069669668328E+01    0.90685823651495257245E-15    0.34998777409819220871E-16
    0.91705317037737739128E+01    0.15593116324407961779E-14    0.92679778459334949734E-15
    0.91793195005805809927E+01    0.78590001995173680651E-15    0.10239017568374217350E-14
    0.91881072973873880727E+01   -0.67221024024677224480E-15    0.39160478722028305654E-15
    0.91968950941941951527E+01   -0.16285336934174728272E-14   -0.42800086904335715048E-15
    0.92056828910010004563E+01   -0.13630103539125348994E-14   -0.84784210810159400635E-15
    0.92144706878078075363E+01   -0.21847652771124406246E-16   -0.58071695980424096421E-15
    0.92232584846146146162E+01    0.13049298272118720226E-14    0.10458875112351037427E-15
    0.92320462814214216962E+01    0.12307554972084716479E-14    0.54234030881671702038E-15
    0.92408340782282287762E+01   -0.46762477765597123282E-15    0.30620372537262371983E-15
    0.92496218750350358562E+01   -0.20714064771351980897E-14   -0.33145424931799170060E-15
    0.92584096718418411598E+01   -0.16059457695192730617E-14   -0.71756424826407035273E-15
    0.92671974686486482398E+01    0.63481597505211842676E-15   -0.45404325403957612995E-15
    0.92759852654554553197E+01    0.21207418398604164737E-14    0.31568070243344371250E-15
    0.92847730622622623997E+01    0.11182107588850073733E-14    0.10492608566350470095E-14
    0.92935608590690694797E+01   -0.10893304259668502258E-14    0.10950249383405481477E-14
    0.93023486558758765597E+01   -0.19070038832655190200E-14    0.20364250379037090306E-15
    0.93111364526826818633E+01   -0.62184958134494179013E-15   -0.96217333424145679873E-15
    0.93199242494894889433E+01    0.99703590547982235170E-15   -0.11925642378860338391E-14
    0.93287120462962960232E+01    0.11597290075569478630E-14   -0.87397064490075465415E-16
    0.93374998431031031032E+01    0.79459656143309854750E-16    0.11366306288456850585E-14
    0.93462876399099101832E+01   -0.79985104051458321854E-15    0.94846158383350540786E-15
    0.93550754367167172632E+01   -0.68698376293410363388E-15   -0.48274218700945910457E-15
    0.93638632335235243431E+01   -0.28812504866810141145E-16   -0.13028660898599585738E-14
    0.93726510303303296467E+01    0.44562735127509424626E-15   -0.32569235817684807274E-15
    0.93814388271371367267E+01    0.58174116294391219675E-15    0.13036428143045637976E-14
    0.93902266239439438067E+01    0.62268980357829338290E-15    0.15858159901314762251E-14
    0.93990144207507508867E+01    0.62757277919217709928E-15    0.27075360727131346663E-15
    0.94078022175575579666E+01    0.37300580952588925713E-15   -0.86996226366237227217E-15
    0.94165900143643650466E+01   -0.18144249041524796561E-15   -0.45138389799724864889E-15
    0.94253778111711703502E+01   -0.59505200031138313121E-15    0.72959229205215535168E-15
    0.94341656079779774302E+01   -0.39775067785209394517E-15    0.93856891445926324524E-15
    0.94429534047847845102E+01    0.21807336982847143690E-15   -0.14846231339152518945E-15
    0.94517412015915915902E+01    0.46715934821953679630E-15   -0.11123025302499997706E-14
    0.94605289983983986701E+01   -0.10150339345495675525E-15   -0.76156987207137823616E-15
    0.94693167952052057501E+01   -0.96917767862041946611E-15    0.36002686105062218839E-15
    0.94781045920120128301E+01   -0.12440664898837723499E-14    0.86093129816785174487E-15
    0.94868923888188181337E+01   -0.69520454023212055346E-15    0.27151875068923576065E-15
    0.94956801856256252137E+01    0.60555319682846074665E-16   -0.56758411896647190577E-15
    0.95044679824324322936E+01    0.33173690371055346206E-15   -0.69249191369554965303E-15
    0.95132557792392393736E+01    0.12624401613629776255E-16   -0.31723368212899212900E-16
    0.95220435760460464536E+01   -0.51172730872870620469E-15    0.77838922541307907948E-15
    0.95308313728528535336E+01   -0.77550145952255200765E-15    0.10728743752800229602E-14
    0.95396191696596588372E+01   -0.52901594691647091640E-15    0.60961118124924125777E-15
    0.95484069664664659172E+01    0.10976741930527361066E-15   -0.26351080719807100134E-15
    0.95571947632732729971E+01    0.65767468065228802105E-15   -0.71023364401808643131E-15
    0.95659825600800800771E+01    0.63666596236537515421E-15   -0.13633311187605134981E-15
    0.95747703568868871571E+01    0.46162442708108648406E-16    0.95466485184364852763E-15
    0.95835581536936942371E+01   -0.61240622004380447572E-15    0.12585855053790469025E-14
    0.95923459505005013170E+01   -0.80288791085938644894E-15    0.21195166301499028404E-15
    0.96011337473073066207E+01   -0.36688297182793810173E-15   -0.10658731255641110133E-14
    0.96099215441141137006E+01    0.43036981026095041945E-15   -0.10388743927121131163E-14
    0.96187093409209207806E+01    0.10342745584701881863E-14    0.28084385004456723027E-15
    0.96274971377277278606E+01    0.91868172338349054551E-15    0.12845895213584992603E-14
    0.96362849345345349406E+01    0.83842834180214075854E-16    0.80407229453667492167E-15
    0.96450727313413420205E+01   -0.73210855355864398123E-15   -0.44182424394276237651E-15
    0.96538605281481491005E+01   -0.70778428538691019525E-15   -0.91529006121097496986E-15
    0.96626483249549544041E+01    0.15337712916140621052E-15   -0.18560875091692936789E-15
    0.96714361217617614841E+01    0.98884561104410876942E-15    0.74423835188105050507E-15
    0.96802239185685685641E+01    0.98509381024197490166E-15    0.85431412434555598263E-15
    0.96890117153753756440E+01    0.12095435917255179306E-15    0.22740828469076607607E-15
    0.96977995121821827240E+01   -0.93218226448900891909E-15   -0.36970672262366138664E-15
    0.97065873089889898040E+01   -0.12782863516596812805E-14   -0.46465135609032194999E-15
    0.97153751057957951076E+01   -0.37603372872972488212E-15   -0.20398290627575237186E-15
    0.97241629026026021876E+01    0.13000745347261546415E-14    0.41524881587653061353E-16
    0.97329506994094092676E+01    0.21641180761428134272E-14    0.63811210673994165825E-16
    0.97417384962162163475E+01    0.98466747374398330407E-15   -0.11072773017889012667E-15
    0.97505262930230234275E+01   -0.13114062668399478789E-14   -0.28952533952725897423E-15
    0.97593140898298305075E+01   -0.21804720077369972283E-14   -0.25026149668575638539E-15
    0.97681018866366375875E+01   -0.44402275098558848021E-15    0.60964766242213857382E-16
    0.97768896834434428911E+01    0.19021540504252615188E-14    0.43560795176836460921E-15
    0.97856774802502499710E+01    0.19950707065233114761E-14    0.61214017419900384176E-15
    0.97944652770570570510E+01   -0.34642112728856305196E-15    0.57053292152502825920E-15
    0.98032530738638641310E+01   -0.24426590207848585356E-14    0.52955044046648699564E-15
    0.98120408706706712110E+01   -0.21073349791895390567E-14    0.63445163499616129087E-15
    0.98208286674774782909E+01   -0.85343724105948861067E-16    0.75087123425116499578E-15
    0.98296164642842835946E+01    0.13248156642230103578E-14    0.66161736272852982145E-15
    0.98384042610910906745E+01    0.94607789455244683224E-15    0.38547852768324639600E-15
    0.98471920578978977545E+01   -0.50154465350463902585E-15    0.18466051601024876035E-15
    0.98559798547047048345E+01   -0.16402532424629722371E-14    0.24881907978248160048E-15
    0.98647676515115119145E+01   -0.16356950855733125828E-14    0.46917423478851587354E-15
    0.98735554483183189944E+01   -0.52375673501265752080E-15    0.57346191129027569285E-15
    0.98823432451251260744E+01    0.87403100407765854570E-15    0.38867688031085173094E-15
    0.98911310419319313780E+01    0.14608224508305416464E-14   -0.26310227039807210435E-16
    0.98999188387387384580E+01    0.77858403581093706459E-15   -0.39106103781625581480E-15
    0.99087066355455455380E+01   -0.47714869942190252417E-15   -0.33471191645683915160E-15
    0.99174944323523526180E+01   -0.11332327913032839714E-14    0.21277635071074296287E-15
    0.99262822291591596979E+01   -0.60617183909246770282E-15    0.64738690452446707259E-15
    0.99350700259659667779E+01    0.64056762758692774550E-15    0.19882528951933100546E-15
    0.99438578227727720815E+01    0.12990579495735530608E-14   -0.71319871340144148119E-15
    0.99526456195795791615E+01    0.97225090015026790225E-16   -0.28514491444800157026E-15
    0.99614334163863862415E+01   -0.18260106002894316412E-14    0.15639966591045030299E-14
    0.99702212131931933214E+01   -0.30866297321237448285E-16    0.74742057672579447295E-15
    0.99790090100000004014E+01   -0.73078186752455484717E-15    0.62521437770575953403E-15
