    0.11999999999999999556E+01    0.00000000000000000000E+00    0.00000000000000000000E+00
    0.12087877968068068135E+01   -0.14861536827079638011E-09    0.28936615146360623380E-10
    0.12175755936136136715E+01    0.22905461509760615714E-09   -0.44653439322324222208E-10
    0.12263633904204203073E+01    0.21032311943308137104E-09   -0.40940196766508697916E-10
    0.12351511872272271653E+01   -0.49472967120804639750E-09    0.96470706880370999254E-10
    0.12439389840340340232E+01   -0.47835712378107358115E-09    0.93185018773833418054E-10
    0.12527267808408408811E+01    0.92154508320041285847E-09   -0.17976553171890928971E-09
    0.12615145776476475170E+01    0.20975571885815283893E-08   -0.40896563540429913386E-09
    0.12703023744544543749E+01    0.12114599475905554898E-08   -0.23609960354238424163E-09
    0.12790901712612612329E+01   -0.88994887422413732724E-09    0.17362337376403314625E-09
    0.12878779680680680908E+01   -0.12976459761739557360E-08    0.25298134768029186707E-09
    0.12966657648748749487E+01    0.89265977062493640636E-09   -0.17423114951478694895E-09
    0.13054535616816815846E+01    0.24981110868234707992E-08   -0.48720926887014394153E-09
    0.13142413584884884425E+01    0.32341158536492701394E-09   -0.62874959175891567448E-10
    0.13230291552952953005E+01   -0.34285552786729719920E-08    0.66890532070686373502E-09
    0.13318169521021021584E+01   -0.28755887659614297227E-08    0.56074527375492908153E-09
    0.13406047489089087943E+01    0.29933953312879141164E-08   -0.58431521240231620302E-09
    0.13493925457157156522E+01    0.63492901361863659921E-08   -0.12386958209706286866E-08
    0.13581803425225225102E+01    0.22080853403207426903E-09   -0.42522890993600892554E-10
    0.13669681393293293681E+01   -0.91263441264041715710E-08    0.17811446033290335926E-08
    0.13757559361361360040E+01   -0.70581639583173849903E-08    0.13767124760211173032E-08
    0.13845437329429428619E+01    0.82457113726662026267E-08   -0.16103350685092228441E-08
    0.13933315297497497198E+01    0.16433517575335507542E-07   -0.32075750273786929586E-08
    0.14021193265565565778E+01    0.52864463617233523247E-10   -0.96883817592373122607E-11
    0.14109071233633634357E+01   -0.23999468778492664744E-07    0.46827346516699985094E-08
    0.14196949201701700716E+01   -0.17690357015103487063E-07    0.34423125484213347579E-08
    0.14284827169769769295E+01    0.23175771272519657246E-07   -0.45547784106082652078E-08
    0.14372705137837837874E+01    0.45578088950169030019E-07   -0.89732813499010459049E-08
    0.14460583105905906454E+01    0.62721696098816478078E-08   -0.14219417938634699544E-08
    0.14548461073973975033E+01   -0.44591577750287121106E-07    0.81805671184432473299E-08
    0.14636339042042041392E+01    0.56231355928795750298E-08   -0.24765769685139916279E-08
    0.14724217010110109971E+01    0.19590501031156059807E-06   -0.41720143627492762278E-07
    0.14812094978178178550E+01    0.45547730428517520178E-06   -0.97360282774122200917E-07
    0.14899972946246244909E+01    0.84213196656826590317E-06   -0.18447996539861201121E-06
    0.14987850914314313489E+01    0.18623811072830008249E-05   -0.40991661508251795983E-06
    0.15075728882382382068E+01    0.46613204414619934592E-05   -0.10142508321749784981E-05
    0.15163606850450450647E+01    0.11118402022147881003E-04   -0.23984306055982675644E-05
    0.15251484818518519226E+01    0.24675904685452799552E-04   -0.52994309328920574136E-05
    0.15339362786586585585E+01    0.52947905686429254824E-04   -0.11326899645130906623E-04
    0.15427240754654654165E+01    0.11138350718380369067E-03   -0.23713529508326557397E-04
    0.15515118722722722744E+01    0.22955990891344318244E-03   -0.48598504196052487447E-04
    0.15602996690790791323E+01    0.46014156134452577828E-03   -0.96848822587013483928E-04
    0.15690874658858859902E+01    0.89349605971528200683E-03   -0.18696874702644190164E-03
    0.15778752626926926261E+01    0.16848770416072425971E-02   -0.35041867716060365063E-03
    0.15866630594994994841E+01    0.30874161030994937312E-02   -0.63799491301244344414E-03
    0.15954508563063063420E+01    0.54932050406719893504E-02   -0.11274186647814410898E-02
    0.16042386531131129779E+01    0.94814857820320948972E-02   -0.19319470313776195176E-02
    0.16130264499199198358E+01    0.15862488842930986405E-01   -0.32075535576049397923E-02
    0.16218142467267266937E+01    0.25708833966667468673E-01   -0.51564288235903853533E-02
    0.16306020435335335517E+01    0.40361569778847999901E-01   -0.80249508107172150273E-02
    0.16393898403403404096E+01    0.61302540429873271510E-01   -0.12074730711374513648E-01
    0.16481776371471470455E+01    0.89899322140549284277E-01   -0.17528156110761246994E-01
    0.16569654339539539034E+01    0.12702215594638574525E+00   -0.24491541645043475584E-01
    0.16657532307607607613E+01    0.17240143019679507463E+00   -0.32833850074133079378E-01
    0.16745410275675676193E+01    0.22391827583594958728E+00   -0.42056921886080553263E-01
    0.16833288243743744772E+01    0.27705598299046724220E+00   -0.51211991495316210032E-01
    0.16921166211811811131E+01    0.32452765068983208119E+00   -0.58864021670627882099E-01
    0.17009044179879879710E+01    0.35652604986744590443E+00   -0.63178183219203626342E-01
    0.17096922147947948289E+01    0.36235334836895588539E+00   -0.62273357594790169911E-01
    0.17184800116016014648E+01    0.33265167619892194173E+00   -0.54682276783576719281E-01
    0.17272678084084085448E+01    0.26235122506486924232E+00   -0.39890219409911685522E-01
    0.17360556052152151807E+01    0.15418450223248109099E+00   -0.18927782534840606465E-01
    0.17448434020220220386E+01    0.20857187551101118855E-01    0.53293709510874942917E-02
    0.17536311988288288966E+01   -0.11600131358103085710E+00    0.28543453334892377599E-01
    0.17624189956356355324E+01   -0.22857816233034530806E+00    0.45623190739937570515E-01
    0.17712067924424426124E+01   -0.28912793816146614700E+00    0.51973921651295426627E-01
    0.17799945892492492483E+01   -0.27922147098715904834E+00    0.45199407428772035711E-01
    0.17887823860560561062E+01   -0.19721479511197043122E+00    0.26339691603688219351E-01
    0.17975701828628629642E+01   -0.60871530519959714256E-01   -0.62792769733425481387E-04
    0.18063579796696696000E+01    0.93071389727826678295E-01   -0.26529777484581264918E-01
    0.18151457764764764580E+01    0.21779838708527710089E+00   -0.44608004809440458815E-01
    0.18239335732832833159E+01    0.27260485539506718045E+00   -0.48013093036558540661E-01
    0.18327213700900899518E+01    0.23713643316561575092E+00   -0.35121981664186660566E-01
    0.18415091668968970318E+01    0.11929116483641394320E+00   -0.96891989829941439771E-02
    0.18502969637037036676E+01   -0.41500297356532135640E-01    0.19449985153683881089E-01
    0.18590847605105105256E+01   -0.18585196089334637959E+00    0.41130577546592855809E-01
    0.18678725573173173835E+01   -0.25872877286593365387E+00    0.46677340172959963516E-01
    0.18766603541241240194E+01   -0.23068191818012429017E+00    0.33647084090580786642E-01
    0.18854481509309310994E+01   -0.10890913196045522160E+00    0.66387570258791602645E-02
    0.18942359477377377353E+01    0.58628101473901038376E-01   -0.23428772510766467801E-01
    0.19030237445445445932E+01    0.20002257763360611897E+00   -0.43264641151169784539E-01
    0.19118115413513514511E+01    0.25386725834235346344E+00   -0.43812151471455854090E-01
    0.19205993381581580870E+01    0.19670152417629327424E+00   -0.24838982024917979907E-01
    0.19293871349649649449E+01    0.50539768818513318427E-01    0.55799811030512735943E-02
    0.19381749317717718029E+01   -0.12007533300784209440E+00    0.33759820287525450777E-01
    0.19469627285785784387E+01   -0.23347762617687106701E+00    0.45861687762034961113E-01
    0.19557505253853855187E+01   -0.23460351906803572630E+00    0.35496484163379540822E-01
    0.19645383221921921546E+01   -0.12448983714683244106E+00    0.79580568672078123155E-02
    0.19733261189989990125E+01    0.45762517901679240773E-01   -0.23402935791207956501E-01
    0.19821139158058058705E+01    0.19516733013667933450E+00   -0.43434756994964442145E-01
    0.19909017126126125063E+01    0.24668869166216950140E+00   -0.41538622971291933039E-01
    0.19996895094194195863E+01    0.17124345871953472464E+00   -0.17821014995330199809E-01
    0.20084773062262262222E+01    0.96845014787735432538E-02    0.15133225661189913733E-01
    0.20172651030330328581E+01   -0.15506891343312978471E+00    0.39848219316786892552E-01
    0.20260528998398399381E+01   -0.24094182966582788907E+00    0.43832125356859853726E-01
    0.20348406966466465740E+01   -0.20165679318311555135E+00    0.24846688722235579089E-01
    0.20436284934534532098E+01   -0.53360305688248621525E-01   -0.79605521731769806476E-02
    0.20524162902602602898E+01    0.12330066038178418009E+00   -0.36802604458620061245E-01
    0.20612040870670673698E+01    0.23132714547842897490E+00   -0.45245467609662748387E-01
    0.20699918838738740057E+01    0.21567220256685160074E+00   -0.28956776835309186446E-01
    0.20787796806806806416E+01    0.85852924817112610811E-01    0.27636405647237711515E-02
    0.20875674774874877215E+01   -0.92365267282581708930E-01    0.33239421819057805851E-01
    0.20963552742942943574E+01   -0.22196069545246152610E+00    0.45935527425162214765E-01
    0.21051430711011009933E+01   -0.22741946254312736531E+00    0.32777099561748374024E-01
    0.21139308679079080733E+01   -0.10691968145225326514E+00    0.88237322766606437596E-03
    0.21227186647147147092E+01    0.69685289306373798812E-01   -0.31177258435008212839E-01
    0.21315064615215213450E+01    0.20770221009728409567E+00   -0.45614998547646605498E-01
    0.21402942583283284250E+01    0.23356337704222640550E+00   -0.35051685207718917547E-01
    0.21490820551351350609E+01    0.12849039084966212831E+00   -0.46902417383733021120E-02
    0.21578698519419421409E+01   -0.50585151074533159232E-01    0.29046589198257342229E-01
    0.21666576487487487768E+01   -0.19958975743971321681E+00    0.46367964859398660971E-01
    0.21754454455555558567E+01   -0.23511687720926738310E+00    0.36909635037667767876E-01
    0.21842332423623624926E+01   -0.14204069506075361895E+00    0.68543948293936967156E-02
    0.21930210391691691285E+01    0.29638542513176959620E-01   -0.26818112807351208310E-01
    0.22018088359759762085E+01    0.18766774183832357625E+00   -0.45918253348898929733E-01
    0.22105966327827828444E+01    0.24067278769806532690E+00   -0.39309174773944841053E-01
    0.22193844295895894803E+01    0.15566242845435590558E+00   -0.96861190460637586891E-02
    0.22281722263963965602E+01   -0.15351916869156375517E-01    0.25644722047813116317E-01
    0.22369600232032031961E+01   -0.17525044703090805753E+00    0.45950515926281562673E-01
    0.22457478200100098320E+01   -0.23895660572008051159E+00    0.40389369296759097816E-01
    0.22545356168168169120E+01   -0.17081613536807421783E+00    0.12434158437802338495E-01
    0.22633234136236239920E+01   -0.42146675632676643478E-02   -0.23087361336016631874E-01
    0.22721112104304301837E+01    0.16570049210131504447E+00   -0.46163128686971116599E-01
    0.22808990072372372637E+01    0.23999333749202442223E+00   -0.42662035356022309784E-01
    0.22896868040440443437E+01    0.18036400189254137016E+00   -0.14692117305676627437E-01
    0.22984746008508509796E+01    0.23047966971701104588E-01    0.21156090272767876653E-01
    0.23072623976576576155E+01   -0.14829684669368209393E+00    0.45147751936164957909E-01
    0.23160501944644646954E+01   -0.23980537736960771955E+00    0.44456300629581071981E-01
    0.23248379912712713313E+01   -0.19610914634599899142E+00    0.18568521810372464603E-01
    0.23336257880780779672E+01   -0.41993225426608986328E-01   -0.18463577325094678722E-01
    0.23424135848848850472E+01    0.13289602810527811894E+00   -0.45054901797487695303E-01
    0.23512013816916916831E+01    0.23362790877095374054E+00   -0.46110497389920401812E-01
    0.23599891784984983190E+01    0.20888350772203681527E+00   -0.21963992309188426488E-01
    0.23687769753053053989E+01    0.69240649441301579947E-01    0.14286554201744431844E-01
    0.23775647721121124789E+01   -0.11097587584503919300E+00    0.43391409303996236746E-01
    0.23863525689189186707E+01   -0.22975330986167802338E+00    0.48781937546438357278E-01
    0.23951403657257257507E+01   -0.22138708488726238643E+00    0.26702938667904636827E-01
    0.24039281625325328307E+01   -0.95243819181692015996E-01   -0.10009421854665094889E-01
    0.24127159593393394665E+01    0.81039702599907156855E-01   -0.40957658472907068625E-01
    0.24215037561461461024E+01    0.21624506225728237774E+00   -0.50094834305543949060E-01
    0.24302915529529531824E+01    0.23626768550144552905E+00   -0.32477732856336212486E-01
    0.24390793497597598183E+01    0.12747974114154617120E+00    0.33242568233514771005E-02
    0.24478671465665664542E+01   -0.48526964382017610811E-01    0.37756499603396533049E-01
    0.24566549433733735341E+01   -0.19669077082772834508E+00    0.51578067986864123418E-01
    0.24654427401801801700E+01   -0.24255704621265855581E+00    0.37903426134053681829E-01
    0.24742305369869868059E+01   -0.16270999006314812441E+00    0.44636655171457345626E-02
    0.24830183337937938859E+01    0.44996433430432485404E-02   -0.31778221085609681396E-01
    0.24918061306006009659E+01    0.17026749082229292176E+00   -0.51900334336105267974E-01
    0.25005939274074071577E+01    0.24543433193835853534E+00   -0.44437263301870207066E-01
    0.25093817242142142376E+01    0.19398101440744514035E+00   -0.13379639943158914278E-01
    0.25181695210210213176E+01    0.44894816558874138523E-01    0.24401165078625011717E-01
    0.25269573178278279535E+01   -0.12832995283620557414E+00    0.49676518596024163421E-01
    0.25357451146346345894E+01   -0.23804080617486433891E+00    0.49971212524701082158E-01
    0.25445329114414416694E+01   -0.22539562936530682657E+00    0.24421127296868846285E-01
    0.25533207082482483052E+01   -0.98192368904185894918E-01   -0.14202689756254473219E-01
    0.25621085050550549411E+01    0.76405231301721332482E-01   -0.45585634822130551014E-01
    0.25708963018618620211E+01    0.21293715114241026920E+00   -0.53807539848265743820E-01
    0.25796840986686686570E+01    0.24596529588250590215E+00   -0.35447966105601129427E-01
    0.25884718954754752929E+01    0.15673903686993370665E+00    0.70538593810335671087E-03
    0.25972596922822823728E+01   -0.10905818634119435195E-01    0.37186181263506028205E-01
    0.26060474890890894528E+01   -0.17199825992835432453E+00    0.55447686503224666299E-01
    0.26148352858958960887E+01   -0.24889906309601753098E+00    0.46147655860278954942E-01
    0.26236230827027027246E+01   -0.20767471045367175142E+00    0.14494874492390784002E-01
    0.26324108795095098046E+01   -0.66665617167620955241E-01   -0.24205087886070130593E-01
    0.26411986763163164404E+01    0.10784900792860818708E+00   -0.51831476795216949172E-01
    0.26499864731231230763E+01    0.23062575876007782028E+00   -0.54808816403602252099E-01
    0.26587742699299301563E+01    0.24340486790325896460E+00   -0.31171914466262364007E-01
    0.26675620667367367922E+01    0.14351863938597383963E+00    0.73296985914196718589E-02
    0.26763498635435434281E+01   -0.22951042741131112701E-01    0.42329370667972321396E-01
    0.26851376603503505081E+01   -0.18042611205111611095E+00    0.57935535862301851262E-01
    0.26939254571571571439E+01   -0.25467412663507615900E+00    0.46759624248606010410E-01
    0.27027132539639637798E+01   -0.21075578477373765884E+00    0.13392425493444314391E-01
    0.27115010507707708598E+01   -0.71792485857733567833E-01   -0.26413028909147456824E-01
    0.27202888475775779398E+01    0.98994360644735740484E-01   -0.54039688267579724656E-01
    0.27290766443843845757E+01    0.22666140417395311268E+00   -0.57359410893728812741E-01
    0.27378644411911912115E+01    0.25335366413585785894E+00   -0.34946906357234595875E-01
    0.27466522379979982915E+01    0.16609006442119894631E+00    0.36700595502060021080E-02
    0.27554400348048049274E+01    0.60553431176011670092E-02    0.41040470271183071560E-01
    0.27642278316116115633E+01   -0.15580318628281053517E+00    0.60133574426790133149E-01
    0.27730156284184186433E+01   -0.25102217240278079657E+00    0.52898426407622052559E-01
    0.27818034252252252791E+01   -0.23840889185704111641E+00    0.22698692037333687704E-01
    0.27905912220320319150E+01   -0.12227306534700382867E+00   -0.17816470955642534774E-01
    0.27993790188388389950E+01    0.45762668305257839241E-01   -0.51106162886989929539E-01
    0.28081668156456460750E+01    0.19363088530909564056E+00   -0.62458482320842612090E-01
    0.28169546124524522668E+01    0.26114003367601229533E+00   -0.47316843265075105018E-01
    0.28257424092592593468E+01    0.22052412321239756032E+00   -0.12314305103098378141E-01
    0.28345302060660664267E+01    0.87580193705890263534E-01    0.28276625201949390914E-01
    0.28433180028728730626E+01   -0.81360933401293314415E-01    0.57578871271314675806E-01
    0.28521057996796796985E+01   -0.21635747023096085773E+00    0.63044745062560039739E-01
    0.28608935964864867785E+01   -0.26446561916827587835E+00    0.42629749217566632880E-01
    0.28696813932932934144E+01   -0.20688630085887738108E+00    0.48965781507582864518E-02
    0.28784691901001000502E+01   -0.65717090178091269737E-01   -0.35229284292672503887E-01
    0.28872569869069071302E+01    0.10163125302249803594E+00   -0.61680337933064668943E-01
    0.28960447837137137661E+01    0.22828508530036364932E+00   -0.63491087179064514823E-01
    0.29048325805205204020E+01    0.26633846612714456858E+00   -0.40102488842530002733E-01
    0.29136203773273274820E+01    0.20167378079668532576E+00   -0.95241838255032444053E-03
    0.29224081741341345619E+01    0.58470612953485198715E-01    0.38972691622085782470E-01
    0.29311959709409407537E+01   -0.10724007113639445754E+00    0.64277071873259275514E-01
    0.29399837677477478337E+01   -0.23169759421038627067E+00    0.64862525580927823943E-01
    0.29487715645545549137E+01   -0.26954760299190150263E+00    0.40652329558481734018E-01
    0.29575593613613615496E+01   -0.20735352061119785572E+00    0.10375482740232258843E-02
    0.29663471581681681855E+01   -0.67635460092392449272E-01   -0.39370248291760320813E-01
    0.29751349549749752654E+01    0.97048427563613773317E-01   -0.65595658138243209678E-01
    0.29839227517817819013E+01    0.22594212730437249204E+00   -0.67637957469363088614E-01
    0.29927105485885885372E+01    0.27384127795396606686E+00   -0.44898747182212830897E-01
    0.30014983453953956172E+01    0.22422005635788133660E+00   -0.58298976106546905596E-02
    0.30102861422022022531E+01    0.94381500978514054623E-01    0.35745191507034250467E-01
    0.30190739390090088889E+01   -0.68708303643680523898E-01    0.65031341324867444897E-01
    0.30278617358158159689E+01   -0.20749923192235036895E+00    0.71395520682564841963E-01
    0.30366495326226230489E+01   -0.27512565086597090547E+00    0.52761279691017688720E-01
    0.30454373294294292407E+01   -0.24883379577394434956E+00    0.15757500059665145026E-01
    0.30542251262362363207E+01   -0.13741573257927047758E+00   -0.27086035499475663579E-01
    0.30630129230430434006E+01    0.20234144685312597384E-01   -0.61118879723904395718E-01
    0.30718007198498500365E+01    0.17090142127285545826E+00   -0.74577574356344628059E-01
    0.30805885166566566724E+01    0.26554897428577278751E+00   -0.63103215311690524780E-01
    0.30893763134634637524E+01    0.27327111224533118250E+00   -0.30612597289314449206E-01
    0.30981641102702703883E+01    0.19155464925749768335E+00    0.12379265895999420899E-01
    0.31069519070770770242E+01    0.48187936709454717854E-01    0.51733715722823495065E-01
    0.31157397038838841041E+01   -0.11049670446683573788E+00    0.74491193338133712687E-01
    0.31245275006906907400E+01   -0.23468247007509140944E+00    0.73492384789813888779E-01
    0.31333152974974973759E+01   -0.28518719194448899357E+00    0.49092046731515445734E-01
    0.31421030943043044559E+01   -0.24638021761559575351E+00    0.88146730142251526058E-02
    0.31508908911111115358E+01   -0.13165846232208705535E+00   -0.34591636065387509902E-01
    0.31596786879179177276E+01    0.23452779373575406707E-01   -0.67502495116348509852E-01
    0.31684664847247248076E+01    0.17195185483335534427E+00   -0.79927932315865354851E-01
    0.31772542815315318876E+01    0.26868053644131317803E+00   -0.68045984637178494325E-01
    0.31860420783383385235E+01    0.28493789980985506638E+00   -0.35293285324714228357E-01
    0.31948298751451451594E+01    0.21716047956301667843E+00    0.83389275121491836240E-02
    0.32036176719519522393E+01    0.85499174767489347082E-01    0.49801743027650467732E-01
    0.32124054687587593193E+01   -0.71469191346991062241E-01    0.76990009621314872690E-01
    0.32211932655655655111E+01   -0.20780307775878575915E+00    0.81873577816693229869E-01
    0.32299810623723725911E+01   -0.28472785403171962937E+00    0.62920708383578743961E-01
    0.32387688591791796711E+01   -0.28139253212005038707E+00    0.25746744687680633151E-01
    0.32475566559859858629E+01   -0.19888703693585760290E+00   -0.19077444907596684265E-01
    0.32563444527927929428E+01   -0.60794139996082199873E-01   -0.58995464842099921976E-01
    0.32651322495996000228E+01    0.93982270704603312894E-01   -0.82739110546669117352E-01
    0.32739200464064062146E+01    0.22329022301053219612E+00   -0.83681859507325775938E-01
    0.32827078432132132946E+01    0.29263631755279301272E+00   -0.61725113419114678581E-01
    0.32914956400200203745E+01    0.28350390644270423435E+00   -0.22765093467042675501E-01
    0.33002834368268265663E+01    0.19918838446879333359E+00    0.22747232129861096744E-01
    0.33090712336336336463E+01    0.62733841316528149434E-01    0.62573009355073844207E-01
    0.33178590304404407263E+01   -0.90300808321105735521E-01    0.86232386043440745205E-01
    0.33266468272472478063E+01   -0.22046006583892913122E+00    0.87680558207771971957E-01
    0.33354346240540539981E+01   -0.29456520792833734701E+00    0.66462070506115231150E-01
    0.33442224208608610780E+01   -0.29484665350667649264E+00    0.28043062314843891086E-01
    0.33530102176676681580E+01   -0.22205090587175732586E+00   -0.17765364111624489668E-01
    0.33617980144744743498E+01   -0.94468839468574650198E-01   -0.59586902283627313226E-01
    0.33705858112812814298E+01    0.56183887538463581079E-01   -0.87159462624360944938E-01
    0.33793736080880885098E+01    0.19342260179102313544E+00   -0.93693839149342136863E-01
    0.33881614048948947016E+01    0.28514557154970465724E+00   -0.77722614461034886246E-01
    0.33969492017017017815E+01    0.31026281503879166168E+00   -0.43135125064074679446E-01
    0.34057369985085088615E+01    0.26345344155877531422E+00    0.19769821621954983097E-02
    0.34145247953153150533E+01    0.15643933382724628522E+00    0.47076185471109803504E-01
    0.34233125921221221333E+01    0.13934770679239209118E-01    0.81743256715721301919E-01
    0.34321003889289292133E+01   -0.13199276736189999304E+00    0.98186555670942907148E-01
    0.34408881857357362932E+01   -0.24886605350937918146E+00    0.92719693943146441750E-01
    0.34496759825425424850E+01   -0.31136850534044829830E+00    0.66519030942765289272E-01
    0.34584637793493495650E+01   -0.30667953721981133786E+00    0.25438683692034880918E-01
    0.34672515761561566450E+01   -0.23619034673134239877E+00   -0.21575463141606653072E-01
    0.34760393729629628368E+01   -0.11545454783085611072E+00   -0.64429001474143654526E-01
    0.34848271697697699167E+01    0.29592351973510837293E-01   -0.93925740629117751568E-01
    0.34936149665765769967E+01    0.16870888101460138064E+00   -0.10381598400223598921E+00
    0.35024027633833831885E+01    0.27335488554550446683E+00   -0.92097314885295725184E-01
    0.35111905601901902685E+01    0.32230440975060592468E+00   -0.61141899357109105728E-01
    0.35199783569969973485E+01    0.30629390971771242036E+00   -0.17304930891670330939E-01
    0.35287661538038035403E+01    0.22911963360183934535E+00    0.30458397040805159500E-01
    0.35375539506106106202E+01    0.10641973769071480516E+00    0.72570219479537137475E-01
    0.35463417474174177002E+01   -0.37272166712575820202E-01    0.10066984535676329338E+00
    0.35551295442242247802E+01   -0.17387879857970031661E+00    0.10916686359211889845E+00
    0.35639173410310309720E+01   -0.27740936810650529409E+00    0.96453378173560200270E-01
    0.35727051378378380520E+01   -0.32846009518988100728E+00    0.65010780089905004231E-01
    0.35814929346446451319E+01   -0.31786029079909722261E+00    0.20807461632200648788E-01
    0.35902807314514513237E+01   -0.24831419734260196108E+00   -0.27771720183304367952E-01
    0.35990685282582584037E+01   -0.13305541497820003172E+00   -0.71632641319459428031E-01
    0.36078563250650654837E+01    0.65848228394712552541E-02   -0.10272079586761430348E+00
    0.36166441218718716755E+01    0.14520283380667514672E+00   -0.11535252037363440125E+00
    0.36254319186786787554E+01    0.25824142656257353945E+00   -0.10724242295313041184E+00
    0.36342197154854858354E+01    0.32619013101290122991E+00   -0.79910471159153603771E-01
    0.36430075122922929154E+01    0.33758183419410892068E+00   -0.38176975533938485585E-01
    0.36517953090990991072E+01    0.29109871375355572676E+00    0.10668049454193698905E-01
    0.36605831059059061872E+01    0.19524175126248174972E+00    0.58161898655930355240E-01
    0.36693709027127132671E+01    0.66476597249739532991E-01    0.96223394791053240560E-01
    0.36781586995195194589E+01   -0.73497220006829885874E-01    0.11847809275466539281E+00
    0.36869464963263265389E+01   -0.20162864877383973594E+00    0.12120682839536402187E+00
    0.36957342931331336189E+01   -0.29741606384822394382E+00    0.10401471926180179406E+00
    0.37045220899399398107E+01   -0.34586669832122501900E+00    0.69738762114016542015E-01
    0.37133098867467468907E+01   -0.33978909218643033041E+00    0.23881554343571444882E-01
    0.37220976835535539706E+01   -0.28080052116733028589E+00   -0.26248001471084806552E-01
    0.37308854803603601624E+01   -0.17848100953825909998E+00   -0.72780027398147872919E-01
    0.37396732771671672424E+01   -0.48834437543256274672E-01   -0.10854810234427639259E+00
    0.37484610739739743224E+01    0.88333220850713156658E-01   -0.12809448547007848407E+00
    0.37572488707807814023E+01    0.21264096657544506730E+00   -0.12848815513648847997E+00
    0.37660366675875875941E+01    0.30606578590513749960E+00   -0.10973649163306213594E+00
    0.37748244643943946741E+01    0.35537066557131841149E+00   -0.74613153569354093153E-01
    0.37836122612012017541E+01    0.35404876042803001823E+00   -0.28252569752953701071E-01
    0.37924000580080079459E+01    0.30284022934876131394E+00    0.22656330721577529197E-01
    0.38011878548148150259E+01    0.20935632937004963749E+00    0.70903894298984235234E-01
    0.38099756516216221058E+01    0.86942537108923537148E-01    0.10974877097481280930E+00
    0.38187634484284282976E+01   -0.47483137180943227329E-01    0.13381601478739757471E+00
    0.38275512452352353776E+01   -0.17580738328437856000E+00    0.13985984479169089045E+00
    0.38363390420420424576E+01   -0.28106748231201172938E+00    0.12708822658489504764E+00
    0.38451268388488486494E+01   -0.34972360333396579346E+00    0.97210656818989576999E-01
    0.38539146356556557294E+01   -0.37331688394580858636E+00    0.54198554290953569745E-01
    0.38627024324624628093E+01   -0.34923726863208098825E+00    0.36552189453745967569E-02
    0.38714902292692698893E+01   -0.28102553349288472706E+00   -0.47922082356340212073E-01
    0.38802780260760760811E+01   -0.17764831057167201900E+00   -0.93968240039505740446E-01
    0.38890658228828831611E+01   -0.52163331976523452660E-01   -0.12871123104494500144E+00
    0.38978536196896902410E+01    0.79915487743877175464E-01   -0.14786667519260857095E+00
    0.39066414164964964328E+01    0.20262352386379200997E+00   -0.14908754498714307801E+00
    0.39154292133033035128E+01    0.30151845867986531990E+00   -0.13226034608774531187E+00
    0.39242170101101105928E+01    0.36523776607312419262E+00   -0.99425102161964984404E-01
    0.39330048069169167846E+01    0.38677018913020416724E+00   -0.54469027993692867295E-01
    0.39417926037237238646E+01    0.36415872088775008697E+00   -0.26583526451771123666E-02
    0.39505804005305309445E+01    0.30041664904348652776E+00    0.50038824475909952916E-01
    0.39593681973373371363E+01    0.20310891136381623023E+00    0.97657127762785567171E-01
    0.39681559941441442163E+01    0.83314555273730273033E-01    0.13487666342095241956E+00
    0.39769437909509512963E+01   -0.45760803182598612515E-01    0.15761502157995255224E+00
    0.39857315877577583763E+01   -0.17023197016132371462E+00    0.16344460069271096736E+00
    0.39945193845645645681E+01   -0.27703021707315883537E+00    0.15176636109915264683E+00
    0.40033071813713716480E+01   -0.35529134123323025118E+00    0.12386105407001314627E+00
    0.40120949781781787280E+01   -0.39731258322965373742E+00    0.82679831485396440560E-01
    0.40208827749849849198E+01   -0.39923398215966277025E+00    0.32483207570702707367E-01
    0.40296705717917919998E+01   -0.36131968313187246000E+00   -0.21604062271276806839E-01
    0.40384583685985990797E+01   -0.28770199904865473295E+00   -0.74141636405746419447E-01
    0.40472461654054052715E+01   -0.18590879146463851201E+00   -0.11992425594781325193E+00
    0.40560339622122123515E+01   -0.66010870862621251476E-01   -0.15446218424823995874E+00
    0.40648217590190194315E+01    0.60441235037403784336E-01   -0.17441075468787789471E+00
    0.40736095558258256233E+01    0.18151279512445187003E+00   -0.17786870727793971381E+00
    0.40823973526326327033E+01    0.28600471400144122924E+00   -0.16449786277411668212E+00
    0.40911851494394397832E+01    0.36449653716941377013E+00   -0.13555129190096429359E+00
    0.40999729462462468632E+01    0.41009701933526387929E+00   -0.93705499916673026806E-01
    0.41087607430530530550E+01    0.41900787231605263194E+00   -0.42779470262297482341E-01
    0.41175485398598601350E+01    0.39079179001047764652E+00    0.12619474130893492542E-01
    0.41263363366666672150E+01    0.32824829025174206976E+00    0.67540308238536891916E-01
    0.41351241334734734068E+01    0.23712011389475934342E+00    0.11713933449407935850E+00
    0.41439119302802804867E+01    0.12548189801386189224E+00    0.15708879096498815087E+00
    0.41526997270870875667E+01    0.29534477349615782457E-02    0.18395295148924847850E+00
    0.41614875238938937585E+01   -0.12013830989696946960E+00    0.19546418688108524453E+00
    0.41702753207007008385E+01   -0.23365120596191779612E+00    0.19066455771923163098E+00
    0.41790631175075079184E+01   -0.32847805953365905030E+00    0.16997559179616056335E+00
    0.41878509143143141102E+01   -0.39721307083071116795E+00    0.13511113981335837186E+00
    0.41966387111211211902E+01   -0.43469977118971359076E+00    0.88900149118634128054E-01
    0.42054265079279282702E+01   -0.43836853460700198060E+00    0.35041432815266580769E-01
    0.42142143047347353502E+01   -0.40829831532312299558E+00   -0.22225807338543658587E-01
    0.42230021015415415420E+01   -0.34715041317431793999E+00   -0.78466465350119196653E-01
    0.42317898983483486219E+01   -0.25984857558549712131E+00   -0.12938794696395714001E+00
    0.42405776951551557019E+01   -0.15311743209740918958E+00   -0.17116957510352190375E+00
    0.42493654919619618937E+01   -0.34939197514244423048E-01   -0.20073372845183015678E+00
    0.42581532887687689737E+01    0.86087021534304961068E-01   -0.21593904418525514122E+00
    0.42669410855755760537E+01    0.20138839754859022557E+00   -0.21572497541815988109E+00
    0.42757288823823822455E+01    0.30300421389963450025E+00   -0.20014194609013410964E+00
    0.42845166791891893254E+01    0.38412966116697622176E+00   -0.17031508576136170086E+00
    0.42933044759959964054E+01    0.43953937332851061859E+00   -0.12834094702245160691E+00
    0.43020922728028034854E+01    0.46585364635935583300E+00   -0.77100468556722895341E-01
    0.43108800696096096772E+01    0.46171676846728409993E+00   -0.20045280828742000762E-01
    0.43196678664164167571E+01    0.42778064144040200967E+00    0.39051171068958279164E-01
    0.43284556632232238371E+01    0.36657733595909108848E+00    0.96358821966172542028E-01
    0.43372434600300300289E+01    0.28228899304620641564E+00    0.14823793626956829894E+00
    0.43460312568368371089E+01    0.18039135945343626188E+00    0.19146035924259249827E+00
    0.43548190536436441889E+01    0.67263161205390997743E-01    0.22340543843914020816E+00
    0.43636068504504503807E+01   -0.50237550462982498434E-01    0.24218732045330434999E+00
    0.43723946472572574606E+01   -0.16520987502390535595E+00    0.24674173715074038116E+00
    0.43811824440640645406E+01   -0.27110705854393418734E+00    0.23686065031994488206E+00
    0.43899702408708707324E+01   -0.36208042144243074434E+00    0.21316179005303456662E+00
    0.43987580376776778124E+01   -0.43328220993355953672E+00    0.17703085995982453804E+00
    0.44075458344844848924E+01   -0.48106521867876739229E+00    0.13051399935357690940E+00
    0.44163336312912919723E+01   -0.50312243164010572727E+00    0.76183617691865657129E-01
    0.44251214280980981641E+01   -0.49855352803411184803E+00    0.16990750757930234843E-01
    0.44339092249049052441E+01   -0.46784105054843705407E+00   -0.43897939248150170954E-01
    0.44426970217117123241E+01   -0.41278794467177537530E+00   -0.10326437102846168503E+00
    0.44514848185185185159E+01   -0.33638383256035941926E+00   -0.15799766907263218529E+00
    0.44602726153253255958E+01   -0.24263151891934109372E+00   -0.20524814896348561599E+00
    0.44690604121321326758E+01   -0.13633567010400632347E+00   -0.24256388994860120234E+00
    0.44778482089389388676E+01   -0.22846002725284780821E-01   -0.26800507987201738214E+00
    0.44866360057457459476E+01    0.92210801762792934944E-01   -0.28024112797111933038E+00
    0.44954238025525530276E+01    0.20320827058172394319E+00   -0.27860500283932998489E+00
    0.45042115993593592194E+01    0.30479930617713685281E+00   -0.26312248984676317454E+00
    0.45129993961661662993E+01    0.39217158124164630539E+00   -0.23450588362778179707E+00
    0.45217871929729733793E+01    0.46127209133851665435E+00   -0.19410413998674178049E+00
    0.45305749897797804593E+01    0.50900160268865368707E+00   -0.14383253404273421694E+00
    0.45393627865865866511E+01    0.53333007619579342329E+00   -0.86062011394169801726E-01
    0.45481505833933937311E+01    0.53336627721188611950E+00   -0.23487893825089794370E-01
    0.45569383802002008110E+01    0.50936396671962946847E+00    0.41008441592442108903E-01
    0.45657261770070070028E+01    0.46265134223549081449E+00    0.10450510698827943090E+00
    0.45745139738138140828E+01    0.39553043222331368822E+00    0.16418050486909929742E+00
    0.45833017706206211628E+01    0.31112513951732084783E+00    0.21743468736793133966E+00
    0.45920895674274273546E+01    0.21320304515075816365E+00    0.26199862198117707113E+00
    0.46008773642342344345E+01    0.10598660637320493627E+00    0.29601969516211273925E+00
    0.46096651610410415145E+01   -0.60468743745837848225E-02    0.31811825399915349966E+00
    0.46184529578478477063E+01   -0.11836080618236294315E+00    0.32742897079468580301E+00
    0.46272407546546547863E+01   -0.22653421334410639432E+00    0.32361065289343926565E+00
    0.46360285514614618663E+01   -0.32642423222325878118E+00    0.30683904298322300930E+00
    0.46448163482682689462E+01   -0.41430684556817493069E+00    0.27778387998167602957E+00
    0.46536041450750751380E+01   -0.48699135878474458794E+00    0.23756756820219815385E+00
    0.46623919418818822180E+01   -0.54191935423070025646E+00    0.18771529022600583203E+00
    0.46711797386886892980E+01   -0.57722961632197888893E+00    0.13008856670294519087E+00
    0.46799675354954954898E+01   -0.59180367482958917691E+00    0.66810249796865062155E-01
    0.46887553323023025698E+01   -0.58528381414062735644E+00    0.18388552730039180541E-03
    0.46975431291091096497E+01   -0.55805847396106211811E+00   -0.67393217944153607779E-01
    0.47063309259159158415E+01   -0.51123165834220574144E+00   -0.13351728479161303897E+00
    0.47151187227227229215E+01   -0.44656053043344950959E+00   -0.19586302494442789368E+00
    0.47239065195295300015E+01   -0.36637594778201276746E+00   -0.25226635339891667620E+00
    0.47326943163363361933E+01   -0.27348571902057527971E+00   -0.30079713612508002241E+00
    0.47414821131431432732E+01   -0.17105803504546310267E+00   -0.33981983159869394440E+00
    0.47502699099499503532E+01   -0.62500622340817782452E-01   -0.36804507963723132047E+00
    0.47590577067567574332E+01    0.48662585087878046375E-01   -0.38455991661613303512E+00
    0.47678455035635636250E+01    0.15891472542112525246E+00   -0.38884628431983808694E+00
    0.47766333003703707050E+01    0.26485862724575354177E+00   -0.38078511296302514078E+00
    0.47854210971771777849E+01    0.36331646396863720438E+00   -0.36064372421750073849E+00
    0.47942088939839839767E+01    0.45142004928423457022E+00   -0.32905582100274860524E+00
    0.48029966907907910567E+01    0.52667941643694748954E+00   -0.28698766885936122240E+00
    0.48117844875975981367E+01    0.58703926843306952765E+00   -0.23569728878907922343E+00
    0.48205722844044043285E+01    0.63091804627854997101E+00   -0.17668887603867347580E+00
    0.48293600812112114085E+01    0.65722695785629670073E+00   -0.11166196910532272257E+00
    0.48381478780180184884E+01    0.66538045174592930220E+00   -0.42459505213779766275E-01
    0.48469356748248246802E+01    0.65529121061580075658E+00    0.28984769817024507582E-01
    0.48557234716316317602E+01    0.62735671813285109888E+00    0.10069904879961680266E+00
    0.48645112684384388402E+01    0.58243483629996795070E+00    0.17072501295331274362E+00
    0.48732990652452459202E+01    0.52180686372185103306E+00    0.23716791285989485827E+00
    0.48820868620520521119E+01    0.44713520913289961367E+00    0.29824463904363973654E+00
    0.48908746588588591919E+01    0.36041129884997574750E+00    0.35232651829585098779E+00
    0.48996624556656662719E+01    0.26389838701388912412E+00    0.39797896620834410930E+00
    0.49084502524724724637E+01    0.16006902049391599774E+00    0.43399494104080771351E+00
    0.49172380492792795437E+01    0.51536589989437824044E-01    0.45942125338690725789E+00
    0.49260258460860866236E+01   -0.59013467794723842297E-01    0.47358018191181522338E+00
    0.49348136428928928154E+01   -0.16889056061301224720E+00    0.47608072396038747520E+00
    0.49436014396996998954E+01   -0.27546461308620961983E+00    0.46682409339111624602E+00
    0.49523892365065069754E+01   -0.37622879820772986426E+00    0.44600037062766800799E+00
    0.49611770333133140554E+01   -0.46885876507967894078E+00    0.41407519803729209151E+00
    0.49699648301201202472E+01   -0.55126547197912367793E+00    0.37177264775194496238E+00
    0.49787526269269273271E+01   -0.62163095206287577454E+00    0.32005170065092153342E+00
    0.49875404237337344071E+01   -0.67843621912418039521E+00    0.26007928866549306912E+00
    0.49963282205405405989E+01   -0.72048764705409074072E+00    0.19319860632173974091E+00
    0.50051160173473476789E+01   -0.74694166288921948205E+00    0.12089223176496320666E+00
    0.50139038141541547589E+01   -0.75731728858082714151E+00    0.44745383706499226861E-01
    0.50226916109609609506E+01   -0.75147416367076003141E+00   -0.33587948185922672506E-01
    0.50314794077677680306E+01   -0.72957733648887157507E+00   -0.11241721524367935536E+00
    0.50402672045745751106E+01   -0.69207978780546719477E+00   -0.19004443418431213320E+00
    0.50490550013813813024E+01   -0.63972561251570314589E+00   -0.26479000731573099081E+00
    0.50578427981881883824E+01   -0.57355225139213772412E+00   -0.33502132924360483734E+00
    0.50666305949949954623E+01   -0.49488032367184980886E+00   -0.39919095858814745981E+00
    0.50754183918018025423E+01   -0.40529602626400923482E+00   -0.45587779863901128907E+00
    0.50842061886086087341E+01   -0.30661764158403304048E+00   -0.50381837843395760324E+00
    0.50929939854154158141E+01   -0.20084469371057317444E+00   -0.54192686713614424132E+00
    0.51017817822222228941E+01   -0.90107426600799719885E-01   -0.56931336276395350104E+00
    0.51105695790290290859E+01    0.23374853537083080390E-01   -0.58530241775050273478E+00
    0.51193573758358361658E+01    0.13733213991660703224E+00   -0.58945071770267554179E+00
    0.51281451726426432458E+01    0.24948681988757440142E+00   -0.58155706602456747056E+00
    0.51369329694494494376E+01    0.35760212103932115246E+00   -0.56166379670665689261E+00
    0.51457207662562565176E+01    0.45952894445028225068E+00   -0.53005509270235939834E+00
    0.51545085630630635976E+01    0.55324574102987178481E+00   -0.48725040943796377180E+00
    0.51632963598698697893E+01    0.63689504219935533236E+00   -0.43399512843536991458E+00
    0.51720841566766768693E+01    0.70881736148687268795E+00   -0.37124600899655968433E+00
    0.51808719534834839493E+01    0.76758226292795073142E+00   -0.30015099912444220820E+00
    0.51896597502902910293E+01    0.81201593037088448668E+00   -0.22202680695990839599E+00
    0.51984475470970972211E+01    0.84122019325798713663E+00   -0.13833268703990073134E+00
    0.52072353439039043010E+01    0.85458718902016683749E+00   -0.50642343468778806825E-01
    0.52160231407107113810E+01    0.85180852260739747805E+00    0.39386224167692891751E-01
    0.52248109375175184610E+01    0.83287852863881051135E+00    0.13004303023429941710E+00
    0.52335987343243246528E+01    0.79809367904836303609E+00    0.21959874637302770339E+00
    0.52423865311311317328E+01    0.74804385087428126866E+00    0.30633734117344679770E+00
    0.52511743279379388127E+01    0.68359950388524737264E+00    0.38858853937487203289E+00
    0.52599621247447450045E+01    0.60589393036057970221E+00    0.46475889499654382542E+00
    0.52687499215515520845E+01    0.51630030328575415854E+00    0.53336132629963106666E+00
    0.52775377183583591645E+01    0.41640609865224503805E+00    0.59304305114937660992E+00
    0.52863255151651653563E+01    0.30798250685537448268E+00    0.64260978116452394104E+00
    0.52951133119719724363E+01    0.19295147018177832843E+00    0.68104783983872263509E+00
    0.53039011087787795162E+01    0.73350669849325728089E-01    0.70754242006363221584E+00
    0.53126889055855857080E+01   -0.48703581064869452821E-01    0.72149172547821105450E+00
    0.53214767023923927880E+01   -0.17105391449794968284E+00    0.72251840322503180225E+00
    0.53302644991991998680E+01   -0.29153989493786325315E+00    0.71047531590065726714E+00
    0.53390522960060069479E+01   -0.40803598151342423961E+00    0.68544836572422662702E+00
    0.53478400928128131397E+01   -0.51848799943800127910E+00    0.64775483851776849420E+00
    0.53566278896196202197E+01   -0.62094797914767752012E+00    0.59793705357363136077E+00
    0.53654156864264272997E+01   -0.71360734708850181995E+00    0.53675341183032188042E+00
    0.53742034832332334915E+01   -0.79482633948583969463E+00    0.46516434110408044766E+00
    0.53829912800400405715E+01   -0.86316130658675704890E+00    0.38431571063209818417E+00
    0.53917790768468476514E+01   -0.91738787863574033921E+00    0.29551905074201650914E+00
    0.54005668736536538432E+01   -0.95651978691995487303E+00    0.20022848638765627927E+00
    0.54093546704604609232E+01   -0.97982477952606084060E+00    0.10001623067659506927E+00
    0.54181424672672680032E+01   -0.98683451389464693637E+00   -0.34544572261538336946E-02
    0.54269302640740750832E+01   -0.97735132157676940512E+00   -0.10845744667682502560E+00
    0.54357180608808812750E+01   -0.95145002543320955635E+00   -0.21323262612103555114E+00
    0.54445058576876883549E+01   -0.90947465097339841300E+00   -0.31601548043391441967E+00
    0.54532936544944954349E+01   -0.85203221471856049885E+00   -0.41506645785898171885E+00
    0.54620814513013016267E+01   -0.77998077744100302588E+00   -0.50869951396530888044E+00
    0.54708692481081087067E+01   -0.69441465585952744100E+00   -0.59531006810845821242E+00
    0.54796570449149157866E+01   -0.59664581543248629281E+00   -0.67340109331624964373E+00
    0.54884448417217219784E+01   -0.48818138776014358138E+00   -0.74160725042657071882E+00
    0.54972326385285290584E+01   -0.37069934699266637868E+00   -0.79871736190364961416E+00
    0.55060204353353361384E+01   -0.24602084625193806899E+00   -0.84369328682180400047E+00
    0.55148082321421423302E+01   -0.11608102384306430432E+00   -0.87568686314504928792E+00
    0.55235960289489494102E+01    0.17101578688120209343E-01   -0.89405329459971671913E+00
    0.55323838257557564901E+01    0.15145695699889352714E+00   -0.89836090536792378991E+00
    0.55411716225625635701E+01    0.28489576668423499672E+00   -0.88839851572705919036E+00
    0.55499594193693697619E+01    0.41534141126208140582E+00   -0.86417800824901769285E+00
    0.55587472161761768419E+01    0.54076193174399511676E+00   -0.82593445390579955934E+00
    0.55675350129829839219E+01    0.65920057161344458585E+00   -0.77412243227086530162E+00
    0.55763228097897901137E+01    0.76880495959034056419E+00   -0.70940852474181614884E+00
    0.55851106065965971936E+01    0.86785489695534168142E+00   -0.63266163790150831137E+00
    0.55938984034034042736E+01    0.95478706840709237635E+00   -0.54493915663558889495E+00
    0.56026862002102104654E+01    0.10282180727210361582E+01   -0.44747108204245522600E+00
    0.56114739970170175454E+01    0.10869641166234156326E+01   -0.34164150785412095157E+00
    0.56202617938238246253E+01    0.11300573458766758339E+01   -0.22896746717674817950E+00
    0.56290495906306308171E+01    0.11567598252441335660E+01   -0.11107658471816225787E+00
    0.56378373874374378971E+01    0.11665727454087597703E+01    0.10317365963029808892E-01
    0.56466251842442449771E+01    0.11592431953848032489E+01    0.13343981477570110439E+00
    0.56554129810510520571E+01    0.11347668987401877683E+01    0.25648140324418466918E+00
    0.56642007778578582489E+01    0.10933869471458164124E+01    0.37762460280989729178E+00
    0.56729885746646653288E+01    0.10355901069829471783E+01    0.49507019916928179937E+00
    0.56817763714714724088E+01    0.96209841865676382078E+00    0.60706322510700805317E+00
    0.56905641682782786006E+01    0.87385849985739272316E+00    0.71191847294991617012E+00
    0.56993519650850856806E+01    0.77202751910663569568E+00    0.80804456624713194568E+00
    0.57081397618918927606E+01    0.65795591744582249127E+00    0.89396657936662893285E+00
    0.57169275586986989524E+01    0.53316843916954692606E+00    0.96834732853550509191E+00
    0.57257153555055060323E+01    0.39934206234979313654E+00    0.10300058479611873263E+01
    0.57345031523123131123E+01    0.25828251213910180528E+00    0.10779343654832991284E+01
    0.57432909491191193041E+01    0.11189917881598519800E+00    0.11113123630271359854E+01
    0.57520787459259263841E+01   -0.37821483882102553686E-01    0.11295177739970843067E+01
    0.57608665427327334640E+01   -0.18884302623471191374E+00    0.11321361783503747223E+01
    0.57696543395395405440E+01   -0.33910670921226498953E+00    0.11189660142966033618E+01
    0.57784421363463467358E+01   -0.48655937807574400900E+00    0.10900217902729016917E+01
    0.57872299331531538158E+01   -0.62918082653081297551E+00    0.10455339573510429307E+01
    0.57960177299599608958E+01   -0.76501063056051188394E+00    0.98594555133789429924E+00
    0.58048055267667670876E+01   -0.89217417080701821863E+00    0.91190685304193530580E+00
    0.58135933235735741675E+01   -0.10089068438492012625E+01    0.82426626355737708796E+00
    0.58223811203803812475E+01   -0.11135772529472844905E+01    0.72405936274758142535E+00
    0.58311689171871874393E+01   -0.12047081054738726369E+01    0.61249529695152282738E+00
    0.58399567139939945193E+01   -0.12809948822816576985E+01    0.49094062244575786824E+00
    0.58487445108008015993E+01   -0.13413227655625805657E+01    0.36090181485834760267E+00
    0.58575323076076077911E+01   -0.13847800645671528574E+01    0.22400536646004001740E+00
    0.58663201044144148710E+01   -0.14106698519297409256E+01    0.81976805154938992004E-01
    0.58751079012212219510E+01   -0.14185183527347200449E+01   -0.63381499168135693734E-01
    0.58838956980280290310E+01   -0.14080802323135128695E+01   -0.21021365307389225374E+00
    0.58926834948348352228E+01   -0.13793418059652531316E+01   -0.35663387148724617903E+00
    0.59014712916416423027E+01   -0.13325202398010009830E+01   -0.50075050636601392551E+00
    0.59102590884484493827E+01   -0.12680607947004134406E+01   -0.64069014164800486277E+00
    0.59190468852552555745E+01   -0.11866309007428337274E+01   -0.77462116488454180185E+00
    0.59278346820620626545E+01   -0.10891112469479680147E+01   -0.90077681416484045585E+00
    0.59366224788688697345E+01   -0.97658509215905964229E+00   -0.10174774850453542907E+01
    0.59454102756756759263E+01   -0.85032426969381746940E+00   -0.11231514398229567320E+01
    0.59541980724824830062E+01   -0.71177365200511488741E+00   -0.12163546273256751196E+01
    0.59629858692892900862E+01   -0.56253343443087722164E+00   -0.12957885044945252062E+01
    0.59717736660960962780E+01   -0.40433939848722999510E+00   -0.13603159636694044377E+01
    0.59805614629029033580E+01   -0.23904218595702822481E+00   -0.14089757468077759306E+01
    0.59893492597097104380E+01   -0.68584855610276065918E-01   -0.14409938695636399508E+01
    0.59981370565165175179E+01    0.10502028011726835532E+00   -0.14557935299025763776E+01
    0.60069248533233237097E+01    0.27971546405335090402E+00   -0.14530022099250925471E+01
    0.60157126501301307897E+01    0.45342187411260409524E+00   -0.14324561607746661984E+01
    0.60245004469369378697E+01    0.62406397853042905322E+00   -0.13942030811297831949E+01
    0.60332882437437440615E+01    0.78959366385606222227E+00   -0.13385013575677673359E+01
    0.60420760405505511415E+01    0.94801413027394620947E+00   -0.12658176398443572452E+01
    0.60508638373573582214E+01    0.10974028238382513845E+01   -0.11768216405013001147E+01
    0.60596516341641644132E+01    0.12359334538683341975E+01   -0.10723783821310257647E+01
    0.60684394309709714932E+01    0.13618970455127799024E+01   -0.95353886815930222198E+00
    0.60772272277777785732E+01    0.14737210279024277604E+01   -0.82152785207936362966E+00
    0.60860150245845856531E+01    0.15699872764379689816E+01   -0.67773026472783770568E+00
    0.60948028213913918449E+01    0.16494479495736291685E+01   -0.52367565968280738176E+00
    0.61035906181981989249E+01    0.17110392907296003706E+01   -0.36102086470861799450E+00
    0.61123784150050060049E+01    0.17538938437105244805E+01   -0.19153170534488783705E+00
    0.61211662118118121967E+01    0.17773496149365926033E+01   -0.17063115229402330691E-01
    0.61299540086186192767E+01    0.17809577175601711829E+01    0.16046143158046849431E+00
    0.61387418054254263566E+01    0.17644872284056309919E+01    0.33907118858923990246E+00
    0.61475296022322325484E+01    0.17279275113795495855E+01    0.51677001554917068038E+00
    0.61563173990390396284E+01    0.16714887864003049600E+01    0.69155832379161430445E+00
    0.61651051958458467084E+01    0.15955994255936314374E+01    0.86145500202020275360E+00
    0.61738929926526529002E+01    0.15009016884482162535E+01    0.10245192225876935677E+01
    0.61826807894594599802E+01    0.13882448413060257675E+01    0.11788715539562630852E+01
    0.61914685862662670601E+01    0.12586759309520272332E+01    0.13227144248737479071E+01
    0.62002563830730741401E+01    0.11134290942580136186E+01    0.14543518223872389239E+01
    0.62090441798798803319E+01    0.95391221959731475888E+00    0.15722074451828167430E+01
    0.62178319766866874119E+01    0.78169240259232641854E+00    0.16748420246170525605E+01
    0.62266197734934944918E+01    0.59847960421806922771E+00    0.17609688114641839363E+01
    0.62354075703003006836E+01    0.40610872210736514987E+00    0.18294674078877257717E+01
    0.62441953671071077636E+01    0.20652083698051368343E+00    0.18793962387008620318E+01
    0.62529831639139148436E+01    0.17430479433165446245E-02    0.19100024365183758679E+01
    0.62617709607207210354E+01   -0.20613227014194165920E+00    0.19207304387930663747E+01
    0.62705587575275281154E+01   -0.41496879645226097955E+00    0.19112281296855788693E+01
    0.62793465543343351953E+01   -0.62260809108596948391E+00    0.18813508007696873037E+01
    0.62881343511411413871E+01   -0.82689144273956083353E+00    0.18311635247604023391E+01
    0.62969221479479484671E+01   -0.10256816316208510198E+01    0.17609406015771706944E+01
    0.63057099447547555471E+01   -0.12168845473068128360E+01    0.16711636070688073996E+01
    0.63144977415615626271E+01   -0.13984701126154104323E+01    0.15625169976478692213E+01
    0.63232855383683688189E+01   -0.15684925757269931879E+01    0.14358815721293067824E+01
    0.63320733351751758988E+01   -0.17251100582082730117E+01    0.12923265165961006495E+01
    0.63408611319819829788E+01   -0.18666026395119668102E+01    0.11330989042260777300E+01
    0.63496489287887891706E+01   -0.19913896575302507674E+01    0.95961203130137973094E+00
    0.63584367255955962506E+01   -0.20980452687897344077E+01    0.77343190242257575662E+00
    0.63672245224024033305E+01   -0.21853124756468318424E+01    0.57626211660003623383E+00
    0.63760123192092095223E+01   -0.22521158584862179808E+01    0.36992783397663159262E+00
    0.63848001160160166023E+01   -0.22975718907986868444E+01    0.15635815534910635360E+00
    0.63935879128228236823E+01   -0.23209980552422861955E+01   -0.62432169987838417868E-01
    0.64023757096296298741E+01   -0.23219196287821608493E+01   -0.28436189254380789260E+00
    0.64111635064364369541E+01   -0.23000744453654733412E+01   -0.50730313156083661763E+00
    0.64199513032432440340E+01   -0.22554161358534363657E+01   -0.72910147623261556404E+00
    0.64287391000500511140E+01   -0.21881146014844059522E+01   -0.94759640714711079745E+00
    0.64375268968568573058E+01   -0.20985551708561565043E+01   -0.11606417732455038827E+01
    0.64463146936636643858E+01   -0.19873353885211426650E+01   -0.13661259840601958082E+01
    0.64551024904704714658E+01   -0.18552597750166270885E+01   -0.15619919371817123643E+01
    0.64638902872772776576E+01   -0.17033331865550545015E+01   -0.17462564697313065487E+01
    0.64726780840840847375E+01   -0.15327516900083875129E+01   -0.19170288624696989466E+01
    0.64814658808908918175E+01   -0.13448923017048652895E+01   -0.20725288075152006328E+01
    0.64902536776976980093E+01   -0.11413008404200510881E+01   -0.22111030680623753319E+01
    0.64990414745045050893E+01   -0.92367818731669548704E+00   -0.23312410081100529702E+01
    0.65078292713113121692E+01   -0.69386556653315911714E+00   -0.24315890743862498269E+01
    0.65166170681181183610E+01   -0.45382814171078011967E+00   -0.25109633403600253310E+01
    0.65254048649249254410E+01   -0.20563789028784579260E+00   -0.25683610737440591976E+01
    0.65341926617317325210E+01    0.48544546544056987880E-01   -0.26029703040957916649E+01
    0.65429804585385396010E+01    0.30648886121378732250E+00   -0.26141776921251866916E+01
    0.65517682553453457928E+01    0.56591444715303107493E+00   -0.26015750298943345342E+01
    0.65605560521521528727E+01    0.82451034112024457201E+00   -0.25649632799726624910E+01
    0.65693438489589599527E+01    0.10799553467955220754E+01   -0.25043554315544938049E+01
    0.65781316457657661445E+01    0.13299381495477358150E+01   -0.24199771197223167718E+01
    0.65869194425725732245E+01    0.15721774045447025614E+01   -0.23122653699584501119E+01
    0.65957072393793803045E+01    0.18044415364304604577E+01   -0.21818659535962776630E+01
    0.66044950361861864963E+01    0.20245679491029329178E+01   -0.20296282995821970374E+01
    0.66132828329929935762E+01    0.22304818704572237920E+01   -0.18565992745902943906E+01
    0.66220706297998006562E+01    0.24202142061846472210E+01   -0.16640149617331234655E+01
    0.66308584266066068480E+01    0.25919185530208195267E+01   -0.14532907833678041509E+01
    0.66396462234134139280E+01    0.27438873523649696118E+01   -0.12260105003932659784E+01
    0.66484340202202210079E+01    0.28745664714652336968E+01   -0.98391328060286653567E+00
    0.66572218170270280879E+01    0.29825689777788948476E+01   -0.72887991372320537486E+00
    0.66660096138338342797E+01    0.30666871825237920213E+01   -0.46291765293494291367E+00
    0.66747974106406413597E+01    0.31259032455499595748E+01   -0.18814393776127005808E+00
    0.66835852074474484397E+01    0.31593985429341167048E+01    0.93230527123700987491E-01
    0.66923730042542546315E+01    0.31665608392520669945E+01    0.37891975519255660654E+00
    0.67011608010610617114E+01    0.31469903933286476061E+01    0.66658088223991174281E+00
    0.67099485978678687914E+01    0.31005039611363631735E+01    0.95383307317953625049E+00
    0.67187363946746749832E+01    0.30271370741861307607E+01    0.12382768226622953289E+01
    0.67275241914814820632E+01    0.29271449556937305658E+01    0.15175133128786824077E+01
    0.67363119882882891432E+01    0.28010010682867410026E+01    0.17891638020556070998E+01
    0.67450997850950962231E+01    0.26493945521955390987E+01    0.20508889419991089831E+01
    0.67538875819019024149E+01    0.24732256005767911944E+01    0.23004076654013316805E+01
    0.67626753787087094949E+01    0.22735991639825892108E+01    0.25355157065040834219E+01
    0.67714631755155165749E+01    0.20518174272319504858E+01    0.27541036010778934262E+01
    0.67802509723223227667E+01    0.18093701923798590769E+01    0.29541737266221299585E+01
    0.67890387691291298466E+01    0.15479243171306431570E+01    0.31338568159727953066E+01
    0.67978265659359369266E+01    0.12693115080764398872E+01    0.32914272206443198066E+01
    0.68066143627427431184E+01    0.97551479929609563602E+00    0.34253171529307073762E+01
    0.68154021595495501984E+01    0.66865415784819581813E+00    0.35341299426170666997E+01
    0.68241899563563572784E+01    0.35097063690979918293E+00    0.36166515596477029071E+01
    0.68329777531631634702E+01    0.24809913019359891573E-01    0.36718612699581565373E+01
    0.68417655499699705501E+01   -0.30739512255540507590E+00    0.36989404725676982011E+01
    0.68505533467767776301E+01   -0.64314251325640847678E+00    0.36972800745047136317E+01
    0.68593411435835847101E+01   -0.97987975877778088485E+00    0.36664866043561019637E+01
    0.68681289403903909019E+01   -0.13150229148467875717E+01    0.36063861547314943756E+01
    0.68769167371971979819E+01   -0.16459758837271127874E+01    0.35170272847963759411E+01
    0.68857045340040050618E+01   -0.19701498034772537693E+01    0.33986818718556279784E+01
    0.68944923308108112536E+01   -0.22849824984310238563E+01    0.32518443348013064131E+01
    0.69032801276176183336E+01   -0.25879577452534858750E+01    0.30772295475879696269E+01
    0.69120679244244254136E+01   -0.28766241698304488850E+01    0.28757685369534358166E+01
    0.69208557212312316054E+01   -0.31486138895988182718E+01    0.26486031542790100524E+01
    0.69296435180380386853E+01   -0.34016604061795665537E+01    0.23970788251211234687E+01
    0.69384313148448457653E+01   -0.36336158919141778867E+01    0.21227357914881359591E+01
    0.69472191116516519571E+01   -0.38424677731370766587E+01    0.18272992233174654153E+01
    0.69560069084584590371E+01   -0.40263540812145137693E+01    0.15126674514416960093E+01
    0.69647947052652661171E+01   -0.41835781570462424739E+01    0.11808993653174508776E+01
    0.69735825020720731970E+01   -0.43126218933052147264E+01    0.83420034563714440257E+00
    0.69823702988788793888E+01   -0.44121578223135067276E+01    0.47490706454485137611E+00
    0.69911580956856864688E+01   -0.44810601021822487056E+01    0.10547152793843829477E+00
    0.69999458924924935488E+01   -0.45184136269818129250E+01   -0.27155610876851077329E+00
    0.70087336892992997406E+01   -0.45235222126830798572E+01   -0.65354522940879200554E+00
    0.70175214861061068206E+01   -0.44959148550990208903E+01   -0.10378032048712837465E+01
    0.70263092829129139005E+01   -0.44353504870518767333E+01   -0.14215944130625435271E+01
    0.70350970797197200923E+01   -0.43418214182122403244E+01   -0.18021595117937769803E+01
    0.70438848765265271723E+01   -0.42155545719128291182E+01   -0.21767350820019557567E+01
    0.70526726733333342523E+01   -0.40570116762895152007E+01   -0.25425733602574935865E+01
    0.70614604701401404441E+01   -0.38668873811598167833E+01   -0.28969618896352540283E+01
    0.70702482669469475240E+01   -0.36461057800945786411E+01   -0.32372430899841400098E+01
    0.70790360637537546040E+01   -0.33958156179487701820E+01   -0.35608335244612856485E+01
    0.70878238605605616840E+01   -0.31173833347826356288E+01   -0.38652426138539333067E+01
    0.70966116573673678758E+01   -0.28123851176432324017E+01   -0.41480910073687073947E+01
    0.71053994541741749558E+01   -0.24825970778091366320E+01   -0.44071280303335642614E+01
    0.71141872509809820357E+01   -0.21299840050858285245E+01   -0.46402484107906447619E+01
    0.71229750477877882275E+01   -0.17566870328818970926E+01   -0.48455081832311410750E+01
    0.71317628445945953075E+01   -0.13650095423872459222E+01   -0.50211391990549012476E+01
    0.71405506414014023875E+01   -0.95740229644608909609E+00   -0.51655629129859494952E+01
    0.71493384382082085793E+01   -0.53644722075948114703E+00   -0.52774025410399074687E+01
    0.71581262350150156593E+01   -0.10484017464929908103E+00   -0.53554939726222601237E+01
    0.71669140318218227392E+01    0.33462694856766539431E+00   -0.53988954649362055349E+01
    0.71757018286286289310E+01    0.77908517329977289290E+00   -0.54068953235370980082E+01
    0.71844896254354360110E+01    0.12256078056740400406E+01   -0.53790185944720967370E+01
    0.71932774222422430910E+01    0.16712303801014554150E+01   -0.53150316804084258848E+01
    0.72020652190490501710E+01    0.21129710252986053654E+01   -0.52149453904213149968E+01
    0.72108530158558563627E+01    0.25478509492309049378E+01   -0.50790165736301409183E+01
    0.72196408126626634427E+01    0.29729150682503693304E+01   -0.49077474494726365251E+01
    0.72284286094694705227E+01    0.33852526091888086590E+01   -0.47018838498254353908E+01
    0.72372164062762767145E+01    0.37820173936415897309E+01   -0.44624112831567659399E+01
    0.72460042030830837945E+01    0.41604478653196768079E+01   -0.41905493762365688681E+01
    0.72547919998898908744E+01    0.45178866392549750231E+01   -0.38877449425928864990E+01
    0.72635797966966970662E+01    0.48517992338450603995E+01   -0.35556628522924458302E+01
    0.72723675935035041462E+01    0.51597923269582084416E+01   -0.31961759028148413186E+01
    0.72811553903103112262E+01    0.54396308122399741336E+01   -0.28113527920714096453E+01
    0.72899431871171174180E+01    0.56892539494032741132E+01   -0.24034446970309932823E+01
    0.72987309839239244980E+01    0.59067904960725927666E+01   -0.19748707706680863616E+01
    0.73075187807307315779E+01    0.60905721728781028190E+01   -0.15282019396646295828E+01
    0.73163065775375386579E+01    0.62391462728767521639E+01   -0.10661439750235215396E+01
    0.73250943743443448497E+01    0.63512863659419744877E+01   -0.59151929956183024739E+00
    0.73338821711511519297E+01    0.64260015912586467834E+01   -0.10724788510021149301E+00
    0.73426699679579590097E+01    0.64625445497236126968E+01    0.38367242846468674333E+00
    0.73514577647647652014E+01    0.64604169504423811787E+01    0.87818648874770988133E+00
    0.73602455615715722814E+01    0.64193741637825576518E+01    0.13732026989656380689E+01
    0.73690333583783793614E+01    0.63394274815688609337E+01    0.18656142546390939163E+01
    0.73778211551851855532E+01    0.62208447015300949445E+01    0.23523206269875869268E+01
    0.73866089519919926332E+01    0.60641491709118113818E+01    0.28302489888478534752E+01
    0.73953967487987997131E+01    0.58701163974571013426E+01    0.32963755010446305072E+01
    0.74041845456056067931E+01    0.56397695235672644642E+01    0.37477464238199718061E+01
    0.74129723424124129849E+01    0.53743725305758918154E+01    0.41814985956097991959E+01
    0.74217601392192200649E+01    0.50754218063637148717E+01    0.45948794314721350673E+01
    0.74305479360260271449E+01    0.47446363158654394354E+01    0.49852662098338411667E+01
    0.74393357328328333367E+01    0.43839456014656379423E+01    0.53501841991171392721E+01
    0.74481235296396404166E+01    0.39954768166692593567E+01    0.56873241390659456940E+01
    0.74569113264464474966E+01    0.35815399446120514959E+01    0.59945581693475284979E+01
    0.74656991232532536884E+01    0.31446117283790750996E+01    0.62699546244476218604E+01
    0.74744869200600607684E+01    0.26873186227668024451E+01    0.65117915719379748651E+01
    0.74832747168668678484E+01    0.22124182594886887543E+01    0.67185683627981420685E+01
    0.74920625136736740401E+01    0.17227803068220810534E+01    0.68890161769180808804E+01
    0.75008503104804811201E+01    0.12213663353518473542E+01    0.70221063646868193686E+01
    0.75096381072872882001E+01    0.71120899786212943283E+00    0.71170572071492363975E+01
    0.75184259040940952801E+01    0.19539085641922676606E+00    0.71733391004993345419E+01
    0.75272137009009014719E+01   -0.32297728946753279100E+00    0.71906772920074901734E+01
    0.75360014977077085518E+01   -0.84077819186436519860E+00    0.71690534402209618037E+01
    0.75447892945145156318E+01   -0.13549098972300559485E+01    0.71087047351183008104E+01
    0.75535770913213218236E+01   -0.18623074309300975404E+01    0.70101212923805755750E+01
    0.75623648881281289036E+01   -0.23599641192402098788E+01    0.68740419569186688165E+01
    0.75711526849349359836E+01   -0.28449523079884126986E+01    0.67014476731314198688E+01
    0.75799404817417421754E+01   -0.33144436782827892962E+01    0.64935537399832377048E+01
    0.75887282785485492553E+01   -0.37657284628493488121E+01    0.62517998724046242032E+01
    0.75975160753553563353E+01   -0.41962338669657750501E+01    0.59778387341709322556E+01
    0.76063038721621625271E+01   -0.46035414681979078821E+01    0.56735231860788841729E+01
    0.76150916689689696071E+01   -0.49854030218124378848E+01    0.53408916038828948558E+01
    0.76238794657757766871E+01   -0.53397554198027510353E+01    0.49821523677505679117E+01
    0.76326672625825837670E+01   -0.56647337063167109150E+01    0.45996668522085286668E+01
    0.76414550593893899588E+01   -0.59586827223799980757E+01    0.41959313924155789977E+01
    0.76502428561961970388E+01   -0.62201672704558932381E+01    0.37735585392229205048E+01
    0.76590306530030041188E+01   -0.64479800178193942273E+01    0.33352572789247050267E+01
    0.76678184498098103106E+01   -0.66411482834719688384E+01    0.28838128811687817610E+01
    0.76766062466166173905E+01   -0.67989384334502300788E+01    0.24220662518132756169E+01
    0.76853940434234244705E+01   -0.69208586167165142555E+01    0.19528929700814099402E+01
    0.76941818402302306623E+01   -0.70066598669595681059E+01    0.14791823377917892035E+01
    0.77029696370370377423E+01   -0.70563347484830840628E+01    0.10038164918279490756E+01
    0.77117574338438448223E+01   -0.70701148500824002596E+01    0.52964967407694929502E+00
    0.77205452306506510141E+01   -0.70484659398345765879E+01    0.59488106297417700508E-01
    0.77293330274574580940E+01   -0.69920815213949660816E+01   -0.40392969322775007512E+00
    0.77381208242642651740E+01   -0.69018749463615103323E+01   -0.85795186531078049263E+00
    0.77469086210710722540E+01   -0.67789693918244209314E+01   -0.13000310404954888988E+01
    0.77556964178778784458E+01   -0.66246868933105247379E+01   -0.17277415271661020757E+01
    0.77644842146846855258E+01   -0.64405355823446166497E+01   -0.21387949428797154994E+01
    0.77732720114914926057E+01   -0.62281957191350798553E+01   -0.25310547644562420011E+01
    0.77820598082982987975E+01   -0.59895047745978828857E+01   -0.29025496027750241623E+01
    0.77908476051051058775E+01   -0.57264411382164457365E+01   -0.32514845633959073012E+01
    0.77996354019119129575E+01   -0.54411072829138831253E+01   -0.35762516322169681793E+01
    0.78084231987187191493E+01   -0.51357120435050251928E+01   -0.38754379134961269848E+01
    0.78172109955255262292E+01   -0.48125523212935439332E+01   -0.41478324055077910870E+01
    0.78259987923323333092E+01   -0.44739945200453545837E+01   -0.43924312443677742124E+01
    0.78347865891391395010E+01   -0.41224556269805754383E+01   -0.46084406887817070952E+01
    0.78435743859459465810E+01   -0.37603842512012084498E+01   -0.47952790222075787341E+01
    0.78523621827527536610E+01   -0.33902418357751789024E+01   -0.49525762046045089804E+01
    0.78611499795595607409E+01   -0.30144840134387576036E+01   -0.50801720163345960302E+01
    0.78699377763663669327E+01   -0.26355424038973662704E+01   -0.51781127575028778054E+01
    0.78787255731731740127E+01   -0.22558070924464601603E+01   -0.52466458506415314389E+01
    0.78875133699799810927E+01   -0.18776095468015030487E+01   -0.52862134948986270189E+01
    0.78963011667867872845E+01   -0.15032066696552328633E+01   -0.52974444621930976140E+01
    0.79050889635935943645E+01   -0.11347656303209017192E+01   -0.52811446699871629207E+01
    0.79138767604004014444E+01   -0.77434971054951318159E+00   -0.52382867083685749066E+01
    0.79226645572072076362E+01   -0.42390564536661984318E+00   -0.51699978780944269019E+01
    0.79314523540140147162E+01   -0.85251752468701022525E-01   -0.50775476130913590467E+01
    0.79402401508208217962E+01    0.23993215770121842367E+00   -0.49623338175132287731E+01
    0.79490279476276279880E+01    0.55011368143619776561E+00   -0.48258685076239791201E+01
    0.79578157444344350679E+01    0.84391539974562213011E+00   -0.46697630096247255693E+01
    0.79666035412412421479E+01    0.11201205459400227493E+01   -0.44957125516929163922E+01
    0.79753913380480492279E+01    0.13776777388997680784E+01   -0.43054806816908852696E+01
    0.79841791348548554197E+01    0.16157037397382321142E+01   -0.41008835471150550944E+01
    0.79929669316616624997E+01    0.18334849101157806306E+01   -0.38837741097849227678E+01
    0.80017547284684695796E+01    0.20304773629792083334E+01   -0.36560265654891699327E+01
    0.80105425252752748833E+01    0.22063052530176689991E+01   -0.34195210875221522251E+01
    0.80193303220820819632E+01    0.23607582105612232581E+01   -0.31761288323728740224E+01
    0.80281181188888890432E+01    0.24937870640975137171E+01   -0.29276976920686439421E+01
    0.80369059156956961232E+01    0.26054984582187326048E+01   -0.26760385547638740888E+01
    0.80456937125025032032E+01    0.26961484707535956495E+01   -0.24229123078047329898E+01
    0.80544815093093102831E+01    0.27661348306769339978E+01   -0.21700179155346588367E+01
    0.80632693061161173631E+01    0.28159885417548102815E+01   -0.19189810869027446039E+01
    0.80720571029229226667E+01    0.28463644155668910152E+01   -0.16713443048704412774E+01
    0.80808448997297297467E+01    0.28580309176709586261E+01   -0.14285577501660449151E+01
    0.80896326965365368267E+01    0.28518595112723863494E+01   -0.11919712742422527985E+01
    0.80984204933433439066E+01    0.28288133193149849198E+01   -0.96282785783279600800E+00
    0.81072082901501509866E+01    0.27899355561844418894E+01   -0.74225781045891026100E+00
    0.81159960869569580666E+01    0.27363376572457522862E+01   -0.53127455764163589169E+00
    0.81247838837637633702E+01    0.26691872358091770501E+01   -0.33077145050088174738E+00
    0.81335716805705704502E+01    0.25896960855323118977E+01   -0.14151965093302892873E+00
    0.81423594773773775302E+01    0.24991082706285330239E+01    0.35832484827624890011E-01
    0.81511472741841846101E+01    0.23986883501529963070E+01    0.20075932252825179347E+00
    0.81599350709909916901E+01    0.22897100437385637939E+01    0.35285644947542149641E+00
    0.81687228677977987701E+01    0.21734451976338227119E+01    0.49183827818230552165E+00
    0.81775106646046058501E+01    0.20511532532162939368E+01    0.61753480014576234147E+00
    0.81862984614114111537E+01    0.19240714295496776920E+01    0.72988717517899159848E+00
    0.81950862582182182337E+01    0.17934053153973112948E+01    0.82894281721002649466E+00
    0.82038740550250253136E+01    0.16603204249559739836E+01    0.91484953463842655363E+00
    0.82126618518318323936E+01    0.15259343756285452809E+01    0.98784908658553283178E+00
    0.82214496486386394736E+01    0.13913098341400862434E+01    0.10482702760932711694E+01
    0.82302374454454465535E+01    0.12574485274436582039E+01    0.10965214245189953690E+01
    0.82390252422522518572E+01    0.11252857946453242999E+01    0.11330826223514924855E+01
    0.82478130390590589371E+01    0.99568630811255254276E+00    0.11584976435037339648E+01
    0.82566008358658660171E+01    0.86944053263879572668E+00    0.11733656649486625678E+01
    0.82653886326726730971E+01    0.74726199111491919957E+00    0.11783329498189296647E+01
    0.82741764294794801771E+01    0.62978562945258120820E+00    0.11740844980372715511E+01
    0.82829642262862872570E+01    0.51756670148311068047E+00    0.11613357527633707544E+01
    0.82917520230930943370E+01    0.41108071392298128899E+00    0.11408245415770650322E+01
    0.83005398198998996406E+01    0.31072402796185649709E+00    0.11133031789212781693E+01
    0.83093276167067067206E+01    0.21681510723325139733E+00    0.10795308842983997177E+01
    0.83181154135135138006E+01    0.12959663267593890534E+00    0.10402666407706548934E+01
    0.83269032103203208806E+01    0.49237996975562595137E-01    0.99626231780791296710E+00
    0.83356910071271279605E+01   -0.24161479025221834632E-01    0.94825642563694367837E+00
    0.83444788039339350405E+01   -0.90568892906386463948E-01    0.89696827029943126952E+00
    0.83532666007407403441E+01   -0.15001374160573230365E+00    0.84309262724606881534E+00
    0.83620543975475474241E+01   -0.20258342276724511377E+00    0.78729511775710869781E+00
    0.83708421943543545041E+01   -0.24841855684139460547E+00    0.73020794849067693910E+00
    0.83796299911611615840E+01   -0.28770802253884297794E+00    0.67242643913202759798E+00
    0.83884177879679686640E+01   -0.32068382804329909064E+00    0.61450603769125589082E+00
    0.83972055847747757440E+01   -0.34761592176778188801E+00    0.55695988625602188549E+00
    0.84059933815815828240E+01   -0.36880693381574886081E+00    0.50025712027398805404E+00
    0.84147811783883881276E+01   -0.38458693426774898105E+00    0.44482151825239485410E+00
    0.84235689751951952076E+01   -0.39530830490791013521E+00    0.39103086796089997490E+00
    0.84323567720020022875E+01   -0.40134069072457656535E+00    0.33921676721570348523E+00
    0.84411445688088093675E+01   -0.40306613670832525109E+00    0.28966486544132485914E+00
    0.84499323656156164475E+01   -0.40087447797492736790E+00    0.24261568334652089396E+00
    0.84587201624224235275E+01   -0.39515888885009903264E+00    0.19826568780830722272E+00
    0.84675079592292288311E+01   -0.38631181520066837365E+00    0.15676885503499865537E+00
    0.84762957560360359111E+01   -0.37472114581057408556E+00    0.11823852304233657684E+00
    0.84850835528428429910E+01   -0.36076670560673468335E+00    0.82749495426354097161E-01
    0.84938713496496500710E+01   -0.34481717524949800913E+00    0.50340467948230001316E-01
    0.85026591464564571510E+01   -0.32722723413474646970E+00    0.21016577767002244531E-01
    0.85114469432632642309E+01   -0.30833518834241108175E+00   -0.52478455392022029663E-02
    0.85202347400700713109E+01   -0.28846089264927754492E+00   -0.28506415347691046319E-01
    0.85290225368768766145E+01   -0.26790401347545461652E+00   -0.48837771695683589168E-01
    0.85378103336836836945E+01   -0.24694273575485159444E+00   -0.66342604371964944421E-01
    0.85465981304904907745E+01   -0.22583268341309337135E+00   -0.81140678615213734926E-01
    0.85553859272972978545E+01   -0.20480627616910462852E+00   -0.93367913112505904194E-01
    0.85641737241041049344E+01   -0.18407234538630526388E+00   -0.10317349596446769022E+00
    0.85729615209109120144E+01   -0.16381601887070662560E+00   -0.11071710332526815690E+00
    0.85817493177177173180E+01   -0.14419895038876034965E+00   -0.11616625542658942649E+00
    0.85905371145245243980E+01   -0.12535970199603396757E+00   -0.11969376194466403718E+00
    0.85993249113313314780E+01   -0.10741441882889346537E+00   -0.12147538308600837331E+00
    0.86081127081381385580E+01   -0.90457673386091050349E-01   -0.12168762284950832009E+00
    0.86169005049449456379E+01   -0.74563460716440321807E-01   -0.12050570573135756247E+00
    0.86256883017517527179E+01   -0.59786383186244192178E-01   -0.11810179077357746413E+00
    0.86344760985585597979E+01   -0.46162907556226040473E-01   -0.11464331125413385060E+00
    0.86432638953653651015E+01   -0.33712742187321259602E-01   -0.11029158598813884606E+00
    0.86520516921721721815E+01   -0.22440280378357407853E-01   -0.10520059197198862455E+00
    0.86608394889789792614E+01   -0.12336076085856649553E-01   -0.99515927965687200896E-01
    0.86696272857857863414E+01   -0.33783572651026783258E-02   -0.93374020865952908621E-01
    0.86784150825925934214E+01    0.44654607867574925770E-02   -0.86901449380012457668E-01
    0.86872028793994005014E+01    0.11237287259017901195E-01   -0.80214506157319634405E-01
    0.86959906762062058050E+01    0.16986886217069809696E-01   -0.73418898439927521293E-01
    0.87047784730130128850E+01    0.21770461231728745199E-01   -0.66609594952734219042E-01
    0.87135662698198199649E+01    0.25649310863280774808E-01   -0.59870855854721995171E-01
    0.87223540666266270449E+01    0.28688531139181995544E-01   -0.53276343821816202206E-01
    0.87311418634334341249E+01    0.30955830619881719024E-01   -0.46889389679151162460E-01
    0.87399296602402412049E+01    0.32520413145627466434E-01   -0.40763345552738146360E-01
    0.87487174570470482848E+01    0.33451956298752950902E-01   -0.34942016948428342160E-01
    0.87575052538538535885E+01    0.33819710729589717857E-01   -0.29460191684222203357E-01
    0.87662930506606606684E+01    0.33691663790064267647E-01   -0.24344205455631144630E-01
    0.87750808474674677484E+01    0.33133841025387050783E-01   -0.19612567939739183193E-01
    0.87838686442742748284E+01    0.32209687837638452390E-01   -0.15276621336458139772E-01
    0.87926564410810819084E+01    0.30979547327033372245E-01   -0.11341214472358879944E-01
    0.88014442378878889883E+01    0.29500257499831948615E-01   -0.78053945220432907615E-02
    0.88102320346946942919E+01    0.27824806152319265379E-01   -0.46630979607911642384E-02
    0.88190198315015013719E+01    0.26002102003899692229E-01   -0.19038278750628950548E-02
    0.88278076283083084519E+01    0.24076811856858126165E-01    0.48667849107003456231E-03
    0.88365954251151155319E+01    0.22089268121296433411E-01    0.25258096446100228652E-02
    0.88453832219219226118E+01    0.20075462310875771821E-01    0.42334746687378290927E-02
    0.88541710187287296918E+01    0.18067076421878269787E-01    0.56315211615526683878E-02
    0.88629588155355367718E+01    0.16091585766426941273E-01    0.67432075882040542342E-02
    0.88717466123423420754E+01    0.14172401292066871825E-01    0.75927076641648895070E-02
    0.88805344091491491554E+01    0.12329047465530554306E-01    0.82046602961344441279E-02
    0.88893222059559562354E+01    0.10577382732372060323E-01    0.86037756281810099518E-02
    0.88981100027627633153E+01    0.89298356827210885467E-02    0.88144709032016016481E-02
    0.89068977995695703953E+01    0.73956665907529842499E-02    0.88605694306102544822E-02
    0.89156855963763774753E+01    0.59812420931414289269E-02    0.87650354516344373274E-02
    0.89244733931831827789E+01    0.46903152260662555814E-02    0.85497523188950673434E-02
    0.89332611899899898589E+01    0.35243112275483976827E-02    0.82353531179408055035E-02
    0.89420489867967969388E+01    0.24826118970052283609E-02    0.78410765028539275434E-02
    0.89508367836036040188E+01    0.15628318920342279368E-02    0.73846727196284905892E-02
    0.89596245804104110988E+01    0.76108962753986919396E-03    0.68823374735108794678E-02
    0.89684123772172181788E+01    0.72264892213260532449E-04    0.63486754845183488577E-02
    0.89772001740240252587E+01   -0.50975994119931763039E-03    0.57966994225559283910E-02
    0.89859879708308305624E+01   -0.99186930316535657469E-03    0.52378442235681676314E-02
    0.89947757676376376423E+01   -0.13815081090277649394E-02    0.46820099544315199255E-02
    0.90035635644444447223E+01   -0.16864894128715995393E-02    0.41376200403386888260E-02
    0.90123513612512518023E+01   -0.19148217738783612774E-02    0.36116930364560690878E-02
    0.90211391580580588823E+01   -0.20745602827676552435E-02    0.31099301923900920380E-02
    0.90299269548648659622E+01   -0.21736700529367694937E-02    0.26368085372218789952E-02
    0.90387147516716712659E+01   -0.22199156450224172450E-02    0.21956824296888014826E-02
    0.90475025484784783458E+01   -0.22207649037338690612E-02    0.17888892794625176844E-02
    0.90562903452852854258E+01   -0.21833101294104094101E-02    0.14178561245408035588E-02
    0.90650781420920925058E+01   -0.21142097122891592188E-02    0.10832069450195588867E-02
    0.90738659388988995858E+01   -0.20196394920672894151E-02    0.78486862320428178036E-03
    0.90826537357057066657E+01   -0.19052631494633691205E-02    0.52217225823193117330E-03
    0.90914415325125137457E+01   -0.17762128962778593252E-02    0.29395158543863916800E-03
    0.91002293293193190493E+01   -0.16370810240539811122E-02    0.98635348412040097432E-04
    0.91090171261261261293E+01   -0.14919240643998872738E-02   -0.65667574339092811705E-04
    0.91178049229329332093E+01   -0.13442722947545563544E-02   -0.20108753098758614286E-03
    0.91265927197397402892E+01   -0.11971489246491620172E-02   -0.30992341086440627950E-03
    0.91353805165465473692E+01   -0.10530943354367613453E-02   -0.39457753821950548997E-03
    0.91441683133533544492E+01   -0.91419453240967885315E-03   -0.45749827448932902860E-03
    0.91529561101601597528E+01   -0.78211436728216798993E-03   -0.50113163236421300571E-03
    0.91617439069669668328E+01   -0.65813224080446780344E-03   -0.52787755797748035606E-03
    0.91705317037737739128E+01   -0.54317679655412119764E-03   -0.54005571848621865966E-03
    0.91793195005805809927E+01   -0.43786449940003152213E-03   -0.53987644239047939861E-03
    0.91881072973873880727E+01   -0.34253679948895062986E-03   -0.52941777381696408181E-03
    0.91968950941941951527E+01   -0.25729672592972113124E-03   -0.51060955919246628788E-03
    0.92056828910010004563E+01   -0.18204459669976050533E-03   -0.48522080840523480879E-03
    0.92144706878078075363E+01   -0.11651134185518505237E-03   -0.45485332221702505159E-03
    0.92232584846146146162E+01   -0.60290426568516763224E-04   -0.42093861913649824194E-03
    0.92320462814214216962E+01   -0.12867250730648420901E-04   -0.38473824468760223997E-03
    0.92408340782282287762E+01    0.26354383968149144618E-04   -0.34734790506534896689E-03
    0.92496218750350358562E+01    0.58027533551544497258E-04   -0.30970314894909062309E-03
    0.92584096718418411598E+01    0.82841061927543363204E-04   -0.27258774535564615164E-03
    0.92671974686486482398E+01    0.10150060348524962066E-03   -0.23664341623175276334E-03
    0.92759852654554553197E+01    0.11471221999953621620E-03   -0.20238055529059407523E-03
    0.92847730622622623997E+01    0.12316912395524918112E-03   -0.17019002374111163794E-03
    0.92935608590690694797E+01    0.12753995016828796236E-03   -0.14035517846664732422E-03
    0.93023486558758765597E+01    0.12846009966269180910E-03   -0.11306405148409925140E-03
    0.93111364526826818633E+01    0.12652470473019426875E-03   -0.88421545251941578215E-04
    0.93199242494894889433E+01    0.12228346779679608600E-03   -0.66461181643571345229E-04
    0.93287120462962960232E+01    0.11623759883987751218E-03   -0.47156321820920051675E-04
    0.93374998431031031032E+01    0.10883769777095973405E-03   -0.30430942612153721535E-04
    0.93462876399099101832E+01    0.10048339194062503579E-03   -0.16169364658175716193E-04
    0.93550754367167172632E+01    0.91523869331199404591E-04   -0.42253951796830920557E-05
    0.93638632335235243431E+01    0.82259278836644948870E-04    0.55694669949643056282E-05
    0.93726510303303296467E+01    0.72943083053513349274E-04    0.13398884028255544576E-04
    0.93814388271371367267E+01    0.63784763409492438837E-04    0.19455121941817618195E-04
    0.93902266239439438067E+01    0.54953095427966846132E-04    0.23933708300412458571E-04
    0.93990144207507508867E+01    0.46579693846104637880E-04    0.27028733113225561729E-04
    0.94078022175575579666E+01    0.38762682336424056221E-04    0.28928976891882499540E-04
    0.94165900143643650466E+01    0.31570488969691340312E-04    0.29814954744807850199E-04
    0.94253778111711703502E+01    0.25045614040638344855E-04    0.29856406843745863833E-04
    0.94341656079779774302E+01    0.19208258453126782542E-04    0.29210647857445221445E-04
    0.94429534047847845102E+01    0.14059861266447866708E-04    0.28021356321075189605E-04
    0.94517412015915915902E+01    0.95864001471307124603E-05    0.26417850575229879563E-04
    0.94605289983983986701E+01    0.57614249162917323106E-05    0.24514894718719383614E-04
    0.94693167952052057501E+01    0.25489130107321526597E-05    0.22412730249222448300E-04
    0.94781045920120128301E+01   -0.94261945098321665076E-07    0.20197509191003780465E-04
    0.94868923888188181337E+01   -0.22160687513305949339E-05    0.17941924167393833269E-04
    0.94956801856256252137E+01   -0.38673595930349052567E-05    0.15706006866011247092E-04
    0.95044679824324322936E+01   -0.51002421560967327779E-05    0.13538105306076353673E-04
    0.95132557792392393736E+01   -0.59666267402682686611E-05    0.11475913368925117419E-04
    0.95220435760460464536E+01   -0.65171199389937101959E-05    0.95475675778168433039E-05
    0.95308313728528535336E+01   -0.68000961555559060750E-05    0.77727701412821487262E-05
    0.95396191696596588372E+01   -0.68609865614616870550E-05    0.61638885541110368700E-05
    0.95484069664664659172E+01   -0.67418022359402245041E-05    0.47270268489569115415E-05
    0.95571947632732729971E+01   -0.64807658481313176911E-05    0.34630598253643772576E-05
    0.95659825600800800771E+01   -0.61121444391405602991E-05    0.23685757828034625220E-05
    0.95747703568868871571E+01   -0.56661816659999418135E-05    0.14367683238778131968E-05
    0.95835581536936942371E+01   -0.51691319117133368587E-05    0.65823711734842887643E-06
    0.95923459505005013170E+01   -0.46434020894767115615E-05    0.21689849543023444746E-07
    0.96011337473073066207E+01   -0.41077346232452452524E-05   -0.48541390529277998984E-06
    0.96099215441141137006E+01   -0.35774581978762936258E-05   -0.87633752674372462317E-06
    0.96187093409209207806E+01   -0.30647696848361257093E-05   -0.11646033782744545675E-05
    0.96274971377277278606E+01   -0.25790339109881208714E-05   -0.13636113079664700942E-05
    0.96362849345345349406E+01   -0.21271012145957516157E-05   -0.14863448973821219566E-05
    0.96450727313413420205E+01   -0.17136243395716206921E-05   -0.15451214101180331817E-05
    0.96538605281481491005E+01   -0.13413659171168508540E-05   -0.15514248326587421387E-05
    0.96626483249549544041E+01   -0.10114992336156121593E-05   -0.15157801027684920132E-05
    0.96714361217617614841E+01   -0.72388790307409115857E-06   -0.14476743541078644152E-05
    0.96802239185685685641E+01   -0.47734269300705667082E-06   -0.13555273471031116239E-05
    0.96890117153753756440E+01   -0.26986222027508439396E-06   -0.12466829642223962251E-05
    0.96977995121821827240E+01   -0.98839133985030187076E-07   -0.11274376899015098950E-05
    0.97065873089889898040E+01    0.38751707630712198331E-07   -0.10030865449666016809E-05
    0.97153751057957951076E+01    0.14619225987405737751E-06   -0.87798414941608925869E-06
    0.97241629026026021876E+01    0.22688891012412011065E-06   -0.75562120350099326260E-06
    0.97329506994094092676E+01    0.28425543887698096238E-06   -0.63870524923591996159E-06
    0.97417384962162163475E+01    0.32162578235252944898E-06   -0.52924670060854451913E-06
    0.97505262930230234275E+01    0.34218158634434689163E-06   -0.42864670973681018103E-06
    0.97593140898298305075E+01    0.34889817329915917007E-06   -0.33778242165702042050E-06
    0.97681018866366375875E+01    0.34450953578834734138E-06   -0.25708927571411552973E-06
    0.97768896834434428911E+01    0.33148212155342217668E-06   -0.18663979074019142894E-06
    0.97856774802502499710E+01    0.31200454603934998874E-06   -0.12621411285096527497E-06
    0.97944652770570570510E+01    0.28798487573135171621E-06   -0.75366125870361364377E-07
    0.98032530738638641310E+01    0.26105561729089220270E-06   -0.33481689485822501756E-07
    0.98120408706706712110E+01    0.23258651335598658370E-06    0.17130964680397045781E-09
    0.98208286674774782909E+01    0.20370017648794336871E-06    0.26397718683509235194E-07
    0.98296164642842835946E+01    0.17529218872467398160E-06    0.46039433634749730580E-07
    0.98384042610910906745E+01    0.14805312108999528975E-06    0.59944470567119271300E-07
    0.98471920578978977545E+01    0.12249132446891298492E-06    0.68942462838964010052E-07
    0.98559798547047048345E+01    0.98956421768521405164E-07    0.73826712489592856178E-07
    0.98647676515115119145E+01    0.77662411439862773045E-07    0.75339472059931791783E-07
    0.98735554483183189944E+01    0.58709479615717411522E-07    0.74163195828679126055E-07
    0.98823432451251260744E+01    0.42105037041552088675E-07    0.70914631890569390119E-07
    0.98911310419319313780E+01    0.27782896769344390260E-07    0.66142099566798806147E-07
    0.98999188387387384580E+01    0.15620373448860357873E-07    0.60325666239681829101E-07
    0.99087066355455455380E+01    0.54498090312833200999E-08    0.53870808438499994902E-07
    0.99174944323523526180E+01   -0.29435958202427229576E-08    0.47084070454447902427E-07
    0.99262822291591596979E+01   -0.98232200670950500704E-08    0.40151868581108963933E-07
    0.99350700259659667779E+01   -0.15457644911872387155E-07    0.33194021939329253163E-07
    0.99438578227727720815E+01   -0.20033432725458275432E-07    0.26391251606919993166E-07
    0.99526456195795791615E+01   -0.23609240737504496833E-07    0.20068577811936067669E-07
    0.99614334163863862415E+01   -0.26192538619818873770E-07    0.14637895091919970501E-07
    0.99702212131931933214E+01   -0.27846725230417230632E-07    0.10507148224075631359E-07
    0.99790090100000004014E+01   -0.28668774240524111884E-07    0.81491054125129691400E-08
