    0.11999999999999999556E+01    0.00000000000000000000E+00    0.00000000000000000000E+00
    0.12087877968068068135E+01    0.24168574703879753506E-11    0.51991523599622534665E-17
    0.12175755936136136715E+01   -0.36402830060434025876E-11    0.12258169391548092479E-17
    0.12263633904204203073E+01   -0.34379196591714193215E-11   -0.33282324147148612146E-18
    0.12351511872272271653E+01    0.78256996219085290371E-11    0.57629944939859876019E-17
    0.12439389840340340232E+01    0.77090827404898048122E-11    0.10280923508430689588E-16
    0.12527267808408408811E+01   -0.14476914769078588695E-10    0.53789962227637810084E-17
    0.12615145776476475170E+01   -0.33262056206742324501E-10   -0.38437822604718736305E-17
    0.12703023744544543749E+01   -0.19364764457363355541E-10   -0.71715980535394201878E-17
    0.12790901712612612329E+01    0.13948884152752953817E-10   -0.28348117390131410626E-17
    0.12878779680680680908E+01    0.20612539680088902722E-10    0.14060526496896655665E-17
    0.12966657648748749487E+01   -0.13874146124251939124E-10   -0.44424634053579304868E-18
    0.13054535616816815846E+01   -0.39392603987615571294E-10   -0.49231181730288303910E-17
    0.13142413584884884425E+01   -0.53988139615193308951E-11   -0.47208152499902619349E-17
    0.13230291552952953005E+01    0.53721289903159695378E-10    0.17685516129731428647E-17
    0.13318169521021021584E+01    0.45469118979431638148E-10    0.90214174197282617533E-17
    0.13406047489089087943E+01   -0.46445728442078769575E-10    0.10995621503604263650E-16
    0.13493925457157156522E+01   -0.99547409487054793383E-10    0.65543543354214463934E-17
    0.13581803425225225102E+01   -0.42859796370660057090E-11   -0.78016644790476075064E-18
    0.13669681393293293681E+01    0.14209212643653055469E-09   -0.53947648427410077624E-17
    0.13757559361361360040E+01    0.11104982034859031790E-09   -0.32582685567820829621E-17
    0.13845437329429428619E+01   -0.12690852656299077649E-09    0.35923501741300338948E-17
    0.13933315297497497198E+01   -0.25567701626333224917E-09    0.68260749675938991763E-17
    0.14021193265565565778E+01   -0.25563744185852119980E-11    0.23122541649344900743E-17
    0.14109071233633634357E+01    0.37324122280115083121E-09    0.16633984237789109025E-17
    0.14196949201701700716E+01    0.28493199812571480132E-09    0.23537924646947758082E-16
    0.14284827169769769295E+01   -0.32922647128138734926E-09    0.66075388210506049001E-16
    0.14372705137837837874E+01   -0.63331893286131951407E-09    0.93499217729418509128E-16
    0.14460583105905906454E+01    0.10151974421827036769E-09    0.63307172374306136240E-16
    0.14548461073973975033E+01    0.12609211732547278899E-08   -0.35459811095811168146E-16
    0.14636339042042041392E+01    0.15430933805884952226E-08   -0.17123679146678113004E-15
    0.14724217010110109971E+01    0.13854999216723934296E-08   -0.28553178204209691320E-15
    0.14812094978178178550E+01    0.45468075218113713273E-08   -0.31473340109513306288E-15
    0.14899972946246244909E+01    0.17098357058583501816E-07   -0.21840016653673814828E-15
    0.14987850914314313489E+01    0.47268054275752344413E-07   -0.65894367755041033434E-17
    0.15075728882382382068E+01    0.11725908626119397702E-06    0.25498719196105756649E-15
    0.15163606850450450647E+01    0.28736396078896091634E-06    0.46149522979033060838E-15
    0.15251484818518519226E+01    0.70448829672913791544E-06    0.50496937251826835591E-15
    0.15339362786586585585E+01    0.17053695704279853720E-05    0.34989269012483429049E-15
    0.15427240754654654165E+01    0.39888082049194808842E-05    0.10484774260184860379E-15
    0.15515118722722722744E+01    0.91082634792447017585E-05   -0.26340728150289652570E-16
    0.15602996690790791323E+01    0.20295439677993399756E-04    0.96420862039014390077E-16
    0.15690874658858859902E+01    0.44072033345410255507E-04    0.44189446420095051500E-15
    0.15778752626926926261E+01    0.93628592335908680713E-04    0.85498884805551400119E-15
    0.15866630594994994841E+01    0.19369455119954491593E-03    0.11545952127147464180E-14
    0.15954508563063063420E+01    0.39090820750845625122E-03    0.11931519550455530833E-14
    0.16042386531131129779E+01    0.76961727351972325593E-03    0.87994555682050148694E-15
    0.16130264499199198358E+01    0.14765601411767324391E-02    0.22047211546977204309E-15
    0.16218142467267266937E+01    0.27647454519586236142E-02   -0.59599332393892887392E-15
    0.16306020435335335517E+01    0.50485759812556605178E-02   -0.11361694779232345017E-14
    0.16393898403403404096E+01    0.89867911031287651263E-02   -0.94834087796425764245E-15
    0.16481776371471470455E+01    0.15590593563958417972E-01   -0.36124957997783116426E-16
    0.16569654339539539034E+01    0.26332635520183778066E-01    0.95504123907852330098E-15
    0.16657532307607607613E+01    0.43250469602031341165E-01    0.12899394956846619494E-14
    0.16745410275675676193E+01    0.69022891373683406546E-01    0.85289955401198997204E-15
    0.16833288243743744772E+01    0.10688720310862079299E+00    0.18932464996976509513E-15
    0.16921166211811811131E+01    0.16040289676356875304E+00   -0.58672778106488397784E-16
    0.17009044179879879710E+01    0.23299574176294388095E+00    0.39569193339782303133E-15
    0.17096922147947948289E+01    0.32704122658415679670E+00    0.14638690359636855345E-14
    0.17184800116016014648E+01    0.44276527671297960520E+00    0.28267597694456933240E-14
    0.17272678084084085448E+01    0.57701714931616776560E+00    0.41575959685219289609E-14
    0.17360556052152151807E+01    0.72195566153023682521E+00    0.54008510027646845338E-14
    0.17448434020220220386E+01    0.86423514141787616261E+00    0.68463646780247090855E-14
    0.17536311988288288966E+01    0.98535517531461758178E+00    0.87222021313329927252E-14
    0.17624189956356355324E+01    0.10627410152933747245E+01    0.10712575218222377183E-13
    0.17712067924424426124E+01    0.10728333401065182073E+01    0.12051772553364459547E-13
    0.17799945892492492483E+01    0.99596127613784291022E+00    0.12124352017757328711E-13
    0.17887823860560561062E+01    0.82149328692180823008E+00    0.10866806013059331465E-13
    0.17975701828628629642E+01    0.55311896836992702209E+00    0.85826269493274473172E-14
    0.18063579796696696000E+01    0.21340920432465870782E+00    0.55965438852819382081E-14
    0.18151457764764764580E+01   -0.15631966810386324629E+00    0.21657996253886862419E-14
    0.18239335732832833159E+01   -0.50042790124421476783E+00   -0.13808231473844944415E-14
    0.18327213700900899518E+01   -0.75672586073895486969E+00   -0.45820778595414809984E-14
    0.18415091668968970318E+01   -0.87057243226635272482E+00   -0.70187369619889588376E-14
    0.18502969637037036676E+01   -0.81035366378708273416E+00   -0.85136007365010626740E-14
    0.18590847605105105256E+01   -0.57821024962104561329E+00   -0.89978298764053980431E-14
    0.18678725573173173835E+01   -0.21618153092415012817E+00   -0.81036306686119023827E-14
    0.18766603541241240194E+01    0.19573486866085545999E+00   -0.51525958882937696904E-14
    0.18854481509309310994E+01    0.55819895502901828443E+00   -0.89673069853993617849E-16
    0.18942359477377377353E+01    0.77685522010265417592E+00    0.55266516277267202861E-14
    0.19030237445445445932E+01    0.78701314197161753583E+00    0.91185519098256683309E-14
    0.19118115413513514511E+01    0.57787477152784938461E+00    0.90219761291571492868E-14
    0.19205993381581580870E+01    0.20426622996122711928E+00    0.56762301146202687067E-14
    0.19293871349649649449E+01   -0.22890799973654282762E+00    0.83936918676022923657E-15
    0.19381749317717718029E+01   -0.59296327653298752658E+00   -0.37307536962529543368E-14
    0.19469627285785784387E+01   -0.77119662786077503025E+00   -0.68336718330064863043E-14
    0.19557505253853855187E+01   -0.70172631471759927546E+00   -0.77184367678290798711E-14
    0.19645383221921921546E+01   -0.40462609838062935097E+00   -0.60371140130024220255E-14
    0.19733261189989990125E+01    0.26844754736762177494E-01   -0.20989391828692605569E-14
    0.19821139158058058705E+01    0.45020748619956291181E+00    0.28723284730286943356E-14
    0.19909017126126125063E+01    0.71685080538047729615E+00    0.70488845549662638087E-14
    0.19996895094194195863E+01    0.73009628898316636381E+00    0.87872363264293160216E-14
    0.20084773062262262222E+01    0.48496569047190601909E+00    0.73061801323553042780E-14
    0.20172651030330328581E+01    0.64861040876998815596E-01    0.30082011766575356379E-14
    0.20260528998398399381E+01   -0.38051238045241470020E+00   -0.24412733240432139979E-14
    0.20348406966466465740E+01   -0.68375065708370452722E+00   -0.67583492285198736943E-14
    0.20436284934534532098E+01   -0.72919614768058982346E+00   -0.82684388852751516403E-14
    0.20524162902602602898E+01   -0.50122515685670476770E+00   -0.67175496303189701234E-14
    0.20612040870670673698E+01   -0.82379396057457435210E-01   -0.30549807359389571346E-14
    0.20699918838738740057E+01    0.37011679983295664442E+00    0.11331769883353949773E-14
    0.20787796806806806416E+01    0.67804449366663421817E+00    0.42699296569137564483E-14
    0.20875674774874877215E+01    0.71934011794297891829E+00    0.54710649207673282587E-14
    0.20963552742942943574E+01    0.48069923378622636534E+00    0.48361285808370620962E-14
    0.21051430711011009933E+01    0.52780083094262429666E-01    0.29030183867137311741E-14
    0.21139308679079080733E+01   -0.39838539999770694600E+00   -0.17787047685690683494E-16
    0.21227186647147147092E+01   -0.68985576215084543072E+00   -0.36590674213627400424E-14
    0.21315064615215213450E+01   -0.70295712669807697281E+00   -0.69447272562373709717E-14
    0.21402942583283284250E+01   -0.43630522529932846965E+00   -0.78731391895154975313E-14
    0.21490820551351350609E+01    0.53342019688474235153E-02   -0.50897397168003523610E-14
    0.21578698519419421409E+01    0.44734541545967704268E+00    0.39040247087764960844E-15
    0.21666576487487487768E+01    0.70767457906301189929E+00    0.56520532370868702089E-14
    0.21754454455555558567E+01    0.67842696845008954032E+00    0.81143586653877675586E-14
    0.21842332423623624926E+01    0.37600015626333588292E+00    0.70766552167946011427E-14
    0.21930210391691691285E+01   -0.78321915433956529329E-01    0.34370849452583737664E-14
    0.22018088359759762085E+01   -0.50338091939150464427E+00   -0.11364698527327886451E-14
    0.22105966327827828444E+01   -0.72311709757465802983E+00   -0.48638157648988327217E-14
    0.22193844295895894803E+01   -0.64537520378838708623E+00   -0.63541482562872352574E-14
    0.22281722263963965602E+01   -0.30670024502725151683E+00   -0.50289963091782681933E-14
    0.22369600232032031961E+01    0.15572319462540504253E+00   -0.14169145216847157622E-14
    0.22457478200100098320E+01    0.55728491696521575971E+00    0.27550269030264473971E-14
    0.22545356168168169120E+01    0.73188543826988272656E+00    0.53663476576050361873E-14
    0.22633234136236239920E+01    0.60563523462165080868E+00    0.53824525008248890405E-14
    0.22721112104304301837E+01    0.23490255360673095719E+00    0.35362242497205579802E-14
    0.22808990072372372637E+01   -0.22977636912754162424E+00    0.12440364013031594169E-14
    0.22896868040440443437E+01   -0.60376147591994744346E+00   -0.78163994058413772231E-15
    0.22984746008508509796E+01   -0.73359662221168420171E+00   -0.25878685380998181300E-14
    0.23072623976576576155E+01   -0.56396120585942433046E+00   -0.39974812980937935389E-14
    0.23160501944644646954E+01   -0.16839029991937473629E+00   -0.41597527099912413788E-14
    0.23248379912712713313E+01    0.29328317056916397565E+00   -0.23965631594878019420E-14
    0.23336257880780779672E+01    0.63969611787539293335E+00    0.77323536344906353200E-15
    0.23424135848848850472E+01    0.73102635017316031085E+00    0.37944670949704035528E-14
    0.23512013816916916831E+01    0.52827779903881055823E+00    0.51625801880233909987E-14
    0.23599891784984983190E+01    0.11703537890445542269E+00    0.42573547801409209025E-14
    0.23687769753053053989E+01   -0.33882276501114111378E+00    0.14774901017530592171E-14
    0.23775647721121124789E+01   -0.66349571822876285410E+00   -0.19160446234326799375E-14
    0.23863525689189186707E+01   -0.72904111732730303430E+00   -0.43743369470596390651E-14
    0.23951403657257257507E+01   -0.50767391744530510067E+00   -0.49334287766114026239E-14
    0.24039281625325328307E+01   -0.90251766484796616674E-01   -0.36850517987077818079E-14
    0.24127159593393394665E+01    0.36048480945537103581E+00   -0.13925613690226565997E-14
    0.24215037561461461024E+01    0.67473195865787793934E+00    0.10865089896238146801E-14
    0.24302915529529531824E+01    0.73198239573918277845E+00    0.30390746703732134919E-14
    0.24390793497597598183E+01    0.50864014402893387157E+00    0.38743244623375733398E-14
    0.24478671465665664542E+01    0.93888614339014186960E-01    0.32033361648135787608E-14
    0.24566549433733735341E+01   -0.35479835356988759232E+00    0.11687107910616755008E-14
    0.24654427401801801700E+01   -0.67270127569606696927E+00   -0.12902547722884519011E-14
    0.24742305369869868059E+01   -0.74130038696732936110E+00   -0.28979527143815945706E-14
    0.24830183337937938859E+01   -0.53383141623906793516E+00   -0.30265216714962492585E-14
    0.24918061306006009659E+01   -0.13117417133640618676E+00   -0.21144388090246266567E-14
    0.25005939274074071577E+01    0.31821376871567030875E+00   -0.88862231392653603535E-15
    0.25093817242142142376E+01    0.65397600216312856691E+00    0.54391271934871288713E-15
    0.25181695210210213176E+01    0.75477586429199372553E+00    0.24525463986599054213E-14
    0.25269573178278279535E+01    0.58368176882934119654E+00    0.44057689040102706534E-14
    0.25357451146346345894E+01    0.20620934925822617667E+00    0.49731123764746086491E-14
    0.25445329114414416694E+01   -0.24308437678530092629E+00    0.30795267526750466196E-14
    0.25533207082482483052E+01   -0.60902062545049873155E+00   -0.52706253610267733304E-15
    0.25621085050550549411E+01   -0.76401501998775467328E+00   -0.36999311093746099575E-14
    0.25708963018618620211E+01   -0.65440641069155403020E+00   -0.47071667845918450573E-14
    0.25796840986686686570E+01   -0.32237263737734261904E+00   -0.33684446964364343637E-14
    0.25884718954754752929E+01    0.11825637795156271337E+00   -0.64395413067772153397E-15
    0.25972596922822823728E+01    0.52072365721804791949E+00    0.21778219364689055508E-14
    0.26060474890890894528E+01    0.75004088434973603672E+00    0.40530310887715046562E-14
    0.26148352858958960887E+01    0.73063883927024442233E+00    0.45511984534712504383E-14
    0.26236230827027027246E+01    0.47332885540129376878E+00    0.39239172330979717269E-14
    0.26324108795095098046E+01    0.62701390958557826072E-01    0.26467436922699407638E-14
    0.26411986763163164404E+01   -0.36943254146330345433E+00    0.92398259134965956407E-15
    0.26499864731231230763E+01   -0.68364400972415595437E+00   -0.12362996318970316623E-14
    0.26587742699299301563E+01   -0.78092961798207072288E+00   -0.35415448857072759878E-14
    0.26675620667367367922E+01   -0.63468799455268698484E+00   -0.52170870316695675837E-14
    0.26763498635435434281E+01   -0.29113700653259688700E+00   -0.54095354796131970080E-14
    0.26851376603503505081E+01    0.14317936800020014676E+00   -0.37132120544689962953E-14
    0.26939254571571571439E+01    0.53341724711065485742E+00   -0.46066753846575763732E-15
    0.27027132539639637798E+01    0.76193748652327020210E+00    0.31877048680260996412E-14
    0.27115010507707708598E+01    0.76335996927641380783E+00    0.55636598039955656967E-14
    0.27202888475775779398E+01    0.53786263509796594651E+00    0.55302270269006779909E-14
    0.27290766443843845757E+01    0.15353264821814330277E+00    0.34409402383926716627E-14
    0.27378644411911912115E+01   -0.27493868577319702240E+00    0.71706285947405838624E-15
    0.27466522379979982915E+01   -0.62434473860345696128E+00   -0.15360734826741344329E-14
    0.27554400348048049274E+01   -0.79705510251442901470E+00   -0.32313102542558347660E-14
    0.27642278316116115633E+01   -0.74483642122861259960E+00   -0.45903985889643747870E-14
    0.27730156284184186433E+01   -0.48489298819138254570E+00   -0.52664430532435600582E-14
    0.27818034252252252791E+01   -0.92056838225288220579E-01   -0.45558668579223795845E-14
    0.27905912220320319150E+01    0.32625740785678314371E+00   -0.23608352899903439282E-14
    0.27993790188388389950E+01    0.65762683556920442651E+00    0.43024335910346840892E-15
    0.28081668156456460750E+01    0.81383516228123720104E+00    0.27424227137766360899E-14
    0.28169546124524522668E+01    0.75651337451812383783E+00    0.42147722577186490112E-14
    0.28257424092592593468E+01    0.50346472112084839079E+00    0.50237526087759481586E-14
    0.28345302060660664267E+01    0.12074968360125772071E+00    0.49801456766792106065E-14
    0.28433180028728730626E+01   -0.29287236551146333952E+00    0.33055810094500410639E-14
    0.28521057996796796985E+01   -0.63287400549985084464E+00   -0.25371195662702751806E-15
    0.28608935964864867785E+01   -0.81676832247750341676E+00   -0.43460009779701747452E-14
    0.28696813932932934144E+01   -0.80134804445451734978E+00   -0.68221353406672691468E-14
    0.28784691901001000502E+01   -0.59179374757240699179E+00   -0.67948398861402256738E-14
    0.28872569869069071302E+01   -0.24111162707780223191E+00   -0.54138279404477829217E-14
    0.28960447837137137661E+01    0.16634780170428073443E+00   -0.41570512327182471930E-14
    0.29048325805205204020E+01    0.53565251254063828146E+00   -0.29476983086644711715E-14
    0.29136203773273274820E+01    0.78195653454136115901E+00   -0.60657927895215943116E-15
    0.29224081741341345619E+01    0.85052352642871043020E+00    0.31330770031429344259E-14
    0.29311959709409407537E+01    0.72903781720385918419E+00    0.67637915902266861969E-14
    0.29399837677477478337E+01    0.44638062463881145181E+00    0.84194806589724100381E-14
    0.29487715645545549137E+01    0.66054454319309924282E-01    0.75506399018143421967E-14
    0.29575593613613615496E+01   -0.32844081044853712381E+00    0.49726508720168505956E-14
    0.29663471581681681855E+01   -0.65356511439810538455E+00    0.18032173689749807866E-14
    0.29751349549749752654E+01   -0.84299297677969298181E+00   -0.12662408061969661582E-14
    0.29839227517817819013E+01   -0.85928987799180045482E+00   -0.39435547525664681254E-14
    0.29927105485885885372E+01   -0.70191418987664688789E+00   -0.61070288585167138790E-14
    0.30014983453953956172E+01   -0.40510788402446124001E+00   -0.75694373718178572542E-14
    0.30102861422022022531E+01   -0.28707483335257369395E-01   -0.78628382588409906721E-14
    0.30190739390090088889E+01    0.35352355114717992635E+00   -0.63591308846923547894E-14
    0.30278617358158159689E+01    0.66877075309688471805E+00   -0.29658469874594876673E-14
    0.30366495326226230489E+01    0.85966151701633097826E+00    0.12797444127484840449E-14
    0.30454373294294292407E+01    0.89318046502890680038E+00    0.47669647882317300046E-14
    0.30542251262362363207E+01    0.76547037156876696073E+00    0.65987536380775707490E-14
    0.30630129230430434006E+01    0.50209151694931641874E+00    0.71278333813449564520E-14
    0.30718007198498500365E+01    0.15108920745067452862E+00    0.70990997533231993991E-14
    0.30805885166566566724E+01   -0.22612848753103995114E+00    0.66642413381979049968E-14
    0.30893763134634637524E+01   -0.56536790878542564354E+00    0.54518552168794534920E-14
    0.30981641102702703883E+01   -0.81100612145968908884E+00    0.33244126849831907803E-14
    0.31069519070770770242E+01   -0.92485419258132239850E+00    0.74249342497473775108E-15
    0.31157397038838841041E+01   -0.89065271939242385280E+00   -0.16367727772477359524E-14
    0.31245275006906907400E+01   -0.71633939730976570193E+00   -0.34519012025480512174E-14
    0.31333152974974973759E+01   -0.43138371089205845843E+00   -0.46553052646491032037E-14
    0.31421030943043044559E+01   -0.80770954667630831536E-01   -0.52236487506058560395E-14
    0.31508908911111115358E+01    0.28208317676783367656E+00   -0.50134093157641597712E-14
    0.31596786879179177276E+01    0.60373738287849787465E+00   -0.39042749569124951807E-14
    0.31684664847247248076E+01    0.83888383488076556649E+00   -0.19867215365436084934E-14
    0.31772542815315318876E+01    0.95593905662812939106E+00    0.37878327197484259112E-15
    0.31860420783383385235E+01    0.94076643685206962076E+00    0.25991403790888780764E-14
    0.31948298751451451594E+01    0.79807620912255239354E+00    0.40365837289116803254E-14
    0.32036176719519522393E+01    0.54920188108880763078E+00    0.44322971606720538544E-14
    0.32124054687587593193E+01    0.22859406567544526823E+00    0.42249648702502194188E-14
    0.32211932655655655111E+01   -0.12130275171398374745E+00    0.41504285279384044634E-14
    0.32299810623723725911E+01   -0.45618034258768624944E+00    0.44116507086704188040E-14
    0.32387688591791796711E+01   -0.73544400842721791012E+00    0.44116056994210651354E-14
    0.32475566559859858629E+01   -0.92673128777783364551E+00    0.34724850027103934050E-14
    0.32563444527927929428E+01   -0.10096355284959521725E+01    0.16060628398075473157E-14
    0.32651322495996000228E+01   -0.97713075738184917984E+00   -0.55896530862144391929E-15
    0.32739200464064062146E+01   -0.83542180860893910932E+00   -0.23813839103399277967E-14
    0.32827078432132132946E+01   -0.60261803934135504957E+00   -0.35765981446546328665E-14
    0.32914956400200203745E+01   -0.30568757745378150048E+00   -0.41302756798783005771E-14
    0.33002834368268265663E+01    0.23052593905779780736E-01   -0.41293004397078542242E-14
    0.33090712336336336463E+01    0.34961665104887340583E+00   -0.37202091112506852449E-14
    0.33178590304404407263E+01    0.64208564004674362202E+00   -0.31425929292619294280E-14
    0.33266468272472478063E+01    0.87369393758503754999E+00   -0.26545926546901199804E-14
    0.33354346240540539981E+01    0.10248498338078038117E+01   -0.22753307430313618171E-14
    0.33442224208608610780E+01    0.10845908830837587278E+01   -0.16012799242959961453E-14
    0.33530102176676681580E+01    0.10507469678171041938E+01   -0.12582593292996090377E-15
    0.33617980144744743498E+01    0.92924656997634058619E+00    0.21538414461866132953E-14
    0.33705858112812814298E+01    0.73293597741544558311E+00    0.45665480542371671426E-14
    0.33793736080880885098E+01    0.47972408039036706917E+00    0.63336316209201613172E-14
    0.33881614048948947016E+01    0.19058337192566829343E+00    0.71771525974874959695E-14
    0.33969492017017017815E+01   -0.11236786162926326593E+00    0.73551966686424381185E-14
    0.34057369985085088615E+01   -0.40770548364913000716E+00    0.73356614791421755893E-14
    0.34145247953153150533E+01   -0.67621613189067886207E+00    0.74895614535278363549E-14
    0.34233125921221221333E+01   -0.90190640853569692403E+00    0.78618305450938524543E-14
    0.34321003889289292133E+01   -0.10727729123541094314E+01    0.80571631743798097606E-14
    0.34408881857357362932E+01   -0.11810834529099629719E+01    0.75267021072378755493E-14
    0.34496759825425424850E+01   -0.12233382226977482787E+01    0.60789767856417728722E-14
    0.34584637793493495650E+01   -0.12000279105560458515E+01    0.40595872488686857655E-14
    0.34672515761561566450E+01   -0.11151097221489223443E+01    0.19822163766159949301E-14
    0.34760393729629628368E+01   -0.97539560645887612989E+00    0.12197556726717896618E-15
    0.34848271697697699167E+01   -0.78985440298038678275E+00   -0.15112578242837882783E-14
    0.34936149665765769967E+01   -0.56886457106681431739E+00   -0.29716133425447149754E-14
    0.35024027633833831885E+01   -0.32350737611299512642E+00   -0.42834930384849389473E-14
    0.35111905601901902685E+01   -0.64929799299541360313E-01   -0.55418537419850438577E-14
    0.35199783569969973485E+01    0.19624178386700316667E+00   -0.69880849349318949225E-14
    0.35287661538038035403E+01    0.45034782671278317245E+00   -0.88011875087381288207E-14
    0.35375539506106106202E+01    0.68904749961639133460E+00   -0.10744143519470966649E-13
    0.35463417474174177002E+01    0.90556374656326221739E+00   -0.12185794761334572283E-13
    0.35551295442242247802E+01    0.10947732566772745422E+01   -0.12717734346291302273E-13
    0.35639173410310309720E+01    0.12532328198751088166E+01   -0.12689987461011698142E-13
    0.35727051378378380520E+01    0.13790944507471638580E+01   -0.12862406963255531577E-13
    0.35814929346446451319E+01    0.14719505858892611982E+01   -0.13560499379178424514E-13
    0.35902807314514513237E+01    0.15326463337460405345E+01   -0.14357899903483762086E-13
    0.35990685282582584037E+01    0.15630491127885768332E+01   -0.14621331401421595418E-13
    0.36078563250650654837E+01    0.15658107539253458551E+01   -0.14114168746427102006E-13
    0.36166441218718716755E+01    0.15441386210805978507E+01   -0.13042714453259708224E-13
    0.36254319186786787554E+01    0.15015743107710577409E+01   -0.11771411713241137384E-13
    0.36342197154854858354E+01    0.14417974055090745367E+01   -0.10611907797500646183E-13
    0.36430075122922929154E+01    0.13684666911422642688E+01   -0.97612590929243923202E-14
    0.36517953090990991072E+01    0.12850806176366642575E+01   -0.92758835984993851129E-14
    0.36605831059059061872E+01    0.11948800980954614737E+01   -0.90526633354548075511E-14
    0.36693709027127132671E+01    0.11007784035285690383E+01   -0.88217903809111422826E-14
    0.36781586995195194589E+01    0.10053140902269792623E+01   -0.82326812048890538891E-14
    0.36869464963263265389E+01    0.91063579184211895790E+00   -0.70777452514616665170E-14
    0.36957342931331336189E+01    0.81849914744764684649E+00   -0.54836982953097342596E-14
    0.37045220899399398107E+01    0.73028312197856004584E+00   -0.38545564184312719101E-14
    0.37133098867467468907E+01    0.64701817312831422235E+00   -0.26675887668060594239E-14
    0.37220976835535539706E+01    0.56941973538816781364E+00   -0.22682307870292729282E-14
    0.37308854803603601624E+01    0.49792838109309844885E+00   -0.26806327772686813587E-14
    0.37396732771671672424E+01    0.43275116268333801983E+00   -0.35066877855993297723E-14
    0.37484610739739743224E+01    0.37390176546056752560E+00   -0.41540722374956644831E-14
    0.37572488707807814023E+01    0.32123969132109647662E+00   -0.42386645286585650111E-14
    0.37660366675875875941E+01    0.27450639453373626431E+00   -0.37748254049771402759E-14
    0.37748244643943946741E+01    0.23335697943366867646E+00   -0.30338963170881437356E-14
    0.37836122612012017541E+01    0.19738939512490105699E+00   -0.23411207899129495172E-14
    0.37924000580080079459E+01    0.16616779026606282033E+00   -0.19171435321751951832E-14
    0.38011878548148150259E+01    0.13924217926930665401E+00   -0.17581720860520556193E-14
    0.38099756516216221058E+01    0.11616453352537954580E+00   -0.16574198988146915629E-14
    0.38187634484284282976E+01    0.96499988650687096303E-01   -0.14283508646489837870E-14
    0.38275512452352353776E+01    0.79836077824450221718E-01   -0.10993951485623550001E-14
    0.38363390420420424576E+01    0.65788522401370133630E-01   -0.83321829848497317512E-15
    0.38451268388488486494E+01    0.54004913321486464062E-01   -0.69996686041159407993E-15
    0.38539146356556557294E+01    0.44166803527689708908E-01   -0.59344245761308921250E-15
    0.38627024324624628093E+01    0.35989696254513876827E-01   -0.36867787297895393629E-15
    0.38714902292692698893E+01    0.29222300480896357122E-01    0.87551188226180639078E-17
    0.38802780260760760811E+01    0.23644741903078726752E-01    0.44912867761479464902E-15
    0.38890658228828831611E+01    0.19066169724354355142E-01    0.80282357201249189379E-15
    0.38978536196896902410E+01    0.15322216731302339479E-01    0.92804344640965968830E-15
    0.39066414164964964328E+01    0.12272307660656027808E-01    0.75558824688210313760E-15
    0.39154292133033035128E+01    0.97969741817502432879E-02    0.33579941438893612572E-15
    0.39242170101101105928E+01    0.77953151853338495392E-02   -0.17845859183217806815E-15
    0.39330048069169167846E+01    0.61825569400031470113E-02   -0.58577590476992050557E-15
    0.39417926037237238646E+01    0.48878100590826738941E-02   -0.70015022380649339295E-15
    0.39505804005305309445E+01    0.38520993000873619654E-02   -0.42535052206901467362E-15
    0.39593681973373371363E+01    0.30265328878120141901E-02    0.18348836253248060691E-15
    0.39681559941441442163E+01    0.23707728965072084708E-02    0.91340949892716778325E-15
    0.39769437909509512963E+01    0.18516881757026813424E-02    0.14266348948457200839E-14
    0.39857315877577583763E+01    0.14421693417599188488E-02    0.13884305220294962058E-14
    0.39945193845645645681E+01    0.11201567541506381783E-02    0.72299144724997928823E-15
    0.40033071813713716480E+01    0.86775883181808614007E-03   -0.21678344858777219904E-15
    0.40120949781781787280E+01    0.67053702499574627076E-03   -0.89119225774788295323E-15
    0.40208827749849849198E+01    0.51689071077446933043E-03   -0.10167960545490817778E-14
    0.40296705717917919998E+01    0.39752871502908451815E-03   -0.71845027222637947268E-15
    0.40384583685985990797E+01    0.30505350336188608940E-03   -0.25758746976091506677E-15
    0.40472461654054052715E+01    0.23359088624385788697E-03    0.23678618326013916501E-15
    0.40560339622122123515E+01    0.17849967750994578269E-03    0.71017007914163487390E-15
    0.40648217590190194315E+01    0.13612859998821057162E-03    0.96760430469244107852E-15
    0.40736095558258256233E+01    0.10361133137180101932E-03    0.70247764751916681295E-15
    0.40823973526326327033E+01    0.78710463748584655894E-04   -0.12642871969340191136E-15
    0.40911851494394397832E+01    0.59680922809389366475E-04   -0.10231629351730051922E-14
    0.40999729462462468632E+01    0.45167058418019048575E-04   -0.13143339129773676261E-14
    0.41087607430530530550E+01    0.34119339677847505007E-04   -0.80577944115926103013E-15
    0.41175485398598601350E+01    0.25725626309518718164E-04    0.52938409024668388142E-16
    0.41263363366666672150E+01    0.19360843570004764204E-04    0.70242992925384158510E-15
    0.41351241334734734068E+01    0.14543647926429627363E-04    0.97881831582591893350E-15
    0.41439119302802804867E+01    0.10904604083732096769E-04    0.10162310270561854354E-14
    0.41526997270870875667E+01    0.81609845619879424760E-05    0.85348645759762798329E-15
    0.41614875238938937585E+01    0.60962796361220691031E-05    0.34845938406774277812E-15
    0.41702753207007008385E+01    0.45455820098586970196E-05   -0.46746238000436848749E-15
    0.41790631175075079184E+01    0.33831408358292396005E-05   -0.11225536590927016879E-14
    0.41878509143143141102E+01    0.25133795117383656581E-05   -0.10547320236582295559E-14
    0.41966387111211211902E+01    0.18638842307302277689E-05   -0.24032029715200148007E-15
    0.42054265079279282702E+01    0.13797462881861722151E-05    0.69901907100491002473E-15
    0.42142143047347353502E+01    0.10195739437837663358E-05    0.11121629640466590024E-14
    0.42230021015415415420E+01    0.75211663880883352943E-06    0.88836222786788774479E-15
    0.42317898983483486219E+01    0.55386158436426798781E-06    0.36873429392511750106E-15
    0.42405776951551557019E+01    0.40717826139113023712E-06   -0.74069738884287075792E-16
    0.42493654919619618937E+01    0.29883271315789036030E-06   -0.28629076143713577768E-15
    0.42581532887687689737E+01    0.21895355372722205214E-06   -0.32879129217810572974E-15
    0.42669410855755760537E+01    0.16016235029449218076E-06   -0.39317840801184697681E-15
    0.42757288823823822455E+01    0.11696323445115846909E-06   -0.61670442346595143688E-15
    0.42845166791891893254E+01    0.85277164040316335609E-07   -0.87043204107501591229E-15
    0.42933044759959964054E+01    0.62072006735899640611E-07   -0.80893220872795203674E-15
    0.43020922728028034854E+01    0.45108549102094246606E-07   -0.26472944823922342558E-15
    0.43108800696096096772E+01    0.32728377839981912189E-07    0.44995995836346084481E-15
    0.43196678664164167571E+01    0.23707384229334238412E-07    0.78505440892733465129E-15
    0.43284556632232238371E+01    0.17145499069830265621E-07    0.44854410835878754493E-15
    0.43372434600300300289E+01    0.12379691426275362290E-07   -0.37603779099192538348E-15
    0.43460312568368371089E+01    0.89248084483706740562E-08   -0.11976253330052247339E-14
    0.43548190536436441889E+01    0.64244668443179434201E-08   -0.14747472336718221657E-14
    0.43636068504504503807E+01    0.46177257122386738077E-08   -0.92254325144953507368E-15
    0.43723946472572574606E+01    0.33143743360641235814E-08    0.19440523221294725570E-15
    0.43811824440640645406E+01    0.23755238052798620592E-08    0.11571054975256184589E-14
    0.43899702408708707324E+01    0.17004707304379933409E-08    0.13854492986743630191E-14
    0.43987580376776778124E+01    0.12158417132043479512E-08    0.92153553188411558130E-15
    0.44075458344844848924E+01    0.86835479018965487654E-09    0.22955399303434669187E-15
    0.44163336312912919723E+01    0.61953228464829601193E-09   -0.32121684105314976786E-15
    0.44251214280980981641E+01    0.44155556287221995902E-09   -0.67006075700590924618E-15
    0.44339092249049052441E+01    0.31445302231970451523E-09   -0.86618101345396241339E-15
    0.44426970217117123241E+01    0.22378589960921901360E-09   -0.87172863277016831048E-15
    0.44514848185185185159E+01    0.15914715885594278291E-09   -0.62716120562273468604E-15
    0.44602726153253255958E+01    0.11309253358234174513E-09   -0.22962477712490147092E-15
    0.44690604121321326758E+01    0.80298593115684096088E-10    0.76230984954399319342E-16
    0.44778482089389388676E+01    0.56980850372798242821E-10    0.15199113679931286177E-15
    0.44866360057457459476E+01    0.40416287298500043765E-10    0.14411973424401342969E-15
    0.44954238025525530276E+01    0.28648534438515706952E-10    0.26789982967198966909E-15
    0.45042115993593592194E+01    0.20288139548244799245E-10    0.43482766538768483774E-15
    0.45129993961661662993E+01    0.14352073915257176039E-10    0.26613843435400408000E-15
    0.45217871929729733793E+01    0.10146500419444598739E-10   -0.40020735600270175170E-15
    0.45305749897797804593E+01    0.71706151123844027215E-11   -0.11446248778587048743E-14
    0.45393627865865866511E+01    0.50628388684436134083E-11   -0.13559729638008074560E-14
    0.45481505833933937311E+01    0.35683338638354885628E-11   -0.93181908804051604380E-15
    0.45569383802002008110E+01    0.25104411558713334522E-11   -0.38292907410881822570E-15
    0.45657261770070070028E+01    0.17656591041617010171E-11   -0.17649301642049055019E-15
    0.45745139738138140828E+01    0.12429488528130021689E-11   -0.20110533952360473381E-15
    0.45833017706206211628E+01    0.87483594068028732590E-12   -0.67970040928729496806E-16
    0.45920895674274273546E+01    0.61417258354313395729E-12    0.23924316917904925828E-15
    0.46008773642342344345E+01    0.42983426669433893422E-12    0.28511581302917203773E-15
    0.46096651610410415145E+01    0.30074332191230959985E-12   -0.17255679629626146346E-15
    0.46184529578478477063E+01    0.21078241134253237952E-12   -0.70000296445396773163E-15
    0.46272407546546547863E+01    0.14749306339640777547E-12   -0.63520345907095113173E-15
    0.46360285514614618663E+01    0.10250247416505411323E-12    0.88307643496012837648E-16
    0.46448163482682689462E+01    0.70945600790872614262E-13    0.81359308693435222743E-15
    0.46536041450750751380E+01    0.49553255120951241802E-13    0.90628264077232729217E-15
    0.46623919418818822180E+01    0.35093596440197386794E-13    0.38742492520782791307E-15
    0.46711797386886892980E+01    0.24674526663838666228E-13   -0.28060452713303762229E-15
    0.46799675354954954898E+01    0.16819324863232035352E-13   -0.77319664967045240337E-15
    0.46887553323023025698E+01    0.11435917021853131693E-13   -0.10957455071363800157E-14
    0.46975431291091096497E+01    0.84042614281239108349E-14   -0.12847702099078718252E-14
    0.47063309259159158415E+01    0.65263566374623050947E-14   -0.11683862356123039020E-14
    0.47151187227227229215E+01    0.43661191697163273816E-14   -0.58203635734161551733E-15
    0.47239065195295300015E+01    0.18212409245136067256E-14    0.24637769686027886210E-15
    0.47326943163363361933E+01    0.18451788447530472408E-15    0.73817209719091871534E-15
    0.47414821131431432732E+01    0.35548294228508758907E-15    0.52531228327899781059E-15
    0.47502699099499503532E+01    0.14808109960409815549E-14   -0.12880234677548050207E-15
    0.47590577067567574332E+01    0.19146035822244873077E-14   -0.62259258381467284220E-15
    0.47678455035635636250E+01    0.11062692359089263906E-14   -0.60457939119051216273E-15
    0.47766333003703707050E+01    0.41909218587093394576E-17   -0.18926902401330266019E-15
    0.47854210971771777849E+01   -0.35878475320387713342E-15    0.28931471784108230423E-15
    0.47942088939839839767E+01   -0.54538335824530599515E-16    0.55021308362503354412E-15
    0.48029966907907910567E+01    0.20031119715350623457E-15    0.47328507950606583121E-15
    0.48117844875975981367E+01    0.17195773252932662074E-15    0.12258844507076565009E-15
    0.48205722844044043285E+01    0.32689301848647112583E-15   -0.29198660362944125511E-15
    0.48293600812112114085E+01    0.94232383974085406029E-15   -0.52130619759742696333E-15
    0.48381478780180184884E+01    0.14529446522400855659E-14   -0.39671919414902508685E-15
    0.48469356748248246802E+01    0.10855341707614508966E-14    0.45921317989663108434E-16
    0.48557234716316317602E+01   -0.33918255031525603904E-16    0.47161280440411180093E-15
    0.48645112684384388402E+01   -0.84567528671886571935E-15    0.42203955691975501926E-15
    0.48732990652452459202E+01   -0.59429773844960623049E-15   -0.20025025417384096559E-15
    0.48820868620520521119E+01    0.24675924715528437782E-15   -0.85934883183371049202E-15
    0.48908746588588591919E+01    0.63460085195634037673E-15   -0.90348822094255027693E-15
    0.48996624556656662719E+01    0.22589744926277492028E-15   -0.35521390553188452949E-15
    0.49084502524724724637E+01   -0.35663518196277659504E-15    0.64171172338773213509E-16
    0.49172380492792795437E+01   -0.44926561152837540831E-15   -0.19353235600413257207E-15
    0.49260258460860866236E+01   -0.11233698669600767495E-15   -0.84661502597108377839E-15
    0.49348136428928928154E+01    0.17117160563998799779E-15   -0.12097457130429626744E-14
    0.49436014396996998954E+01    0.21527210037275239417E-15   -0.10348743119966341712E-14
    0.49523892365065069754E+01    0.28665924534592669463E-15   -0.69591698394749529820E-15
    0.49611770333133140554E+01    0.59335144732383582613E-15   -0.60007687300391986122E-15
    0.49699648301201202472E+01    0.89233626499305477259E-15   -0.69958951204648020075E-15
    0.49787526269269273271E+01    0.77144396903152231353E-15   -0.67497934568074869598E-15
    0.49875404237337344071E+01    0.18239647012225954675E-15   -0.38308229326311572565E-15
    0.49963282205405405989E+01   -0.46390943053756816217E-15    0.96266363184751916446E-17
    0.50051160173473476789E+01   -0.71242437404198557276E-15    0.26548350951536984640E-15
    0.50139038141541547589E+01   -0.43687193606928289585E-15    0.29553214378599439246E-15
    0.50226916109609609506E+01    0.15328860423443484928E-15    0.14805986835120328394E-15
    0.50314794077677680306E+01    0.67448852050123493307E-15   -0.97988542088214971705E-16
    0.50402672045745751106E+01    0.77395123303217440066E-15   -0.37230333113827993775E-15
    0.50490550013813813024E+01    0.37055661697116339478E-15   -0.57258103590219994206E-15
    0.50578427981881883824E+01   -0.22702796877521414818E-15   -0.55465616571973778126E-15
    0.50666305949949954623E+01   -0.57233801925745352182E-15   -0.24850344518101021483E-15
    0.50754183918018025423E+01   -0.46325725868258775179E-15    0.19517410272141627105E-15
    0.50842061886086087341E+01   -0.53251601022102192854E-16    0.46217986400391142185E-15
    0.50929939854154158141E+01    0.34724907932112951744E-15    0.35840417206372827048E-15
    0.51017817822222228941E+01    0.48712184148312040689E-15    0.41737956311636153336E-17
    0.51105695790290290859E+01    0.29918043051768482530E-15   -0.32943707078580453242E-15
    0.51193573758358361658E+01   -0.36936761549695406767E-16   -0.51109042374997585177E-15
    0.51281451726426432458E+01   -0.20533207894112785397E-15   -0.59913317051723682383E-15
    0.51369329694494494376E+01   -0.49560604348006042976E-16   -0.62153471410742883661E-15
    0.51457207662562565176E+01    0.24405255506885293860E-15   -0.43440686424864767063E-15
    0.51545085630630635976E+01    0.36347555498874650801E-15    0.76539118515100881536E-16
    0.51632963598698697893E+01    0.22534309452908530584E-15    0.69248544777127256967E-15
    0.51720841566766768693E+01    0.41214051851079524388E-16    0.92904099305375493862E-15
    0.51808719534834839493E+01    0.62099050161865234453E-16    0.51063583523010649697E-15
    0.51896597502902910293E+01    0.35130894110615138795E-15   -0.30555362022817495423E-15
    0.51984475470970972211E+01    0.77793660945166761111E-15   -0.10052092692040408770E-14
    0.52072353439039043010E+01    0.11098403592611408846E-14   -0.13024218571411556852E-14
    0.52160231407107113810E+01    0.11437554911918320543E-14   -0.12518843506153911290E-14
    0.52248109375175184610E+01    0.86750979028596593160E-15   -0.94855917112146648145E-15
    0.52335987343243246528E+01    0.52023495861436421184E-15   -0.32214719728034264763E-15
    0.52423865311311317328E+01    0.35635249208812877658E-15    0.62844310698223907741E-15
    0.52511743279379388127E+01    0.33014133019588474679E-15    0.14804541221758435185E-14
    0.52599621247447450045E+01    0.14201230015517181862E-15    0.15537773060903127292E-14
    0.52687499215515520845E+01   -0.32762075541646540740E-15    0.63402274663708595492E-15
    0.52775377183583591645E+01   -0.74470692782877127859E-15   -0.59787229121383286909E-15
    0.52863255151651653563E+01   -0.65079089499500257290E-15   -0.11755007674900957830E-14
    0.52951133119719724363E+01    0.11518860821002692174E-16   -0.79225464197757258367E-15
    0.53039011087787795162E+01    0.81677722583914796600E-15    0.40735642214580269108E-16
    0.53126889055855857080E+01    0.12558639825454610008E-14    0.68742902333287558530E-15
    0.53214767023923927880E+01    0.10978022372578662468E-14    0.95434143803066237240E-15
    0.53302644991991998680E+01    0.45137617754048300861E-15    0.96607604827268810641E-15
    0.53390522960060069479E+01   -0.31454189224353016098E-15    0.79262576187844524884E-15
    0.53478400928128131397E+01   -0.77209834889899498405E-15    0.38515957288888738245E-15
    0.53566278896196202197E+01   -0.75188817637532279124E-15   -0.15563518194419935239E-15
    0.53654156864264272997E+01   -0.49988545273755644284E-15   -0.44071839776582234399E-15
    0.53742034832332334915E+01   -0.35565155133851402689E-15   -0.13667471579426248164E-15
    0.53829912800400405715E+01   -0.30156411283244103542E-15    0.56407406356280860363E-15
    0.53917790768468476514E+01   -0.29179565588082133908E-16    0.10240528331599024879E-14
    0.54005668736536538432E+01    0.45807465985064123311E-15    0.81654132269852257603E-15
    0.54093546704604609232E+01    0.54330515822140208738E-15    0.17391332547407680067E-15
    0.54181424672672680032E+01   -0.29099949246258401960E-15   -0.34466978145106602881E-15
    0.54269302640740750832E+01   -0.15012530018125664327E-14   -0.44699002585428250807E-15
    0.54357180608808812750E+01   -0.17573562215421517896E-14   -0.26965722680349038411E-15
    0.54445058576876883549E+01   -0.48790657918043928938E-15   -0.81890966860958691433E-16
    0.54532936544944954349E+01    0.11966259191621695936E-14   -0.19658891626981044544E-16
    0.54620814513013016267E+01    0.17150645251634339146E-14   -0.77777813393222719415E-16
    0.54708692481081087067E+01    0.85504125167558992350E-15   -0.20023832958139789338E-15
    0.54796570449149157866E+01   -0.12832674104511667761E-15   -0.32329606107336020547E-15
    0.54884448417217219784E+01   -0.21070161748784531179E-15   -0.36655281695879916159E-15
    0.54972326385285290584E+01    0.21201672712990902660E-15   -0.24138566699949226442E-15
    0.55060204353353361384E+01    0.14706273182382158241E-15    0.75565157699954481668E-16
    0.55148082321421423302E+01   -0.54387044069052132727E-15    0.46133429655688262965E-15
    0.55235960289489494102E+01   -0.10040397449050281363E-14    0.70042071701920744088E-15
    0.55323838257557564901E+01   -0.58808045350474235571E-15    0.67355050418195881148E-15
    0.55411716225625635701E+01    0.29389186784675859018E-15    0.47483808274441769567E-15
    0.55499594193693697619E+01    0.77159740681666198923E-15    0.29335517507263725625E-15
    0.55587472161761768419E+01    0.55999353272040528059E-15    0.22130047653903124484E-15
    0.55675350129829839219E+01    0.12477499277466114525E-15    0.20794528169968290479E-15
    0.55763228097897901137E+01   -0.51061326662824882681E-16    0.16327764731054873502E-15
    0.55851106065965971936E+01   -0.17861944878504971331E-16    0.52730510567071715390E-16
    0.55938984034034042736E+01   -0.11345648238122053895E-15   -0.85600579424123694644E-16
    0.56026862002102104654E+01   -0.45718329585272537244E-15   -0.16165859719092967543E-15
    0.56114739970170175454E+01   -0.82549622029867919970E-15   -0.10650200453791694848E-15
    0.56202617938238246253E+01   -0.91872616355246187518E-15    0.76421574189981837650E-17
    0.56290495906306308171E+01   -0.61474079712203007737E-15   -0.51276062269259773748E-16
    0.56378373874374378971E+01   -0.49428156428332387985E-16   -0.41971569582778328306E-15
    0.56466251842442449771E+01    0.40004475321277124817E-15   -0.84067963952361483836E-15
    0.56554129810510520571E+01    0.34011493801584656589E-15   -0.81874362921310533559E-15
    0.56642007778578582489E+01   -0.22167309887051765295E-15   -0.21461312413571522104E-15
    0.56729885746646653288E+01   -0.71167824865080939831E-15    0.43533949176605587600E-15
    0.56817763714714724088E+01   -0.52738981228861132065E-15    0.44482208458219265771E-15
    0.56905641682782786006E+01    0.26262649834452517828E-15   -0.26986184735173627859E-15
    0.56993519650850856806E+01    0.97316922607740742597E-15   -0.11309109632313047205E-14
    0.57081397618918927606E+01    0.10928584292882893557E-14   -0.15243300009486118069E-14
    0.57169275586986989524E+01    0.80886842965898031556E-15   -0.12969376250269685527E-14
    0.57257153555055060323E+01    0.61762039104326104748E-15   -0.69919043593425245511E-15
    0.57345031523123131123E+01    0.66916423282172364581E-15   -0.12222620307347819705E-15
    0.57432909491191193041E+01    0.68537448810968841949E-15    0.12150976367025961697E-15
    0.57520787459259263841E+01    0.43999716413957064397E-15   -0.36838359305379719422E-16
    0.57608665427327334640E+01    0.92627403465310144921E-16   -0.37281874227215605711E-15
    0.57696543395395405440E+01   -0.26237335900227337091E-16   -0.58477181175968254138E-15
    0.57784421363463467358E+01    0.20378395682011769706E-15   -0.57401302611475293397E-15
    0.57872299331531538158E+01    0.59745135576701007726E-15   -0.47611342928994327537E-15
    0.57960177299599608958E+01    0.84987916503830616798E-15   -0.45190443970943244944E-15
    0.58048055267667670876E+01    0.73346793706754225234E-15   -0.52418346268319720516E-15
    0.58135933235735741675E+01    0.22892345870940354032E-15   -0.60511753923945477262E-15
    0.58223811203803812475E+01   -0.40100617422715354362E-15   -0.59174457656177665553E-15
    0.58311689171871874393E+01   -0.75630284199232843026E-15   -0.43794286977102143599E-15
    0.58399567139939945193E+01   -0.64470306260316411784E-15   -0.19935366343490694633E-15
    0.58487445108008015993E+01   -0.27198961972523888631E-15   -0.24709361879718463236E-16
    0.58575323076076077911E+01    0.66350768751829685100E-17   -0.26252647564866546149E-16
    0.58663201044144148710E+01    0.53148412858537306765E-16   -0.13604556600775121563E-15
    0.58751079012212219510E+01    0.12922727446313682307E-16   -0.16720600570898135665E-15
    0.58838956980280290310E+01    0.93520012785914930702E-16   -0.64046885487265225258E-16
    0.58926834948348352228E+01    0.36163772374993562008E-15   -0.22897344383564558435E-16
    0.59014712916416423027E+01    0.67439779262329972503E-15   -0.24351677940280423973E-15
    0.59102590884484493827E+01    0.69488932211109932493E-15   -0.60392515294800517098E-15
    0.59190468852552555745E+01    0.13632645700469737131E-15   -0.72594867365929552567E-15
    0.59278346820620626545E+01   -0.79648631754735623085E-15   -0.40251787403663992587E-15
    0.59366224788688697345E+01   -0.12976427194731878633E-14    0.13948049154163826345E-15
    0.59454102756756759263E+01   -0.69922412598570280029E-15    0.47850225293924975636E-15
    0.59541980724824830062E+01    0.65104692983676412795E-15    0.38068339124590663623E-15
    0.59629858692892900862E+01    0.16231342819492274009E-14   -0.78400487074130975549E-16
    0.59717736660960962780E+01    0.15514182070435830276E-14   -0.63987865839795267857E-15
    0.59805614629029033580E+01    0.95238994837922658822E-15   -0.10168829852839590853E-14
    0.59893492597097104380E+01    0.69213485218829441404E-15   -0.10433194367010287215E-14
    0.59981370565165175179E+01    0.79066734281837328880E-15   -0.79063885241346282084E-15
    0.60069248533233237097E+01    0.49141371014510095924E-15   -0.49411810803908454343E-15
    0.60157126501301307897E+01   -0.51758461322456093067E-15   -0.30979273279519569707E-15
    0.60245004469369378697E+01   -0.14259740394141877884E-14   -0.18425659455093139640E-15
    0.60332882437437440615E+01   -0.12300156352906680419E-14   -0.37358847038857758705E-16
    0.60420760405505511415E+01   -0.25089952088152130924E-16   -0.15187877013873276071E-17
    0.60508638373573582214E+01    0.10445604108577034970E-14   -0.30927851740829190163E-15
    0.60596516341641644132E+01    0.10537372456505062823E-14   -0.87066722259480580918E-15
    0.60684394309709714932E+01    0.16356424820427338537E-15   -0.11249572643064456616E-14
    0.60772272277777785732E+01   -0.78887381209426876145E-15   -0.61499673828354677346E-15
    0.60860150245845856531E+01   -0.10894448307526783471E-14    0.32735033587659507972E-15
    0.60948028213913918449E+01   -0.54298903536850222170E-15    0.80712678487510660426E-15
    0.61035906181981989249E+01    0.51476941207702302604E-15    0.39699252659416039661E-15
    0.61123784150050060049E+01    0.13926012056894450729E-14   -0.31573143248764327618E-15
    0.61211662118118121967E+01    0.15377708993412886942E-14   -0.51545611565651490184E-15
    0.61299540086186192767E+01    0.10389259533976357929E-14   -0.22352025721736783619E-15
    0.61387418054254263566E+01    0.48898271197821496973E-15   -0.18727279216513968753E-15
    0.61475296022322325484E+01    0.28839564844568892545E-15   -0.73335500237970064600E-15
    0.61563173990390396284E+01    0.24434334591515046765E-15   -0.11674791740239226226E-14
    0.61651051958458467084E+01   -0.48460560217233833956E-17   -0.69863916145167170064E-15
    0.61738929926526529002E+01   -0.38583704500207052688E-15    0.34499691955773696398E-15
    0.61826807894594599802E+01   -0.44682861074004684224E-15    0.76508555382702318127E-15
    0.61914685862662670601E+01    0.85159985552453235115E-17    0.16356893679855884955E-16
    0.62002563830730741401E+01    0.57535718054008401451E-15   -0.98446348951567015942E-15
    0.62090441798798803319E+01    0.70519805958677203239E-15   -0.99775961093525607226E-15
    0.62178319766866874119E+01    0.33619539609551486503E-15   -0.62575489734748725190E-17
    0.62266197734934944918E+01   -0.10725277923974191894E-15    0.84810427295992152284E-15
    0.62354075703003006836E+01   -0.26475362127065745835E-15    0.72591681098261978947E-15
    0.62441953671071077636E+01   -0.19437229997659296462E-15   -0.42726861361043066745E-18
    0.62529831639139148436E+01   -0.14571450622108058834E-15   -0.43720113990674577088E-15
    0.62617709607207210354E+01   -0.19147221651470516452E-15   -0.25052275162411065189E-15
    0.62705587575275281154E+01   -0.19970660563272818900E-15    0.18246678661426248546E-15
    0.62793465543343351953E+01   -0.10081647534968858970E-15    0.43283911546427699615E-15
    0.62881343511411413871E+01   -0.33263767557063908167E-16    0.47184213733520252063E-15
    0.62969221479479484671E+01   -0.14583407428917011044E-15    0.45547854402603704799E-15
    0.63057099447547555471E+01   -0.34006141696031613430E-15    0.35375679182616254757E-15
    0.63144977415615626271E+01   -0.34678104789675857369E-15   -0.35345733906417529596E-17
    0.63232855383683688189E+01   -0.83356599650763631182E-16   -0.53004112446794046119E-15
    0.63320733351751758988E+01    0.17724008116873895189E-15   -0.74031061577636335773E-15
    0.63408611319819829788E+01    0.11889642981331507691E-15   -0.25054148140538494412E-15
    0.63496489287887891706E+01   -0.21688021826067650371E-15    0.63659893387587392482E-15
    0.63584367255955962506E+01   -0.45830177887338647124E-15    0.11188105805203780370E-14
    0.63672245224024033305E+01   -0.29338246128720045883E-15    0.72553305592914613055E-15
    0.63760123192092095223E+01    0.25167937478380792935E-15   -0.20083959585678764657E-15
    0.63848001160160166023E+01    0.86630069348262513047E-15   -0.94090688806318782484E-15
    0.63935879128228236823E+01    0.11331279156910659325E-14   -0.10581889698425001059E-14
    0.64023757096296298741E+01    0.78671579937284952491E-15   -0.59535279581361219545E-15
    0.64111635064364369541E+01    0.23012366289920912436E-16    0.12889731568373399700E-15
    0.64199513032432440340E+01   -0.48451573522431665219E-15    0.74146006293965359114E-15
    0.64287391000500511140E+01   -0.20780454469601268629E-15    0.97811343875771979698E-15
    0.64375268968568573058E+01    0.56343466238245145722E-15    0.80115093192008245592E-15
    0.64463146936636643858E+01    0.97224473790081956760E-15    0.36413584903350334123E-15
    0.64551024904704714658E+01    0.59543192194236146681E-15   -0.14741602201674399537E-15
    0.64638902872772776576E+01   -0.52519657866661058294E-16   -0.61332944299585119378E-15
    0.64726780840840847375E+01   -0.24788626404149027052E-15   -0.91511200754811028703E-15
    0.64814658808908918175E+01   -0.55136189446748201035E-18   -0.85768366125264130062E-15
    0.64902536776976980093E+01    0.62009386082392062472E-16   -0.30586581481962817920E-15
    0.64990414745045050893E+01   -0.32969984483703981739E-15    0.51416635097038410777E-15
    0.65078292713113121692E+01   -0.61567457290105912127E-15    0.98288976471010616590E-15
    0.65166170681181183610E+01   -0.19346276118711732145E-15    0.65876836743593458621E-15
    0.65254048649249254410E+01    0.61023089475091834699E-15   -0.11516389115696275184E-15
    0.65341926617317325210E+01    0.80982149619783789366E-15   -0.50060640975723192078E-15
    0.65429804585385396010E+01    0.24179561526074912732E-16   -0.16370341200324327303E-15
    0.65517682553453457928E+01   -0.91706098996354967144E-15    0.27036427527727552511E-15
    0.65605560521521528727E+01   -0.96029755852903443027E-15    0.58273887791631348746E-16
    0.65693438489589599527E+01   -0.82641484877606395637E-16   -0.62864809071768407438E-15
    0.65781316457657661445E+01    0.78912669308937432139E-15   -0.90280545426415054866E-15
    0.65869194425725732245E+01    0.93176128062580448476E-15   -0.33757285473182225797E-15
    0.65957072393793803045E+01    0.52014189881959159388E-15    0.43057518887530322420E-15
    0.66044950361861864963E+01    0.13651588511709996626E-15    0.50376973810971695133E-15
    0.66132828329929935762E+01    0.25031315495610098049E-16   -0.22221868897302377652E-15
    0.66220706297998006562E+01    0.30530429910621828813E-17   -0.10479436318314977346E-14
    0.66308584266066068480E+01   -0.99790294995930808003E-16   -0.12971509794153434379E-14
    0.66396462234134139280E+01   -0.17158064836198187818E-15   -0.88425548290331363813E-15
    0.66484340202202210079E+01   -0.89596959032227065103E-17   -0.16807233474564736757E-15
    0.66572218170270280879E+01    0.39670048882294959460E-15    0.40100295272766976255E-15
    0.66660096138338342797E+01    0.83836559127520298012E-15    0.54545604086186082683E-15
    0.66747974106406413597E+01    0.10848054586645018741E-14    0.33880160773287653107E-15
    0.66835852074474484397E+01    0.10313642764630938907E-14    0.18126978326873876434E-15
    0.66923730042542546315E+01    0.72252638148744436076E-15    0.38567139921346091729E-15
    0.67011608010610617114E+01    0.32323591471352723151E-15    0.75511528657117258106E-15
    0.67099485978678687914E+01    0.27247321059791769690E-16    0.76845463359037364783E-15
    0.67187363946746749832E+01   -0.78937838516712470877E-16    0.22925523921529660970E-15
    0.67275241914814820632E+01   -0.70491446146167081695E-16   -0.43238980351772828525E-15
    0.67363119882882891432E+01   -0.66012389605673455548E-16   -0.65028469770961920630E-15
    0.67450997850950962231E+01   -0.85502799679480561089E-16   -0.33795492406980682409E-15
    0.67538875819019024149E+01   -0.63892331753520844576E-16    0.12196715486099847564E-15
    0.67626753787087094949E+01    0.16789393109381003096E-16    0.37385781812788000607E-15
    0.67714631755155165749E+01    0.70238122510271105825E-16    0.40831535393649258017E-15
    0.67802509723223227667E+01    0.21723880158237386490E-16    0.43017167224179630152E-15
    0.67890387691291298466E+01   -0.58977696718180547898E-16    0.61023765239332082186E-15
    0.67978265659359369266E+01   -0.11893920820310938110E-16    0.94526331170890000771E-15
    0.68066143627427431184E+01    0.21862617719430987898E-15    0.12125946703161468500E-14
    0.68154021595495501984E+01    0.49618348348008648087E-15    0.10653492645520102108E-14
    0.68241899563563572784E+01    0.64253112895504211097E-15    0.38359240964131381820E-15
    0.68329777531631634702E+01    0.61984841202830308123E-15   -0.41281382535636830662E-15
    0.68417655499699705501E+01    0.50695428234290653714E-15   -0.65497142775888088803E-15
    0.68505533467767776301E+01    0.32257664574112399363E-15   -0.15542868815678173448E-15
    0.68593411435835847101E+01   -0.33356125828445023458E-16    0.50679696377291387097E-15
    0.68681289403903909019E+01   -0.57899727627896641880E-15    0.65412788469697222513E-15
    0.68769167371971979819E+01   -0.10452995352656549547E-14    0.28847178260905825131E-15
    0.68857045340040050618E+01   -0.10468612488127769464E-14   -0.27797575961006713374E-16
    0.68944923308108112536E+01   -0.52370736353077128024E-15    0.43302334020141116397E-16
    0.69032801276176183336E+01    0.10651173264966527972E-15    0.21862781074725839230E-15
    0.69120679244244254136E+01    0.40623851258938946971E-15    0.73733837455428783300E-16
    0.69208557212312316054E+01    0.42580648626444882800E-15   -0.34911734660474130800E-15
    0.69296435180380386853E+01    0.54742547377605018824E-15   -0.59839199276851955786E-15
    0.69384313148448457653E+01    0.84908406913034626898E-15   -0.36386978407780239638E-15
    0.69472191116516519571E+01    0.87470667569620463156E-15    0.20446480327169173850E-15
    0.69560069084584590371E+01    0.26977108733963428582E-15    0.71350858960170056846E-15
    0.69647947052652661171E+01   -0.53416046628785704158E-15    0.86071942450271511794E-15
    0.69735825020720731970E+01   -0.66683044043159699343E-15    0.56720506875885555660E-15
    0.69823702988788793888E+01    0.97105111629335655259E-16   -0.44510845017373056045E-16
    0.69911580956856864688E+01    0.91609508104617642112E-15   -0.71493938435205701571E-15
    0.69999458924924935488E+01    0.84647396777087886280E-15   -0.11630680798249862133E-14
    0.70087336892992997406E+01   -0.49604176926603176834E-16   -0.12055761909643840878E-14
    0.70175214861061068206E+01   -0.88674461894105673230E-15   -0.82113349306884084962E-15
    0.70263092829129139005E+01   -0.10693592540014431244E-14   -0.16995619768750994357E-15
    0.70350970797197200923E+01   -0.87057634161777120020E-15    0.44835860361252945744E-15
    0.70438848765265271723E+01   -0.84185314689336989636E-15    0.74440388340374056717E-15
    0.70526726733333342523E+01   -0.10474385305314228393E-14    0.59633584210280202815E-15
    0.70614604701401404441E+01   -0.10882302784647079446E-14    0.93526358065666323216E-16
    0.70702482669469475240E+01   -0.69452116515951209280E-15   -0.50703112536656588552E-15
    0.70790360637537546040E+01   -0.56527225833870064495E-16   -0.87615156052736343810E-15
    0.70878238605605616840E+01    0.43293111897338702978E-15   -0.78825428672790579748E-15
    0.70966116573673678758E+01    0.54751606989050560151E-15   -0.27914725246405931149E-15
    0.71053994541741749558E+01    0.32864843217686276488E-15    0.39671013758447272082E-15
    0.71141872509809820357E+01   -0.12993615888826516557E-16    0.95166531252232337941E-15
    0.71229750477877882275E+01   -0.23157562512700118919E-15    0.11940533844570494509E-14
    0.71317628445945953075E+01   -0.21037032236907156809E-15    0.10291150671656215318E-14
    0.71405506414014023875E+01   -0.80219166101985414184E-16    0.44002825743121654671E-15
    0.71493384382082085793E+01   -0.73699633314673295956E-16   -0.45304912631254000042E-15
    0.71581262350150156593E+01   -0.20464866648817966467E-15   -0.12885946614107326275E-14
    0.71669140318218227392E+01   -0.19840603700897607071E-15   -0.15385317928611023098E-14
    0.71757018286286289310E+01    0.92675370630091534590E-16   -0.91622749542232867407E-15
    0.71844896254354360110E+01    0.29098478467275394478E-15    0.24098453103619349623E-15
    0.71932774222422430910E+01   -0.17293879926107800828E-15    0.11573123106869168476E-14
    0.72020652190490501710E+01   -0.12410238991216364022E-14    0.11998515030211444775E-14
    0.72108530158558563627E+01   -0.20055288379027583418E-14    0.28512649125175250503E-15
    0.72196408126626634427E+01   -0.16439400567964873718E-14   -0.10971780451143061120E-14
    0.72284286094694705227E+01   -0.40775044404540108307E-15   -0.20477613716946906724E-14
    0.72372164062762767145E+01    0.64644237808385723002E-15   -0.18138309692878833832E-14
    0.72460042030830837945E+01    0.78608896303178781002E-15   -0.57532491015224083836E-15
    0.72547919998898908744E+01    0.20537533728544546083E-15    0.47244964159898238210E-15
    0.72635797966966970662E+01   -0.45353743473052071503E-15    0.32883092276176815031E-15
    0.72723675935035041462E+01   -0.76764554948304453189E-15   -0.61073880050889787698E-15
    0.72811553903103112262E+01   -0.70260458852629115647E-15   -0.10519175448809744880E-14
    0.72899431871171174180E+01   -0.42958165923264696125E-15   -0.43169738995950645869E-15
    0.72987309839239244980E+01   -0.15004694731036215245E-15    0.40115239921163517220E-15
    0.73075187807307315779E+01    0.87466662982752072081E-17    0.36679120936073346971E-15
    0.73163065775375386579E+01    0.52417236071853768022E-16   -0.49371811918040005199E-15
    0.73250943743443448497E+01    0.52578377698092092974E-16   -0.12053171432351210892E-14
    0.73338821711511519297E+01    0.79057930614543155316E-18   -0.10831512723262833886E-14
    0.73426699679579590097E+01   -0.22210228089717859114E-15   -0.37968155119040255005E-15
    0.73514577647647652014E+01   -0.66234776416878605288E-15    0.24253355919651634365E-15
    0.73602455615715722814E+01   -0.11159344079256146828E-14    0.42581188988871412574E-15
    0.73690333583783793614E+01   -0.12442081241894644506E-14    0.25453360740671380357E-15
    0.73778211551851855532E+01   -0.88156685624248286477E-15   -0.71922687627575195073E-17
    0.73866089519919926332E+01   -0.19126364674080256707E-15   -0.14161781638233015511E-15
    0.73953967487987997131E+01    0.47242270453224896820E-15   -0.78910866343931160588E-16
    0.74041845456056067931E+01    0.77066372141696261186E-15    0.65268147278427755791E-16
    0.74129723424124129849E+01    0.54650784444198737945E-15    0.94823960615549367346E-16
    0.74217601392192200649E+01   -0.48893168660821912997E-16   -0.72210267189393409302E-16
    0.74305479360260271449E+01   -0.60137038773934205240E-15   -0.31530436776376236706E-15
    0.74393357328328333367E+01   -0.76699103910300951161E-15   -0.41947494712628615596E-15
    0.74481235296396404166E+01   -0.58598152767196943831E-15   -0.22653363573944127538E-15
    0.74569113264464474966E+01   -0.36826978834123718248E-15    0.25013408398740955135E-15
    0.74656991232532536884E+01   -0.30418729590708769870E-15    0.74800314404230299352E-15
    0.74744869200600607684E+01   -0.29789380800412752693E-15    0.84757687569637399449E-15
    0.74832747168668678484E+01   -0.22028900364184062039E-15    0.34738404422683303664E-15
    0.74920625136736740401E+01   -0.17889770373878725664E-15   -0.41456596740918967133E-15
    0.75008503104804811201E+01   -0.37779577914387451908E-15   -0.80723124575656047961E-15
    0.75096381072872882001E+01   -0.72545333347959107966E-15   -0.51054192283342976962E-15
    0.75184259040940952801E+01   -0.77688562090394721914E-15    0.21277911139907347656E-15
    0.75272137009009014719E+01   -0.27501467596554775433E-15    0.85787719812780061439E-15
    0.75360014977077085518E+01    0.35196547317468778914E-15    0.11046784538506027589E-14
    0.75447892945145156318E+01    0.36894074530178702200E-15    0.93229498714902661117E-15
    0.75535770913213218236E+01   -0.35109725774116003100E-15    0.52242614267579005534E-15
    0.75623648881281289036E+01   -0.10526991071736530656E-14    0.13792711441131950790E-15
    0.75711526849349359836E+01   -0.96950220786736056556E-15   -0.10406132663990840091E-16
    0.75799404817417421754E+01   -0.22816734279228692150E-15    0.12245798052205253336E-15
    0.75887282785485492553E+01    0.38027385876925625232E-15    0.40092268220600941316E-15
    0.75975160753553563353E+01    0.34094557874619069491E-15    0.56464372557035191752E-15
    0.76063038721621625271E+01   -0.13754276777448945923E-15    0.36304460755973919115E-15
    0.76150916689689696071E+01   -0.59075102478906066244E-15   -0.19091902573078169373E-15
    0.76238794657757766871E+01   -0.85995016564673476538E-15   -0.65451867355384369705E-15
    0.76326672625825837670E+01   -0.10645125369800220903E-14   -0.49972576553437103459E-15
    0.76414550593893899588E+01   -0.12079514750859676616E-14    0.24715467414169466266E-15
    0.76502428561961970388E+01   -0.10537301025234879859E-14    0.87691845156226431924E-15
    0.76590306530030041188E+01   -0.49208096182164610784E-15    0.74636328193608747936E-15
    0.76678184498098103106E+01    0.11593068026160014852E-15    0.18633389931331812202E-16
    0.76766062466166173905E+01    0.21686546312849962375E-15   -0.57065794162455348857E-15
    0.76853940434234244705E+01   -0.28765329895943586288E-15   -0.54590210691730963868E-15
    0.76941818402302306623E+01   -0.84812115046887422483E-15   -0.91030490583365149073E-16
    0.77029696370370377423E+01   -0.86163191487872980438E-15    0.33409560185588175736E-15
    0.77117574338438448223E+01   -0.29486593415749950091E-15    0.47746867504535732091E-15
    0.77205452306506510141E+01    0.39555907980529417014E-15    0.38584775047654348630E-15
    0.77293330274574580940E+01    0.77810054986088818733E-15    0.24287863955005465698E-15
    0.77381208242642651740E+01    0.75168449245058131410E-15    0.21287997152282914670E-15
    0.77469086210710722540E+01    0.45676877546595148991E-15    0.32691227003541064136E-15
    0.77556964178778784458E+01    0.10365612780304524241E-15    0.42499891319546628417E-15
    0.77644842146846855258E+01   -0.14380449853865291557E-15    0.29185493706496835357E-15
    0.77732720114914926057E+01   -0.24217913225923751315E-15   -0.98111962878054942590E-16
    0.77820598082982987975E+01   -0.26097856427440678920E-15   -0.50740999656308350674E-15
    0.77908476051051058775E+01   -0.25096708260904852878E-15   -0.64980013149530004947E-15
    0.77996354019119129575E+01   -0.13495334978534650262E-15   -0.42934528412665660417E-15
    0.78084231987187191493E+01    0.18268521895244282460E-15    0.65397935839763161913E-17
    0.78172109955255262292E+01    0.58566159342557340331E-15    0.33876333702217255002E-15
    0.78259987923323333092E+01    0.73061995201790347090E-15    0.24203287681675246821E-15
    0.78347865891391395010E+01    0.38626420232392809169E-15   -0.31831898447335256354E-15
    0.78435743859459465810E+01   -0.25637176266318489184E-15   -0.88936181122716779064E-15
    0.78523621827527536610E+01   -0.74187487038110222750E-15   -0.87571787565556347574E-15
    0.78611499795595607409E+01   -0.78273792945570318496E-15   -0.18498650104755007833E-15
    0.78699377763663669327E+01   -0.46831456023488755356E-15    0.59733960392079620734E-15
    0.78787255731731740127E+01   -0.90323100340327502600E-16    0.80578660157186554891E-15
    0.78875133699799810927E+01    0.96306744224315734679E-16    0.31843716922206518338E-15
    0.78963011667867872845E+01    0.71091636615229596447E-17   -0.46050050422836524949E-15
    0.79050889635935943645E+01   -0.21541143390853638701E-15   -0.10080635812156311070E-14
    0.79138767604004014444E+01   -0.28721739373206395250E-15   -0.10068844924892451476E-14
    0.79226645572072076362E+01   -0.78091691114152661191E-16   -0.49314969815919622453E-15
    0.79314523540140147162E+01    0.16383684995145344174E-15    0.11709747621798684656E-15
    0.79402401508208217962E+01    0.72979239508754811338E-16    0.32764713138236009497E-15
    0.79490279476276279880E+01   -0.31197779765437696828E-15    0.31434048716879297172E-16
    0.79578157444344350679E+01   -0.46958797951959945941E-15   -0.37816019911162634174E-15
    0.79666035412412421479E+01   -0.26982999669390091385E-16   -0.46544634910177966887E-15
    0.79753913380480492279E+01    0.66997830983501565915E-15   -0.20901968945667197659E-15
    0.79841791348548554197E+01    0.88965643467505379193E-15    0.75504094381215333096E-16
    0.79929669316616624997E+01    0.35195733426786636889E-15    0.12270431241936299775E-15
    0.80017547284684695796E+01   -0.46113151069776303605E-15   -0.66652903700534751201E-16
    0.80105425252752748833E+01   -0.85453971052673231749E-15   -0.30615341497452855056E-15
    0.80193303220820819632E+01   -0.53903702278012305039E-15   -0.37412635215255059562E-15
    0.80281181188888890432E+01    0.25270443336855921175E-15   -0.17208347252948426172E-15
    0.80369059156956961232E+01    0.96348779504137635180E-15    0.13067859272241750053E-15
    0.80456937125025032032E+01    0.10354581057683473792E-14    0.17032335497824833111E-15
    0.80544815093093102831E+01    0.38704159903800333664E-15   -0.21283692025482441757E-15
    0.80632693061161173631E+01   -0.30096760112741735146E-15   -0.66458550547233188533E-15
    0.80720571029229226667E+01   -0.18552564530759942291E-15   -0.64608267933455929164E-15
    0.80808448997297297467E+01    0.68885614360042903354E-15   -0.99554270682250340915E-16
    0.80896326965365368267E+01    0.12518999281896436042E-14    0.40370665806971644714E-15
    0.80984204933433439066E+01    0.67695484613280337313E-15    0.32420040885861376922E-15
    0.81072082901501509866E+01   -0.49172890815448545569E-15   -0.22024095256483631153E-15
    0.81159960869569580666E+01   -0.99177201118389836085E-15   -0.67149611199408819295E-15
    0.81247838837637633702E+01   -0.44588995368828972095E-15   -0.71023066048639130643E-15
    0.81335716805705704502E+01    0.19636989493644765770E-15   -0.52483268664012672344E-15
    0.81423594773773775302E+01    0.33950659545554655432E-16   -0.42442824466200056091E-15
    0.81511472741841846101E+01   -0.50636616630780494872E-15   -0.42853647020188715872E-15
    0.81599350709909916901E+01   -0.31246480241703256612E-15   -0.32706733418196859061E-15
    0.81687228677977987701E+01    0.75692603809914309065E-15   -0.14810633198734488491E-17
    0.81775106646046058501E+01    0.14825876061435190959E-14    0.41644408484366731516E-15
    0.81862984614114111537E+01    0.85379670258677025402E-15    0.65194839321517682665E-15
    0.81950862582182182337E+01   -0.50251618792373725156E-15    0.45876804018374524476E-15
    0.82038740550250253136E+01   -0.10652422528580490935E-14   -0.18756673958933910814E-15
    0.82126618518318323936E+01   -0.30544735232431776437E-15   -0.91271807530749139387E-15
    0.82214496486386394736E+01    0.73837480997132887725E-15   -0.10925078031100644752E-14
    0.82302374454454465535E+01    0.90369494745398317408E-15   -0.47091512860533519413E-15
    0.82390252422522518572E+01    0.30314857855977143375E-15    0.37898773229066356627E-15
    0.82478130390590589371E+01   -0.98764920535223096015E-16    0.57170455438251140474E-15
    0.82566008358658660171E+01    0.12689848055901662057E-15   -0.82352509558879669628E-16
    0.82653886326726730971E+01    0.40591026073397327042E-15   -0.83946777301408400516E-15
    0.82741764294794801771E+01    0.11113049829120643763E-15   -0.94204085791342944090E-15
    0.82829642262862872570E+01   -0.51993221925287372623E-15   -0.47749953559736063453E-15
    0.82917520230930943370E+01   -0.72928913975578840582E-15   -0.81375458812609468937E-16
    0.83005398198998996406E+01   -0.23930464596981693447E-15   -0.38956808746024705501E-16
    0.83093276167067067206E+01    0.42055339286416509474E-15   -0.34690815128190895439E-17
    0.83181154135135138006E+01    0.61121645092042569555E-15    0.34998410482160420405E-15
    0.83269032103203208806E+01    0.27888891312498819688E-15    0.72851132907104956238E-15
    0.83356910071271279605E+01   -0.16639747685036534097E-15    0.57713867314057407542E-15
    0.83444788039339350405E+01   -0.40485635268565969750E-15   -0.92252842540170450131E-16
    0.83532666007407403441E+01   -0.46251757338025627176E-15   -0.55926441150196782779E-15
    0.83620543975475474241E+01   -0.50370519097490332962E-15   -0.26647574872225790124E-15
    0.83708421943543545041E+01   -0.58465457582125213452E-15    0.42478263334388004970E-15
    0.83796299911611615840E+01   -0.62210130334275100479E-15    0.68437595838335631255E-15
    0.83884177879679686640E+01   -0.48380104637655261769E-15    0.26398462883887189314E-15
    0.83972055847747757440E+01   -0.98146013814670723548E-16   -0.22853830968040959067E-15
    0.84059933815815828240E+01    0.42226332734283309693E-15   -0.19504502585340828280E-15
    0.84147811783883881276E+01    0.73571102021777766617E-15    0.16334015756482277518E-15
    0.84235689751951952076E+01    0.52232365203665713211E-15    0.19553544672226738249E-15
    0.84323567720020022875E+01   -0.13527158235926747399E-15   -0.28229956477217253460E-15
    0.84411445688088093675E+01   -0.73007522177627523632E-15   -0.72691951781721001711E-15
    0.84499323656156164475E+01   -0.81693782125773154290E-15   -0.57013403364617892401E-15
    0.84587201624224235275E+01   -0.44042092244094631357E-15    0.11196218192302540876E-15
    0.84675079592292288311E+01    0.23341377980227731072E-16    0.76062500987033375698E-15
    0.84762957560360359111E+01    0.31868764542003637234E-15    0.92451602136002441191E-15
    0.84850835528428429910E+01    0.47997825832650453869E-15    0.57043946860008127752E-15
    0.84938713496496500710E+01    0.58757428020574914231E-15   -0.29158990769216991891E-16
    0.85026591464564571510E+01    0.54193564413642329936E-15   -0.49617303461208611054E-15
    0.85114469432632642309E+01    0.20234104981779133249E-15   -0.55062464071919109083E-15
    0.85202347400700713109E+01   -0.30555768013456172666E-15   -0.19756879837937386208E-15
    0.85290225368768766145E+01   -0.58507342405191849994E-15    0.27968179539745875459E-15
    0.85378103336836836945E+01   -0.38889945808249988951E-15    0.58799297434523201060E-15
    0.85465981304904907745E+01    0.43350813317145629835E-16    0.66281704818781860064E-15
    0.85553859272972978545E+01    0.24169792815437889708E-15    0.61477682383943412991E-15
    0.85641737241041049344E+01    0.42779445077840341547E-16    0.53096835210255878930E-15
    0.85729615209109120144E+01   -0.27068324114696342658E-15    0.39393116220296281887E-15
    0.85817493177177173180E+01   -0.38928917487971533884E-15    0.17158904670901024763E-15
    0.85905371145245243980E+01   -0.35625164624101533774E-15   -0.89348420477766274157E-16
    0.85993249113313314780E+01   -0.41740451724580102502E-15   -0.27707523382606761691E-15
    0.86081127081381385580E+01   -0.61973653316684169672E-15   -0.28488139595211088884E-15
    0.86169005049449456379E+01   -0.71780687269230396929E-15   -0.76081223935161971324E-16
    0.86256883017517527179E+01   -0.51129911149889528692E-15    0.26368554506022466354E-15
    0.86344760985585597979E+01   -0.14006525104715520908E-15    0.51696940296667355150E-15
    0.86432638953653651015E+01    0.61944311359261625417E-16    0.46417393372827328044E-15
    0.86520516921721721815E+01   -0.76697829611558372435E-16    0.72379205326309675582E-16
    0.86608394889789792614E+01   -0.42916043549933788590E-15   -0.45745014081839589958E-15
    0.86696272857857863414E+01   -0.74451041949342899183E-15   -0.83602670534664727442E-15
    0.86784150825925934214E+01   -0.84444170987620017216E-15   -0.85154752615082386879E-15
    0.86872028793994005014E+01   -0.68979640091529286955E-15   -0.47569279284089907629E-15
    0.86959906762062058050E+01   -0.37465049622705281840E-15    0.77863877651047845957E-16
    0.87047784730130128850E+01   -0.77231960695908147094E-16    0.45665886908478124384E-15
    0.87135662698198199649E+01    0.39953722172591874854E-16    0.47886635253688821586E-15
    0.87223540666266270449E+01   -0.79139025209654557625E-16    0.34562334405512441957E-15
    0.87311418634334341249E+01   -0.35758682337819579253E-15    0.38961493632311397854E-15
    0.87399296602402412049E+01   -0.60044119795049956175E-15    0.62408223578207410610E-15
    0.87487174570470482848E+01   -0.59151204265997956024E-15    0.68629265068775425112E-15
    0.87575052538538535885E+01   -0.29137528394877349747E-15    0.30712804264636390196E-15
    0.87662930506606606684E+01    0.48801691788313982203E-16   -0.30221271920793739179E-15
    0.87750808474674677484E+01    0.12047930677767094689E-15   -0.67913424572788302042E-15
    0.87838686442742748284E+01   -0.67901472018304938132E-16   -0.61745028785215525110E-15
    0.87926564410810819084E+01   -0.17171283532267499015E-15   -0.32093934710481723425E-15
    0.88014442378878889883E+01    0.43556500256191885911E-16   -0.80216422400571567828E-16
    0.88102320346946942919E+01    0.35947391896008394988E-15    0.31296429651367366551E-16
    0.88190198315015013719E+01    0.39804820525688797556E-15    0.98056203277165034800E-16
    0.88278076283083084519E+01    0.18302848604762240827E-15    0.13701800467004383467E-15
    0.88365954251151155319E+01    0.17363837463714475931E-15    0.49209193183369432824E-16
    0.88453832219219226118E+01    0.60972440911198348980E-15   -0.19201545474409854355E-15
    0.88541710187287296918E+01    0.10300105469593104435E-14   -0.40379843504302758966E-15
    0.88629588155355367718E+01    0.78353506505373534005E-15   -0.37031640226374052452E-15
    0.88717466123423420754E+01   -0.50861225586579968871E-16   -0.14472714472568694038E-15
    0.88805344091491491554E+01   -0.61052606596288658039E-15   -0.44364668125932568117E-16
    0.88893222059559562354E+01   -0.31235640785775292417E-15   -0.25179550829518327001E-15
    0.88981100027627633153E+01    0.32944267550833323697E-15   -0.52350033067062215949E-15
    0.89068977995695703953E+01    0.35947880035486793920E-15   -0.48671734572949659116E-15
    0.89156855963763774753E+01   -0.34332287851114499722E-15   -0.17359318164570749093E-15
    0.89244733931831827789E+01   -0.86386185078097304716E-15   -0.34256170802837135744E-16
    0.89332611899899898589E+01   -0.43229664276391440863E-15   -0.28544307173859066416E-15
    0.89420489867967969388E+01    0.59337236363100327534E-15   -0.45254643975798129777E-15
    0.89508367836036040188E+01    0.12039892687892097395E-14    0.72116745338682905505E-16
    0.89596245804104110988E+01    0.86035733204098967494E-15    0.10735154223098026520E-14
    0.89684123772172181788E+01   -0.83677823218880273861E-16    0.15197988589244764812E-14
    0.89772001740240252587E+01   -0.87094102079511491738E-15    0.78112584669688368034E-15
    0.89859879708308305624E+01   -0.92019682910713687860E-15   -0.45820130584928064184E-15
    0.89947757676376376423E+01   -0.16163266311211495722E-15   -0.96915589093283344879E-15
    0.90035635644444447223E+01    0.80098960558840858570E-15   -0.43933185514668912210E-15
    0.90123513612512518023E+01    0.10236273534669666797E-14    0.25262348051847746472E-15
    0.90211391580580588823E+01    0.14427304410118183847E-15    0.26311166774923305487E-15
    0.90299269548648659622E+01   -0.10296028599742303640E-14   -0.19559193962449802803E-15
    0.90387147516716712659E+01   -0.13258619901925481765E-14   -0.33538263812335710544E-15
    0.90475025484784783458E+01   -0.55759186422808620731E-15    0.94433473209798619236E-16
    0.90562903452852854258E+01    0.29019164813514330867E-15    0.53851484066968035610E-15
    0.90650781420920925058E+01    0.32074252223460944295E-15    0.43443534079195123418E-15
    0.90738659388988995858E+01   -0.24327749805333655995E-15   -0.97004841273372681032E-16
    0.90826537357057066657E+01   -0.55046555421589085827E-15   -0.49551923139446247443E-15
    0.90914415325125137457E+01   -0.24967083685152746296E-15   -0.40923005776822487114E-15
    0.91002293293193190493E+01    0.19763385702039168904E-15    0.48538281739322873262E-16
    0.91090171261261261293E+01    0.22972221455908094783E-15    0.54135042802542527555E-15
    0.91178049229329332093E+01   -0.17216077991181257733E-15    0.78619809290065849359E-15
    0.91265927197397402892E+01   -0.61359561863459758880E-15    0.66462994625204770948E-15
    0.91353805165465473692E+01   -0.75659645137000246340E-15    0.24548508340558275588E-15
    0.91441683133533544492E+01   -0.54707647624092292328E-15   -0.27838859258974286813E-15
    0.91529561101601597528E+01   -0.13034489840899970729E-15   -0.74923731080232815492E-15
    0.91617439069669668328E+01    0.27577710548226522850E-15   -0.11453472573159670977E-14
    0.91705317037737739128E+01    0.47114236570639296022E-15   -0.14524661391786291683E-14
    0.91793195005805809927E+01    0.34380253644741162539E-15   -0.14617558247001078949E-14
    0.91881072973873880727E+01   -0.79117246456871630336E-16   -0.86960532934881937984E-15
    0.91968950941941951527E+01   -0.60439629685876030816E-15    0.26585943221571720820E-15
    0.92056828910010004563E+01   -0.90616252928222596848E-15    0.12645537149621142943E-14
    0.92144706878078075363E+01   -0.73046102616985927919E-15    0.13470189637911224655E-14
    0.92232584846146146162E+01   -0.14925605070356342641E-15    0.43984442026759838926E-15
    0.92320462814214216962E+01    0.44731905825809967988E-15   -0.72621731823121517562E-15
    0.92408340782282287762E+01    0.66814990495358868767E-15   -0.13627373936323916939E-14
    0.92496218750350358562E+01    0.40464423722253630095E-15   -0.12666692100583623707E-14
    0.92584096718418411598E+01   -0.14582005917128397815E-15   -0.71917183053905496005E-15
    0.92671974686486482398E+01   -0.58882661867270135654E-15   -0.66387311692086509651E-16
    0.92759852654554553197E+01   -0.54828996276034420285E-15    0.48262647604901299161E-15
    0.92847730622622623997E+01    0.71104928373753332842E-17    0.78723649736992589706E-15
    0.92935608590690694797E+01    0.61235019725954705577E-15    0.71907034754169337351E-15
    0.93023486558758765597E+01    0.73100524936668243556E-15    0.27901903419091178620E-15
    0.93111364526826818633E+01    0.37088237579297258633E-15   -0.24011706212372570496E-15
    0.93199242494894889433E+01    0.84721382115064471169E-16   -0.37547001176177248994E-15
    0.93287120462962960232E+01    0.25700931660831105984E-15    0.58392544242293685520E-16
    0.93374998431031031032E+01    0.59135784968508238934E-15    0.68788132462989516352E-15
    0.93462876399099101832E+01    0.54075960426126135164E-15    0.94843234293439028389E-15
    0.93550754367167172632E+01    0.80210504545597379261E-16    0.68609399133950193293E-15
    0.93638632335235243431E+01   -0.22705809403142867569E-15    0.25346300185670200904E-15
    0.93726510303303296467E+01    0.16857004907669702432E-16    0.17884968959707472963E-16
    0.93814388271371367267E+01    0.49460357994375750776E-15   -0.34607375866589361951E-16
    0.93902266239439438067E+01    0.61368162338737528337E-15   -0.13233163313169375542E-15
    0.93990144207507508867E+01    0.30251934931324885774E-15   -0.33551272406735312695E-15
    0.94078022175575579666E+01    0.79084435334956698463E-16   -0.45989735388833526145E-15
    0.94165900143643650466E+01    0.28379737281331679286E-15   -0.35643106070068115760E-15
    0.94253778111711703502E+01    0.53989837786167847935E-15   -0.12536452128366032926E-15
    0.94341656079779774302E+01    0.26641870657910940172E-15    0.27481518261044550770E-16
    0.94429534047847845102E+01   -0.44721062637887601789E-15    0.63364746135086007267E-16
    0.94517412015915915902E+01   -0.83220833141922572403E-15    0.13764518689787182101E-15
    0.94605289983983986701E+01   -0.41237530360680327155E-15    0.34677609485790997884E-15
    0.94693167952052057501E+01    0.31550038986530858531E-15    0.54745814100821863385E-15
    0.94781045920120128301E+01    0.49019909161693975825E-15    0.51208495831102535781E-15
    0.94868923888188181337E+01   -0.52486290947201152011E-16    0.20377465384805968140E-15
    0.94956801856256252137E+01   -0.64066603606198598733E-15   -0.17777221236797727277E-15
    0.95044679824324322936E+01   -0.66904640968617402409E-15   -0.41022039000677578933E-15
    0.95132557792392393736E+01   -0.29336723996402737703E-15   -0.42936551113260835941E-15
    0.95220435760460464536E+01   -0.61804821027512956991E-16   -0.29798365999522324418E-15
    0.95308313728528535336E+01   -0.16058843092200319613E-15   -0.91434476078528395264E-16
    0.95396191696596588372E+01   -0.27853751661867916269E-15    0.14394884122257595438E-15
    0.95484069664664659172E+01   -0.16761886400742755692E-15    0.34872820886211944530E-15
    0.95571947632732729971E+01   -0.52245988586958092184E-16    0.42618447839557745373E-15
    0.95659825600800800771E+01   -0.30458926494000172395E-15    0.30575868155618901739E-15
    0.95747703568868871571E+01   -0.87160522954458561777E-15    0.33334540098711009210E-16
    0.95835581536936942371E+01   -0.12436265767639967990E-14   -0.22526687080056008880E-15
    0.95923459505005013170E+01   -0.10214882603284253529E-14   -0.27721749501435258819E-15
    0.96011337473073066207E+01   -0.34544669675989545712E-15   -0.75580306859825779961E-17
    0.96099215441141137006E+01    0.32084912388189393157E-15    0.52470553605504832684E-15
    0.96187093409209207806E+01    0.64658197853580512013E-15    0.10206581236368316374E-14
    0.96274971377277278606E+01    0.61275032071455591630E-15    0.10819008628912118320E-14
    0.96362849345345349406E+01    0.37903041544164095977E-15    0.56770521021246882197E-15
    0.96450727313413420205E+01    0.12459397398313306769E-15   -0.19502268279470662289E-15
    0.96538605281481491005E+01   -0.49812903212674503655E-16   -0.69973908982375089502E-15
    0.96626483249549544041E+01   -0.17717471182247043492E-15   -0.71505192225340297062E-15
    0.96714361217617614841E+01   -0.35112259373655855019E-15   -0.39984275946613700283E-15
    0.96802239185685685641E+01   -0.52159450671889817108E-15   -0.47202689014461093005E-16
    0.96890117153753756440E+01   -0.41594755767022748647E-15    0.15691915752119918008E-15
    0.96977995121821827240E+01    0.14288727643197977121E-15    0.17994551569547512158E-15
    0.97065873089889898040E+01    0.82617119439297888375E-15    0.10239433442208084031E-15
    0.97153751057957951076E+01    0.95753008445533550957E-15    0.42137713596971675028E-16
    0.97241629026026021876E+01    0.26831156607737285760E-15    0.47048638639697980106E-16
    0.97329506994094092676E+01   -0.64502381092391219764E-15    0.47913931645941576780E-16
    0.97417384962162163475E+01   -0.91300396733550940691E-15   -0.12888189966721479761E-16
    0.97505262930230234275E+01   -0.31696278443553286561E-15   -0.13398071645814224190E-16
    0.97593140898298305075E+01    0.57354191090109904728E-15    0.26153248260354862217E-15
    0.97681018866366375875E+01    0.11006515586531966723E-14    0.77126649747250045390E-15
    0.97768896834434428911E+01    0.10893999302265359287E-14    0.10600931642623543677E-14
    0.97856774802502499710E+01    0.73892116815008959412E-15    0.71072714337134847681E-15
    0.97944652770570570510E+01    0.26450226469671689812E-15   -0.48060681720418217962E-16
    0.98032530738638641310E+01   -0.23163413706983599584E-15   -0.46529390458368309504E-15
    0.98120408706706712110E+01   -0.64211372806024794462E-15   -0.14841992848696539177E-15
    0.98208286674774782909E+01   -0.78444181451242514236E-15    0.39615849455327426886E-15
    0.98296164642842835946E+01   -0.55592103427708035248E-15    0.42096281849947515734E-15
    0.98384042610910906745E+01   -0.14059900585524257772E-15   -0.56182296963552780624E-16
    0.98471920578978977545E+01    0.76558930103979559670E-16   -0.27799845785300136398E-15
    0.98559798547047048345E+01   -0.10533697184806953831E-15    0.16080937373760394653E-15
    0.98647676515115119145E+01   -0.46484207284393053332E-15    0.63438452388577059388E-15
    0.98735554483183189944E+01   -0.62015318958841916590E-15    0.29831129868720274999E-15
    0.98823432451251260744E+01   -0.44590555651661762453E-15   -0.67500760127797866317E-15
    0.98911310419319313780E+01   -0.14655806248019053209E-15   -0.11699176396495121742E-14
    0.98999188387387384580E+01    0.26332355083581189374E-16   -0.53864833491778707627E-15
    0.99087066355455455380E+01    0.12033116948775334563E-16    0.50382407719101484463E-15
    0.99174944323523526180E+01   -0.72057722063602551322E-16    0.83072045019785029395E-15
    0.99262822291591596979E+01   -0.48436323003829954792E-16    0.38121414579485218456E-15
    0.99350700259659667779E+01    0.16528742090295594433E-15    0.11472726393787843351E-15
    0.99438578227727720815E+01    0.37674720718439742812E-15    0.42998885638300670205E-15
    0.99526456195795791615E+01    0.17821731870302506307E-15    0.39140198561507474660E-15
    0.99614334163863862415E+01   -0.37054602028380183472E-15   -0.40284311100553342173E-15
    0.99702212131931933214E+01   -0.18563493086388724313E-15   -0.76166255294595257964E-17
    0.99790090100000004014E+01    0.73262686288750159907E-15   -0.18392745964183306580E-15
