    0.11999999999999999556E+01    0.00000000000000000000E+00    0.00000000000000000000E+00
    0.12087877968068068135E+01   -0.18794410274599170008E-09   -0.88870132822348170451E-17
    0.12175755936136136715E+01    0.28883874722424467193E-09   -0.31854384650244004789E-17
    0.12263633904204203073E+01    0.26615595020832061945E-09   -0.15874619362469279867E-17
    0.12351511872272271653E+01   -0.62347989296280206085E-09   -0.97857878460034817780E-17
    0.12439389840340340232E+01   -0.60426145261258905008E-09   -0.11945055855245568878E-16
    0.12527267808408408811E+01    0.11603538554304090990E-08    0.13095175532347437737E-17
    0.12615145776476475170E+01    0.26442192236447327632E-08    0.14649344141074224769E-16
    0.12703023744544543749E+01    0.15287311506152520881E-08    0.73306875064056073247E-17
    0.12790901712612612329E+01   -0.11202467068087119257E-08   -0.17311520936866336680E-16
    0.12878779680680680908E+01   -0.16361955019676693322E-08   -0.32896666040297701737E-16
    0.12966657648748749487E+01    0.11224638637645894399E-08   -0.21124403067413749479E-16
    0.13054535616816815846E+01    0.31469379139152463143E-08    0.71007622190409584208E-17
    0.13142413584884884425E+01    0.41044613935639272099E-09    0.25998619409566485160E-16
    0.13230291552952953005E+01   -0.43155508205185595104E-08    0.20551214390548654324E-16
    0.13318169521021021584E+01   -0.36237247238109492007E-08   -0.39264162358985038054E-17
    0.13406047489089087943E+01    0.37631388297878441512E-08   -0.28508509820753500011E-16
    0.13493925457157156522E+01    0.79925126178258788316E-08   -0.31826665136207497665E-16
    0.13581803425225225102E+01    0.28635984336766045676E-09   -0.67165622882293578060E-17
    0.13669681393293293681E+01   -0.11478143858513293869E-07    0.25367302833165331624E-16
    0.13757559361361360040E+01   -0.88889448849526648594E-08    0.29431614700842038663E-16
    0.13845437329429428619E+01    0.10354944065337775100E-07   -0.47589553645075485759E-18
    0.13933315297497497198E+01    0.20664532586857443393E-07   -0.22678823323283290345E-16
    0.14021193265565565778E+01    0.79183471486497254444E-10    0.27049396442897964107E-17
    0.14109071233633634357E+01   -0.30191706290228516064E-07    0.50801490084615171965E-16
    0.14196949201701700716E+01   -0.22376314656826681761E-07    0.50884431660979753651E-16
    0.14284827169769769295E+01    0.28746193725143738265E-07   -0.17652939863778095262E-16
    0.14372705137837837874E+01    0.56353532669261820707E-07   -0.76207119089646908478E-16
    0.14460583105905906454E+01    0.54605901739342345603E-08   -0.36906231424309003514E-16
    0.14548461073973975033E+01   -0.62520052755970774392E-07    0.76419619224867406123E-16
    0.14636339042042041392E+01   -0.10076460882990539524E-07    0.14703085725537040072E-15
    0.14724217010110109971E+01    0.20281744494149128698E-06    0.11526487999202612725E-15
    0.14812094978178178550E+01    0.46671977780383677962E-06    0.63924600869193960349E-16
    0.14899972946246244909E+01    0.80609910526879439920E-06    0.10632469812031192263E-15
    0.14987850914314313489E+01    0.17562620066050990051E-05    0.22680904142285575041E-15
    0.15075728882382382068E+01    0.45385783260633694888E-05    0.28974970295685546057E-15
    0.15163606850450450647E+01    0.11078653118017023555E-04    0.20622098681486118502E-15
    0.15251484818518519226E+01    0.24866932189313261232E-04    0.40034842173819738159E-16
    0.15339362786586585585E+01    0.53881745593434656654E-04   -0.80070539037371971364E-16
    0.15427240754654654165E+01    0.11473436481906658781E-03   -0.10125162580458892728E-15
    0.15515118722722722744E+01    0.23986565285339354631E-03   -0.69531088543172078549E-16
    0.15602996690790791323E+01    0.48787111223433658920E-03   -0.42068395209384463887E-16
    0.15690874658858859902E+01    0.96118971053709540385E-03   -0.22355259805682063607E-16
    0.15778752626926926261E+01    0.18402610320963897188E-02    0.16592169299107220160E-16
    0.15866630594994994841E+01    0.34260743233648443228E-02    0.82843707655680471168E-16
    0.15954508563063063420E+01    0.61983618159341790504E-02    0.15330486873023689675E-15
    0.16042386531131129779E+01    0.10888151643980669564E-01    0.19656009418940436532E-15
    0.16130264499199198358E+01    0.18553853633797683098E-01    0.19404699378943527163E-15
    0.16218142467267266937E+01    0.30661185479675900217E-01    0.14681500655585389533E-15
    0.16306020435335335517E+01    0.49140682242099234522E-01    0.76050563108468355159E-16
    0.16393898403403404096E+01    0.76292958459470733290E-01    0.16887738072175417035E-16
    0.16481776371471470455E+01    0.11454635289594745917E+00    0.60676626761504856855E-17
    0.16569654339539539034E+01    0.16601772896448707684E+00    0.65359263070987951654E-16
    0.16657532307607607613E+01    0.23165985932623622823E+00    0.17700237891345906198E-15
    0.16745410275675676193E+01    0.31025567565131739745E+00    0.26521618401729008100E-15
    0.16833288243743744772E+01    0.39737418896756387943E+00    0.23405267081371469711E-15
    0.16921166211811811131E+01    0.48432952672048362741E+00    0.54072982908319355338E-16
    0.17009044179879879710E+01    0.55787500434338632704E+00   -0.19839910836898813757E-15
    0.17096922147947948289E+01    0.60158705399554679438E+00   -0.42487376860893333035E-15
    0.17184800116016014648E+01    0.59813638298563487350E+00   -0.61071385967609717640E-15
    0.17272678084084085448E+01    0.53338549977829996518E+00   -0.80048120768449950094E-15
    0.17360556052152151807E+01    0.40205386931035874687E+00   -0.95908082318035806376E-15
    0.17448434020220220386E+01    0.21230742118040754618E+00   -0.91977574611690368935E-15
    0.17536311988288288966E+01   -0.12547075836087242390E-01   -0.56171619795209083901E-15
    0.17624189956356355324E+01   -0.23440167717585416729E+00   -0.20475529964641768344E-16
    0.17712067924424426124E+01   -0.40702450075448437516E+00    0.39308371140387633415E-15
    0.17799945892492492483E+01   -0.48832309012809255178E+00    0.52687008379781740024E-15
    0.17887823860560561062E+01   -0.45249925693095199852E+00    0.55074228086394767916E-15
    0.17975701828628629642E+01   -0.30040815540156418084E+00    0.66534686463259683567E-15
    0.18063579796696696000E+01   -0.67091228457696341914E-01    0.73177585326048566536E-15
    0.18151457764764764580E+01    0.18419577475917867093E+00    0.37821544172474033152E-15
    0.18239335732832833159E+01    0.37991565891828854573E+00   -0.48176498458935821188E-15
    0.18327213700900899518E+01    0.45654565465201973895E+00   -0.13799936571258593445E-14
    0.18415091668968970318E+01    0.38290330970430530577E+00   -0.16911140705347173723E-14
    0.18502969637037036676E+01    0.17939166692163821537E+00   -0.11847109787371978701E-14
    0.18590847605105105256E+01   -0.85623634457916902862E-01   -0.13205884746559640096E-15
    0.18678725573173173835E+01   -0.31959674246300262546E+00    0.97993938373106104391E-15
    0.18766603541241240194E+01   -0.43439858440133560791E+00    0.17121757553936071991E-14
    0.18854481509309310994E+01   -0.38020749446922669224E+00    0.17830589549617098922E-14
    0.18942359477377377353E+01   -0.17538714217957729335E+00    0.11240425223029062171E-14
    0.19030237445445445932E+01    0.98428901186958586700E-01   -0.77166228317324121900E-16
    0.19118115413513514511E+01    0.33151685026232463605E+00   -0.13492560569742757568E-14
    0.19205993381581580870E+01    0.42539322296576365101E+00   -0.20452428403774206005E-14
    0.19293871349649649449E+01    0.33336889926562168762E+00   -0.17421090330881263718E-14
    0.19381749317717718029E+01    0.93531499606538073821E-01   -0.64768982590573134954E-15
    0.19469627285785784387E+01   -0.18558465253271327899E+00    0.53005511457231203018E-15
    0.19557505253853855187E+01   -0.37964678406564511537E+00    0.11665815062300968824E-14
    0.19645383221921921546E+01   -0.40047597957322311757E+00    0.11178198869402612883E-14
    0.19733261189989990125E+01   -0.23188657436073575879E+00    0.59813941423129577226E-15
    0.19821139158058058705E+01    0.48946474044706242412E-01   -0.88460405871103438922E-16
    0.19909017126126125063E+01    0.30356797972138765962E+00   -0.66565968302737364219E-15
    0.19996895094194195863E+01    0.40863519614347021403E+00   -0.87253463443850256735E-15
    0.20084773062262262222E+01    0.31593862907246422767E+00   -0.51143060935279109884E-15
    0.20172651030330328581E+01    0.66194106736815305769E-01    0.34336464929132939242E-15
    0.20260528998398399381E+01   -0.21981219718433533949E+00    0.11687169766273610204E-14
    0.20348406966466465740E+01   -0.39316341266944404564E+00    0.13073221232214999971E-14
    0.20436284934534532098E+01   -0.36288220980212115840E+00    0.67297978919587067248E-15
    0.20524162902602602898E+01   -0.14946631878332863885E+00   -0.22296080221891165278E-18
    0.20612040870670673698E+01    0.13916163428880234942E+00    0.26727388242690756864E-16
    0.20699918838738740057E+01    0.35891978775299593352E+00    0.54300263929988187015E-15
    0.20787796806806806416E+01    0.39185332664733457664E+00    0.62532189651898276056E-15
    0.20875674774874877215E+01    0.21480342543852481985E+00   -0.15533981671270827139E-15
    0.20963552742942943574E+01   -0.74186280237706445084E-01   -0.11118812863731121963E-14
    0.21051430711011009933E+01   -0.32010120475388070815E+00   -0.12816726351632323777E-14
    0.21139308679079080733E+01   -0.39832471058388718710E+00   -0.54564229008755351175E-15
    0.21227186647147147092E+01   -0.26722596689364969125E+00    0.35282234220027550810E-15
    0.21315064615215213450E+01    0.10537358558771178774E-01    0.69185145067141196674E-15
    0.21402942583283284250E+01    0.28401260251689047776E+00    0.37874786977766742300E-15
    0.21490820551351350609E+01    0.40052392992214735923E+00   -0.22938303515427036612E-15
    0.21578698519419421409E+01    0.30157597651024542484E+00   -0.72325370174131705970E-15
    0.21666576487487487768E+01    0.44421820379721574379E-01   -0.85125838404205005976E-15
    0.21754454455555558567E+01   -0.23843478962160222223E+00   -0.56728172329401207384E-15
    0.21842332423623624926E+01   -0.39616119264267163347E+00   -0.19688226797968131188E-16
    0.21930210391691691285E+01   -0.33627702571836842749E+00    0.54453850411969714140E-15
    0.22018088359759762085E+01   -0.91897423262762054086E-01    0.89317697170083401082E-15
    0.22105966327827828444E+01    0.19824678039941989738E+00    0.87027555568472241546E-15
    0.22193844295895894803E+01    0.37980308389413047765E+00    0.41572023577177519925E-15
    0.22281722263963965602E+01    0.36019751261849947133E+00   -0.40391078056078499414E-15
    0.22369600232032031961E+01    0.14451400764002941823E+00   -0.13324177597307653956E-14
    0.22457478200100098320E+01   -0.15356663286001762114E+00   -0.18993297122429521325E-14
    0.22545356168168169120E+01   -0.36639332714105748989E+00   -0.16611268845353467315E-14
    0.22633234136236239920E+01   -0.37720563256067429769E+00   -0.63977843658132877887E-15
    0.22721112104304301837E+01   -0.18765816295215434484E+00    0.53151768616959912818E-15
    0.22808990072372372637E+01    0.10149385093855678441E+00    0.10996997737461891540E-14
    0.22896868040440443437E+01    0.33999011380713467512E+00    0.78839416739557041272E-15
    0.22984746008508509796E+01    0.39573682105846880175E+00   -0.10946310074680604431E-15
    0.23072623976576576155E+01    0.23365685034813260534E+00   -0.10432707082775803527E-14
    0.23160501944644646954E+01   -0.52711120142689915635E-01   -0.15156447562240340946E-14
    0.23248379912712713313E+01   -0.30704600290388650574E+00   -0.13050234172471929856E-14
    0.23336257880780779672E+01   -0.39956257541374001763E+00   -0.60641053512997156827E-15
    0.23424135848848850472E+01   -0.28151540306076255904E+00    0.12245019019188877647E-15
    0.23512013816916916831E+01   -0.95232472337856630129E-02    0.53694185210680753234E-15
    0.23599891784984983190E+01    0.26890130144652596433E+00    0.61753469063498741463E-15
    0.23687769753053053989E+01    0.40074996523289008188E+00    0.50896343298979029025E-15
    0.23775647721121124789E+01    0.32119972278137498556E+00    0.28988142525690273866E-15
    0.23863525689189186707E+01    0.76406378234560243246E-01   -0.23294366837528615169E-16
    0.23951403657257257507E+01   -0.21040040388188499532E+00   -0.29627353613389080214E-15
    0.24039281625325328307E+01   -0.39044408333057845084E+00   -0.24708257030067063066E-15
    0.24127159593393394665E+01   -0.36400212959152000725E+00    0.25176438074463324402E-15
    0.24215037561461461024E+01   -0.14686757192454397147E+00    0.86969562207299394146E-15
    0.24302915529529531824E+01    0.14274908785668660727E+00    0.10346730742925800560E-14
    0.24390793497597598183E+01    0.35855388467174204026E+00    0.53397956586847839876E-15
    0.24478671465665664542E+01    0.39425228832929076761E+00   -0.22381249191191866783E-15
    0.24566549433733735341E+01    0.22702583479358390273E+00   -0.68561171744699949108E-15
    0.24654427401801801700E+01   -0.58747862169909244312E-01   -0.73451734409681602815E-15
    0.24742305369869868059E+01   -0.31251560880994250224E+00   -0.66255972057673415018E-15
    0.24830183337937938859E+01   -0.40651831846086367017E+00   -0.68679899175654309016E-15
    0.24918061306006009659E+01   -0.29963530423920609058E+00   -0.68479927729476041805E-15
    0.25005939274074071577E+01   -0.43061464597344056848E-01   -0.44413629239710150794E-15
    0.25093817242142142376E+01    0.23827682730379243226E+00    0.25734293084695641849E-17
    0.25181695210210213176E+01    0.40080326871082050388E+00    0.38537680542829097178E-15
    0.25269573178278279535E+01    0.36265314025875244885E+00    0.46264511102244274424E-15
    0.25357451146346345894E+01    0.14882090164843267410E+00    0.20682880260367813392E-15
    0.25445329114414416694E+01   -0.13617367909555402883E+00   -0.21281227737813837962E-15
    0.25533207082482483052E+01   -0.35793447189203742020E+00   -0.51896419484598337855E-15
    0.25621085050550549411E+01   -0.40748683365276122670E+00   -0.47667052961403847820E-15
    0.25708963018618620211E+01   -0.25825980531125969364E+00   -0.80416313677257786261E-16
    0.25796840986686686570E+01    0.13273647556303495854E-01    0.40195126537819532312E-15
    0.25884718954754752929E+01    0.27637136211613988479E+00    0.66397710126633319037E-15
    0.25972596922822823728E+01    0.41113071647785320861E+00    0.62205151207639455675E-15
    0.26060474890890894528E+01    0.35450613936855052133E+00    0.40371586112600722403E-15
    0.26148352858958960887E+01    0.12984494637528176675E+00    0.13729841347313173501E-15
    0.26236230827027027246E+01   -0.15507145422933427126E+00   -0.15839830687054710638E-15
    0.26324108795095098046E+01   -0.36624304464348395038E+00   -0.45987899464739117963E-15
    0.26411986763163164404E+01   -0.41088282152323324370E+00   -0.60866198215424843021E-15
    0.26499864731231230763E+01   -0.27022835438688452836E+00   -0.42278016052259462268E-15
    0.26587742699299301563E+01   -0.50394352973005245716E-02    0.26119842509805227044E-16
    0.26675620667367367922E+01    0.26320570556716721411E+00    0.35993920692711228175E-15
    0.26763498635435434281E+01    0.41148439943573589250E+00    0.28840048133928719653E-15
    0.26851376603503505081E+01    0.37728732083241917072E+00    0.55596824863644759274E-17
    0.26939254571571571439E+01    0.17819718923446967174E+00   -0.31223377857123298335E-16
    0.27027132539639637798E+01   -0.10082986250509884396E+00    0.25134341563468921774E-15
    0.27115010507707708598E+01   -0.33707339307493355829E+00    0.32825171048584606719E-15
    0.27202888475775779398E+01   -0.42511669709443283827E+00   -0.26406150818245226644E-15
    0.27290766443843845757E+01   -0.32994524267489677705E+00   -0.12171537505282155256E-14
    0.27378644411911912115E+01   -0.95329955128420476584E-01   -0.16951186995925835745E-14
    0.27466522379979982915E+01    0.18095148286570503227E+00   -0.12455482882287232851E-14
    0.27554400348048049274E+01    0.38231128803649372383E+00   -0.25024279482849201445E-15
    0.27642278316116115633E+01    0.42182861612355793124E+00    0.58088962547673766213E-15
    0.27730156284184186433E+01    0.28557056416872655946E+00    0.86881016532614485881E-15
    0.27818034252252252791E+01    0.32996671502159055644E-01    0.67384710519399176593E-15
    0.27905912220320319150E+01   -0.23386750520701435341E+00    0.21066780096151495343E-15
    0.27993790188388389950E+01   -0.40708413918240776708E+00   -0.34955571515828265954E-15
    0.28081668156456460750E+01   -0.41467862291313434264E+00   -0.85272309599386023101E-15
    0.28169546124524522668E+01   -0.25578361429949258987E+00   -0.11012037529529613101E-14
    0.28257424092592593468E+01    0.34137380527230407057E-02   -0.92590722853319262216E-15
    0.28345302060660664267E+01    0.26183811657563360598E+00   -0.34679975675443866321E-15
    0.28433180028728730626E+01    0.41907750031872237351E+00    0.37100409120828179769E-15
    0.28521057996796796985E+01    0.41229851634155217921E+00    0.86342233518722707361E-15
    0.28608935964864867785E+01    0.24607625992184278818E+00    0.85890975089629412995E-15
    0.28696813932932934144E+01   -0.13182182407547371472E-01    0.32301053858354107836E-15
    0.28784691901001000502E+01   -0.26793566131683888010E+00   -0.44432151312109820876E-15
    0.28872569869069071302E+01   -0.42280006265179720382E+00   -0.91332832892130518624E-15
    0.28960447837137137661E+01   -0.41832341154011337681E+00   -0.77936288682392705434E-15
    0.29048325805205204020E+01   -0.25807565007139476876E+00   -0.36156491458767779224E-15
    0.29136203773273274820E+01   -0.37119747547978442816E-02   -0.29244291953381455427E-15
    0.29224081741341345619E+01    0.25251560855525106986E+00   -0.74439534500460781223E-15
    0.29311959709409407537E+01    0.41814101881801130078E+00   -0.11524778892691627023E-14
    0.29399837677477478337E+01    0.43233845805776127680E+00   -0.88403541223616547175E-15
    0.29487715645545549137E+01    0.29201144801478756685E+00    0.14634688713551523240E-16
    0.29575593613613615496E+01    0.49240487473266231211E-01    0.89155505877060399966E-15
    0.29663471581681681855E+01   -0.21135784723030481835E+00    0.11188494586389894484E-14
    0.29751349549749752654E+01   -0.39930599532214539060E+00    0.51554554623902593786E-15
    0.29839227517817819013E+01   -0.44882324168120074637E+00   -0.67771419296975893464E-15
    0.29927105485885885372E+01   -0.34501158761510941630E+00   -0.19552505453793646595E-14
    0.30014983453953956172E+01   -0.12518601313007385323E+00   -0.27608650435297675270E-14
    0.30102861422022022531E+01    0.13724100016807636027E+00   -0.27332022240292521395E-14
    0.30190739390090088889E+01    0.35467803638834521918E+00   -0.18453413392250075459E-14
    0.30278617358158159689E+01    0.45463204291662440149E+00   -0.35643373890332273230E-15
    0.30366495326226230489E+01    0.40642352236516610109E+00    0.12883693518010427983E-14
    0.30454373294294292407E+01    0.22743982646162230754E+00    0.25690129184352093701E-14
    0.30542251262362363207E+01   -0.25071058581173252117E-01    0.30104968358015107704E-14
    0.30630129230430434006E+01   -0.26997613333606895747E+00    0.23317456632831602674E-14
    0.30718007198498500365E+01   -0.42938590418016525652E+00    0.64167900542120763374E-15
    0.30805885166566566724E+01   -0.45530175281008750110E+00   -0.14350255685597429003E-14
    0.30893763134634637524E+01   -0.34103894090552183682E+00   -0.30044292808830642319E-14
    0.30981641102702703883E+01   -0.12171184856193259516E+00   -0.33877638006740285496E-14
    0.31069519070770770242E+01    0.13462016187724717975E+00   -0.24269025204254890821E-14
    0.31157397038838841041E+01    0.35007944468668822369E+00   -0.45077173957841469539E-15
    0.31245275006906907400E+01    0.46174343187508798403E+00    0.18664619300204938260E-14
    0.31333152974974973759E+01    0.43739585757585131010E+00    0.37412518998562887266E-14
    0.31421030943043044559E+01    0.28451047445736582509E+00    0.45709522305020084463E-14
    0.31508908911111115358E+01    0.49324575003723059030E-01    0.41235091087011105300E-14
    0.31596786879179177276E+01   -0.19981997837591872202E+00    0.25496320633100260436E-14
    0.31684664847247248076E+01   -0.39263796034095238552E+00    0.32592535250257188524E-15
    0.31772542815315318876E+01   -0.47484961006011389140E+00   -0.19074150653621008038E-14
    0.31860420783383385235E+01   -0.42396900770555245863E+00   -0.35723522551890837924E-14
    0.31948298751451451594E+01   -0.25610148773662283483E+00   -0.43009429491174929155E-14
    0.32036176719519522393E+01   -0.18017938573639692007E-01   -0.39447961299054996229E-14
    0.32124054687587593193E+01    0.22544497513938294153E+00   -0.25639060197447465127E-14
    0.32211932655655655111E+01    0.40820532841445095196E+00   -0.47781513354802077406E-15
    0.32299810623723725911E+01    0.48200497841979739189E+00    0.16584859381643847658E-14
    0.32387688591791796711E+01    0.42907628712095502443E+00    0.30025436010915833361E-14
    0.32475566559859858629E+01    0.26388584811387616469E+00    0.30435645037304968695E-14
    0.32563444527927929428E+01    0.30112613433101526744E-01    0.20462166088392619449E-14
    0.32651322495996000228E+01   -0.21121000512381898906E+00    0.76793610600289959800E-15
    0.32739200464064062146E+01   -0.39906019214798371664E+00   -0.26531412812575746647E-15
    0.32827078432132132946E+01   -0.48724916468544271497E+00   -0.10742518040045085402E-14
    0.32914956400200203745E+01   -0.45430728768346645419E+00   -0.18147740967841029650E-14
    0.33002834368268265663E+01   -0.30976761095381671884E+00   -0.23208443658479565106E-14
    0.33090712336336336463E+01   -0.90236054373657836880E-01   -0.22204758687097825863E-14
    0.33178590304404407263E+01    0.15119753182297859806E+00   -0.14005697964833474568E-14
    0.33266468272472478063E+01    0.35704161532111045041E+00   -0.19080983719940222787E-15
    0.33354346240540539981E+01    0.47901784897216137526E+00    0.95243792664308715039E-15
    0.33442224208608610780E+01    0.49021680448284177256E+00    0.17997112757373900763E-14
    0.33530102176676681580E+01    0.38947858213088842882E+00    0.23428855986696070842E-14
    0.33617980144744743498E+01    0.20050198102404651057E+00    0.25696601494223775085E-14
    0.33705858112812814298E+01   -0.33234287012596924749E-01    0.23675041759185188244E-14
    0.33793736080880885098E+01   -0.25960806459298030324E+00    0.16630037214791241813E-14
    0.33881614048948947016E+01   -0.42985131831522049861E+00    0.57301185589143794598E-15
    0.33969492017017017815E+01   -0.50801137177611099816E+00   -0.63367903406683449549E-15
    0.34057369985085088615E+01   -0.47846077274783715971E+00   -0.16902098151526482735E-14
    0.34145247953153150533E+01   -0.34904674864683365998E+00   -0.24273751568743426783E-14
    0.34233125921221221333E+01   -0.14752373784450187322E+00   -0.27623953688763462568E-14
    0.34321003889289292133E+01    0.84290042348250451831E-01   -0.26651624368983800206E-14
    0.34408881857357362932E+01    0.29912950338599986200E+00   -0.21373044414026832682E-14
    0.34496759825425424850E+01    0.45445542561729418418E+00   -0.12017455832249829525E-14
    0.34584637793493495650E+01    0.52057680832371322488E+00    0.79215154266678260656E-16
    0.34672515761561566450E+01    0.48532692696678575439E+00    0.15426320994882083432E-14
    0.34760393729629628368E+01    0.35667790915033048549E+00    0.28874181188611635500E-14
    0.34848271697697699167E+01    0.16023643872242709918E+00    0.37767494993194053016E-14
    0.34936149665765769967E+01   -0.66505726318290353527E-01    0.40174711060372873834E-14
    0.35024027633833831885E+01   -0.28099381445970961213E+00    0.36175350715178568414E-14
    0.35111905601901902685E+01   -0.44371119049808949164E+00    0.26445527069885276893E-14
    0.35199783569969973485E+01   -0.52577479113119496290E+00    0.10993342356816936428E-14
    0.35287661538038035403E+01   -0.51324962388052386419E+00   -0.95955827913144823838E-15
    0.35375539506106106202E+01   -0.40923165265685429448E+00   -0.31573108260225383397E-14
    0.35463417474174177002E+01   -0.23322951782480424998E+00   -0.47981549053643645794E-14
    0.35551295442242247802E+01   -0.16616085268530318697E-01   -0.52677392906836063616E-14
    0.35639173410310309720E+01    0.20301097180167382295E+00   -0.44245778753751185379E-14
    0.35727051378378380520E+01    0.38818670191566412297E+00   -0.25664138380392139646E-14
    0.35814929346446451319E+01    0.50822437341257675758E+00   -0.14646873931064250554E-15
    0.35902807314514513237E+01    0.54414104062141388507E+00    0.24000919620681782882E-14
    0.35990685282582584037E+01    0.49089587064020556717E+00    0.46327635900636785393E-14
    0.36078563250650654837E+01    0.35822843527080250325E+00    0.60772332196683082069E-14
    0.36166441218718716755E+01    0.16837579343991385117E+00    0.63572988668801044108E-14
    0.36254319186786787554E+01   -0.48131074259448687613E-01    0.54100530303162691950E-14
    0.36342197154854858354E+01   -0.25724769666927221889E+00    0.35353060097264535869E-14
    0.36430075122922929154E+01   -0.42685222818511958653E+00    0.11845708800919589728E-14
    0.36517953090990991072E+01   -0.53184432789642976935E+00   -0.12540637714031733397E-14
    0.36605831059059061872E+01   -0.55732261610362965332E+00   -0.34532280534742016673E-14
    0.36693709027127132671E+01   -0.50047392352554587180E+00   -0.50259352298209276362E-14
    0.36781586995195194589E+01   -0.37077084101338242395E+00   -0.55581618957188503182E-14
    0.36869464963263265389E+01   -0.18775488987966906795E+00   -0.48827456100043694152E-14
    0.36957342931331336189E+01    0.21964809141992044927E-01   -0.33004145390145430177E-14
    0.37045220899399398107E+01    0.22865412250759839519E+00   -0.13815665751341017292E-14
    0.37133098867467468907E+01    0.40389283272676279601E+00    0.45834855919753499715E-15
    0.37220976835535539706E+01    0.52436032194293569209E+00    0.21264230673900601917E-14
    0.37308854803603601624E+01    0.57458393884143876829E+00    0.36135263759020490646E-14
    0.37396732771671672424E+01    0.54896753383328034115E+00    0.47474437805372251213E-14
    0.37484610739739743224E+01    0.45192856256397462289E+00    0.52653481927441210798E-14
    0.37572488707807814023E+01    0.29685735054721562598E+00    0.50604927738787547317E-14
    0.37660366675875875941E+01    0.10422747666865241067E+00    0.42723170946885629419E-14
    0.37748244643943946741E+01   -0.10142649626137194285E+00    0.31276831579910132530E-14
    0.37836122612012017541E+01   -0.29472330125832546521E+00    0.17757889256918673066E-14
    0.37924000580080079459E+01   -0.45242729939219278323E+00    0.30929580689617478437E-15
    0.38011878548148150259E+01   -0.55624102570443989535E+00   -0.11152329822346631193E-14
    0.38099756516216221058E+01   -0.59479995949773445396E+00   -0.22617851354070361598E-14
    0.38187634484284282976E+01   -0.56451193554457201884E+00   -0.29622272144288380061E-14
    0.38275512452352353776E+01   -0.46982883034257100219E+00   -0.32480607523302994835E-14
    0.38363390420420424576E+01   -0.32232148068554911102E+00   -0.32881418963608062371E-14
    0.38451268388488486494E+01   -0.13903851438222494807E+00   -0.32216697973674317121E-14
    0.38539146356556557294E+01    0.59482010292812817487E-01   -0.30709858656800089345E-14
    0.38627024324624628093E+01    0.25163197516102164819E+00   -0.27806345237105322609E-14
    0.38714902292692698893E+01    0.41713352880424925395E+00   -0.22802755449880050363E-14
    0.38802780260760760811E+01    0.53901790289320106186E+00   -0.15346752356646569169E-14
    0.38890658228828831611E+01    0.60530921115476465921E+00   -0.58147666414299516283E-15
    0.38978536196896902410E+01    0.61009561810187817876E+00    0.48356411694978860973E-15
    0.39066414164964964328E+01    0.55374330429487217398E+00    0.15948476666596322927E-14
    0.39154292133033035128E+01    0.44271966121679900974E+00    0.27752184141465412964E-14
    0.39242170101101105928E+01    0.28864515518117178638E+00    0.40242834898520106311E-14
    0.39330048069169167846E+01    0.10689565319290399159E+00    0.51294645375754008073E-14
    0.39417926037237238646E+01   -0.84972121999147900984E-01    0.56846768931478710261E-14
    0.39505804005305309445E+01   -0.26900272899258875769E+00    0.54100105590711971643E-14
    0.39593681973373371363E+01   -0.42857265879981254475E+00    0.44173327159450339061E-14
    0.39681559941441442163E+01   -0.54976956026982026771E+00    0.30421507937412988603E-14
    0.39769437909509512963E+01   -0.62253687440128457897E+00    0.14587448506929330809E-14
    0.39857315877577583763E+01   -0.64140151523954691548E+00   -0.41932052127077512794E-15
    0.39945193845645645681E+01   -0.60563142040318107551E+00   -0.26179487787608845979E-14
    0.40033071813713716480E+01   -0.51913868517666583724E+00   -0.48172862985060888476E-14
    0.40120949781781787280E+01   -0.38989070057148200732E+00   -0.65191660714091963742E-14
    0.40208827749849849198E+01   -0.22903745610590175996E+00   -0.74411793828829427312E-14
    0.40296705717917919998E+01   -0.49904968172316960251E-01   -0.76454263993857052635E-14
    0.40384583685985990797E+01    0.13317217693645222454E+00   -0.72772756301027205276E-14
    0.40472461654054052715E+01    0.30601536922403310692E+00   -0.63172364941165356573E-14
    0.40560339622122123515E+01    0.45563558541745680097E+00   -0.46720297263976820204E-14
    0.40648217590190194315E+01    0.57117427654688335270E+00   -0.24338624644794855352E-14
    0.40736095558258256233E+01    0.64462230027493983009E+00    0.56124052990150253431E-16
    0.40823973526326327033E+01    0.67123709578112666918E+00    0.24294088739603511147E-14
    0.40911851494394397832E+01    0.64979947851146113713E+00    0.44989418534829062467E-14
    0.40999729462462468632E+01    0.58251858172214432408E+00    0.62136004249591840953E-14
    0.41087607430530530550E+01    0.47472978500785428801E+00    0.74863662059253639145E-14
    0.41175485398598601350E+01    0.33442035425747240751E+00    0.81522007153516656008E-14
    0.41263363366666672150E+01    0.17153600263522733593E+00    0.81138565216185385644E-14
    0.41351241334734734068E+01   -0.27686999792112618884E-02    0.74685605135964475573E-14
    0.41439119302802804867E+01   -0.17692116426081092029E+00    0.64319848186987115806E-14
    0.41526997270870875667E+01   -0.33973429939036769998E+00    0.51635818131385097859E-14
    0.41614875238938937585E+01   -0.48111337039022505913E+00    0.37034634176900880737E-14
    0.41702753207007008385E+01   -0.59262870160772984640E+00    0.20687198001411767708E-14
    0.41790631175075079184E+01   -0.66799632397580444021E+00    0.34563852383021251208E-15
    0.41878509143143141102E+01   -0.70333056103274038673E+00   -0.13446875396563544542E-14
    0.41966387111211211902E+01   -0.69726065700228345712E+00   -0.29411905665239324127E-14
    0.42054265079279282702E+01   -0.65089728758684795018E+00   -0.44628856706877843740E-14
    0.42142143047347353502E+01   -0.56760704147972917966E+00   -0.59236723329721445395E-14
    0.42230021015415415420E+01   -0.45271542022628963320E+00   -0.72539735795372336442E-14
    0.42317898983483486219E+01   -0.31309436071799534584E+00   -0.83187039684206225060E-14
    0.42405776951551557019E+01   -0.15668813549506421801E+00   -0.89839606367203849711E-14
    0.42493654919619618937E+01    0.79694294045417248679E-02   -0.91605958419899006032E-14
    0.42581532887687689737E+01    0.17224383539800203202E+00   -0.88130211334524004180E-14
    0.42669410855755760537E+01    0.32786775814775703797E+00   -0.79647471122713597371E-14
    0.42757288823823822455E+01    0.46733251909359052600E+00   -0.67162038571547300284E-14
    0.42845166791891893254E+01    0.58423116276761732912E+00   -0.52613328552307719109E-14
    0.42933044759959964054E+01    0.67351657990199886861E+00   -0.38266736552934014798E-14
    0.43020922728028034854E+01    0.73165014144610007740E+00   -0.25096806850746479979E-14
    0.43108800696096096772E+01    0.75669544657274767641E+00   -0.11731675676868970584E-14
    0.43196678664164167571E+01    0.74829792354416446720E+00    0.40265769993648603695E-15
    0.43284556632232238371E+01    0.70759945627024012360E+00    0.22542871668963229214E-14
    0.43372434600300300289E+01    0.63709402573325302210E+00    0.41655593775055136458E-14
    0.43460312568368371089E+01    0.54041082247204264011E+00    0.58636194309411794123E-14
    0.43548190536436441889E+01    0.42207740758580569729E+00    0.72056580079865311352E-14
    0.43636068504504503807E+01    0.28726275838976433885E+00    0.81624441359428507036E-14
    0.43723946472572574606E+01    0.14151194119503662794E+00    0.87060265158957292955E-14
    0.43811824440640645406E+01   -0.95006744730820862771E-02    0.87836456998019831324E-14
    0.43899702408708707324E+01   -0.16019310152927643265E+00    0.84097952024635538170E-14
    0.43987580376776778124E+01   -0.30527812247750751862E+00    0.77316809468576223487E-14
    0.44075458344844848924E+01   -0.43991728426671183882E+00    0.69308850009941298212E-14
    0.44163336312912919723E+01   -0.55984687858752335554E+00    0.60573519306421510740E-14
    0.44251214280980981641E+01   -0.66147064751399220484E+00    0.50164403900484351225E-14
    0.44339092249049052441E+01   -0.74191151813027733652E+00    0.37560926926235085699E-14
    0.44426970217117123241E+01   -0.79904886989958856525E+00    0.24075381657848779509E-14
    0.44514848185185185159E+01   -0.83153355781574700423E+00    0.11479571307833220614E-14
    0.44602726153253255958E+01   -0.83878995924546906338E+00   -0.51350101837461239164E-16
    0.44690604121321326758E+01   -0.82100069300299916009E+00   -0.14291532838704686854E-14
    0.44778482089389388676E+01   -0.77906997613162853877E+00   -0.31175111017518788751E-14
    0.44866360057457459476E+01   -0.71457599807888994015E+00   -0.49008946474032227396E-14
    0.44954238025525530276E+01   -0.62970042656955349525E+00   -0.64193185690684252940E-14
    0.45042115993593592194E+01   -0.52714506838580243997E+00   -0.75601166248741404828E-14
    0.45129993961661662993E+01   -0.41003478753151256786E+00   -0.85340307228599815089E-14
    0.45217871929729733793E+01   -0.28180388812779283425E+00   -0.95419460937413663938E-14
    0.45305749897797804593E+01   -0.14607720705057189448E+00   -0.10493381843654685086E-13
    0.45393627865865866511E+01   -0.65439715502172823153E-02   -0.11137285535978402872E-13
    0.45481505833933937311E+01    0.13317026854489449894E+00   -0.11372026847671427063E-13
    0.45569383802002008110E+01    0.26961633990267475092E+00   -0.11320804350456292608E-13
    0.45657261770070070028E+01    0.39961449928009334931E+00   -0.11102993183055345464E-13
    0.45745139738138140828E+01    0.52033441220772125302E+00   -0.10638368369101037426E-13
    0.45833017706206211628E+01    0.62934472543601127636E+00   -0.97348424084532289445E-14
    0.45920895674274273546E+01    0.72464568341953505826E+00   -0.83013704879038176466E-14
    0.46008773642342344345E+01    0.80468250185713807721E+00   -0.64315843581727483514E-14
    0.46096651610410415145E+01    0.86833586500780324258E+00   -0.43189601521438401949E-14
    0.46184529578478477063E+01    0.91490377975691483670E+00   -0.21606706478520425354E-14
    0.46272407546546547863E+01    0.94406912554494026857E+00   -0.12222495173603666690E-15
    0.46360285514614618663E+01    0.95586053408610061055E+00    0.16683841858432948131E-14
    0.46448163482682689462E+01    0.95061559605263568073E+00    0.31275844552619308283E-14
    0.46536041450750751380E+01    0.92894736844172198786E+00    0.42263283200805013755E-14
    0.46623919418818822180E+01    0.89171140101098156361E+00    0.49994343065291935336E-14
    0.46711797386886892980E+01    0.83997253802984561677E+00    0.55507190783034589396E-14
    0.46799675354954954898E+01    0.77497163019426329456E+00    0.60502357002021079998E-14
    0.46887553323023025698E+01    0.69809243208480797893E+00    0.66784038516750805671E-14
    0.46975431291091096497E+01    0.61082873603477172431E+00    0.75074361995580535594E-14
    0.47063309259159158415E+01    0.51475170650869395139E+00    0.84272950274615098984E-14
    0.47151187227227229215E+01    0.41147770841855685342E+00    0.92447846721525981428E-14
    0.47239065195295300015E+01    0.30263640218951093352E+00    0.98511278199357859284E-14
    0.47326943163363361933E+01    0.18983912236621486302E+00    0.10264291767171918534E-13
    0.47414821131431432732E+01    0.74647638862969031837E-01    0.10517075748689523830E-13
    0.47502699099499503532E+01   -0.41454999182354769494E-01    0.10567259328227423809E-13
    0.47590577067567574332E+01   -0.15708740518123537333E+00    0.10358996088200854812E-13
    0.47678455035635636250E+01   -0.27098919153583184150E+00    0.99449616771469341383E-14
    0.47766333003703707050E+01   -0.38203434658123214263E+00    0.95140171684962430151E-14
    0.47854210971771777849E+01   -0.48923764157860866186E+00    0.93019026113455618877E-14
    0.47942088939839839767E+01   -0.59175783378922985900E+00    0.94770116591511582932E-14
    0.48029966907907910567E+01   -0.68889477505037755023E+00    0.10012022431770383821E-13
    0.48117844875975981367E+01   -0.78008331275887732303E+00    0.10576636272644137615E-13
    0.48205722844044043285E+01   -0.86488401019261018643E+00    0.10671837074884627524E-13
    0.48293600812112114085E+01   -0.94297030330505959839E+00    0.10043838711363731222E-13
    0.48381478780180184884E+01   -0.10141156223802751946E+01    0.89567077516462895615E-14
    0.48469356748248246802E+01   -0.10781822543299950379E+01    0.78929666048712420881E-14
    0.48557234716316317602E+01   -0.11351112121501980567E+01    0.70381650016802380830E-14
    0.48645112684384388402E+01   -0.11849138259877831647E+01    0.61877332266731016804E-14
    0.48732990652452459202E+01   -0.12276652948249535680E+01    0.51576312519927927350E-14
    0.48820868620520521119E+01   -0.12634984435373441958E+01    0.41063831225045384254E-14
    0.48908746588588591919E+01   -0.12925971001302167807E+01    0.33361924985927693978E-14
    0.48996624556656662719E+01   -0.13151895701626508117E+01    0.28948367429696949954E-14
    0.49084502524724724637E+01   -0.13315444362833273040E+01    0.25181512995123749683E-14
    0.49172380492792795437E+01   -0.13419690199943410391E+01    0.19763755643263644476E-14
    0.49260258460860866236E+01   -0.13468069673245794959E+01    0.13499866825661839291E-14
    0.49348136428928928154E+01   -0.13464319140534763974E+01    0.89571025223227231164E-15
    0.49436014396996998954E+01   -0.13412396612888848324E+01    0.74903995878358224933E-15
    0.49523892365065069754E+01   -0.13316428176320040944E+01    0.81960474621350431602E-15
    0.49611770333133140554E+01   -0.13180682969467569787E+01    0.91746325909682972538E-15
    0.49699648301201202472E+01   -0.13009528828594270067E+01    0.89368960104886532395E-15
    0.49787526269269273271E+01   -0.12807317297014677582E+01    0.71038076316430053643E-15
    0.49875404237337344071E+01   -0.12578250740891359083E+01    0.46627011692905428773E-15
    0.49963282205405405989E+01   -0.12326365370163809843E+01    0.31791090296163652854E-15
    0.50051160173473476789E+01   -0.12055644207902722620E+01    0.28709054043161390274E-15
    0.50139038141541547589E+01   -0.11770037612704855601E+01    0.15241706921099187822E-15
    0.50226916109609609506E+01   -0.11473153093118588775E+01   -0.36014314228413481695E-15
    0.50314794077677680306E+01   -0.11167836071070131876E+01   -0.12826021424724813609E-14
    0.50402672045745751106E+01   -0.10856067102439685979E+01   -0.23506258929784098704E-14
    0.50490550013813813024E+01   -0.10539222764466171789E+01   -0.32253418139421703963E-14
    0.50578427981881883824E+01   -0.10218374721382506021E+01   -0.37063911481511731754E-14
    0.50666305949949954623E+01   -0.98945286277248234441E+00   -0.37906391254837198050E-14
    0.50754183918018025423E+01   -0.95688141264396686658E+00   -0.36525957718936442369E-14
    0.50842061886086087341E+01   -0.92424941241882019316E+00   -0.35431182364683882495E-14
    0.50929939854154158141E+01   -0.89167759495284648619E+00   -0.36031317595972655202E-14
    0.51017817822222228941E+01   -0.85926591741453850481E+00   -0.37467303047538162211E-14
    0.51105695790290290859E+01   -0.82709786963152320816E+00   -0.37809841094912377745E-14
    0.51193573758358361658E+01   -0.79525233504945702645E+00   -0.36081496018882168129E-14
    0.51281451726426432458E+01   -0.76380744355450580496E+00   -0.32576114505697420001E-14
    0.51369329694494494376E+01   -0.73283520415673020221E+00   -0.27276848344870492096E-14
    0.51457207662562565176E+01   -0.70239684584252393140E+00   -0.19021203157922590963E-14
    0.51545085630630635976E+01   -0.67254429435358342726E+00   -0.76273400591068029655E-15
    0.51632963598698697893E+01   -0.64332399848026700084E+00    0.32248656867545335122E-15
    0.51720841566766768693E+01   -0.61477827232717108252E+00    0.73220604478503712113E-15
    0.51808719534834839493E+01   -0.58694380704416304617E+00    0.18259467101211992782E-15
    0.51896597502902910293E+01   -0.55985045282597223348E+00   -0.89923952762205480817E-15
    0.51984475470970972211E+01   -0.53352200057662735322E+00   -0.18110128453599746825E-14
    0.52072353439039043010E+01   -0.50797771170873762259E+00   -0.22835970396603429323E-14
    0.52160231407107113810E+01   -0.48323297501299755652E+00   -0.26007076472197197321E-14
    0.52248109375175184610E+01   -0.45929898260344492744E+00   -0.30698626504163154931E-14
    0.52335987343243246528E+01   -0.43618250830970001219E+00   -0.36086544152059186992E-14
    0.52423865311311317328E+01   -0.41388639204601423982E+00   -0.39296117070654406443E-14
    0.52511743279379388127E+01   -0.39241028199167371504E+00   -0.39368487357706022221E-14
    0.52599621247447450045E+01   -0.37175104548505594204E+00   -0.37893682646593207536E-14
    0.52687499215515520845E+01   -0.35190281234025916346E+00   -0.35988933272802014450E-14
    0.52775377183583591645E+01   -0.33285705183194430612E+00   -0.32244310069678293381E-14
    0.52863255151651653563E+01   -0.31460289701226451520E+00   -0.24861834025877736736E-14
    0.52951133119719724363E+01   -0.29712755595575507384E+00   -0.15072594951111347776E-14
    0.53039011087787795162E+01   -0.28041658980157230241E+00   -0.67957181179273392220E-15
    0.53126889055855857080E+01   -0.26445404498456498432E+00   -0.22863765154604247072E-15
    0.53214767023923927880E+01   -0.24922259260207843545E+00    0.60582534413010205201E-16
    0.53302644991991998680E+01   -0.23470374738030702622E+00    0.51483603997764902941E-15
    0.53390522960060069479E+01   -0.22087811223028391838E+00    0.10596367461434380969E-14
    0.53478400928128131397E+01   -0.20772556463057523235E+00    0.12194866689084100046E-14
    0.53566278896196202197E+01   -0.19522538031389841118E+00    0.66297603498663788060E-15
    0.53654156864264272997E+01   -0.18335635488658083569E+00   -0.41270842379671263789E-15
    0.53742034832332334915E+01   -0.17209694524300836460E+00   -0.15497287114225064018E-14
    0.53829912800400405715E+01   -0.16142541541237750979E+00   -0.25156158718272566551E-14
    0.53917790768468476514E+01   -0.15131995410686488457E+00   -0.34016065044160543003E-14
    0.54005668736536538432E+01   -0.14175876228829462078E+00   -0.43080650196396064491E-14
    0.54093546704604609232E+01   -0.13272013637036880751E+00   -0.51015682282865350567E-14
    0.54181424672672680032E+01   -0.12418255166554020841E+00   -0.55265719637636378576E-14
    0.54269302640740750832E+01   -0.11612474389558942456E+00   -0.54411784116868639574E-14
    0.54357180608808812750E+01   -0.10852577549164779680E+00   -0.48962484638589230688E-14
    0.54445058576876883549E+01   -0.10136508604744144668E+00   -0.40462926349959232092E-14
    0.54532936544944954349E+01   -0.94622538690246407733E-01   -0.30496523765715617248E-14
    0.54620814513013016267E+01   -0.88278461824238901867E-01   -0.20057741070524132407E-14
    0.54708692481081087067E+01   -0.82313687828512505096E-01   -0.92062988830122526790E-15
    0.54796570449149157866E+01   -0.76709583115720181290E-01    0.23176287513163748372E-15
    0.54884448417217219784E+01   -0.71448069324790960954E-01    0.13535175887071019339E-14
    0.54972326385285290584E+01   -0.66511641493352799404E-01    0.21565232013926144163E-14
    0.55060204353353361384E+01   -0.61883381703010775787E-01    0.23656926339646302270E-14
    0.55148082321421423302E+01   -0.57546970239158452831E-01    0.19898441597037567437E-14
    0.55235960289489494102E+01   -0.53486691871382351093E-01    0.12975198459898209113E-14
    0.55323838257557564901E+01   -0.49687437193355471488E-01    0.49396193585987523929E-15
    0.55411716225625635701E+01   -0.46134702056151569161E-01   -0.48340152278016685731E-15
    0.55499594193693697619E+01   -0.42814583903565260614E-01   -0.17515006908473003489E-14
    0.55587472161761768419E+01   -0.39713776522214666587E-01   -0.31513684379054130275E-14
    0.55675350129829839219E+01   -0.36819562238687042477E-01   -0.42730975456203472034E-14
    0.55763228097897901137E+01   -0.34119801564855535558E-01   -0.48388315118528199964E-14
    0.55851106065965971936E+01   -0.31602921841485519250E-01   -0.49520847801262419270E-14
    0.55938984034034042736E+01   -0.29257904243166907993E-01   -0.48738343202576504205E-14
    0.56026862002102104654E+01   -0.27074269985164635399E-01   -0.46597520353563147305E-14
    0.56114739970170175454E+01   -0.25042065438454320231E-01   -0.41353251010903148132E-14
    0.56202617938238246253E+01   -0.23151846169839791767E-01   -0.32101317108348231452E-14
    0.56290495906306308171E+01   -0.21394660619903149018E-01   -0.20859597283530490655E-14
    0.56378373874374378971E+01   -0.19762033244971458079E-01   -0.10742570876175779019E-14
    0.56466251842442449771E+01   -0.18245947420887569795E-01   -0.29981003925247996899E-15
    0.56554129810510520571E+01   -0.16838828139729887512E-01    0.32396595992028551114E-15
    0.56642007778578582489E+01   -0.15533524511949364788E-01    0.84956447210973367503E-15
    0.56729885746646653288E+01   -0.14323292308183669178E-01    0.11326744602077675314E-14
    0.56817763714714724088E+01   -0.13201776669179215648E-01    0.97207140122876562034E-15
    0.56905641682782786006E+01   -0.12162994921631333639E-01    0.33781869816034616771E-15
    0.56993519650850856806E+01   -0.11201319678723542159E-01   -0.59945079375181434389E-15
    0.57081397618918927606E+01   -0.10311462226603784753E-01   -0.16362767551101309268E-14
    0.57169275586986989524E+01   -0.94884561695133280007E-02   -0.26658849621074266605E-14
    0.57257153555055060323E+01   -0.87276416218027563776E-02   -0.36449662397037863088E-14
    0.57345031523123131123E+01   -0.80246496841321467847E-02   -0.45103341556059076019E-14
    0.57432909491191193041E+01   -0.73753874356525779901E-02   -0.51792238489774973015E-14
    0.57520787459259263841E+01   -0.67760234321414753236E-02   -0.56308689273249041611E-14
    0.57608665427327334640E+01   -0.62229735553282431587E-02   -0.59414947575094605781E-14
    0.57696543395395405440E+01   -0.57128875595932136072E-02   -0.61771814077942688501E-14
    0.57784421363463467358E+01   -0.52426359687076521179E-02   -0.62597185444193472421E-14
    0.57872299331531538158E+01   -0.48092975568787398738E-02   -0.60150276174447382006E-14
    0.57960177299599608958E+01   -0.44101473957130600881E-02   -0.53946214508666408354E-14
    0.58048055267667670876E+01   -0.40426452657798123136E-02   -0.46028395053704480513E-14
    0.58135933235735741675E+01   -0.37044247738771290436E-02   -0.39369962059976019514E-14
    0.58223811203803812475E+01   -0.33932828181915163437E-02   -0.35495931554071527900E-14
    0.58311689171871874393E+01   -0.31071696129200223647E-02   -0.34110025055904126418E-14
    0.58399567139939945193E+01   -0.28441792492594200267E-02   -0.34648709923445266126E-14
    0.58487445108008015993E+01   -0.26025405906136100768E-02   -0.37499035994915260923E-14
    0.58575323076076077911E+01   -0.23806088047819509192E-02   -0.43781891260896934188E-14
    0.58663201044144148710E+01   -0.21768572062490099822E-02   -0.54601975727640237585E-14
    0.58751079012212219510E+01   -0.19898695871111457371E-02   -0.70298914614507271003E-14
    0.58838956980280290310E+01   -0.18183330120913807331E-02   -0.89746063589697405279E-14
    0.58926834948348352228E+01   -0.16610308976127024540E-02   -0.11032782003191056563E-13
    0.59014712916416423027E+01   -0.15168366261660510066E-02   -0.12952756662476908147E-13
    0.59102590884484493827E+01   -0.13847074187004961444E-02   -0.14679090552762163287E-13
    0.59190468852552555745E+01   -0.12636786087401308525E-02   -0.16330078428815495353E-13
    0.59278346820620626545E+01   -0.11528582946293552958E-02   -0.17982208974340471427E-13
    0.59366224788688697345E+01   -0.10514222208242369246E-02   -0.19538849579935262962E-13
    0.59454102756756759263E+01   -0.95860908683286145428E-03   -0.20858475760744131357E-13
    0.59541980724824830062E+01   -0.87371606055859879318E-03   -0.21948857273421008471E-13
    0.59629858692892900862E+01   -0.79609460762300888591E-03   -0.22974677631801686580E-13
    0.59717736660960962780E+01   -0.72514661550967998010E-03   -0.24092315899157014687E-13
    0.59805614629029033580E+01   -0.66032069519593710599E-03   -0.25343712836269170375E-13
    0.59893492597097104380E+01   -0.60110881150294691744E-03   -0.26741408365416940893E-13
    0.59981370565165175179E+01   -0.54704306938875818089E-03   -0.28400614424700513507E-13
    0.60069248533233237097E+01   -0.49769274031436546574E-03   -0.30529714617016396715E-13
    0.60157126501301307897E+01   -0.45266151068284858367E-03   -0.33291255396850839423E-13
    0.60245004469369378697E+01   -0.41158486352092332706E-03   -0.36714071456567361263E-13
    0.60332882437437440615E+01   -0.37412770513257866036E-03   -0.40762854127484439481E-13
    0.60420760405505511415E+01   -0.33998210717089402460E-03   -0.45448504033485084238E-13
    0.60508638373573582214E+01   -0.30886522601079939533E-03   -0.50839687280320833359E-13
    0.60596516341641644132E+01   -0.28051738473627298946E-03   -0.56984184897905733320E-13
    0.60684394309709714932E+01   -0.25470025255808329033E-03   -0.63855460038298946550E-13
    0.60772272277777785732E+01   -0.23119520214661272006E-03   -0.71383557744948544448E-13
    0.60860150245845856531E+01   -0.20980175025351783277E-03   -0.79508338795347351567E-13
    0.60948028213913918449E+01   -0.19033612617902785353E-03   -0.88185259004728043450E-13
    0.61035906181981989249E+01   -0.17262995650716008800E-03   -0.97349039357609971558E-13
    0.61123784150050060049E+01   -0.15652901950368870829E-03   -0.10690872102582840933E-12
    0.61211662118118121967E+01   -0.14189212590465520754E-03   -0.11682637042321845105E-12
    0.61299540086186192767E+01   -0.12859005851702446483E-03   -0.12721211147988203684E-12
    0.61387418054254263566E+01   -0.11650460211885462099E-03   -0.13833814410922345966E-12
    0.61475296022322325484E+01   -0.10552765479391393582E-03   -0.15057928714005364208E-12
    0.61563173990390396284E+01   -0.95560388110666678635E-04   -0.16434352261569631269E-12
    0.61651051958458467084E+01   -0.86512495372044926028E-04   -0.18000039765014645595E-12
    0.61738929926526529002E+01   -0.78301480612273186162E-04   -0.19782113237813072573E-12
    0.61826807894594599802E+01   -0.70852010224578960669E-04   -0.21799534956937085017E-12
    0.61914685862662670601E+01   -0.64095320600538767592E-04   -0.24071354957538378686E-12
    0.62002563830730741401E+01   -0.57968659429069398681E-04   -0.26620903121223088455E-12
    0.62090441798798803319E+01   -0.52414787321603586437E-04   -0.29469109512103298790E-12
    0.62178319766866874119E+01   -0.47381507195847840394E-04   -0.32626811859907084694E-12
    0.62266197734934944918E+01   -0.42821236400494403797E-04   -0.36103676247601165477E-12
    0.62354075703003006836E+01   -0.38690616746551640109E-04   -0.39931056939718756236E-12
    0.62441953671071077636E+01   -0.34950147376854476754E-04   -0.44170337946593561196E-12
    0.62529831639139148436E+01   -0.31563858325833852063E-04   -0.48885335406751919463E-12
    0.62617709607207210354E+01   -0.28499002704927908368E-04   -0.54109273979093641721E-12
    0.62705587575275281154E+01   -0.25725777631645435818E-04   -0.59852842821759856466E-12
    0.62793465543343351953E+01   -0.23217070440329724883E-04   -0.66147343682162028670E-12
    0.62881343511411413871E+01   -0.20948220172260455365E-04   -0.73070619832749174393E-12
    0.62969221479479484671E+01   -0.18896806130503777151E-04   -0.80725948210639329445E-12
    0.63057099447547555471E+01   -0.17042448761423678935E-04   -0.89209935579522619399E-12
    0.63144977415615626271E+01   -0.15366629610270696502E-04   -0.98609468602614365188E-12
    0.63232855383683688189E+01   -0.13852527915171254470E-04   -0.10902366809692423692E-11
    0.63320733351751758988E+01   -0.12484867292874283728E-04   -0.12057860439408985764E-11
    0.63408611319819829788E+01   -0.11249780197624088273E-04   -0.13341984428384869710E-11
    0.63496489287887891706E+01   -0.10134680435847353972E-04   -0.14769884730684352019E-11
    0.63584367255955962506E+01   -0.91281481842151812947E-05   -0.16356677464922375686E-11
    0.63672245224024033305E+01   -0.82198258247294488175E-05   -0.18117499624943103142E-11
    0.63760123192092095223E+01   -0.74003203669126429339E-05   -0.20067969349670571880E-11
    0.63848001160160166023E+01   -0.66611174047119088313E-05   -0.22225360752140039990E-11
    0.63935879128228236823E+01   -0.59945002773649754880E-05   -0.24609652328760384051E-11
    0.64023757096296298741E+01   -0.53934773341765329452E-05   -0.27242459090574268546E-11
    0.64111635064364369541E+01   -0.48517161526744175866E-05   -0.30144247849540874461E-11
    0.64199513032432440340E+01   -0.43634820095854836612E-05   -0.33332999080953124062E-11
    0.64287391000500511140E+01   -0.39235837566844288316E-05   -0.36826380195914252593E-11
    0.64375268968568573058E+01   -0.35273230224231179050E-05   -0.40644417940776277642E-11
    0.64463146936636643858E+01   -0.31704486109400398163E-05   -0.44808411504464864640E-11
    0.64551024904704714658E+01   -0.28491153240401833123E-05   -0.49336763292227921008E-11
    0.64638902872772776576E+01   -0.25598455011425724015E-05   -0.54242478895487317267E-11
    0.64726780840840847375E+01   -0.22994952649178668613E-05   -0.59534940949076082178E-11
    0.64814658808908918175E+01   -0.20652228712741691052E-05   -0.65222564450257212036E-11
    0.64902536776976980093E+01   -0.18544603601916492308E-05   -0.71312566948094284913E-11
    0.64990414745045050893E+01   -0.16648879926102927405E-05   -0.77808356933913347405E-11
    0.65078292713113121692E+01   -0.14944104078902536437E-05   -0.84707665417810420426E-11
    0.65166170681181183610E+01   -0.13411357432858532050E-05   -0.92002796572654288810E-11
    0.65254048649249254410E+01   -0.12033560725231090083E-05   -0.99681451847313842209E-11
    0.65341926617317325210E+01   -0.10795299217196131561E-05   -0.10772694700396505573E-10
    0.65429804585385396010E+01   -0.96826652434422129026E-06   -0.11611790702277603590E-10
    0.65517682553453457928E+01   -0.86831115553089180163E-06   -0.12482779506897263344E-10
    0.65605560521521528727E+01   -0.77853231391976178682E-06   -0.13382421844198625823E-10
    0.65693438489589599527E+01   -0.69790972310945998488E-06   -0.14306842676888068004E-10
    0.65781316457657661445E+01   -0.62552362962007781535E-06   -0.15251628101559192060E-10
    0.65869194425725732245E+01   -0.56054517736472566498E-06   -0.16212038129450284386E-10
    0.65957072393793803045E+01   -0.50222745348632692139E-06   -0.17183148399058429991E-10
    0.66044950361861864963E+01   -0.44989767669106343594E-06   -0.18159819494638048233E-10
    0.66132828329929935762E+01   -0.40294989058539660927E-06   -0.19136627983807907069E-10
    0.66220706297998006562E+01   -0.36083845966689049540E-06   -0.20107886124677763920E-10
    0.66308584266066068480E+01   -0.32307222633599755731E-06   -0.21067735704271750914E-10
    0.66396462234134139280E+01   -0.28920908221331729245E-06   -0.22010270670600037766E-10
    0.66484340202202210079E+01   -0.25885124039143342322E-06   -0.22929702028718923544E-10
    0.66572218170270280879E+01   -0.23164081643669235934E-06   -0.23820514487414325426E-10
    0.66660096138338342797E+01   -0.20725590250709268679E-06   -0.24677505860664476491E-10
    0.66747974106406413597E+01   -0.18540704426880705854E-06   -0.25495734046254869061E-10
    0.66835852074474484397E+01   -0.16583397160612285583E-06   -0.26270489383417153145E-10
    0.66923730042542546315E+01   -0.14830275620354208627E-06   -0.26997338298325306994E-10
    0.67011608010610617114E+01   -0.13260315650246298475E-06   -0.27672192829429892931E-10
    0.67099485978678687914E+01   -0.11854626328085243089E-06   -0.28291401015261838704E-10
    0.67187363946746749832E+01   -0.10596238880405831784E-06   -0.28851849866886713690E-10
    0.67275241914814820632E+01   -0.94699110390408399356E-07   -0.29351006375441944755E-10
    0.67363119882882891432E+01   -0.84619572213872783675E-07   -0.29786831910817245746E-10
    0.67450997850950962231E+01   -0.75600900081507026839E-07   -0.30157677997961645671E-10
    0.67538875819019024149E+01   -0.67532798306438343932E-07   -0.30462289783496636195E-10
    0.67626753787087094949E+01   -0.60316292913475200305E-07   -0.30699892831171064614E-10
    0.67714631755155165749E+01   -0.53862568018136429818E-07   -0.30870248186410172396E-10
    0.67802509723223227667E+01   -0.48091957071470847721E-07   -0.30973627206215536061E-10
    0.67890387691291298466E+01   -0.42933001729233807173E-07   -0.31010757340097010583E-10
    0.67978265659359369266E+01   -0.38321620557442998894E-07   -0.30982742772694573417E-10
    0.68066143627427431184E+01   -0.34200365276802296267E-07   -0.30890970565872105481E-10
    0.68154021595495501984E+01   -0.30517732829691505709E-07   -0.30737095925478128198E-10
    0.68241899563563572784E+01   -0.27227569609071321656E-07   -0.30523185478458480441E-10
    0.68329777531631634702E+01   -0.24288515889113786496E-07   -0.30251857822029634263E-10
    0.68417655499699705501E+01   -0.21663516146784611728E-07   -0.29926161245490036111E-10
    0.68505533467767776301E+01   -0.19319381459911575036E-07   -0.29549256333935954958E-10
    0.68593411435835847101E+01   -0.17226385046203008736E-07   -0.29124234268847703066E-10
    0.68681289403903909019E+01   -0.15357912113151011421E-07   -0.28654237730292762394E-10
    0.68769167371971979819E+01   -0.13690133462509224950E-07   -0.28142640091718744089E-10
    0.68857045340040050618E+01   -0.12201718676805303403E-07   -0.27593060746749935874E-10
    0.68944923308108112536E+01   -0.10873580314158928808E-07   -0.27009253421221109590E-10
    0.69032801276176183336E+01   -0.96886375156453455807E-08   -0.26394985932036628843E-10
    0.69120679244244254136E+01   -0.86316111056085815881E-08   -0.25753928285576342738E-10
    0.69208557212312316054E+01   -0.76888325981143324111E-08   -0.25089566019571625433E-10
    0.69296435180380386853E+01   -0.68480770633168477695E-08   -0.24405230549002589129E-10
    0.69384313148448457653E+01   -0.60984145157090060620E-08   -0.23704213476847297482E-10
    0.69472191116516519571E+01   -0.54300725741868310409E-08   -0.22989808526777670629E-10
    0.69560069084584590371E+01   -0.48343171831397982736E-08   -0.22265199482288275233E-10
    0.69647947052652661171E+01   -0.43033414038379966343E-08   -0.21533329726094864958E-10
    0.69735825020720731970E+01   -0.38301684955230000747E-08   -0.20796906122810525893E-10
    0.69823702988788793888E+01   -0.34085659880925720388E-08   -0.20058501703496405992E-10
    0.69911580956856864688E+01   -0.30329662505685209925E-08   -0.19320617534644694416E-10
    0.69999458924924935488E+01   -0.26983973374113468012E-08   -0.18585649019704834326E-10
    0.70087336892992997406E+01   -0.24004185070784212890E-08   -0.17855830193426454212E-10
    0.70175214861061068206E+01   -0.21350643366330743978E-08   -0.17133205907573147804E-10
    0.70263092829129139005E+01   -0.18987953820657084183E-08   -0.16419626048494824235E-10
    0.70350970797197200923E+01   -0.16884524941993571460E-08   -0.15716754295767390022E-10
    0.70438848765265271723E+01   -0.15012168143217928480E-08   -0.15026100133319619864E-10
    0.70526726733333342523E+01   -0.13345724471772559092E-08   -0.14349055450986372540E-10
    0.70614604701401404441E+01   -0.11862743898462221533E-08   -0.13686920964181707619E-10
    0.70702482669469475240E+01   -0.10543204199842301576E-08   -0.13040921784907433757E-10
    0.70790360637537546040E+01   -0.93692501064399742458E-09   -0.12412170595733799788E-10
    0.70878238605605616840E+01   -0.83249631422205399804E-09   -0.11801535874564336995E-10
    0.70966116573673678758E+01   -0.73961463534369278127E-09   -0.11209527897949729249E-10
    0.71053994541741749558E+01   -0.65701396468410837962E-09   -0.10636404422111387886E-10
    0.71141872509809820357E+01   -0.58356580791842038911E-09   -0.10082427794987206149E-10
    0.71229750477877882275E+01   -0.51826430978599679076E-09   -0.95479818758574156656E-11
    0.71317628445945953075E+01   -0.46021336656323668592E-09   -0.90334049534234803202E-11
    0.71405506414014023875E+01   -0.40861459040580154615E-09   -0.85387829867351497498E-11
    0.71493384382082085793E+01   -0.36275671369068139279E-09   -0.80639367854154877233E-11
    0.71581262350150156593E+01   -0.32200608222611117253E-09   -0.76085489615730218786E-11
    0.71669140318218227392E+01   -0.28579807618320317245E-09   -0.71722707273542256017E-11
    0.71757018286286289310E+01   -0.25363003886428877820E-09   -0.67547680503883560364E-11
    0.71844896254354360110E+01   -0.22505472194578538031E-09   -0.63557440685321633825E-11
    0.71932774222422430910E+01   -0.19967420688674485950E-09   -0.59749280561578002154E-11
    0.72020652190490501710E+01   -0.17713420546095653325E-09   -0.56120409758642059751E-11
    0.72108530158558563627E+01   -0.15711905913162563418E-09   -0.52667644999065268130E-11
    0.72196408126626634427E+01   -0.13934793786512484163E-09   -0.49387202645736968955E-11
    0.72284286094694705227E+01   -0.12357135415909721697E-09   -0.46274570850592045718E-11
    0.72372164062762767145E+01   -0.10956761121450031474E-09   -0.43324627634033699637E-11
    0.72460042030830837945E+01   -0.97139241106268288871E-10   -0.40531927548568882967E-11
    0.72547919998898908744E+01   -0.86110073965172223838E-10   -0.37890911186447756012E-11
    0.72635797966966970662E+01   -0.76323437138130891757E-10   -0.35395949269529248393E-11
    0.72723675935035041462E+01   -0.67640558078790967146E-10   -0.33041357704734460289E-11
    0.72811553903103112262E+01   -0.59938479977846658942E-10   -0.30821487714294270729E-11
    0.72899431871171174180E+01   -0.53107667168012876062E-10   -0.28730856148328574559E-11
    0.72987309839239244980E+01   -0.47050149346698999082E-10   -0.26764078883469314632E-11
    0.73075187807307315779E+01   -0.41678669686693161225E-10   -0.24915450874714624833E-11
    0.73163065775375386579E+01   -0.36916005659127097800E-10   -0.23178614812178670096E-11
    0.73250943743443448497E+01   -0.32693835345984262394E-10   -0.21547088125467727979E-11
    0.73338821711511519297E+01   -0.28951309287614014556E-10   -0.20015344812109171465E-11
    0.73426699679579590097E+01   -0.25633994345705213633E-10   -0.18579261274501228335E-11
    0.73514577647647652014E+01   -0.22693515929330398034E-10   -0.17235359512207314077E-11
    0.73602455615715722814E+01   -0.20087287608403828629E-10   -0.15979843269319109110E-11
    0.73690333583783793614E+01   -0.17777784866834060666E-10   -0.14808157566646575217E-11
    0.73778211551851855532E+01   -0.15731527414279579968E-10   -0.13714945336760862397E-11
    0.73866089519919926332E+01   -0.13918425810784864529E-10   -0.12694478872215909182E-11
    0.73953967487987997131E+01   -0.12311805097852765773E-10   -0.11741851678171669622E-11
    0.74041845456056067931E+01   -0.10888477802536832894E-10   -0.10853954305431987919E-11
    0.74129723424124129849E+01   -0.96282259538299610895E-11   -0.10028543345730242225E-11
    0.74217601392192200649E+01   -0.85129036829997476209E-11   -0.92621107207880637879E-12
    0.74305479360260271449E+01   -0.75259158250422450978E-11   -0.85492485700856504431E-12
    0.74393357328328333367E+01   -0.66524001283597777086E-11   -0.78847643170676247848E-12
    0.74481235296396404166E+01   -0.58794771967618547810E-11   -0.72658832911106025944E-12
    0.74569113264464474966E+01   -0.51959753186926092591E-11   -0.66915958289791796958E-12
    0.74656991232532536884E+01   -0.45918178265321788872E-11   -0.61601632881994847631E-12
    0.74744869200600607684E+01   -0.40576919939743589983E-11   -0.56680191667201442558E-12
    0.74832747168668678484E+01   -0.35852470420351802787E-11   -0.52113166771684099024E-12
    0.74920625136736740401E+01   -0.31673353258465069115E-11   -0.47876870977845446680E-12
    0.75008503104804811201E+01   -0.27978340909117827136E-11   -0.43958769057290385574E-12
    0.75096381072872882001E+01   -0.24712017968757437143E-11   -0.40340399253122435174E-12
    0.75184259040940952801E+01   -0.21822751324047672416E-11   -0.36992089445017805984E-12
    0.75272137009009014719E+01   -0.19265098629220397853E-11   -0.33889479386032195624E-12
    0.75360014977077085518E+01   -0.17002223788952659606E-11   -0.31029619259427482437E-12
    0.75447892945145156318E+01   -0.15003303981357036862E-11   -0.28420427044027202248E-12
    0.75535770913213218236E+01   -0.13237894204350673008E-11   -0.26053657963104675402E-12
    0.75623648881281289036E+01   -0.11674372669526515992E-11   -0.23895280560519232681E-12
    0.75711526849349359836E+01   -0.10285626298955900108E-11   -0.21907269850048955851E-12
    0.75799404817417421754E+01   -0.90544940742349575479E-12   -0.20071538230282038949E-12
    0.75887282785485492553E+01   -0.79700908598879557925E-12   -0.18388305874879761312E-12
    0.75975160753553563353E+01   -0.70185602509566277920E-12   -0.16858024337880450650E-12
    0.76063038721621625271E+01   -0.61799237144873201096E-12   -0.15469435225179422198E-12
    0.76150916689689696071E+01   -0.54357844464969068994E-12   -0.14200090063327780970E-12
    0.76238794657757766871E+01   -0.47771862524702965634E-12   -0.13021020649047052753E-12
    0.76326672625825837670E+01   -0.42013127048500560295E-12   -0.11905877342021940068E-12
    0.76414550593893899588E+01   -0.37013728487646827367E-12   -0.10842270294472036963E-12
    0.76502428561961970388E+01   -0.32630513143099101215E-12   -0.98340300259634252631E-13
    0.76590306530030041188E+01   -0.28726383886010048036E-12   -0.88882864469586591951E-13
    0.76678184498098103106E+01   -0.25254462701671282838E-12   -0.80029178922512380298E-13
    0.76766062466166173905E+01   -0.22229799431683530920E-12   -0.71718112360474138646E-13
    0.76853940434234244705E+01   -0.19632580294972056771E-12   -0.64006939247459101557E-13
    0.76941818402302306623E+01   -0.17369824963616246341E-12   -0.57101180273826033610E-13
    0.77029696370370377423E+01   -0.15341147693648574650E-12   -0.51162007075813475532E-13
    0.77117574338438448223E+01   -0.13510070930242114189E-12   -0.46122128537584730531E-13
    0.77205452306506510141E+01   -0.11890068934516208712E-12   -0.41770667955066465044E-13
    0.77293330274574580940E+01   -0.10478638346776730624E-12   -0.37998372250709454359E-13
    0.77381208242642651740E+01   -0.92284546043458916273E-13   -0.34881772893103170424E-13
    0.77469086210710722540E+01   -0.80849483950507077160E-13   -0.32487474371175776013E-13
    0.77556964178778784458E+01   -0.70291796650803255503E-13   -0.30667114725756323360E-13
    0.77644842146846855258E+01   -0.60749304989758690984E-13   -0.29100050093715287938E-13
    0.77732720114914926057E+01   -0.52375750978974718823E-13   -0.27488571081966494454E-13
    0.77820598082982987975E+01   -0.45152154437607181992E-13   -0.25686971228174954463E-13
    0.77908476051051058775E+01   -0.38929869441266805851E-13   -0.23705346794232031199E-13
    0.77996354019119129575E+01   -0.33525537875359736000E-13   -0.21668117382957457314E-13
    0.78084231987187191493E+01   -0.28799878188374636543E-13   -0.19709372334260075882E-13
    0.78172109955255262292E+01   -0.24719971814191408601E-13   -0.17837592100745953996E-13
    0.78259987923323333092E+01   -0.21347097271989638758E-13   -0.15912333717854933843E-13
    0.78347865891391395010E+01   -0.18709127147309234192E-13   -0.13801550797199804364E-13
    0.78435743859459465810E+01   -0.16684132031569088937E-13   -0.11538151376976116776E-13
    0.78523621827527536610E+01   -0.15044001170520195878E-13   -0.92955036822022304553E-14
    0.78611499795595607409E+01   -0.13592892089373589516E-13   -0.72541964953425329310E-14
    0.78699377763663669327E+01   -0.12243143273615392710E-13   -0.55226405468014538496E-14
    0.78787255731731740127E+01   -0.10981615832511460485E-13   -0.41551957992381111559E-14
    0.78875133699799810927E+01   -0.98152557502618908196E-14   -0.31852318475580064742E-14
    0.78963011667867872845E+01   -0.87373698021513178153E-14   -0.26251761506347096892E-14
    0.79050889635935943645E+01   -0.77093809650819512857E-14   -0.24469881372111004893E-14
    0.79138767604004014444E+01   -0.66735698635646424529E-14   -0.25749017261781580193E-14
    0.79226645572072076362E+01   -0.56118806625596278936E-14   -0.28996750807352865149E-14
    0.79314523540140147162E+01   -0.45940217577952482835E-14   -0.33042601005892437513E-14
    0.79402401508208217962E+01   -0.37386414533187962824E-14   -0.37153903739978584624E-14
    0.79490279476276279880E+01   -0.31240913332615406838E-14   -0.41633536972504523545E-14
    0.79578157444344350679E+01   -0.27330385945550116391E-14   -0.47479562165940652687E-14
    0.79666035412412421479E+01   -0.24554073499808676382E-14   -0.54600780575334951546E-14
    0.79753913380480492279E+01   -0.21236966271952622354E-14   -0.60417278870188915308E-14
    0.79841791348548554197E+01   -0.16240780747249187852E-14   -0.61342892297210610246E-14
    0.79929669316616624997E+01   -0.10399654928377567509E-14   -0.55857918531510505091E-14
    0.80017547284684695796E+01   -0.63408596395262686339E-15   -0.45685783254756429753E-14
    0.80105425252752748833E+01   -0.58169821062001853313E-15   -0.33900562681830734643E-14
    0.80193303220820819632E+01   -0.73910979757970002796E-15   -0.22746282120413404644E-14
    0.80281181188888890432E+01   -0.77827139638312941673E-15   -0.13098745568453403989E-14
    0.80369059156956961232E+01   -0.52462983028316737895E-15   -0.49222718312861912391E-15
    0.80456937125025032032E+01   -0.95629039677038004111E-16    0.22150860559488440053E-15
    0.80544815093093102831E+01    0.28412859786465593332E-15    0.86486313642375178460E-15
    0.80632693061161173631E+01    0.49324819024874796789E-15    0.14219587749453721316E-14
    0.80720571029229226667E+01    0.53655236372696652386E-15    0.18233028339139599551E-14
    0.80808448997297297467E+01    0.45929805588858263042E-15    0.19650892662409049093E-14
    0.80896326965365368267E+01    0.29733451682700719834E-15    0.17573260656052876667E-14
    0.80984204933433439066E+01    0.92621400060801277910E-16    0.12119229732924392140E-14
    0.81072082901501509866E+01   -0.90065670180949215521E-16    0.49806694320472118236E-15
    0.81159960869569580666E+01   -0.19878884059410636644E-15   -0.16450534744448853297E-15
    0.81247838837637633702E+01   -0.25550732970626238812E-15   -0.69494894074615816392E-15
    0.81335716805705704502E+01   -0.35246454414486795734E-15   -0.11917212720570614390E-14
    0.81423594773773775302E+01   -0.55045732536503814938E-15   -0.17439681399869833574E-14
    0.81511472741841846101E+01   -0.79208250361947979535E-15   -0.22562573630505079494E-14
    0.81599350709909916901E+01   -0.95648603793385004040E-15   -0.25203655533684833804E-14
    0.81687228677977987701E+01   -0.98904909479438531173E-15   -0.24215592875616920570E-14
    0.81775106646046058501E+01   -0.94204915668900616999E-15   -0.20307635201687141214E-14
    0.81862984614114111537E+01   -0.87714519658242720964E-15   -0.15151046710776169851E-14
    0.81950862582182182337E+01   -0.77103630579679563943E-15   -0.10219859150884212623E-14
    0.82038740550250253136E+01   -0.54888043680712825870E-15   -0.61427026317538668816E-15
    0.82126618518318323936E+01   -0.18596871713800787929E-15   -0.24185760287924427602E-15
    0.82214496486386394736E+01    0.25610792792843939283E-15    0.21115692411969014793E-15
    0.82302374454454465535E+01    0.69531907064983590088E-15    0.77395709774351060126E-15
    0.82390252422522518572E+01    0.10955478135282389944E-14    0.12790703287945466159E-14
    0.82478130390590589371E+01    0.14511227655892292953E-14    0.14996328824604176693E-14
    0.82566008358658660171E+01    0.17284220606949089659E-14    0.14099913567417459247E-14
    0.82653886326726730971E+01    0.18530108572567716539E-14    0.12404218294257599596E-14
    0.82741764294794801771E+01    0.17664733287595192630E-14    0.12236497239405591382E-14
    0.82829642262862872570E+01    0.14802917705107433745E-14    0.13552231860029524093E-14
    0.82917520230930943370E+01    0.10626765266469236258E-14    0.14533568620521650313E-14
    0.83005398198998996406E+01    0.58861409454127725139E-15    0.13783132901404009770E-14
    0.83093276167067067206E+01    0.10454534805879444642E-15    0.11334186345253544576E-14
    0.83181154135135138006E+01   -0.38224677701711397001E-15    0.78176239416228303498E-15
    0.83269032103203208806E+01   -0.89811441221828486116E-15    0.35171715137284131570E-15
    0.83356910071271279605E+01   -0.14572776903115427744E-14   -0.15376477789717735058E-15
    0.83444788039339350405E+01   -0.19990702320347490842E-14   -0.69355699201476862221E-15
    0.83532666007407403441E+01   -0.23866240015364921789E-14   -0.11713406379062670165E-14
    0.83620543975475474241E+01   -0.24938935121505643403E-14   -0.14895185148749155176E-14
    0.83708421943543545041E+01   -0.22888433127658024700E-14   -0.16047623258954338876E-14
    0.83796299911611615840E+01   -0.18344120209325943145E-14   -0.15348077614894417619E-14
    0.83884177879679686640E+01   -0.12431783550288706510E-14   -0.13371817195093924670E-14
    0.83972055847747757440E+01   -0.62704943978938962491E-15   -0.10785356517575282209E-14
    0.84059933815815828240E+01   -0.44661202367935397243E-16   -0.79378768002089658055E-15
    0.84147811783883881276E+01    0.52959487859536295161E-15   -0.46430567148867769201E-15
    0.84235689751951952076E+01    0.11563728348297752314E-14   -0.72855730275646311005E-16
    0.84323567720020022875E+01    0.18422757051403135205E-14    0.30849430278295831668E-15
    0.84411445688088093675E+01    0.24967464210819476271E-14    0.53117042758438399053E-15
    0.84499323656156164475E+01    0.29568722634795477658E-14    0.52475731158450469542E-15
    0.84587201624224235275E+01    0.30380520584362013452E-14    0.41520650648138772823E-15
    0.84675079592292288311E+01    0.26272230606689177233E-14    0.40702462461150677168E-15
    0.84762957560360359111E+01    0.17889249370229921654E-14    0.55288414211088614098E-15
    0.84850835528428429910E+01    0.76171472298786811181E-15    0.69786998727944163043E-15
    0.84938713496496500710E+01   -0.19709697227476102325E-15    0.67335495100023044799E-15
    0.85026591464564571510E+01   -0.95942376945546670140E-15    0.47964637642334308806E-15
    0.85114469432632642309E+01   -0.15383650573155184589E-14    0.24750145291085400743E-15
    0.85202347400700713109E+01   -0.20248172228521551420E-14    0.87332939227741837872E-16
    0.85290225368768766145E+01   -0.25069623320320090468E-14    0.17806442296894980555E-16
    0.85378103336836836945E+01   -0.29738387352891301951E-14    0.12285216981558092289E-16
    0.85465981304904907745E+01   -0.32627518487653980508E-14    0.51634430321909191595E-16
    0.85553859272972978545E+01   -0.31723419474984694489E-14    0.11559710867360315794E-15
    0.85641737241041049344E+01   -0.26509698216171449327E-14    0.14586405515568818529E-15
    0.85729615209109120144E+01   -0.18456393288318420238E-14    0.58325774580756703780E-16
    0.85817493177177173180E+01   -0.95650898142416828237E-15   -0.17649707473728912132E-15
    0.85905371145245243980E+01   -0.93774072545540187826E-16   -0.47725526471819122838E-15
    0.85993249113313314780E+01    0.72169882634678898018E-15   -0.72754747369353986463E-15
    0.86081127081381385580E+01    0.14838951230327637238E-14   -0.90981940985466891320E-15
    0.86169005049449456379E+01    0.21544002095758989343E-14   -0.11163159774459165819E-14
    0.86256883017517527179E+01    0.26580132090027210464E-14   -0.13917148583590675544E-14
    0.86344760985585597979E+01    0.28978587682971580873E-14   -0.16101548053537400862E-14
    0.86432638953653651015E+01    0.28085174706066361966E-14   -0.15859003813979375745E-14
    0.86520516921721721815E+01    0.24213762163258848734E-14   -0.12895846113495529651E-14
    0.86608394889789792614E+01    0.18517294515519385985E-14   -0.88788697166329307371E-15
    0.86696272857857863414E+01    0.11821234301394950052E-14   -0.54151368973690514933E-15
    0.86784150825925934214E+01    0.38274487355291621097E-15   -0.22858461054664512536E-15
    0.86872028793994005014E+01   -0.57219231054578486881E-15    0.18344753903878036007E-15
    0.86959906762062058050E+01   -0.15085871114368214447E-14    0.74772160436889654038E-15
    0.87047784730130128850E+01   -0.20839572961397483451E-14    0.13632340029606321879E-14
    0.87135662698198199649E+01   -0.21214917473750982394E-14    0.18610690769477711906E-14
    0.87223540666266270449E+01   -0.18583261193972947609E-14    0.21068404188861951173E-14
    0.87311418634334341249E+01   -0.17052538908900259465E-14    0.20524578018326231095E-14
    0.87399296602402412049E+01   -0.17896090401257642286E-14    0.17553849383650757520E-14
    0.87487174570470482848E+01   -0.18495697603436327806E-14    0.13364597303600070048E-14
    0.87575052538538535885E+01   -0.16010018571643426859E-14    0.86127597753866177646E-15
    0.87662930506606606684E+01   -0.10658707190319238706E-14    0.26183760232335586851E-15
    0.87750808474674677484E+01   -0.46838135558068976463E-15   -0.55776705090198901006E-15
    0.87838686442742748284E+01    0.68053097585848195586E-16   -0.15380303309321275185E-14
    0.87926564410810819084E+01    0.60686635850440383905E-15   -0.24415961581050842954E-14
    0.88014442378878889883E+01    0.11908887638160824206E-14   -0.30433170200138280043E-14
    0.88102320346946942919E+01    0.16697915792758585980E-14   -0.32960584790114859300E-14
    0.88190198315015013719E+01    0.18279942330857075051E-14   -0.32823213544926577258E-14
    0.88278076283083084519E+01    0.16430888248461504857E-14   -0.30663583543525569017E-14
    0.88365954251151155319E+01    0.13330188339442756619E-14   -0.26344146952516960200E-14
    0.88453832219219226118E+01    0.11247151202955451141E-14   -0.19547935658738781289E-14
    0.88541710187287296918E+01    0.10469257746347396570E-14   -0.10418052706436445552E-14
    0.88629588155355367718E+01    0.97427631383383934816E-15    0.41408157199986296601E-16
    0.88717466123423420754E+01    0.78927325497479264980E-15    0.12084600005675737047E-14
    0.88805344091491491554E+01    0.46509410556686941232E-15    0.23528890583098036150E-14
    0.88893222059559562354E+01    0.39490169543463257484E-16    0.33216805774009611401E-14
    0.88981100027627633153E+01   -0.42378317865232671863E-15    0.39170788820533863441E-14
    0.89068977995695703953E+01   -0.84833158681321782569E-15    0.40083194573877483663E-14
    0.89156855963763774753E+01   -0.11487578823970737095E-14    0.36775110904620049443E-14
    0.89244733931831827789E+01   -0.12615043432732054627E-14    0.31722597666809656005E-14
    0.89332611899899898589E+01   -0.12094381250953243035E-14    0.26162766504918084257E-14
    0.89420489867967969388E+01   -0.11269362162536094503E-14    0.18177213033916526800E-14
    0.89508367836036040188E+01   -0.11377852974503171004E-14    0.53556887281365094743E-15
    0.89596245804104110988E+01   -0.11820574003770131904E-14   -0.10749970637955232408E-14
    0.89684123772172181788E+01   -0.10428799258372229214E-14   -0.24515354260586620138E-14
    0.89772001740240252587E+01   -0.62272924415560417619E-15   -0.31617691636452760060E-14
    0.89859879708308305624E+01   -0.13890227832503486955E-15   -0.33283900356909601385E-14
    0.89947757676376376423E+01    0.83481683256530508895E-16   -0.33766111929124760785E-14
    0.90035635644444447223E+01   -0.18501328298977198900E-16   -0.34926206638771352108E-14
    0.90123513612512518023E+01   -0.18320744736728607350E-15   -0.34644659605187509928E-14
    0.90211391580580588823E+01   -0.14984740225339703588E-15   -0.30120588166178989849E-14
    0.90299269548648659622E+01    0.71466612018729852324E-16   -0.20976079814603453710E-14
    0.90387147516716712659E+01    0.32488753304849690071E-15   -0.89632797037489301372E-15
    0.90475025484784783458E+01    0.59595466434408730106E-15    0.38723644100197814471E-15
    0.90562903452852854258E+01    0.10328367245293535873E-14    0.16114051972616521510E-14
    0.90650781420920925058E+01    0.16358582191066190145E-14    0.26679980377519226549E-14
    0.90738659388988995858E+01    0.20516721697144434662E-14    0.34510824333318625193E-14
    0.90826537357057066657E+01    0.18793299984237664852E-14    0.38874721483161184622E-14
    0.90914415325125137457E+01    0.11676061270395033951E-14    0.39878355338201588694E-14
    0.91002293293193190493E+01    0.42750297009019303347E-15    0.38166673505510037978E-14
    0.91090171261261261293E+01    0.50940432815370902879E-16    0.33648146226069260509E-14
    0.91178049229329332093E+01   -0.13299781327674103469E-15    0.24885108552694911807E-14
    0.91265927197397402892E+01   -0.55196949357255142532E-15    0.11074953507988616886E-14
    0.91353805165465473692E+01   -0.12844794020162028755E-14   -0.51290954173388419275E-15
    0.91441683133533544492E+01   -0.19517225257012973733E-14   -0.18255899139303481626E-14
    0.91529561101601597528E+01   -0.22207975588009264558E-14   -0.24805545961025238415E-14
    0.91617439069669668328E+01   -0.22094610560601620238E-14   -0.26640691428144258315E-14
    0.91705317037737739128E+01   -0.22622716452697471183E-14   -0.27873211554986163860E-14
    0.91793195005805809927E+01   -0.24729343090888224111E-14   -0.29255985134422836247E-14
    0.91881072973873880727E+01   -0.25731679200329940487E-14   -0.27509925274975538385E-14
    0.91968950941941951527E+01   -0.22702583639371379561E-14   -0.20613379273797007461E-14
    0.92056828910010004563E+01   -0.15422064701307496643E-14   -0.11704464378218997885E-14
    0.92144706878078075363E+01   -0.56921854763603400776E-15   -0.56501515751068171211E-15
    0.92232584846146146162E+01    0.48711253131741938474E-15   -0.28548272521292456177E-15
    0.92320462814214216962E+01    0.15562382298783370830E-14    0.12551119890241487713E-15
    0.92408340782282287762E+01    0.25487422139944351306E-14    0.99598178002213991335E-15
    0.92496218750350358562E+01    0.32794825757043444420E-14    0.20484928258881305372E-14
    0.92584096718418411598E+01    0.35836278722024245131E-14    0.27263347910250054253E-14
    0.92671974686486482398E+01    0.34969545608751742424E-14    0.28302993008088135520E-14
    0.92759852654554553197E+01    0.32240501082493409252E-14    0.26455871711213864635E-14
    0.92847730622622623997E+01    0.28589258033412200294E-14    0.24603703814080138805E-14
    0.92935608590690694797E+01    0.22062704420075651899E-14    0.21867375065604964078E-14
    0.93023486558758765597E+01    0.10268099837143162887E-14    0.15921737324536787913E-14
    0.93111364526826818633E+01   -0.56771316486808523118E-15    0.75796656511355888956E-15
    0.93199242494894889433E+01   -0.20933631150687646021E-14    0.96217566719004057947E-16
    0.93287120462962960232E+01   -0.31099754939108096145E-14   -0.15038293533661676386E-15
    0.93374998431031031032E+01   -0.35577154529488249613E-14   -0.25629619969221175515E-15
    0.93462876399099101832E+01   -0.36442502023053607654E-14   -0.65659034903713967209E-15
    0.93550754367167172632E+01   -0.35482205665698471990E-14   -0.13393595302053708853E-14
    0.93638632335235243431E+01   -0.32876545908193456938E-14   -0.18050881230053922729E-14
    0.93726510303303296467E+01   -0.27877936313398625205E-14   -0.16829445951426160429E-14
    0.93814388271371367267E+01   -0.19757189836270695086E-14   -0.11924382496444083503E-14
    0.93902266239439438067E+01   -0.85709354703477859178E-15   -0.83665269314451080336E-15
    0.93990144207507508867E+01    0.42657881253540130492E-15   -0.80718969216313318486E-15
    0.94078022175575579666E+01    0.16350012915528047585E-14   -0.85432448205575626263E-15
    0.94165900143643650466E+01    0.25707946830918508366E-14   -0.69718780761684045189E-15
    0.94253778111711703502E+01    0.31868055750175160813E-14   -0.36346076124713338241E-15
    0.94341656079779774302E+01    0.35444480414890027622E-14   -0.70090553894382531716E-16
    0.94429534047847845102E+01    0.37112498811115370914E-14    0.73778686421781737061E-16
    0.94517412015915915902E+01    0.37020542352705866881E-14    0.15042468155130814138E-15
    0.94605289983983986701E+01    0.34732031686281199406E-14    0.26917762385478429704E-15
    0.94693167952052057501E+01    0.29424327361400107709E-14    0.42734277210337676241E-15
    0.94781045920120128301E+01    0.20578990271233149234E-14    0.55832110159872115719E-15
    0.94868923888188181337E+01    0.87927217318857498128E-15    0.64961315034776247058E-15
    0.94956801856256252137E+01   -0.41808234773678049851E-15    0.75977545908435881441E-15
    0.95044679824324322936E+01   -0.16249334920342083234E-14    0.92032870351639436830E-15
    0.95132557792392393736E+01   -0.25767452944931118745E-14    0.10641587128259624094E-14
    0.95220435760460464536E+01   -0.31839576571676917516E-14    0.10812309487590514355E-14
    0.95308313728528535336E+01   -0.34372368443962736989E-14    0.92171611540167912407E-15
    0.95396191696596588372E+01   -0.33808324475284819286E-14    0.63469627116107557548E-15
    0.95484069664664659172E+01   -0.30529658988519600118E-14    0.33283978883111268925E-15
    0.95571947632732729971E+01   -0.24539142606210675221E-14    0.13555672819171453400E-15
    0.95659825600800800771E+01   -0.16065250452505966553E-14    0.84606347801948344543E-16
    0.95747703568868871571E+01   -0.64107647292483216611E-15    0.66809332517702375777E-16
    0.95835581536936942371E+01    0.24267497857769867531E-15   -0.11321403240403446276E-15
    0.95923459505005013170E+01    0.94622718123293625763E-15   -0.50044065184546443992E-15
    0.96011337473073066207E+01    0.15699747224391763462E-14   -0.86227894039676170903E-15
    0.96099215441141137006E+01    0.22497513092643135302E-14   -0.92428155472996405630E-15
    0.96187093409209207806E+01    0.29145285747876918038E-14   -0.71538150284472543756E-15
    0.96274971377277278606E+01    0.33000114517407070698E-14   -0.55713323002801851816E-15
    0.96362849345345349406E+01    0.32394640986053566713E-14   -0.66685469951130690195E-15
    0.96450727313413420205E+01    0.28590058275236637060E-14   -0.88091926366766565936E-15
    0.96538605281481491005E+01    0.23915565944019720180E-14   -0.87365072107537102007E-15
    0.96626483249549544041E+01    0.18686289418238704222E-14   -0.54460819020520522272E-15
    0.96714361217617614841E+01    0.11157335624250083555E-14   -0.85807374669048074927E-16
    0.96802239185685685641E+01    0.74843974399849055522E-16    0.29959812320912399848E-15
    0.96890117153753756440E+01   -0.98710557879756376445E-15    0.61413568876248790819E-15
    0.96977995121821827240E+01   -0.17172276987466334573E-14    0.96133432807288439075E-15
    0.97065873089889898040E+01   -0.20555375353592341601E-14    0.13304853778155052098E-14
    0.97153751057957951076E+01   -0.22485964864994827200E-14    0.15668914174067255280E-14
    0.97241629026026021876E+01   -0.24731223816348745932E-14    0.15426782182669368622E-14
    0.97329506994094092676E+01   -0.25748708168590534920E-14    0.12882904723805924807E-14
    0.97417384962162163475E+01   -0.22785337811823590024E-14    0.93570383559193311913E-15
    0.97505262930230234275E+01   -0.15520775867606772018E-14    0.59200926409228878208E-15
    0.97593140898298305075E+01   -0.65991908841108794996E-15    0.27779544759314971038E-15
    0.97681018866366375875E+01    0.11612327317561866899E-15   -0.62118496661388655861E-16
    0.97768896834434428911E+01    0.70155320073423716510E-15   -0.51695352317331911633E-15
    0.97856774802502499710E+01    0.11754190570545910380E-14   -0.11142835812472131320E-14
    0.97944652770570570510E+01    0.16125785960771510321E-14   -0.17231555985743798244E-14
    0.98032530738638641310E+01    0.20053265631136399247E-14   -0.21139698897208118052E-14
    0.98120408706706712110E+01    0.22732689657362680888E-14   -0.21784018407817920424E-14
    0.98208286674774782909E+01    0.23017499895579073425E-14   -0.20553213165898227367E-14
    0.98296164642842835946E+01    0.20213378759182942574E-14   -0.19447462623293100043E-14
    0.98384042610910906745E+01    0.14896461178747296046E-14   -0.18329931195240222956E-14
    0.98471920578978977545E+01    0.86701838605618607577E-15   -0.15006261968545224380E-14
    0.98559798547047048345E+01    0.28426066397087132787E-15   -0.82257838083580822938E-15
    0.98647676515115119145E+01   -0.24180719367222481409E-15    0.30655419489006141623E-16
    0.98735554483183189944E+01   -0.72578528888213761971E-15    0.76384876760813389978E-15
    0.98823432451251260744E+01   -0.10856227157181501569E-14    0.12474591098260752245E-14
    0.98911310419319313780E+01   -0.11744452010067551932E-14    0.15850018265726105693E-14
    0.98999188387387384580E+01   -0.97449356670749350531E-15    0.19472954245076146619E-14
    0.99087066355455455380E+01   -0.70033269936505235526E-15    0.24075017454866489374E-14
    0.99174944323523526180E+01   -0.60513210817850079204E-15    0.28660703134682273552E-14
    0.99262822291591596979E+01   -0.70429687369227500152E-15    0.30353390995332368193E-14
    0.99350700259659667779E+01   -0.75922862934119323126E-15    0.25953913723565822321E-14
    0.99438578227727720815E+01   -0.52663555892844361576E-15    0.15141499756444506138E-14
    0.99526456195795791615E+01    0.32273122689363980569E-16    0.18264642165213587167E-15
    0.99614334163863862415E+01    0.74392090521169753088E-15   -0.98625654627985010911E-15
    0.99702212131931933214E+01    0.13095843852412676565E-14   -0.21042768698342198153E-14
    0.99790090100000004014E+01    0.15025590350418684776E-14   -0.38740750418041289704E-14
