    0.11999999999999999556E+01    0.00000000000000000000E+00    0.00000000000000000000E+00
    0.12087877968068068135E+01   -0.27671038767901739504E-10    0.44861360509637298736E-17
    0.12175755936136136715E+01    0.41934994621834277473E-10    0.14209229370976805108E-17
    0.12263633904204203073E+01    0.39308746306782714193E-10    0.53010461364670974030E-18
    0.12351511872272271653E+01   -0.90260245825667647085E-10    0.46517854257499220651E-17
    0.12439389840340340232E+01   -0.88476284754941380109E-10    0.49484697596579293374E-17
    0.12527267808408408811E+01    0.16727767930801504829E-09   -0.36791987492803823155E-17
    0.12615145776476475170E+01    0.38337510560647014582E-09   -0.12567971355581348713E-16
    0.12703023744544543749E+01    0.22272566335786767211E-09   -0.10024276597546601200E-16
    0.12790901712612612329E+01   -0.16127255227261735469E-09    0.23360331074007134422E-17
    0.12878779680680680908E+01   -0.23747253298523693623E-09    0.10388208383148018219E-16
    0.12966657648748749487E+01    0.16076574546437885702E-09    0.51619343778823408093E-17
    0.13054535616816815846E+01    0.45470788629807588476E-09   -0.58496015427430099913E-17
    0.13142413584884884425E+01    0.61408910619542486747E-10   -0.91209664477397103293E-17
    0.13230291552952953005E+01   -0.62114633027978842319E-09   -0.16853795323165835950E-17
    0.13318169521021021584E+01   -0.52446963152454789967E-09    0.74818339781329545231E-17
    0.13406047489089087943E+01    0.53842017556946302331E-09    0.10990615213630211767E-16
    0.13493925457157156522E+01    0.11508059648920024675E-08    0.12210519416716856149E-16
    0.13581803425225225102E+01    0.47017114979675265841E-10    0.18598189417980201019E-16
    0.13669681393293293681E+01   -0.16456609747008321222E-08    0.30335105184671946897E-16
    0.13757559361361360040E+01   -0.12824449020856503837E-08    0.38165530546539077679E-16
    0.13845437329429428619E+01    0.14746555987318036975E-08    0.30343299824849460661E-16
    0.13933315297497497198E+01    0.29622503983261536103E-08    0.39751985380248672009E-18
    0.14021193265565565778E+01    0.26161759442942927463E-10   -0.46129250191737033868E-16
    0.14109071233633634357E+01   -0.43155714095351932476E-08   -0.88011969363361407242E-16
    0.14196949201701700716E+01   -0.32396179509681865703E-08   -0.10279391824032170167E-15
    0.14284827169769769295E+01    0.40053537115302669815E-08   -0.97544747474007747119E-16
    0.14372705137837837874E+01    0.78557781827026059561E-08   -0.11621632931143005156E-15
    0.14460583105905906454E+01    0.32663896648046274716E-09   -0.18482927389450040527E-15
    0.14548461073973975033E+01   -0.10178521287809014741E-07   -0.24813406423424045122E-15
    0.14636339042042041392E+01   -0.48550575183435246033E-08   -0.20451474469882047720E-15
    0.14724217010110109971E+01    0.20347104878417450460E-07   -0.31792774926144106374E-16
    0.14812094978178178550E+01    0.46221229285252940727E-07    0.15302075062645439577E-15
    0.14899972946246244909E+01    0.68017223085668403868E-07    0.22195194013680959114E-15
    0.14987850914314313489E+01    0.14548966727256228273E-06    0.20291185543709070834E-15
    0.15075728882382382068E+01    0.42146279623317784181E-06    0.24209874326030050096E-15
    0.15163606850450450647E+01    0.11158098453566798606E-05    0.37733472688768256302E-15
    0.15251484818518519226E+01    0.26474993900080618155E-05    0.42329073909285638957E-15
    0.15339362786586585585E+01    0.60706047662084654828E-05    0.18252151378955521569E-15
    0.15427240754654654165E+01    0.13734944679324567317E-04   -0.27281612213495143277E-15
    0.15515118722722722744E+01    0.30663766695972782838E-04   -0.63767442842193962741E-15
    0.15602996690790791323E+01    0.66684541435816591863E-04   -0.70492017625798346174E-15
    0.15690874658858859902E+01    0.14065889400384119236E-03   -0.57231329489118001383E-15
    0.15778752626926926261E+01    0.28945502106011365391E-03   -0.46705768872274373415E-15
    0.15866630594994994841E+01    0.58033622073222035191E-03   -0.46905367963184692567E-15
    0.15954508563063063420E+01    0.11343199648575451582E-02   -0.47658391954394484748E-15
    0.16042386531131129779E+01    0.21602387691828351356E-02   -0.39636839239637751249E-15
    0.16130264499199198358E+01    0.40038699778750562810E-02   -0.26545868430855456019E-15
    0.16218142467267266937E+01    0.72291703478151786086E-02   -0.14653990351199130050E-15
    0.16306020435335335517E+01    0.12713867989357649849E-01    0.27891077833519357877E-16
    0.16393898403403404096E+01    0.21763127170908089930E-01    0.41736921986998601803E-15
    0.16481776371471470455E+01    0.36237146643837224447E-01    0.10612130936529168375E-14
    0.16569654339539539034E+01    0.58629834633375628450E-01    0.17828661647808240869E-14
    0.16657532307607607613E+01    0.92029571886249023072E-01    0.24153866751245601467E-14
    0.16745410275675676193E+01    0.13998092179365656529E+00    0.30865073877632478273E-14
    0.16833288243743744772E+01    0.20598498960375441480E+00    0.41573721914991303068E-14
    0.16921166211811811131E+01    0.29266450366588619980E+00    0.58519046008955056822E-14
    0.17009044179879879710E+01    0.40070486052343462502E+00    0.80367886602563297285E-14
    0.17096922147947948289E+01    0.52737733619578952560E+00    0.10435926697681943822E-13
    0.17184800116016014648E+01    0.66503930249111220530E+00    0.12937643247172040486E-13
    0.17272678084084085448E+01    0.80041193403650290339E+00    0.15523815607264772213E-13
    0.17360556052152151807E+01    0.91461446452430894549E+00    0.17867811178421069772E-13
    0.17448434020220220386E+01    0.98442504850275314165E+00    0.19184567895250752495E-13
    0.17536311988288288966E+01    0.98612172834903555341E+00    0.18746861714864902814E-13
    0.17624189956356355324E+01    0.90035443775576162739E+00    0.16512878712624541474E-13
    0.17712067924424426124E+01    0.71782637913453495315E+00    0.13003160585610046208E-13
    0.17799945892492492483E+01    0.44555604383659114243E+00    0.85252134380740415690E-14
    0.17887823860560561062E+01    0.11075139463888321323E+00    0.28235195245671365034E-14
    0.17975701828628629642E+01   -0.24086597444490082109E+00   -0.41332213313072169644E-14
    0.18063579796696696000E+01   -0.54969860392549441119E+00   -0.11177680493246300417E-13
    0.18151457764764764580E+01   -0.75330362606156209271E+00   -0.16230926222041920244E-13
    0.18239335732832833159E+01   -0.80290547159140879252E+00   -0.17686749145148093511E-13
    0.18327213700900899518E+01   -0.67818582722470066582E+00   -0.15333556341595202663E-13
    0.18415091668968970318E+01   -0.39673218288501665985E+00   -0.99487054568551246755E-14
    0.18502969637037036676E+01   -0.19071787243425154801E-01   -0.25528955293429247627E-14
    0.18590847605105105256E+01    0.36196149644185338090E+00    0.56413199480079470831E-14
    0.18678725573173173835E+01    0.64553577363196490424E+00    0.12692984316717044733E-13
    0.18766603541241240194E+01    0.74889078212181370287E+00    0.15989211800677404137E-13
    0.18854481509309310994E+01    0.63366623653993525700E+00    0.13766324398579578649E-13
    0.18942359477377377353E+01    0.32793339523662506929E+00    0.67901957493490538229E-14
    0.19030237445445445932E+01   -0.78044123262468428903E-01   -0.19851641423451455598E-14
    0.19118115413513514511E+01   -0.45904726299045217619E+00   -0.94858759621756706513E-14
    0.19205993381581580870E+01   -0.68896102320294672072E+00   -0.13966141348656721275E-13
    0.19293871349649649449E+01   -0.68380098454902815686E+00   -0.14652380281692816631E-13
    0.19381749317717718029E+01   -0.44150211916161513637E+00   -0.10989633866835476937E-13
    0.19469627285785784387E+01   -0.44676084012725686412E-01   -0.31208242797582741983E-14
    0.19557505253853855187E+01    0.36891329749212919964E+00    0.66313434946400896612E-14
    0.19645383221921921546E+01    0.64701711062019695575E+00    0.13629323190190828392E-13
    0.19733261189989990125E+01    0.67953261817640575604E+00    0.13957961477841820771E-13
    0.19821139158058058705E+01    0.45219374453167776595E+00    0.78583981339154073663E-14
    0.19909017126126125063E+01    0.51900724636157323510E-01   -0.69742087540299594464E-15
    0.19996895094194195863E+01   -0.36967820182720378952E+00   -0.76681650614073825054E-14
    0.20084773062262262222E+01   -0.64518049865406956744E+00   -0.11427918416418483941E-13
    0.20172651030330328581E+01   -0.65747030807051576318E+00   -0.11922153812988298172E-13
    0.20260528998398399381E+01   -0.40075996284651194124E+00   -0.90330726109830037112E-14
    0.20348406966466465740E+01    0.18281444896920417270E-01   -0.27175663152100953262E-14
    0.20436284934534532098E+01    0.43043152983763932617E+00    0.53992468796278841474E-14
    0.20524162902602602898E+01    0.66391257729810604360E+00    0.11581984359410836583E-13
    0.20612040870670673698E+01    0.61343301991211451885E+00    0.12344817272055343754E-13
    0.20699918838738740057E+01    0.30001506155967222478E+00    0.72533240655372893680E-14
    0.20787796806806806416E+01   -0.13897423181752710519E+00   -0.98033891415754060019E-15
    0.20875674774874877215E+01   -0.51805993564172303500E+00   -0.86570052846693267570E-14
    0.20963552742942943574E+01   -0.67499996242667659185E+00   -0.12909959834049754399E-13
    0.21051430711011009933E+01   -0.53474421456716647594E+00   -0.12271605564802588984E-13
    0.21139308679079080733E+01   -0.15790018928638036022E+00   -0.68171459113755216688E-14
    0.21227186647147147092E+01    0.28523884109817487786E+00    0.17961248830279483108E-14
    0.21315064615215213450E+01    0.60155883248982133793E+00    0.10400328037142324042E-13
    0.21402942583283284250E+01    0.65468347654583702866E+00    0.15039575021617252257E-13
    0.21490820551351350609E+01    0.41501185209682850408E+00    0.13024265874628839835E-13
    0.21578698519419421409E+01   -0.12405366468239810776E-01    0.49979784169778118491E-14
    0.21666576487487487768E+01   -0.43146283028073417753E+00   -0.53170902922796010706E-14
    0.21754454455555558567E+01   -0.65571643666052359389E+00   -0.13273646237417835533E-13
    0.21842332423623624926E+01   -0.58992227709818667591E+00   -0.15343781281111506579E-13
    0.21930210391691691285E+01   -0.25878885732356277094E+00   -0.10502942485837532615E-13
    0.22018088359759762085E+01    0.19184882046108087117E+00   -0.10603052636372646093E-14
    0.22105966327827828444E+01    0.55424967699813232347E+00    0.84253517746579499170E-14
    0.22193844295895894803E+01    0.66484703865705896408E+00    0.13738502224070744620E-13
    0.22281722263963965602E+01    0.48010168110707546196E+00    0.12943355444961674560E-13
    0.22369600232032031961E+01    0.79856966832638112685E-01    0.66371277358449128720E-14
    0.22457478200100098320E+01   -0.35983145249786596676E+00   -0.24469619318122389898E-14
    0.22545356168168169120E+01   -0.63674478647551513433E+00   -0.10510622759515952470E-13
    0.22633234136236239920E+01   -0.62431883280388977830E+00   -0.14272143035369090928E-13
    0.22721112104304301837E+01   -0.33474458151215003010E+00   -0.12214825897244737309E-13
    0.22808990072372372637E+01    0.10355602032324850992E+00   -0.50452532001910580737E-14
    0.22896868040440443437E+01    0.49898364050767357591E+00    0.43019297290827095042E-14
    0.22984746008508509796E+01    0.67129845278809163744E+00    0.11792089150238056568E-13
    0.23072623976576576155E+01    0.54025825690691253733E+00    0.14279622241068362499E-13
    0.23160501944644646954E+01    0.17077306343598022687E+00    0.10889475782099077979E-13
    0.23248379912712713313E+01   -0.27247021331616599893E+00    0.29914346523923612387E-14
    0.23336257880780779672E+01   -0.59808005931516494691E+00   -0.63450323026820190635E-14
    0.23424135848848850472E+01   -0.66032378788145928983E+00   -0.13363488643112620295E-13
    0.23512013816916916831E+01   -0.42790419705143073470E+00   -0.14984190383143117825E-13
    0.23599891784984983190E+01   -0.88193553503532716442E-02   -0.10020852815176521637E-13
    0.23687769753053053989E+01    0.41156106974456069247E+00   -0.27146420603195328368E-16
    0.23775647721121124789E+01    0.65513604828686033965E+00    0.10411483343473470835E-13
    0.23863525689189186707E+01    0.61600823699214235507E+00    0.15740718908742110124E-13
    0.23951403657257257507E+01    0.30720943146680462776E+00    0.13225937646615106849E-13
    0.24039281625325328307E+01   -0.13341638269414929363E+00    0.48433525938904162837E-14
    0.24127159593393394665E+01   -0.51422235666326787662E+00   -0.49261115104944465914E-14
    0.24215037561461461024E+01   -0.67770237809108224702E+00   -0.12177133279372578027E-13
    0.24302915529529531824E+01   -0.55553748037049244246E+00   -0.14758259950090287627E-13
    0.24390793497597598183E+01   -0.19569558089401098422E+00   -0.11966056709070507314E-13
    0.24478671465665664542E+01    0.24663251638171027058E+00   -0.43939192135038578041E-14
    0.24566549433733735341E+01    0.58319358904282925238E+00    0.56233413906937543831E-14
    0.24654427401801801700E+01    0.67847726024965981928E+00    0.13782940708583293923E-13
    0.24742305369869868059E+01    0.49492883039162843817E+00    0.15652742826086434127E-13
    0.24830183337937938859E+01    0.10489475919272536752E+00    0.99789946475970413488E-14
    0.24918061306006009659E+01   -0.32874139266333496368E+00    0.29494916336147100903E-16
    0.25005939274074071577E+01   -0.62601511034900680919E+00   -0.91542325978767343091E-14
    0.25093817242142142376E+01   -0.67078139581368878552E+00   -0.14209311040995701375E-13
    0.25181695210210213176E+01   -0.44753748154857997399E+00   -0.14300050541108728244E-13
    0.25269573178278279535E+01   -0.42929393862494127920E-01   -0.99900461395428754174E-14
    0.25357451146346345894E+01    0.37961925016243736053E+00   -0.24570672704792369502E-14
    0.25445329114414416694E+01    0.65003563224478100313E+00    0.62576803355570836019E-14
    0.25533207082482483052E+01    0.66622382294780257972E+00    0.12972743893237819968E-13
    0.25621085050550549411E+01    0.42477784989763667234E+00    0.14495200118732575958E-13
    0.25708963018618620211E+01    0.17056417402072369255E-01    0.97430453844303505896E-14
    0.25796840986686686570E+01   -0.39811877406503637378E+00    0.73721774698206221796E-15
    0.25884718954754752929E+01   -0.65965353376031954369E+00   -0.87418975634738246889E-14
    0.25972596922822823728E+01   -0.67230876613059720182E+00   -0.15043086377984900097E-13
    0.26060474890890894528E+01   -0.43419464883386704734E+00   -0.15867960108745574657E-13
    0.26148352858958960887E+01   -0.32522041354571942784E-01   -0.10953349997759704043E-13
    0.26236230827027027246E+01    0.38193113805409739658E+00   -0.21878673606249753219E-14
    0.26324108795095098046E+01    0.65456417348331952244E+00    0.72384685557743029931E-14
    0.26411986763163164404E+01    0.68944194520891877165E+00    0.13953332731902504698E-13
    0.26499864731231230763E+01    0.47642645472068240187E+00    0.15478016421934493287E-13
    0.26587742699299301563E+01    0.90790287594520721615E-01    0.11226803452285239614E-13
    0.26675620667367367922E+01   -0.32768803872997886995E+00    0.28584806204159199537E-14
    0.26763498635435434281E+01   -0.62892824953298409607E+00   -0.65678346658450136221E-14
    0.26851376603503505081E+01   -0.71034804971670173490E+00   -0.13758302786117463905E-13
    0.26939254571571571439E+01   -0.54564776180624818824E+00   -0.16260003041221186057E-13
    0.27027132539639637798E+01   -0.19095515750483324502E+00   -0.13421943005580411496E-13
    0.27115010507707708598E+01    0.22938819865469514681E+00   -0.66643616911823145273E-14
    0.27202888475775779398E+01    0.57066613493545692570E+00    0.15096392067039324143E-14
    0.27290766443843845757E+01    0.72067008106201058126E+00    0.87119044786948574433E-14
    0.27378644411911912115E+01    0.63096565899672441002E+00    0.13160455688417413343E-13
    0.27466522379979982915E+01    0.33108372822007503533E+00    0.13662506546201702826E-13
    0.27554400348048049274E+01   -0.77282086766458243932E-01    0.97413762852301111368E-14
    0.27642278316116115633E+01   -0.45974589047698960487E+00    0.21121185860435970600E-14
    0.27730156284184186433E+01   -0.69542854266766418458E+00   -0.69589661016963880517E-14
    0.27818034252252252791E+01   -0.71033130163377655730E+00   -0.14328459566016800094E-13
    0.27905912220320319150E+01   -0.50014981152514126350E+00   -0.17368226628548323987E-13
    0.27993790188388389950E+01   -0.13426912830180287584E+00   -0.14969371397821533256E-13
    0.28081668156456460750E+01    0.27261964647926884009E+00   -0.77188644492252188312E-14
    0.28169546124524522668E+01    0.59721520276232276103E+00    0.22486859878917824382E-14
    0.28257424092592593468E+01    0.74135854438017378953E+00    0.11863460773915097305E-13
    0.28345302060660664267E+01    0.66249273391932028687E+00    0.18058719489916569486E-13
    0.28433180028728730626E+01    0.38777511069122472254E+00    0.18696753918616567565E-13
    0.28521057996796796985E+01   -0.68657007537150423898E-03    0.13415349688745997335E-13
    0.28608935964864867785E+01   -0.38990824596550605063E+00    0.41553844524359717839E-14
    0.28696813932932934144E+01   -0.66688659417076479041E+00   -0.57224575245697583735E-14
    0.28784691901001000502E+01   -0.75331263224481348484E+00   -0.13266424915620417630E-13
    0.28872569869069071302E+01   -0.62806901855997121498E+00   -0.17033077513954042946E-13
    0.28960447837137137661E+01   -0.32730019487411238233E+00   -0.16736047117958502116E-13
    0.29048325805205204020E+01    0.64644437489026276844E-01   -0.12622528525110262930E-13
    0.29136203773273274820E+01    0.43867545178931899308E+00   -0.54125053803146049364E-14
    0.29224081741341345619E+01    0.69396615978552933512E+00    0.33897518974805734744E-14
    0.29311959709409407537E+01    0.76447529253811830063E+00    0.11573241562141266690E-13
    0.29399837677477478337E+01    0.63247649192485788650E+00    0.17041031801674580922E-13
    0.29487715645545549137E+01    0.33475996408947894523E+00    0.18648431855857271364E-13
    0.29575593613613615496E+01   -0.49076940190503445804E-01    0.16197129717403737890E-13
    0.29663471581681681855E+01   -0.42067584881816394438E+00    0.98762547402865918192E-14
    0.29751349549749752654E+01   -0.68691241538890290830E+00    0.19541187967617822976E-15
    0.29839227517817819013E+01   -0.78185185677844926122E+00   -0.11142543685219780532E-13
    0.29927105485885885372E+01   -0.68470109523251621031E+00   -0.20589391350720218596E-13
    0.30014983453953956172E+01   -0.42182155755223266214E+00   -0.24260832127235578008E-13
    0.30102861422022022531E+01   -0.57462351105024865594E-01   -0.20803941367493633429E-13
    0.30190739390090088889E+01    0.32079810938664121700E+00   -0.12429317785858903266E-13
    0.30278617358158159689E+01    0.62404824599838482069E+00   -0.25658043192973896087E-14
    0.30366495326226230489E+01    0.78403169364226499294E+00    0.67867231152679999089E-14
    0.30454373294294292407E+01    0.76621538238058328751E+00    0.15045096902767578494E-13
    0.30542251262362363207E+01    0.57625094291622747100E+00    0.21290119893795177219E-13
    0.30630129230430434006E+01    0.25890764888705630753E+00    0.23613352338043977361E-13
    0.30718007198498500365E+01   -0.11494158004070871570E+00    0.20602703122993734549E-13
    0.30805885166566566724E+01   -0.46449657348486106390E+00    0.12943833074737023533E-13
    0.30893763134634637524E+01   -0.71548038801931046482E+00    0.30399464625603011889E-14
    0.30981641102702703883E+01   -0.81633164394762536276E+00   -0.66608479776387820529E-14
    0.31069519070770770242E+01   -0.74868478815461547704E+00   -0.14664312666858716981E-13
    0.31157397038838841041E+01   -0.52815179821233215751E+00   -0.20097796172524889751E-13
    0.31245275006906907400E+01   -0.20103845480920640165E+00   -0.22174169755049552699E-13
    0.31333152974974973759E+01    0.16595784769147570170E+00   -0.20273200160041519060E-13
    0.31421030943043044559E+01    0.50061853851597049037E+00   -0.14422540539124074256E-13
    0.31508908911111115358E+01    0.73896748759293129361E+00   -0.55538925254555990688E-14
    0.31596786879179177276E+01    0.83649866009069129280E+00    0.46766949694494766193E-14
    0.31684664847247248076E+01    0.77702382017193138974E+00    0.14214259004306278224E-13
    0.31772542815315318876E+01    0.57385795839862219214E+00    0.21084169516972121979E-13
    0.31860420783383385235E+01    0.26573283114269502514E+00    0.23953909309214092286E-13
    0.31948298751451451594E+01   -0.90317494614053445146E-01    0.22450403288594353913E-13
    0.32036176719519522393E+01   -0.43038680972232501443E+00    0.17057648933839711820E-13
    0.32124054687587593193E+01   -0.69560467913879331370E+00    0.88936818496064264982E-14
    0.32211932655655655111E+01   -0.84138023847675647016E+00   -0.57779042384929598296E-15
    0.32299810623723725911E+01   -0.84461782691582509841E+00   -0.98692450209563235450E-14
    0.32387688591791796711E+01   -0.70722269335792131706E+00   -0.17681791415133690094E-13
    0.32475566559859858629E+01   -0.45373568741111941494E+00   -0.22932808435917552404E-13
    0.32563444527927929428E+01   -0.12681007853882711456E+00   -0.24782801573267709596E-13
    0.32651322495996000228E+01    0.22031439768484373243E+00   -0.22858326226555211575E-13
    0.32739200464064062146E+01    0.53319238901807863851E+00   -0.17576043736294340142E-13
    0.32827078432132132946E+01    0.76454208580169091825E+00   -0.10110912275330191571E-13
    0.32914956400200203745E+01    0.88069636718744570558E+00   -0.17705501754028066907E-14
    0.33002834368268265663E+01    0.86661728843587604310E+00    0.66002308135772643279E-14
    0.33090712336336336463E+01    0.72678458101815135439E+00    0.14457699382058614513E-13
    0.33178590304404407263E+01    0.48330639986791457119E+00    0.20946102336531270999E-13
    0.33266468272472478063E+01    0.17226748899981267349E+00    0.24769279364670743023E-13
    0.33354346240540539981E+01   -0.16242104436687207492E+00    0.24904701674657328165E-13
    0.33442224208608610780E+01   -0.47560135839932682345E+00    0.21330893292791511313E-13
    0.33530102176676681580E+01   -0.72668050470461664769E+00    0.14938665558127128485E-13
    0.33617980144744743498E+01   -0.88481919416354226637E+00    0.69338168345364141616E-14
    0.33705858112812814298E+01   -0.93244817972828053509E+00   -0.15897560027651110558E-14
    0.33793736080880885098E+01   -0.86616620508027120096E+00   -0.97382476204449140591E-14
    0.33881614048948947016E+01   -0.69651838912778807344E+00   -0.16816296232907644090E-13
    0.33969492017017017815E+01   -0.44573404904556068740E+00   -0.22292171446683241465E-13
    0.34057369985085088615E+01   -0.14416355114077106236E+00   -0.25746775859994390217E-13
    0.34145247953153150533E+01    0.17355549904710529385E+00   -0.26872866123919365358E-13
    0.34233125921221221333E+01    0.47259779753382763490E+00   -0.25555748116974821692E-13
    0.34321003889289292133E+01    0.72185343345353913946E+00   -0.21938731156560803520E-13
    0.34408881857357362932E+01    0.89675038051809274897E+00   -0.16344201035316760612E-13
    0.34496759825425424850E+01    0.98132811173626277590E+00   -0.91185404608533936466E-14
    0.34584637793493495650E+01    0.96937627850324958878E+00   -0.65865333507528913609E-15
    0.34672515761561566450E+01    0.86418458500930395161E+00    0.82686269072543966214E-14
    0.34760393729629628368E+01    0.67774257076442812053E+00    0.16324813986628370210E-13
    0.34848271697697699167E+01    0.42903085411690677908E+00    0.22167590964556113476E-13
    0.34936149665765769967E+01    0.14174605983418139821E+00    0.25430636240174272872E-13
    0.35024027633833831885E+01   -0.15806517127580715920E+00    0.26885393608910331212E-13
    0.35111905601901902685E+01   -0.44444480620658405323E+00    0.27280886486660519551E-13
    0.35199783569969973485E+01   -0.69383760836366947800E+00    0.26264445018311576891E-13
    0.35287661538038035403E+01   -0.88682930028457485072E+00    0.22894714999813160581E-13
    0.35375539506106106202E+01   -0.10094884454855179712E+01    0.17056419776483393391E-13
    0.35463417474174177002E+01   -0.10541741826305668361E+01    0.99113987025038266902E-14
    0.35551295442242247802E+01   -0.10195598273349777418E+01    0.27576323453117682588E-14
    0.35639173410310309720E+01   -0.91033801640656020204E+00   -0.41179130479229893234E-14
    0.35727051378378380520E+01   -0.73637632339237246715E+00   -0.11121100489617555414E-13
    0.35814929346446451319E+01   -0.51153253384286101468E+00   -0.18199236593171944323E-13
    0.35902807314514513237E+01   -0.25236963761412484208E+00   -0.24430672732351556639E-13
    0.35990685282582584037E+01    0.23243512397696289989E-01   -0.28842304115809793482E-13
    0.36078563250650654837E+01    0.29749996398625078164E+00   -0.31253330894952876601E-13
    0.36166441218718716755E+01    0.55379155973219529319E+00   -0.32097514352379619045E-13
    0.36254319186786787554E+01    0.77768623966577843376E+00   -0.31664989366014829661E-13
    0.36342197154854858354E+01    0.95765775188679935770E+00   -0.29790940137463417414E-13
    0.36430075122922929154E+01    0.10854550230526958110E+01   -0.26286133916233759830E-13
    0.36517953090990991072E+01    0.11563111460600097313E+01   -0.21400614411654200756E-13
    0.36605831059059061872E+01    0.11688427376593264473E+01   -0.15751589888774515680E-13
    0.36693709027127132671E+01    0.11247559862425846600E+01   -0.99410456560910909518E-14
    0.36781586995195194589E+01    0.10284403268877075899E+01   -0.43009853148882686568E-14
    0.36869464963263265389E+01    0.88641374525913863014E+00    0.11342528068065700918E-14
    0.36957342931331336189E+01    0.70673559423829335202E+00    0.65489779031025431556E-14
    0.37045220899399398107E+01    0.49842304807111981191E+00    0.12049905808668126067E-13
    0.37133098867467468907E+01    0.27087558284914342588E+00    0.17279060330554440161E-13
    0.37220976835535539706E+01    0.33365718444305837720E-01    0.21464905427303938073E-13
    0.37308854803603601624E+01   -0.20537151755811325349E+00    0.24132735107010730173E-13
    0.37396732771671672424E+01   -0.43749369986101688257E+00    0.25699929757804360612E-13
    0.37484610739739743224E+01   -0.65627674415384229523E+00    0.27056611637195742833E-13
    0.37572488707807814023E+01   -0.85625877197010458186E+00    0.28605425630373045087E-13
    0.37660366675875875941E+01   -0.10333100161698085540E+01    0.29933656841494313508E-13
    0.37748244643943946741E+01   -0.11846015222693919711E+01    0.30473392101652524725E-13
    0.37836122612012017541E+01   -0.13085371453435696854E+01    0.30180009053990570112E-13
    0.37924000580080079459E+01   -0.14046304569579111110E+01    0.29445408064507178982E-13
    0.38011878548148150259E+01   -0.14733490232169688117E+01    0.28588854749779952608E-13
    0.38099756516216221058E+01   -0.15159487857765046037E+01    0.27613616223582454736E-13
    0.38187634484284282976E+01   -0.15342973583429067030E+01    0.26395120641947471498E-13
    0.38275512452352353776E+01   -0.15307007034346797880E+01    0.24909628463147657883E-13
    0.38363390420420424576E+01   -0.15077518200466120124E+01    0.23259054357367167218E-13
    0.38451268388488486494E+01   -0.14681939255214999651E+01    0.21580254980041354709E-13
    0.38539146356556557294E+01   -0.14148045033376541735E+01    0.19980293278892879176E-13
    0.38627024324624628093E+01   -0.13503083378988618435E+01    0.18520939013948964465E-13
    0.38714902292692698893E+01   -0.12773027887600845176E+01    0.17215442196579459617E-13
    0.38802780260760760811E+01   -0.11982055070077943792E+01    0.16031432988112585316E-13
    0.38890658228828831611E+01   -0.11152160026131165971E+01    0.14898413130458310900E-13
    0.38978536196896902410E+01   -0.10302898584687114614E+01    0.13728550297733636684E-13
    0.39066414164964964328E+01   -0.94512985203546384660E+00    0.12456022325044821877E-13
    0.39154292133033035128E+01   -0.86118325702630926788E+00    0.11072838784562874527E-13
    0.39242170101101105928E+01   -0.77964867784088587310E+00    0.96368020752919238393E-14
    0.39330048069169167846E+01   -0.70148841532238592755E+00    0.82607067094163784972E-14
    0.39417926037237238646E+01   -0.62744285253603604424E+00    0.70679213536278644444E-14
    0.39505804005305309445E+01   -0.55804721684239422252E+00    0.61027196526057574115E-14
    0.39593681973373371363E+01   -0.49364986896899193392E+00    0.52753965427426945598E-14
    0.39681559941441442163E+01   -0.43443436213456571027E+00    0.44707267915573650185E-14
    0.39769437909509512963E+01   -0.38044357996952377077E+00    0.37306049911828584751E-14
    0.39857315877577583763E+01   -0.33160361355673678707E+00    0.32486479986906364511E-14
    0.39945193845645645681E+01   -0.28774705979776998843E+00    0.30947255575744863279E-14
    0.40033071813713716480E+01   -0.24863537334448657101E+00    0.30024067285116174830E-14
    0.40120949781781787280E+01   -0.21397821018745707966E+00    0.25920270118774496903E-14
    0.40208827749849849198E+01   -0.18345091083935974319E+00    0.18042087676234587139E-14
    0.40296705717917919998E+01   -0.15670985448447438682E+00    0.99723643844962608348E-15
    0.40384583685985990797E+01   -0.13340498284320778666E+00    0.55726541942900642089E-15
    0.40472461654054052715E+01   -0.11319085444499991933E+00    0.52521473738451514544E-15
    0.40560339622122123515E+01   -0.95734512795110429662E-01    0.64848371078485749607E-15
    0.40648217590190194315E+01   -0.80721433956578228508E-01    0.65786185469840848309E-15
    0.40736095558258256233E+01   -0.67859572865604594893E-01    0.45479994927372763818E-15
    0.40823973526326327033E+01   -0.56880936674595060365E-01    0.15318986666817598411E-15
    0.40911851494394397832E+01   -0.47542361584850111045E-01    0.36459379328095161969E-16
    0.40999729462462468632E+01   -0.39625256799927684181E-01    0.31876622236860485322E-15
    0.41087607430530530550E+01   -0.32934755310567408182E-01    0.83288872638755263435E-15
    0.41175485398598601350E+01   -0.27298491304484296532E-01    0.10664031841175598304E-14
    0.41263363366666672150E+01   -0.22564915687178999093E-01    0.67861393462115485360E-15
    0.41351241334734734068E+01   -0.18601508603242673801E-01   -0.78221139550678740763E-16
    0.41439119302802804867E+01   -0.15292959426182336016E-01   -0.62170739468452986446E-15
    0.41526997270870875667E+01   -0.12539340234672810212E-01   -0.63555564840489742579E-15
    0.41614875238938937585E+01   -0.10254388307763113303E-01   -0.29747380237937289827E-15
    0.41702753207007008385E+01   -0.83639388212258108934E-02    0.21166586517125696423E-16
    0.41790631175075079184E+01   -0.68044413084008513459E-02    0.89715644809077013378E-16
    0.41878509143143141102E+01   -0.55216638310941904347E-02   -0.99989827966430766319E-16
    0.41966387111211211902E+01   -0.44695074058426409111E-02   -0.39197790108624819862E-15
    0.42054265079279282702E+01   -0.36089274549813217703E-02   -0.57441196896567687903E-15
    0.42142143047347353502E+01   -0.29069914240114685597E-02   -0.54200175189715990317E-15
    0.42230021015415415420E+01   -0.23360032075401232325E-02   -0.39912912590160027020E-15
    0.42317898983483486219E+01   -0.18727653880579167231E-02   -0.32000586332504876804E-15
    0.42405776951551557019E+01   -0.14979213904618021453E-02   -0.30340511892136492011E-15
    0.42493654919619618937E+01   -0.11953719696239616110E-02   -0.16148194241805725425E-15
    0.42581532887687689737E+01   -0.95178513901204462797E-03    0.17333750347994791828E-15
    0.42669410855755760537E+01   -0.75614794081939925696E-03    0.42531071814301928059E-15
    0.42757288823823822455E+01   -0.59939876736890323940E-03    0.25524089852650201680E-15
    0.42845166791891893254E+01   -0.47410598040839834746E-03   -0.24377109218204267566E-15
    0.42933044759959964054E+01   -0.37418940743053703997E-03   -0.52988735239595289641E-15
    0.43020922728028034854E+01   -0.29469525647915874918E-03   -0.24187139608462410583E-15
    0.43108800696096096772E+01   -0.23159373355926155544E-03    0.30730758530360859982E-15
    0.43196678664164167571E+01   -0.18161848979538771460E-03    0.52608137840019512228E-15
    0.43284556632232238371E+01   -0.14212973107228119777E-03    0.33340219529202644957E-15
    0.43372434600300300289E+01   -0.11099760769120007610E-03    0.27060897117290636037E-15
    0.43460312568368371089E+01   -0.86510522278616727308E-04    0.70225363754726081272E-15
    0.43548190536436441889E+01   -0.67293782385459459611E-04    0.11834400992906303791E-14
    0.43636068504504503807E+01   -0.52246918274215836176E-04    0.97894169406560685812E-15
    0.43723946472572574606E+01   -0.40491417883262385954E-04    0.84979482519358076520E-16
    0.43811824440640645406E+01   -0.31326900528415961024E-04   -0.63053447757155963841E-15
    0.43899702408708707324E+01   -0.24197528102605413906E-04   -0.46224886610343346419E-15
    0.43987580376776778124E+01   -0.18662476910972029527E-04    0.27594117119838191151E-15
    0.44075458344844848924E+01   -0.14373440138922224075E-04    0.73290108483235506618E-15
    0.44163336312912919723E+01   -0.11056023177469148901E-04    0.60063296411628726644E-15
    0.44251214280980981641E+01   -0.84943103102152052957E-05    0.38156586059580762199E-15
    0.44339092249049052441E+01   -0.65192492001364967625E-05    0.57189894422246583265E-15
    0.44426970217117123241E+01   -0.49985293360147876993E-05    0.95718665435900544105E-15
    0.44514848185185185159E+01   -0.38290147440308347620E-05    0.95366009152291134330E-15
    0.44602726153253255958E+01   -0.29305739920452553209E-05    0.41365126711502818196E-15
    0.44690604121321326758E+01   -0.22410014794738460939E-05   -0.18171162745117020141E-15
    0.44778482089389388676E+01   -0.17122379142872898472E-05   -0.33985122045140811818E-15
    0.44866360057457459476E+01   -0.13071049172154634704E-05   -0.10001742136192271457E-15
    0.44954238025525530276E+01   -0.99692751838255376539E-06    0.15994847995008501684E-15
    0.45042115993593592194E+01   -0.75963683043696214898E-06    0.24601725740138637459E-15
    0.45129993961661662993E+01   -0.57823402786413243166E-06    0.29867351262050692278E-15
    0.45217871929729733793E+01   -0.43967963462699313649E-06    0.45398494804662088041E-15
    0.45305749897797804593E+01   -0.33394473827655569420E-06    0.56080923170192931688E-15
    0.45393627865865866511E+01   -0.25333208045127711220E-06    0.37247863128803452419E-15
    0.45481505833933937311E+01   -0.19194156159714431279E-06   -0.64174952528327747305E-16
    0.45569383802002008110E+01   -0.14524178556242928021E-06   -0.37318417963990079209E-15
    0.45657261770070070028E+01   -0.10976517897968579876E-06   -0.26607738058650674813E-15
    0.45745139738138140828E+01   -0.82849446118705545908E-07    0.12131112874128931106E-15
    0.45833017706206211628E+01   -0.62455159355313638933E-07    0.41284409201969717836E-15
    0.45920895674274273546E+01   -0.47023561139771044484E-07    0.40243550405219398450E-15
    0.46008773642342344345E+01   -0.35362276065069611559E-07    0.19451527853098760072E-15
    0.46096651610410415145E+01   -0.26563150443609394668E-07   -0.42757289999163044770E-17
    0.46184529578478477063E+01   -0.19932444200139719467E-07   -0.94343141572559230843E-16
    0.46272407546546547863E+01   -0.14941791960545472260E-07   -0.95213427277465540566E-16
    0.46360285514614618663E+01   -0.11190038122787773882E-07   -0.63195436179988204891E-16
    0.46448163482682689462E+01   -0.83725748132339137778E-08   -0.23058156620133537977E-16
    0.46536041450750751380E+01   -0.62592460043730415142E-08    0.75565740891888879363E-16
    0.46623919418818822180E+01   -0.46755985081636359258E-08    0.35105893280286615837E-15
    0.46711797386886892980E+01   -0.34898361551844839738E-08    0.83723836197550075292E-15
    0.46799675354954954898E+01   -0.26027319945679499812E-08    0.12922721473205045627E-14
    0.46887553323023025698E+01   -0.19395543756063016095E-08    0.12918080037413396345E-14
    0.46975431291091096497E+01   -0.14442722280224200443E-08    0.66554176146616577715E-15
    0.47063309259159158415E+01   -0.10746678677145069936E-08   -0.20641267595332001066E-15
    0.47151187227227229215E+01   -0.79901895446547040323E-09   -0.72270616611673897306E-15
    0.47239065195295300015E+01   -0.59358246931170598298E-09   -0.64018894037240511013E-15
    0.47326943163363361933E+01   -0.44058263721567776343E-09   -0.22527509979524960293E-15
    0.47414821131431432732E+01   -0.32676106032273938817E-09    0.12439132589330615699E-15
    0.47502699099499503532E+01   -0.24215934390836669260E-09    0.23772453590344346183E-15
    0.47590577067567574332E+01   -0.17931489969116090980E-09    0.17871022341768019825E-15
    0.47678455035635636250E+01   -0.13266443748003421542E-09    0.94109499235932407411E-16
    0.47766333003703707050E+01   -0.98063690409106850993E-10    0.99066905450455283251E-16
    0.47854210971771777849E+01   -0.72434535565726116989E-10    0.21884218481520284780E-15
    0.47942088939839839767E+01   -0.53469222054547663525E-10    0.37080802967946595877E-15
    0.48029966907907910567E+01   -0.39441549124870678707E-10    0.43965640567728134761E-15
    0.48117844875975981367E+01   -0.29070728853511677562E-10    0.38610261704538530238E-15
    0.48205722844044043285E+01   -0.21409603733753965285E-10    0.26803521378920001385E-15
    0.48293600812112114085E+01   -0.15758866590391732471E-10    0.15683803371658519267E-15
    0.48381478780180184884E+01   -0.11595123084157495763E-10    0.71127770605711590291E-16
    0.48469356748248246802E+01   -0.85273269231377603892E-11    0.17422341644432374312E-16
    0.48557234716316317602E+01   -0.62668657784396123901E-11    0.66550764227231058019E-16
    0.48645112684384388402E+01   -0.46022488088731387819E-11    0.31077147539019446657E-15
    0.48732990652452459202E+01   -0.33784768119343855059E-11    0.68219671157779687306E-15
    0.48820868620520521119E+01   -0.24797044634002275441E-11    0.86909810275910147099E-15
    0.48908746588588591919E+01   -0.18193808551295569586E-11    0.59550787726498312594E-15
    0.48996624556656662719E+01   -0.13339078669509283125E-11    0.14442625049379634891E-16
    0.49084502524724724637E+01   -0.97707985437860668675E-12   -0.35146671399332460949E-15
    0.49172380492792795437E+01   -0.71525179712413750478E-12   -0.19476967950166075543E-15
    0.49260258460860866236E+01   -0.52328873515313599281E-12    0.17375414852379692671E-15
    0.49348136428928928154E+01   -0.38246908889255569693E-12    0.22196051985375038153E-15
    0.49436014396996998954E+01   -0.27926430083686996698E-12   -0.11578327724434485491E-15
    0.49523892365065069754E+01   -0.20402799394022215037E-12   -0.36300354375948342427E-15
    0.49611770333133140554E+01   -0.14954311718239133076E-12   -0.14009794544688166519E-15
    0.49699648301201202472E+01   -0.10991628035890095356E-12    0.34551354801707245847E-15
    0.49787526269269273271E+01   -0.80560371801998268734E-13    0.59416802157075124884E-15
    0.49875404237337344071E+01   -0.58584978495292896498E-13    0.40830825225991732419E-15
    0.49963282205405405989E+01   -0.42503948839678464393E-13    0.37096043107847796178E-16
    0.50051160173473476789E+01   -0.31154039243851367458E-13   -0.20519885537200744673E-15
    0.50139038141541547589E+01   -0.22935837522400585405E-13   -0.26823457929815566490E-15
    0.50226916109609609506E+01   -0.16367863444254592174E-13   -0.29066543703087914270E-15
    0.50314794077677680306E+01   -0.11087483121954549907E-13   -0.36214366983599910494E-15
    0.50402672045745751106E+01   -0.77078447996642790959E-14   -0.42723160750307872565E-15
    0.50490550013813813024E+01   -0.63776666034869261042E-14   -0.35874123083428500810E-15
    0.50578427981881883824E+01   -0.58459426363751991368E-14   -0.57441687430040148628E-16
    0.50666305949949954623E+01   -0.45863716690775984636E-14    0.45158104823255412622E-15
    0.50754183918018025423E+01   -0.26043686728151692560E-14    0.94470683328830268755E-15
    0.50842061886086087341E+01   -0.13923677681939392350E-14    0.10933025929597374494E-14
    0.50929939854154158141E+01   -0.18038992854083902502E-14    0.74050914199828291938E-15
    0.51017817822222228941E+01   -0.26155243368017156668E-14    0.87184675095954787371E-16
    0.51105695790290290859E+01   -0.20026845918675560081E-14   -0.46509684339966340157E-15
    0.51193573758358361658E+01    0.25616698584417139627E-17   -0.60564652445486578179E-15
    0.51281451726426432458E+01    0.14152801462706075785E-14   -0.28189842879493770035E-15
    0.51369329694494494376E+01    0.84048407352706766985E-15    0.28117481025417908242E-15
    0.51457207662562565176E+01   -0.70897335491704668899E-15    0.66608585806750387155E-15
    0.51545085630630635976E+01   -0.12250920614263431280E-14    0.57630524911481696764E-15
    0.51632963598698697893E+01   -0.24354463453967201516E-15    0.18894531627933492561E-15
    0.51720841566766768693E+01    0.80109322077316797600E-15    0.32277848056169017112E-16
    0.51808719534834839493E+01    0.65295072323059510423E-15    0.34845398225952703859E-15
    0.51896597502902910293E+01   -0.19596146741519307968E-15    0.70100883236875172760E-15
    0.51984475470970972211E+01   -0.42731972288308827006E-15    0.49296633920440633440E-15
    0.52072353439039043010E+01    0.30294570435903277150E-15   -0.22451112595162807290E-15
    0.52160231407107113810E+01    0.10641362757260650645E-14   -0.73325968746198179955E-15
    0.52248109375175184610E+01    0.10112304274246543052E-14   -0.49349227188737362184E-15
    0.52335987343243246528E+01    0.41867837643364231021E-15    0.24102026002514506190E-15
    0.52423865311311317328E+01    0.94663291355860085220E-16    0.81727880117477300003E-15
    0.52511743279379388127E+01    0.23516345194439168499E-15    0.93392724730323015925E-15
    0.52599621247447450045E+01    0.27930735100308355902E-15    0.82568259385624020198E-15
    0.52687499215515520845E+01   -0.14118136749582003195E-15    0.82321668937341428914E-15
    0.52775377183583591645E+01   -0.54675970403446944291E-15    0.96995428675571144261E-15
    0.52863255151651653563E+01   -0.22300006904333010035E-15    0.10584049547102990135E-14
    0.52951133119719724363E+01    0.76151362587387315238E-15    0.84023514560435689898E-15
    0.53039011087787795162E+01    0.15316257584171555000E-14    0.21266459439631534167E-15
    0.53126889055855857080E+01    0.14503573305399885540E-14   -0.63343182914564350993E-15
    0.53214767023923927880E+01    0.85314071574092711750E-15   -0.12110584688776862887E-14
    0.53302644991991998680E+01    0.49742127994287648267E-15   -0.11142603730329088883E-14
    0.53390522960060069479E+01    0.58683053669016970672E-15   -0.48100779125324833569E-15
    0.53478400928128131397E+01    0.63624138668339180695E-15    0.95755283597831616267E-16
    0.53566278896196202197E+01    0.23738534873661209085E-15    0.23559019332416338041E-15
    0.53654156864264272997E+01   -0.37755350551001302283E-15    0.19793614062233404208E-15
    0.53742034832332334915E+01   -0.68015745979614133818E-15    0.42961092217476938744E-15
    0.53829912800400405715E+01   -0.49577628856210784690E-15    0.84762261317699794273E-15
    0.53917790768468476514E+01   -0.13149037052738428095E-15    0.86552049560413405737E-15
    0.54005668736536538432E+01    0.53204610923959358895E-16    0.19923228192656982771E-15
    0.54093546704604609232E+01   -0.29008118755035101970E-18   -0.62402007647189051654E-15
    0.54181424672672680032E+01   -0.11976841279359089214E-15   -0.85666262036382464369E-15
    0.54269302640740750832E+01   -0.13310872059105984241E-15   -0.44987848297201226275E-15
    0.54357180608808812750E+01   -0.57210977004997095419E-17   -0.65741248165739791018E-16
    0.54445058576876883549E+01    0.12899773735640235654E-15   -0.14605073791470461379E-15
    0.54532936544944954349E+01    0.26396283550018523665E-16   -0.30246774873815576961E-15
    0.54620814513013016267E+01   -0.42432032250919885909E-15    0.79523969427858027916E-16
    0.54708692481081087067E+01   -0.93620516397443128710E-15    0.87878566332047403205E-15
    0.54796570449149157866E+01   -0.98360557671380054403E-15    0.12633749674274661625E-14
    0.54884448417217219784E+01   -0.38706719994480198023E-15    0.73132659216843063425E-15
    0.54972326385285290584E+01    0.36317097426436636476E-15   -0.20786611384294553740E-15
    0.55060204353353361384E+01    0.62862850655718755798E-15   -0.67692802131917866235E-15
    0.55148082321421423302E+01    0.37767912155619938383E-15   -0.47615326015981548970E-15
    0.55235960289489494102E+01    0.17326994787676170666E-15   -0.18079217638319113014E-15
    0.55323838257557564901E+01    0.38007311161089431205E-15   -0.26636969902788141347E-15
    0.55411716225625635701E+01    0.65291134816628833590E-15   -0.49611993273737443479E-15
    0.55499594193693697619E+01    0.44377953391007281508E-15   -0.34882123033271021358E-15
    0.55587472161761768419E+01   -0.19886256922208076488E-15    0.23252293062200661263E-15
    0.55675350129829839219E+01   -0.64169614194982805087E-15    0.76013925991574058077E-15
    0.55763228097897901137E+01   -0.49638255419395358764E-15    0.80194999963498680674E-15
    0.55851106065965971936E+01   -0.14102757765078209769E-15    0.42362759637580919555E-15
    0.55938984034034042736E+01   -0.15283737107938281122E-15   -0.23869057747092498086E-16
    0.56026862002102104654E+01   -0.44411148822450559393E-15   -0.33008955127835051454E-15
    0.56114739970170175454E+01   -0.33790330841880121001E-15   -0.53448333029891197102E-15
    0.56202617938238246253E+01    0.42198358716152867830E-15   -0.71291093645234579122E-15
    0.56290495906306308171E+01    0.10952194321000877328E-14   -0.81038395342273715275E-15
    0.56378373874374378971E+01    0.80515160088075874931E-15   -0.70654321133277394477E-15
    0.56466251842442449771E+01   -0.23397985557985194627E-15   -0.35857522780088739781E-15
    0.56554129810510520571E+01   -0.84746734025790656443E-15    0.14997842148381217161E-15
    0.56642007778578582489E+01   -0.36705339096917710350E-15    0.65719746596502377365E-15
    0.56729885746646653288E+01    0.47622005203363171014E-15    0.98631163060778789270E-15
    0.56817763714714724088E+01    0.57013980172679095035E-15    0.10144504482192779157E-14
    0.56905641682782786006E+01   -0.50685793346647077501E-16    0.73553345651146578911E-15
    0.56993519650850856806E+01   -0.26492076235470847051E-15    0.26855638798531065958E-15
    0.57081397618918927606E+01    0.52295642535443675728E-15   -0.18833793885861997970E-15
    0.57169275586986989524E+01    0.14080844837098814697E-14   -0.42438665025893318025E-15
    0.57257153555055060323E+01    0.11313281336723704916E-14   -0.31539345584726718296E-15
    0.57345031523123131123E+01   -0.21880446105864473918E-15    0.83042910006721669875E-16
    0.57432909491191193041E+01   -0.12619965728743168879E-14    0.56906565259872464991E-15
    0.57520787459259263841E+01   -0.10856867504597044428E-14    0.94924793028371202049E-15
    0.57608665427327334640E+01   -0.35951334387976065502E-15    0.11452516352831489250E-14
    0.57696543395395405440E+01   -0.28670551134858315670E-15    0.11413693014890869514E-14
    0.57784421363463467358E+01   -0.96844311790492175590E-15    0.89160696813795581787E-15
    0.57872299331531538158E+01   -0.13507138654100961518E-14    0.36168946479226300995E-15
    0.57960177299599608958E+01   -0.69614165572406160779E-15   -0.30244646638083505541E-15
    0.58048055267667670876E+01    0.45290746886823265768E-15   -0.72705673230385025032E-15
    0.58135933235735741675E+01    0.10553801251926893149E-14   -0.59982091126471076290E-15
    0.58223811203803812475E+01    0.83787157617166942266E-15   -0.22531503655080974057E-16
    0.58311689171871874393E+01    0.42170751719867022762E-15    0.55946110325525791748E-15
    0.58399567139939945193E+01    0.35818774489079317310E-15    0.82662958218384935896E-15
    0.58487445108008015993E+01    0.47022046714356443267E-15    0.87382543245723395275E-15
    0.58575323076076077911E+01    0.28686269996657536996E-15    0.93293160762783181545E-15
    0.58663201044144148710E+01   -0.21872584920213825509E-15    0.95526241768361942963E-15
    0.58751079012212219510E+01   -0.57572995339924335011E-15    0.66022394240150912623E-15
    0.58838956980280290310E+01   -0.41215447343736844262E-15    0.19407755635499289875E-16
    0.58926834948348352228E+01    0.13123192986863053703E-15   -0.50595171390243923929E-15
    0.59014712916416423027E+01    0.62947975951189524245E-15   -0.45572591368591911089E-15
    0.59102590884484493827E+01    0.79720458629823862695E-15   -0.11304922562778767661E-16
    0.59190468852552555745E+01    0.63987445076882262515E-15    0.14284631260144851552E-15
    0.59278346820620626545E+01    0.34185144879082390561E-15   -0.32329051431672411302E-15
    0.59366224788688697345E+01    0.12135289123772585365E-15   -0.90074184938409860478E-15
    0.59454102756756759263E+01    0.88286926345970832886E-16   -0.86436713681135993285E-15
    0.59541980724824830062E+01    0.13586276345796391297E-15   -0.16583776528140079260E-15
    0.59629858692892900862E+01    0.44813535533394938080E-16    0.54249805982648540339E-15
    0.59717736660960962780E+01   -0.22291723345559951277E-15    0.68938455995247235278E-15
    0.59805614629029033580E+01   -0.39026534586949873939E-15    0.32901883957109754033E-15
    0.59893492597097104380E+01   -0.16401482507599165704E-15   -0.11655944714623864584E-15
    0.59981370565165175179E+01    0.37815158798136208779E-15   -0.35344638376936369010E-15
    0.60069248533233237097E+01    0.83951042867132535362E-15   -0.38199025066464832164E-15
    0.60157126501301307897E+01    0.95472273172648417659E-15   -0.35095260179952715104E-15
    0.60245004469369378697E+01    0.85584000651559025613E-15   -0.39078009998282397702E-15
    0.60332882437437440615E+01    0.79087019930602114869E-15   -0.49078033653734889371E-15
    0.60420760405505511415E+01    0.72009053497867386974E-15   -0.43009833629651363642E-15
    0.60508638373573582214E+01    0.38028444641078062709E-15    0.49111126780668467806E-16
    0.60596516341641644132E+01   -0.23240549969388749108E-15    0.86050405022614111935E-15
    0.60684394309709714932E+01   -0.64300928108388098157E-15    0.14426054240121783380E-14
    0.60772272277777785732E+01   -0.40697116410226245686E-15    0.12652394701388005914E-14
    0.60860150245845856531E+01    0.24947112852782638106E-15    0.44845123663293772958E-15
    0.60948028213913918449E+01    0.58795678048255852274E-15   -0.33124117040621531550E-15
    0.61035906181981989249E+01    0.22480828891185962541E-15   -0.56936721353370314472E-15
    0.61123784150050060049E+01   -0.39264072029436214001E-15   -0.38641278664369897429E-15
    0.61211662118118121967E+01   -0.60286390327422357720E-15   -0.17073646984237677474E-15
    0.61299540086186192767E+01   -0.38404351870006824245E-15   -0.24454172588921537519E-16
    0.61387418054254263566E+01   -0.29681763497613339892E-15    0.24843289050423288766E-15
    0.61475296022322325484E+01   -0.62233608407288292452E-15    0.67360637392913628600E-15
    0.61563173990390396284E+01   -0.88845632521510453641E-15    0.87303556204935570668E-15
    0.61651051958458467084E+01   -0.49792083982657815942E-15    0.49682011640357300914E-15
    0.61738929926526529002E+01    0.41594882659234600863E-15   -0.22729680895103903065E-15
    0.61826807894594599802E+01    0.10899052090016819985E-14   -0.64290544028131121158E-15
    0.61914685862662670601E+01    0.10671534086494476208E-14   -0.42026263604743715272E-15
    0.62002563830730741401E+01    0.72687306803667721588E-15    0.42427427299938354887E-16
    0.62090441798798803319E+01    0.67429348274380231587E-15    0.17636551831671458568E-15
    0.62178319766866874119E+01    0.89166802449570993019E-15   -0.62524803691333991813E-17
    0.62266197734934944918E+01    0.82065239109800454553E-15    0.13653700168729597686E-16
    0.62354075703003006836E+01    0.24914256290368987873E-15    0.47433710568935888269E-15
    0.62441953671071077636E+01   -0.23879064203546551367E-15    0.91353888203601731243E-15
    0.62529831639139148436E+01    0.27825890846846042327E-17    0.75603726366594869896E-15
    0.62617709607207210354E+01    0.73442767557352476397E-15    0.97258624473558201267E-16
    0.62705587575275281154E+01    0.10323983051077886546E-14   -0.39949986350074688187E-15
    0.62793465543343351953E+01    0.46822547851469516070E-15   -0.36387547231262885549E-15
    0.62881343511411413871E+01   -0.27565635509205424196E-15   -0.18155162837434713814E-15
    0.62969221479479484671E+01   -0.28589642519605804035E-15   -0.38501689343121766940E-15
    0.63057099447547555471E+01    0.40858454167642605509E-15   -0.84068010925443943845E-15
    0.63144977415615626271E+01    0.92357005227330891472E-15   -0.87878272662782409779E-15
    0.63232855383683688189E+01    0.67762487008536871790E-15   -0.22021642719131139063E-15
    0.63320733351751758988E+01    0.60128710870590692286E-16    0.54544118627604436862E-15
    0.63408611319819829788E+01   -0.24194551517170068975E-15    0.66310187219860151652E-15
    0.63496489287887891706E+01   -0.19439307475375615914E-15    0.14095653171828736769E-15
    0.63584367255955962506E+01   -0.35768930288948220194E-15   -0.31761175965310953640E-15
    0.63672245224024033305E+01   -0.98071180604714124812E-15   -0.22198171909063437520E-15
    0.63760123192092095223E+01   -0.15190978211503479062E-14    0.16472280604376200947E-15
    0.63848001160160166023E+01   -0.12820877851104443702E-14    0.28682477179794418825E-15
    0.63935879128228236823E+01   -0.30088194754352950702E-15   -0.15347715273076874188E-16
    0.64023757096296298741E+01    0.68903648585926160586E-15   -0.42500872384179556325E-15
    0.64111635064364369541E+01    0.10104400844915908723E-14   -0.58336103235945534655E-15
    0.64199513032432440340E+01    0.58314183868523521952E-15   -0.40666007164298690841E-15
    0.64287391000500511140E+01   -0.19849879990835870917E-15   -0.26055350810506984020E-16
    0.64375268968568573058E+01   -0.80035420705801790993E-15    0.38102492259816967504E-15
    0.64463146936636643858E+01   -0.85786398691264017522E-15    0.67198375700350242356E-15
    0.64551024904704714658E+01   -0.44580081864350941496E-15    0.74439433073979795964E-15
    0.64638902872772776576E+01   -0.92183624323814330497E-16    0.54700271338893443754E-15
    0.64726780840840847375E+01   -0.26028284808425350121E-15    0.12077299983035715384E-15
    0.64814658808908918175E+01   -0.78594167834112580086E-15   -0.36782456750507148350E-15
    0.64902536776976980093E+01   -0.10450438543317066363E-14   -0.69350076084457468913E-15
    0.64990414745045050893E+01   -0.71060101478153538972E-15   -0.71845757689335815975E-15
    0.65078292713113121692E+01   -0.14907432429462136979E-15   -0.47417886264562762166E-15
    0.65166170681181183610E+01    0.78394790759578675070E-16   -0.89158159710177608046E-16
    0.65254048649249254410E+01   -0.11759013834323452721E-15    0.31737940413960814679E-15
    0.65341926617317325210E+01   -0.36581526336854927839E-15    0.65423023304238549682E-15
    0.65429804585385396010E+01   -0.39445686136338265971E-15    0.80723047558890272815E-15
    0.65517682553453457928E+01   -0.33758248484595612468E-15    0.64843991680651598388E-15
    0.65605560521521528727E+01   -0.38903751900367642699E-15    0.18606765953463604891E-15
    0.65693438489589599527E+01   -0.35789919472490685209E-15   -0.29548069904072782706E-15
    0.65781316457657661445E+01    0.16563736006020201619E-15   -0.40103881754921951734E-15
    0.65869194425725732245E+01    0.11648405356004640725E-14   -0.26620032245940324717E-16
    0.65957072393793803045E+01    0.19459458008011327842E-14    0.47667142221071894069E-15
    0.66044950361861864963E+01    0.18080235724682320682E-14    0.68169495264946876446E-15
    0.66132828329929935762E+01    0.83949091148066440130E-15    0.54387330414765541175E-15
    0.66220706297998006562E+01   -0.18852561330655510940E-15    0.35371846952198932648E-15
    0.66308584266066068480E+01   -0.64527182105383030898E-15    0.28979770983472152510E-15
    0.66396462234134139280E+01   -0.54956694363946247520E-15    0.18592366273119450066E-15
    0.66484340202202210079E+01   -0.28094982574216388129E-15   -0.17701783406681845686E-15
    0.66572218170270280879E+01   -0.10290767811156072282E-15   -0.69637100101381931521E-15
    0.66660096138338342797E+01   -0.20273895279547368412E-16   -0.10151706985290358787E-14
    0.66747974106406413597E+01    0.90619394387290531184E-16   -0.93503944277169001269E-15
    0.66835852074474484397E+01    0.33520268530824262952E-15   -0.63333956280720928988E-15
    0.66923730042542546315E+01    0.67959550577895760429E-15   -0.41052137130887965353E-15
    0.67011608010610617114E+01    0.88124583421332624359E-15   -0.35264957439329851514E-15
    0.67099485978678687914E+01    0.65651548378465820082E-15   -0.32046676773899320041E-15
    0.67187363946746749832E+01    0.22156468966580285662E-16   -0.19410617209697861699E-15
    0.67275241914814820632E+01   -0.60086416177267715329E-15   -0.20003360701089615942E-16
    0.67363119882882891432E+01   -0.79536506550069834474E-15    0.91835237130979581967E-16
    0.67450997850950962231E+01   -0.60573114141730840038E-15    0.11963254519693606192E-15
    0.67538875819019024149E+01   -0.42371815866378149330E-15    0.13538824372334529003E-15
    0.67626753787087094949E+01   -0.43988504180238549186E-15    0.19661236800799585128E-15
    0.67714631755155165749E+01   -0.39143159188803892575E-15    0.27810189022327029391E-15
    0.67802509723223227667E+01    0.13123593220328050003E-16    0.30667524846524202260E-15
    0.67890387691291298466E+01    0.58711104405370839000E-15    0.22418131876898377541E-15
    0.67978265659359369266E+01    0.81007436977305218127E-15    0.35057968645512974591E-16
    0.68066143627427431184E+01    0.46187211936919256586E-15   -0.16239743560936340066E-15
    0.68154021595495501984E+01   -0.85609735366715425240E-16   -0.20912596180383525094E-15
    0.68241899563563572784E+01   -0.34771909619671601842E-15   -0.41164547919920428875E-16
    0.68329777531631634702E+01   -0.31097922887683317210E-15    0.16914959782714546976E-15
    0.68417655499699705501E+01   -0.35329184641986904817E-15    0.14188935283611185659E-15
    0.68505533467767776301E+01   -0.66628892881694551839E-15   -0.18501971169571735653E-15
    0.68593411435835847101E+01   -0.96879105877194090113E-15   -0.52858591018457306302E-15
    0.68681289403903909019E+01   -0.88483995597390036452E-15   -0.55785452032010344310E-15
    0.68769167371971979819E+01   -0.42275767037466462163E-15   -0.24550996150511143088E-15
    0.68857045340040050618E+01    0.45779127528008036282E-16    0.15164029935259650332E-15
    0.68944923308108112536E+01    0.18344873623404445868E-15    0.39082249790928583966E-15
    0.69032801276176183336E+01   -0.47423534935392538620E-16    0.43206615960195068656E-15
    0.69120679244244254136E+01   -0.44806023610233676021E-15    0.36212537705591866515E-15
    0.69208557212312316054E+01   -0.74192307222964935391E-15    0.26005799762291305376E-15
    0.69296435180380386853E+01   -0.72770557154816462670E-15    0.16317659771865049231E-15
    0.69384313148448457653E+01   -0.41841605810945842725E-15    0.10834335382219054876E-15
    0.69472191116516519571E+01   -0.48599536689128803476E-16    0.14272129365948597020E-15
    0.69560069084584590371E+01    0.16711945445272209328E-15    0.26214050637744054168E-15
    0.69647947052652661171E+01    0.27825982825749894209E-15    0.35596479781169722930E-15
    0.69735825020720731970E+01    0.48886437749308092128E-15    0.29208804233467416685E-15
    0.69823702988788793888E+01    0.79689092446933982538E-15    0.98642196935760566974E-16
    0.69911580956856864688E+01    0.88052561216068610825E-15    0.57708973812144869162E-17
    0.69999458924924935488E+01    0.49733083461172895849E-15    0.20515929896119334144E-15
    0.70087336892992997406E+01   -0.92687458516335835120E-16    0.59239711116117736770E-15
    0.70175214861061068206E+01   -0.32716422765796190538E-15    0.83216808392728053476E-15
    0.70263092829129139005E+01    0.16859947040739514379E-16    0.65830330895946649636E-15
    0.70350970797197200923E+01    0.55065318228330780088E-15    0.79604211009128405386E-16
    0.70438848765265271723E+01    0.77338158341590356924E-15   -0.63408241531693502520E-15
    0.70526726733333342523E+01    0.65710193961596300085E-15   -0.10575057472153753142E-14
    0.70614604701401404441E+01    0.56033597239556564828E-15   -0.85986545416215836369E-15
    0.70702482669469475240E+01    0.66412742503807908131E-15   -0.14126786084817517593E-15
    0.70790360637537546040E+01    0.71633159565504027186E-15    0.52435913454140780476E-15
    0.70878238605605616840E+01    0.43226953308448627972E-15    0.60575660065772858355E-15
    0.70966116573673678758E+01   -0.40920058183942765301E-16    0.15340658654326703890E-15
    0.71053994541741749558E+01   -0.25978039390246505124E-15   -0.32871872591989896263E-15
    0.71141872509809820357E+01   -0.39652027413440739026E-16   -0.48134460819655067663E-15
    0.71229750477877882275E+01    0.30451905930147652464E-15   -0.40014679949709450533E-15
    0.71317628445945953075E+01    0.36778563282798425894E-15   -0.33509873443638150678E-15
    0.71405506414014023875E+01    0.13557057285551803710E-15   -0.30448687594734272996E-15
    0.71493384382082085793E+01   -0.78071786637401323154E-16   -0.12619813846349084629E-15
    0.71581262350150156593E+01   -0.71421840366701053997E-16    0.25875661513570459210E-15
    0.71669140318218227392E+01    0.29854204578141933842E-16    0.63883980072689763617E-15
    0.71757018286286289310E+01    0.33326490316624079319E-16    0.75492340776271871166E-15
    0.71844896254354360110E+01   -0.99232584591085626274E-17    0.56949322188102317217E-15
    0.71932774222422430910E+01    0.10882806297296449092E-15    0.26413033526482105295E-15
    0.72020652190490501710E+01    0.40084606711253978779E-15    0.45074674960567106020E-16
    0.72108530158558563627E+01    0.56783638574475276668E-15    0.64697275640912877385E-17
    0.72196408126626634427E+01    0.37236165368090633384E-15    0.12982843880990404265E-15
    0.72284286094694705227E+01    0.20834219032568773833E-16    0.32190183163680042247E-15
    0.72372164062762767145E+01   -0.25207923041126692510E-16    0.45746994058627721176E-15
    0.72460042030830837945E+01    0.37890656551192280927E-15    0.42516972460913891077E-15
    0.72547919998898908744E+01    0.84415560184937838725E-15    0.17488907268472362602E-15
    0.72635797966966970662E+01    0.92760873841390771464E-15   -0.23287287918510564911E-15
    0.72723675935035041462E+01    0.66318712260493364649E-15   -0.60511165434861505157E-15
    0.72811553903103112262E+01    0.43953826907021580427E-15   -0.72667736071198846976E-15
    0.72899431871171174180E+01    0.43927075610737715167E-15   -0.55454804248086279229E-15
    0.72987309839239244980E+01    0.40747120763331968419E-15   -0.27929423915749204115E-15
    0.73075187807307315779E+01    0.72539230858582374064E-16   -0.13814834515307889127E-15
    0.73163065775375386579E+01   -0.39055463535599134085E-15   -0.20393281390973634982E-15
    0.73250943743443448497E+01   -0.51867941781954367544E-15   -0.37336980987249318287E-15
    0.73338821711511519297E+01   -0.13086869497571704484E-15   -0.49302033136883283520E-15
    0.73426699679579590097E+01    0.43457464940064165777E-15   -0.45801292346469936953E-15
    0.73514577647647652014E+01    0.73135055745755044804E-15   -0.24140941561849457852E-15
    0.73602455615715722814E+01    0.67800747827697662433E-15    0.99897197738298626884E-16
    0.73690333583783793614E+01    0.51705264669037007035E-15    0.44241928086008940462E-15
    0.73778211551851855532E+01    0.43109413063932755372E-15    0.63058612311126579874E-15
    0.73866089519919926332E+01    0.34975291583033140311E-15    0.53463096127435331604E-15
    0.73953967487987997131E+01    0.14031199776910359446E-15    0.14608977756357820917E-15
    0.74041845456056067931E+01   -0.15701463511922029229E-15   -0.35037193363954133796E-15
    0.74129723424124129849E+01   -0.35263581683062416890E-15   -0.65891961835441666250E-15
    0.74217601392192200649E+01   -0.30328330595857502659E-15   -0.55597708490921448123E-15
    0.74305479360260271449E+01   -0.25035276566177727276E-16   -0.22220341684388960519E-16
    0.74393357328328333367E+01    0.36183237893894857559E-15    0.72984305472539119331E-15
    0.74481235296396404166E+01    0.72119594139799257929E-15    0.12963536522313652373E-14
    0.74569113264464474966E+01    0.94102076943717428367E-15    0.13075470524361257895E-14
    0.74656991232532536884E+01    0.94073079954097964585E-15    0.75911404429225409668E-15
    0.74744869200600607684E+01    0.68871364543506501074E-15    0.76460315315679115757E-16
    0.74832747168668678484E+01    0.24160220131597817584E-15   -0.29138137389607195660E-15
    0.74920625136736740401E+01   -0.23306711378236744187E-15   -0.28931130751714783706E-15
    0.75008503104804811201E+01   -0.53399950128997177016E-15   -0.18015837674266010208E-15
    0.75096381072872882001E+01   -0.56458893185686444750E-15   -0.15103059109900827845E-15
    0.75184259040940952801E+01   -0.39265718048238190532E-15   -0.12154055758694536179E-15
    0.75272137009009014719E+01   -0.16835199258051526126E-15    0.61548504574057741453E-16
    0.75360014977077085518E+01   -0.17465205495732100447E-16    0.38487052156311214124E-15
    0.75447892945145156318E+01    0.13326373327933417507E-16    0.66884321015448771093E-15
    0.75535770913213218236E+01   -0.27647072842279095591E-16    0.72618107882223343089E-15
    0.75623648881281289036E+01   -0.36442731038546483003E-16    0.49012547142015874248E-15
    0.75711526849349359836E+01    0.20563296209759006243E-16    0.69184391868455383251E-16
    0.75799404817417421754E+01    0.10602265130411013122E-16   -0.25637624180860766466E-15
    0.75887282785485492553E+01   -0.23407051002934284699E-15   -0.21224729346862513988E-15
    0.75975160753553563353E+01   -0.65114604184563077048E-15    0.19449533001982871679E-15
    0.76063038721621625271E+01   -0.90489502694371292025E-15    0.62711231911986377061E-15
    0.76150916689689696071E+01   -0.72786113641951334103E-15    0.76021781223410531554E-15
    0.76238794657757766871E+01   -0.25366128450598244450E-15    0.61540253529370123573E-15
    0.76326672625825837670E+01    0.10869681173187088024E-15    0.44898102246551205037E-15
    0.76414550593893899588E+01    0.85440727873408831613E-16    0.36589571724045221092E-15
    0.76502428561961970388E+01   -0.25076917016667164823E-15    0.18991698620077316940E-15
    0.76590306530030041188E+01   -0.63569494776456765574E-15   -0.20938766669957973092E-15
    0.76678184498098103106E+01   -0.83131339692906800656E-15   -0.59863773728528173892E-15
    0.76766062466166173905E+01   -0.72353653582317029193E-15   -0.58913297882261131959E-15
    0.76853940434234244705E+01   -0.33872945540484842915E-15   -0.15687653607329639438E-15
    0.76941818402302306623E+01    0.17614246180958894952E-15    0.23062780648816190262E-15
    0.77029696370370377423E+01    0.62203655926547354087E-15    0.16691727732631090416E-15
    0.77117574338438448223E+01    0.82809525688363137298E-15   -0.15876943312898433216E-15
    0.77205452306506510141E+01    0.73099391609228467295E-15   -0.21416307752595221841E-15
    0.77293330274574580940E+01    0.44531140750220868746E-15    0.15513332376664712115E-15
    0.77381208242642651740E+01    0.22497489569798564897E-15    0.49103807833421482487E-15
    0.77469086210710722540E+01    0.25094560356561112746E-15    0.33115297504337258208E-15
    0.77556964178778784458E+01    0.44709189209318175691E-15   -0.17388806039273650271E-15
    0.77644842146846855258E+01    0.59320179352394010203E-15   -0.46876994849990597978E-15
    0.77732720114914926057E+01    0.61100696568537832579E-15   -0.29406128372273090804E-15
    0.77820598082982987975E+01    0.64676082556840675488E-15    0.41477684865561377378E-16
    0.77908476051051058775E+01    0.80800765168624108429E-15    0.13362589868598367907E-15
    0.77996354019119129575E+01    0.91707906638085789851E-15   -0.97528440068642942696E-17
    0.78084231987187191493E+01    0.68201177033438570284E-15   -0.64616502455188550629E-16
    0.78172109955255262292E+01    0.10576778400698557342E-15    0.15199178905543358513E-15
    0.78259987923323333092E+01   -0.41913180958390583766E-15    0.47065229386630269702E-15
    0.78347865891391395010E+01   -0.54184387070752849617E-15    0.59200010629538349925E-15
    0.78435743859459465810E+01   -0.36573390063351601636E-15    0.36618524190186747745E-15
    0.78523621827527536610E+01   -0.26566566882618190171E-15   -0.11909383890640957427E-15
    0.78611499795595607409E+01   -0.36256684936159406619E-15   -0.57880177851852132323E-15
    0.78699377763663669327E+01   -0.36064223752888179556E-15   -0.67495309090155864717E-15
    0.78787255731731740127E+01    0.69188318799504451510E-17   -0.30729535359299674363E-15
    0.78875133699799810927E+01    0.54109717578756862531E-15    0.18354712091718167486E-15
    0.78963011667867872845E+01    0.76369493034926657876E-15    0.31232124946651776180E-15
    0.79050889635935943645E+01    0.46287884827430745703E-15    0.17088637505111657953E-16
    0.79138767604004014444E+01   -0.93691529390004697132E-16   -0.22687066597184079642E-15
    0.79226645572072076362E+01   -0.50383755236043706126E-15   -0.28231676474772502967E-16
    0.79314523540140147162E+01   -0.61252700318348808312E-15    0.34865442850654529407E-15
    0.79402401508208217962E+01   -0.51440426448395624361E-15    0.30747479031452857564E-15
    0.79490279476276279880E+01   -0.33239886025855502460E-15   -0.25655468074663204022E-15
    0.79578157444344350679E+01   -0.10348979745636038074E-15   -0.73030540346701002221E-15
    0.79666035412412421479E+01    0.14513501771775138336E-15   -0.53060804516403673727E-15
    0.79753913380480492279E+01    0.31127823443601249813E-15    0.16712715573803825598E-15
    0.79841791348548554197E+01    0.27470462887805644313E-15    0.68024956160312908753E-15
    0.79929669316616624997E+01    0.31943897849912808831E-16    0.62565666226215390458E-15
    0.80017547284684695796E+01   -0.27005595770416458045E-15    0.24920693232409503335E-15
    0.80105425252752748833E+01   -0.46303926645674038678E-15   -0.34308094404799985962E-16
    0.80193303220820819632E+01   -0.49145224475490497801E-15   -0.13782681660968985116E-15
    0.80281181188888890432E+01   -0.41811315151585916945E-15   -0.22732494263322338340E-15
    0.80369059156956961232E+01   -0.35245544595827434982E-15   -0.32715967037423372555E-15
    0.80456937125025032032E+01   -0.37610257622389049603E-15   -0.21325131879964969578E-15
    0.80544815093093102831E+01   -0.47362765228226669430E-15    0.22543288576371598365E-15
    0.80632693061161173631E+01   -0.50476886276231964435E-15    0.66974670087050888573E-15
    0.80720571029229226667E+01   -0.33494411949461638252E-15    0.64417321151393253273E-15
    0.80808448997297297467E+01   -0.41302320767986988184E-16    0.10360841905126301909E-15
    0.80896326965365368267E+01    0.10033314405319718153E-15   -0.43989128075761999306E-15
    0.80984204933433439066E+01   -0.37370619681457636739E-16   -0.51048251797500214606E-15
    0.81072082901501509866E+01   -0.16068943467437092109E-15   -0.22146450880488907014E-15
    0.81159960869569580666E+01    0.13623390562194918774E-15   -0.43068241666612566867E-16
    0.81247838837637633702E+01    0.76582791756489252853E-15   -0.14560988448581795683E-15
    0.81335716805705704502E+01    0.10810511540386791850E-14   -0.19346152688395454572E-15
    0.81423594773773775302E+01    0.63717746057691448616E-15    0.14943326874812536831E-15
    0.81511472741841846101E+01   -0.14816219398368803765E-15    0.72729957395428389615E-15
    0.81599350709909916901E+01   -0.43397178204123227443E-15    0.10591602992141081532E-14
    0.81687228677977987701E+01    0.25952613199840274893E-16    0.86483050684633851475E-15
    0.81775106646046058501E+01    0.59086213246620461832E-15    0.29230152779624010532E-15
    0.81862984614114111537E+01    0.56454853291688472850E-15   -0.33033770187058580969E-15
    0.81950862582182182337E+01    0.61863216076789807239E-17   -0.78205108311598436459E-15
    0.82038740550250253136E+01   -0.47812388714803092934E-15   -0.98700624548326755442E-15
    0.82126618518318323936E+01   -0.49715320578501571836E-15   -0.91391516104902264849E-15
    0.82214496486386394736E+01   -0.21399553906842229037E-15   -0.54070745121948797407E-15
    0.82302374454454465535E+01   -0.15174713860358306920E-16    0.72204057726058474724E-16
    0.82390252422522518572E+01   -0.11352079096903222412E-15    0.72031929947053141646E-15
    0.82478130390590589371E+01   -0.45084020981919219992E-15    0.11265396578880513512E-14
    0.82566008358658660171E+01   -0.77991062340494274621E-15    0.10861391514088447255E-14
    0.82653886326726730971E+01   -0.82376220029593436161E-15    0.58009351658662971003E-15
    0.82741764294794801771E+01   -0.52674630456717598774E-15   -0.16598855157294683643E-15
    0.82829642262862872570E+01   -0.20669654153652245799E-15   -0.70693669063426291298E-15
    0.82917520230930943370E+01   -0.26366997548473619963E-15   -0.67331378913566393759E-15
    0.83005398198998996406E+01   -0.67738133180077295278E-15   -0.18115959210188933249E-15
    0.83093276167067067206E+01   -0.95228122156730977506E-15    0.18935035677079753396E-15
    0.83181154135135138006E+01   -0.71954918004560885806E-15    0.38709840804061505307E-16
    0.83269032103203208806E+01   -0.24866022020279147840E-15   -0.32593360486709275879E-15
    0.83356910071271279605E+01   -0.10704747555112497085E-15   -0.29541909708076676553E-15
    0.83444788039339350405E+01   -0.39488075340123427109E-15    0.17738079876443303775E-15
    0.83532666007407403441E+01   -0.57848833318322568849E-15    0.41829186961262284887E-15
    0.83620543975475474241E+01   -0.20800393086363842083E-15   -0.90739208594218944069E-16
    0.83708421943543545041E+01    0.43951787727659166132E-15   -0.94576024677348766681E-15
    0.83796299911611615840E+01    0.67231771242939967518E-15   -0.12634722809413737330E-14
    0.83884177879679686640E+01    0.18263821333328289249E-15   -0.73021731913171337456E-15
    0.83972055847747757440E+01   -0.65569756899919359583E-15    0.81082816358194505529E-16
    0.84059933815815828240E+01   -0.12368635701543231768E-14    0.47403853465982293855E-15
    0.84147811783883881276E+01   -0.12209282413147021965E-14    0.37337898341025668909E-15
    0.84235689751951952076E+01   -0.64209966830274158510E-15    0.18574319571332158511E-15
    0.84323567720020022875E+01    0.20264164250553464848E-15    0.20285580422294116668E-15
    0.84411445688088093675E+01    0.90765419943985067754E-15    0.33526344082232726475E-15
    0.84499323656156164475E+01    0.11516806300543342693E-14    0.34646676216498593795E-15
    0.84587201624224235275E+01    0.85568290010297839865E-15    0.13057877603297415143E-15
    0.84675079592292288311E+01    0.18537715864912363334E-15   -0.22442527408134839483E-15
    0.84762957560360359111E+01   -0.53556113192396574292E-15   -0.49766099879411635832E-15
    0.84850835528428429910E+01   -0.96052390423841096609E-15   -0.46601283564410121719E-15
    0.84938713496496500710E+01   -0.91214126143299998897E-15   -0.11779389533497898673E-15
    0.85026591464564571510E+01   -0.51213338286672731788E-15    0.22633551220237152218E-15
    0.85114469432632642309E+01   -0.48099180257431889209E-16    0.18242621109339888789E-15
    0.85202347400700713109E+01    0.28585471103157840803E-15   -0.25390674173230321021E-15
    0.85290225368768766145E+01    0.47886260234636448708E-15   -0.65519309398336511046E-15
    0.85378103336836836945E+01    0.55177116237980991990E-15   -0.65497196285134199512E-15
    0.85465981304904907745E+01    0.42796456018361854171E-15   -0.36953683909859015243E-15
    0.85553859272972978545E+01    0.54480590794873767756E-16   -0.18156788778447255667E-15
    0.85641737241041049344E+01   -0.36830323527433234406E-15   -0.21877546358899822781E-15
    0.85729615209109120144E+01   -0.42468998614006321706E-15   -0.22132189161466773623E-15
    0.85817493177177173180E+01    0.10995291820439127857E-15    0.41910323426634430136E-16
    0.85905371145245243980E+01    0.94794787610325859790E-15    0.40975798093098449703E-15
    0.85993249113313314780E+01    0.15215443343817121983E-14    0.53142503574388493340E-15
    0.86081127081381385580E+01    0.14819778087066137086E-14    0.33456563812479270483E-15
    0.86169005049449456379E+01    0.91865111781743668578E-15    0.12785601034227493801E-15
    0.86256883017517527179E+01    0.18103176938400975996E-15    0.19448010887799217596E-15
    0.86344760985585597979E+01   -0.35863699125401381826E-15    0.43841836351727004017E-15
    0.86432638953653651015E+01   -0.47560069089952029287E-15    0.56059340758481022066E-15
    0.86520516921721721815E+01   -0.21155314732865739625E-15    0.48092416511702305085E-15
    0.86608394889789792614E+01    0.16499886167969034295E-15    0.42416353557376444869E-15
    0.86696272857857863414E+01    0.40340890278650040876E-15    0.54256741340849958101E-15
    0.86784150825925934214E+01    0.47509767735976093605E-15    0.61483826916741516141E-15
    0.86872028793994005014E+01    0.50228900905038275538E-15    0.31558748249859895956E-15
    0.86959906762062058050E+01    0.55610804808156604274E-15   -0.26531634341649264177E-15
    0.87047784730130128850E+01    0.58512723469748595270E-15   -0.58106173569640305683E-15
    0.87135662698198199649E+01    0.52507466933590239493E-15   -0.23016482764937726661E-15
    0.87223540666266270449E+01    0.39952406895817885335E-15    0.54198220219558832013E-15
    0.87311418634334341249E+01    0.27131631085754688891E-15    0.11045218808076575929E-14
    0.87399296602402412049E+01    0.12898807373370494727E-15    0.10610531625764810286E-14
    0.87487174570470482848E+01   -0.10615158758334068390E-15    0.51606781755796630859E-15
    0.87575052538538535885E+01   -0.41260414513788187407E-15   -0.14708794671531674399E-15
    0.87662930506606606684E+01   -0.56280021878507813423E-15   -0.55159132504423864274E-15
    0.87750808474674677484E+01   -0.32635606063768923322E-15   -0.51096679350698497246E-15
    0.87838686442742748284E+01    0.20210272337893698599E-15   -0.14139764220750262395E-15
    0.87926564410810819084E+01    0.60337666922531242355E-15    0.21321239240281870220E-15
    0.88014442378878889883E+01    0.56409481293720730575E-15    0.29032540138329635737E-15
    0.88102320346946942919E+01    0.21705152668742117108E-15    0.14575828453490273578E-15
    0.88190198315015013719E+01   -0.87824056841102535427E-16    0.41390385933814340869E-17
    0.88278076283083084519E+01   -0.25924876069876426162E-15   -0.59297058658167158042E-16
    0.88365954251151155319E+01   -0.53560838074349443753E-15   -0.17371084644088014275E-15
    0.88453832219219226118E+01   -0.10242904221776955416E-14   -0.38150637337807562371E-15
    0.88541710187287296918E+01   -0.13579484686927754254E-14   -0.43042925262164872307E-15
    0.88629588155355367718E+01   -0.10626879776449169897E-14   -0.52546143689206541623E-16
    0.88717466123423420754E+01   -0.21895164573974542704E-15    0.56546066913310073368E-15
    0.88805344091491491554E+01    0.49633734889193203074E-15    0.81961045570932344941E-15
    0.88893222059559562354E+01    0.56697661144584597468E-15    0.37680487324553552004E-15
    0.88981100027627633153E+01    0.23686330113619583389E-15   -0.32306093569639146504E-15
    0.89068977995695703953E+01    0.11312729827186706114E-15   -0.56340055609827290207E-15
    0.89156855963763774753E+01    0.34501211643255062054E-15   -0.25912267629453131579E-15
    0.89244733931831827789E+01    0.47608569708786553353E-15   -0.65811968331364527896E-16
    0.89332611899899898589E+01    0.16575880524419448039E-15   -0.46410050370834084313E-15
    0.89420489867967969388E+01   -0.24087487050006229829E-15   -0.10392540067399663835E-14
    0.89508367836036040188E+01   -0.14625209162183974741E-15   -0.99609067870843635507E-15
    0.89596245804104110988E+01    0.45243233961834792088E-15   -0.19289356979202815016E-15
    0.89684123772172181788E+01    0.86502777604884498804E-15    0.66194093878547871607E-15
    0.89772001740240252587E+01    0.56380408764845589590E-15    0.88455218888059872992E-15
    0.89859879708308305624E+01   -0.13310878395691997022E-15    0.55788693850103366253E-15
    0.89947757676376376423E+01   -0.47964957305061395862E-15    0.23050225995340083827E-15
    0.90035635644444447223E+01   -0.18722272403456652487E-15    0.16486644948077025141E-15
    0.90123513612512518023E+01    0.33688519891071173727E-15    0.12970607956695281637E-15
    0.90211391580580588823E+01    0.57667763641728768415E-15   -0.11060171170566753077E-15
    0.90299269548648659622E+01    0.44473670448445909158E-15   -0.38569100857431138513E-15
    0.90387147516716712659E+01    0.19288084502437480224E-15   -0.35456084284488661824E-15
    0.90475025484784783458E+01    0.42245044838231962055E-16   -0.54268382977488335554E-17
    0.90562903452852854258E+01    0.19730169030501730317E-16    0.28014507335598490828E-15
    0.90650781420920925058E+01    0.64434466659859416497E-16    0.20847112182744673346E-15
    0.90738659388988995858E+01    0.14352615153172253248E-15   -0.50278300607771769223E-16
    0.90826537357057066657E+01    0.24736459056615689492E-15   -0.11887244490523307984E-15
    0.90914415325125137457E+01    0.33292490529948966073E-15    0.74507917953536306636E-16
    0.91002293293193190493E+01    0.32356315991343498845E-15    0.21061160375578219442E-15
    0.91090171261261261293E+01    0.17966211845002295268E-15    0.22731468320815428752E-16
    0.91178049229329332093E+01   -0.46387265231624648558E-16   -0.34551882973913637503E-15
    0.91265927197397402892E+01   -0.24238149012980295404E-15   -0.53691287841527947062E-15
    0.91353805165465473692E+01   -0.30868799441095752156E-15   -0.40547355655754719626E-15
    0.91441683133533544492E+01   -0.22017241263769670210E-15   -0.13022067241538626268E-15
    0.91529561101601597528E+01   -0.71481366192838342995E-16    0.56648791929721741837E-16
    0.91617439069669668328E+01   -0.64115003479184822205E-16    0.11205543256566557018E-15
    0.91705317037737739128E+01   -0.32391059922617390809E-15    0.12777324931351924796E-15
    0.91793195005805809927E+01   -0.67522462363982838668E-15    0.15102560417725979994E-15
    0.91881072973873880727E+01   -0.73418102405937216003E-15    0.13103491957892269662E-15
    0.91968950941941951527E+01   -0.37770884436629559952E-15    0.22145785257198971613E-16
    0.92056828910010004563E+01   -0.34122829443293188544E-16   -0.12431766612547502026E-15
    0.92144706878078075363E+01   -0.23506281306103043485E-15   -0.18438153095370674876E-15
    0.92232584846146146162E+01   -0.90351149990090752226E-15   -0.40505560958273581609E-16
    0.92320462814214216962E+01   -0.13351026601995292070E-14    0.33390531626393901601E-15
    0.92408340782282287762E+01   -0.10039132047778206709E-14    0.78930770469608287564E-15
    0.92496218750350358562E+01   -0.17815974907899857291E-15    0.99904468282315874735E-15
    0.92584096718418411598E+01    0.45864117285711908677E-15    0.71196480065978073900E-15
    0.92671974686486482398E+01    0.57946990502447967949E-15    0.77608330688428901178E-16
    0.92759852654554553197E+01    0.42172859609262654664E-15   -0.40856672641139748844E-15
    0.92847730622622623997E+01    0.31798400794805165570E-15   -0.40244641096298998635E-15
    0.92935608590690694797E+01    0.28787029937507738439E-15   -0.74889565984338862126E-16
    0.93023486558758765597E+01    0.15236440763394973539E-15    0.14495938609335909956E-15
    0.93111364526826818633E+01   -0.14044260094561670857E-15    0.66685314061838784724E-16
    0.93199242494894889433E+01   -0.42083302809776440359E-15   -0.12917042263603867797E-15
    0.93287120462962960232E+01   -0.48156141353994923901E-15   -0.19225900981593020191E-15
    0.93374998431031031032E+01   -0.26152818016216541054E-15   -0.74616948190300599055E-16
    0.93462876399099101832E+01    0.10897847554366579176E-15    0.95867075320257881806E-16
    0.93550754367167172632E+01    0.34200660243074489557E-15    0.17083403248951231200E-15
    0.93638632335235243431E+01    0.16190933055056360198E-15    0.83057021942473621550E-16
    0.93726510303303296467E+01   -0.37891160163917637828E-15   -0.12193264448099451499E-15
    0.93814388271371367267E+01   -0.76568380604802513659E-15   -0.30092863513519191543E-15
    0.93902266239439438067E+01   -0.48706742486946276295E-15   -0.33080492396174897499E-15
    0.93990144207507508867E+01    0.31449742588162143474E-15   -0.25164805441701553263E-15
    0.94078022175575579666E+01    0.89089267821986227692E-15   -0.23941866651518707800E-15
    0.94165900143643650466E+01    0.72970458061489643542E-15   -0.38648046073845943492E-15
    0.94253778111711703502E+01    0.15653701121227928095E-15   -0.55416344159653090480E-15
    0.94341656079779774302E+01   -0.12890543683529987624E-15   -0.52444468263844444121E-15
    0.94429534047847845102E+01    0.94758838911329275716E-16   -0.25921654038763143932E-15
    0.94517412015915915902E+01    0.41299354155728452989E-15    0.46753463097584637409E-16
    0.94605289983983986701E+01    0.41336079160021576642E-15    0.14985272724328085890E-15
    0.94693167952052057501E+01    0.18851117608346906246E-15   -0.61824028951941576606E-16
    0.94781045920120128301E+01    0.84238485095994403713E-16   -0.50760044123746315041E-15
    0.94868923888188181337E+01    0.17170751449834406005E-15   -0.92159789675450121161E-15
    0.94956801856256252137E+01    0.17504735811894037677E-15   -0.98622355702698068998E-15
    0.95044679824324322936E+01   -0.85075162790959674447E-16   -0.59872006774243518070E-15
    0.95132557792392393736E+01   -0.38208224803115491541E-15   -0.25344993107103633450E-16
    0.95220435760460464536E+01   -0.38865951728862622594E-15    0.32356564473332339689E-15
    0.95308313728528535336E+01   -0.18136509224779098518E-15    0.25185181691975953237E-15
    0.95396191696596588372E+01   -0.19880517614043515905E-15   -0.11830717673152566063E-15
    0.95484069664664659172E+01   -0.59642433313914432053E-15   -0.52883523256094552109E-15
    0.95571947632732729971E+01   -0.85851524485102437098E-15   -0.77047768749143520976E-15
    0.95659825600800800771E+01   -0.40070894254659150587E-15   -0.74663050630418880124E-15
    0.95747703568868871571E+01    0.52695810994306301039E-15   -0.48185274692811008882E-15
    0.95835581536936942371E+01    0.93957026890782400124E-15   -0.10592661875565040848E-15
    0.95923459505005013170E+01    0.31188218004666068214E-15    0.18703075530430241989E-15
    0.96011337473073066207E+01   -0.64137167332664438597E-15    0.20823824983770040035E-15
    0.96099215441141137006E+01   -0.81400902121411143045E-15   -0.86921235102742738050E-16
    0.96187093409209207806E+01   -0.88949214783906286122E-16   -0.46406902540780809718E-15
    0.96274971377277278606E+01    0.56408949890160452437E-15   -0.53732306743498421640E-15
    0.96362849345345349406E+01    0.39105733120161893928E-15   -0.17430638351349161367E-15
    0.96450727313413420205E+01   -0.20948080230116160113E-15    0.27451169318628743051E-15
    0.96538605281481491005E+01   -0.35321256236552022560E-15    0.34874924448217240907E-15
    0.96626483249549544041E+01    0.12163199507263942352E-15    0.33554911445970953436E-16
    0.96714361217617614841E+01    0.50925883663470057168E-15   -0.24455428584637164350E-15
    0.96802239185685685641E+01    0.24647630390379350049E-15   -0.22257390370031978147E-15
    0.96890117153753756440E+01   -0.34490739512723955965E-15   -0.19243538594182507253E-15
    0.96977995121821827240E+01   -0.52862978084578137422E-15   -0.55924014643248400315E-15
    0.97065873089889898040E+01   -0.44278995571055679768E-16   -0.11488886276270960122E-14
    0.97153751057957951076E+01    0.68158306018557180196E-15   -0.12704132707917300631E-14
    0.97241629026026021876E+01    0.10631588003375067651E-14   -0.58011656619094565040E-15
    0.97329506994094092676E+01    0.84779308713902173922E-15    0.36242706720263295530E-15
    0.97417384962162163475E+01    0.21054077184772611980E-15    0.69899499678201610936E-15
    0.97505262930230234275E+01   -0.34507546521876163716E-15    0.24639271966409582779E-15
    0.97593140898298305075E+01   -0.30183336521471561383E-15   -0.38317494467819599636E-15
    0.97681018866366375875E+01    0.34939146656282858597E-15   -0.56944542130235655023E-15
    0.97768896834434428911E+01    0.89967743043953803872E-15   -0.29600737569010689050E-15
    0.97856774802502499710E+01    0.62964380367121381596E-15    0.70963371850423625398E-16
    0.97944652770570570510E+01   -0.24813432568112923929E-15    0.29808863670081436190E-15
    0.98032530738638641310E+01   -0.71128210840972081353E-15    0.43669208245554134939E-15
    0.98120408706706712110E+01   -0.15387292525791113546E-15    0.58475453171587123313E-15
    0.98208286674774782909E+01    0.82004759081609546365E-15    0.69368741878459668665E-15
    0.98296164642842835946E+01    0.11832008336105020042E-14    0.64688001986246847927E-15
    0.98384042610910906745E+01    0.75653050540172366545E-15    0.42936933804856665982E-15
    0.98471920578978977545E+01    0.30543793418034814411E-15    0.15234716617529718259E-15
    0.98559798547047048345E+01    0.41483888782279528082E-15   -0.74835412886785218858E-16
    0.98647676515115119145E+01    0.71741732135460258065E-15   -0.23839581404642745488E-15
    0.98735554483183189944E+01    0.51840163652595547997E-15   -0.36528833063657458169E-15
    0.98823432451251260744E+01   -0.15548043316336197060E-15   -0.42354551856354406513E-15
    0.98911310419319313780E+01   -0.52534275274689124745E-15   -0.33315675637611782213E-15
    0.98999188387387384580E+01   -0.76816190996988054479E-16   -0.89871761860318248147E-16
    0.99087066355455455380E+01    0.74864541083673518235E-15    0.16546760553028883406E-15
    0.99174944323523526180E+01    0.11027742783550212783E-14    0.26172915764683138910E-15
    0.99262822291591596979E+01    0.67315897932688713991E-15    0.16298355836485967921E-15
    0.99350700259659667779E+01   -0.11133465139789635973E-15   -0.31402983044872545893E-16
    0.99438578227727720815E+01   -0.63680047470412196688E-15   -0.25244725934131893330E-15
    0.99526456195795791615E+01   -0.61654759588354055226E-15   -0.52250757434605425504E-15
    0.99614334163863862415E+01   -0.20894077714517490780E-15   -0.68609513467588440225E-15
    0.99702212131931933214E+01    0.95182552791692533273E-16   -0.20692329642931487876E-15
    0.99790090100000004014E+01    0.11561700136236173909E-15    0.62760348767422096170E-15
