    0.11999999999999999556E+01    0.00000000000000000000E+00    0.00000000000000000000E+00
    0.12087877968068068135E+01   -0.55050442068386461817E-12    0.25530394691339729935E-17
    0.12175755936136136715E+01    0.81756035707568912839E-12    0.98210911481751972494E-17
    0.12263633904204203073E+01    0.78545008118913709351E-12    0.94920258339294333031E-17
    0.12351511872272271653E+01   -0.17527415947521016176E-11   -0.64888369664879038997E-17
    0.12439389840340340232E+01   -0.17462534366006976807E-11   -0.11949004092520101145E-16
    0.12527267808408408811E+01    0.32291678162829005169E-11    0.97344014723820717928E-17
    0.12615145776476475170E+01    0.74620780066316783273E-11    0.35252248716340224979E-16
    0.12703023744544543749E+01    0.43652051231888199409E-11    0.30890086205236579031E-16
    0.12790901712612612329E+01   -0.31072078597901038297E-11   -0.13880007483404803531E-17
    0.12878779680680680908E+01   -0.46288119495645098635E-11   -0.24745881658249166846E-16
    0.12966657648748749487E+01    0.30750356164524334368E-11   -0.14494233081229927569E-16
    0.13054535616816815846E+01    0.88076785475533183517E-11    0.11375625357551086550E-16
    0.13142413584884884425E+01    0.12466864597759916427E-11    0.18913252860469847548E-16
    0.13230291552952953005E+01   -0.11965973252190295514E-10    0.12988929804974072897E-17
    0.13318169521021021584E+01   -0.10182231149970489060E-10   -0.17108752662078136979E-16
    0.13406047489089087943E+01    0.10285578626976278569E-10   -0.15063901205409605154E-16
    0.13493925457157156522E+01    0.22181272240949946712E-10    0.14965037969381746823E-17
    0.13581803425225225102E+01    0.10614302245560253268E-11    0.13721294199686919511E-16
    0.13669681393293293681E+01   -0.31530635671418320225E-10    0.15379633425963424976E-16
    0.13757559361361360040E+01   -0.24784463177644292257E-10    0.15588975536837870294E-16
    0.13845437329429428619E+01    0.27993982576793431880E-10    0.19393618741154747143E-16
    0.13933315297497497198E+01    0.56759077379818586589E-10    0.16536951425966780400E-16
    0.14021193265565565778E+01    0.93856736449927272084E-12   -0.23003351140232905432E-17
    0.14109071233633634357E+01   -0.82210208104567155220E-10   -0.22784747087825109815E-16
    0.14196949201701700716E+01   -0.62531685899091002976E-10   -0.10463266425355806194E-16
    0.14284827169769769295E+01    0.74693472783609342652E-10    0.60463075208178656274E-16
    0.14372705137837837874E+01    0.14728114309831062415E-09    0.18242484064014815601E-15
    0.14460583105905906454E+01    0.10411580837343326447E-11    0.30788588272560067163E-15
    0.14548461073973975033E+01   -0.21045667096246095437E-09    0.35507027007632916536E-15
    0.14636339042042041392E+01   -0.14435704434322223825E-09    0.25083963027159245127E-15
    0.14724217010110109971E+01    0.24498566320038350427E-09    0.63517275644593455965E-17
    0.14812094978178178550E+01    0.51440244134058774868E-09   -0.25757847730737916330E-15
    0.14899972946246244909E+01    0.36756205960830329876E-09   -0.41664901040993004754E-15
    0.14987850914314313489E+01    0.47064921239634225482E-09   -0.47380721415368251953E-15
    0.15075728882382382068E+01    0.24349038465869116807E-08   -0.53071668798688729602E-15
    0.15163606850450450647E+01    0.80857516969699752170E-08   -0.61229430059346829342E-15
    0.15251484818518519226E+01    0.20539566526161310463E-07   -0.58252373866066669378E-15
    0.15339362786586585585E+01    0.49827479212283738622E-07   -0.32374946531715130399E-15
    0.15427240754654654165E+01    0.12195801029449053465E-06    0.32793234712246716470E-16
    0.15515118722722722744E+01    0.29957767559239623163E-06    0.17270718080443956698E-15
    0.15602996690790791323E+01    0.71550671092816658982E-06   -0.63844520775399036008E-16
    0.15690874658858859902E+01    0.16560672146339010190E-05   -0.48628874316081328814E-15
    0.15778752626926926261E+01    0.37585868448399822731E-05   -0.77610128742408692322E-15
    0.15866630594994994841E+01    0.83187889495890651644E-05   -0.81769077795016164008E-15
    0.15954508563063063420E+01    0.18041121049144553332E-04   -0.74877060445636037887E-15
    0.16042386531131129779E+01    0.38241649319124030812E-04   -0.74935769275397113943E-15
    0.16130264499199198358E+01    0.79104255577383699284E-04   -0.86336280963200267699E-15
    0.16218142467267266937E+01    0.16027392687705324659E-03   -0.97481493245631175609E-15
    0.16306020435335335517E+01    0.31728477876838125050E-03   -0.85650242952664250554E-15
    0.16393898403403404096E+01    0.61435550211894919808E-03   -0.32626199328660558796E-15
    0.16481776371471470455E+01    0.11633398417352199330E-02    0.50802716062800547342E-15
    0.16569654339539539034E+01    0.21511041971819309764E-02    0.11760351534283730870E-14
    0.16657532307607607613E+01    0.38846679184789656945E-02    0.11985466129365912609E-14
    0.16745410275675676193E+01    0.68455676729124942739E-02    0.52859639375501844627E-15
    0.16833288243743744772E+01    0.11762605101839143651E-01   -0.41248502459208202932E-15
    0.16921166211811811131E+01    0.19700692077663683327E-01   -0.10685483412626439427E-14
    0.17009044179879879710E+01    0.32142701496340631007E-01   -0.10629566110761989927E-14
    0.17096922147947948289E+01    0.51050510195185500040E-01   -0.36260102096897873397E-15
    0.17184800116016014648E+01    0.78899531047116611138E-01    0.65956211501810744084E-15
    0.17272678084084085448E+01    0.11859320089957731126E+00    0.14653543003872816493E-14
    0.17360556052152151807E+01    0.17326378983680279511E+00    0.18496721524952080105E-14
    0.17448434020220220386E+01    0.24593286825419979902E+00    0.21671197157083746612E-14
    0.17536311988288288966E+01    0.33888413597506877872E+00    0.28686549805175760503E-14
    0.17624189956356355324E+01    0.45291231954806343563E+00    0.39053823120477227182E-14
    0.17712067924424426124E+01    0.58642615738625869515E+00    0.48009084470688875456E-14
    0.17799945892492492483E+01    0.73443582958467223953E+00    0.53078867030393210831E-14
    0.17887823860560561062E+01    0.88777558217094709736E+00    0.57330397450467051175E-14
    0.17975701828628629642E+01    0.10328897390825013680E+01    0.63550538567477646142E-14
    0.18063579796696696000E+01    0.11520199209119661443E+01    0.66871399453630014868E-14
    0.18151457764764764580E+01    0.12246569620313094706E+01    0.57088813987311838255E-14
    0.18239335732832833159E+01    0.12301297277669562824E+01    0.29352059366227951186E-14
    0.18327213700900899518E+01    0.11508492202834805784E+01   -0.10041171659029987760E-14
    0.18415091668968970318E+01    0.97670798000290348639E+00   -0.51023705862620236324E-14
    0.18502969637037036676E+01    0.70959341738911618780E+00   -0.89786352573666288242E-14
    0.18590847605105105256E+01    0.36619629588454161162E+00   -0.12752701590700466318E-13
    0.18678725573173173835E+01   -0.20800766442467602535E-01   -0.15957516284267855519E-13
    0.18766603541241240194E+01   -0.40413559511739388652E+00   -0.17108563595801577162E-13
    0.18854481509309310994E+01   -0.72870694703602378883E+00   -0.14978165593555667651E-13
    0.18942359477377377353E+01   -0.94041747456523772097E+00   -0.10126667982945996813E-13
    0.19030237445445445932E+01   -0.99679426460138853550E+00   -0.45089854460307153645E-14
    0.19118115413513514511E+01   -0.87892598980439351486E+00    0.54812200806742977296E-15
    0.19205993381581580870E+01   -0.59992728507798342985E+00    0.54217016837328253303E-14
    0.19293871349649649449E+01   -0.20544210533394410834E+00    0.10774658588346077475E-13
    0.19381749317717718029E+01    0.23008957211437153223E+00    0.15654682622175556225E-13
    0.19469627285785784387E+01    0.61643931381244576606E+00    0.17692589671247199227E-13
    0.19557505253853855187E+01    0.86840706110414855878E+00    0.15088942413695142576E-13
    0.19645383221921921546E+01    0.92563287343885691794E+00    0.80420279954848889463E-14
    0.19733261189989990125E+01    0.76823211693475168538E+00   -0.14892718086525535005E-14
    0.19821139158058058705E+01    0.42825725489342580943E+00   -0.10617753664122726275E-13
    0.19909017126126125063E+01   -0.15171931161755089837E-01   -0.16603361041227111672E-13
    0.19996895094194195863E+01   -0.45476039145039487410E+00   -0.18084931347805525389E-13
    0.20084773062262262222E+01   -0.77840755680229400948E+00   -0.15596917529525899997E-13
    0.20172651030330328581E+01   -0.89870979032588149682E+00   -0.10511740237840336933E-13
    0.20260528998398399381E+01   -0.78127970997994922175E+00   -0.37025556897112768541E-14
    0.20348406966466465740E+01   -0.45449169408263334624E+00    0.44087953885490941014E-14
    0.20436284934534532098E+01   -0.30512825528102149181E-02    0.12662846661553874613E-13
    0.20524162902602602898E+01    0.44903532608614765698E+00    0.18642171687678554574E-13
    0.20612040870670673698E+01    0.77412866579807937395E+00    0.19850382303747991069E-13
    0.20699918838738740057E+01    0.88009620795604071031E+00    0.15270468658361275637E-13
    0.20787796806806806416E+01    0.73451736164465397660E+00    0.59200472426910168788E-14
    0.20875674774874877215E+01    0.37553918577831013614E+00   -0.54636440470597345902E-14
    0.20963552742942943574E+01   -0.92494121736581183524E-01   -0.15184845270133845913E-13
    0.21051430711011009933E+01   -0.53236090178696504616E+00   -0.20083187747368524166E-13
    0.21139308679079080733E+01   -0.81540097604506400764E+00   -0.19021304325743578789E-13
    0.21227186647147147092E+01   -0.85599426950355483878E+00   -0.12993364211821274934E-13
    0.21315064615215213450E+01   -0.63917963218252693558E+00   -0.40982901844488218473E-14
    0.21402942583283284250E+01   -0.23090950873342952487E+00    0.53650693950545658425E-14
    0.21490820551351350609E+01    0.24639942803729913967E+00    0.13284018405310528335E-13
    0.21578698519419421409E+01    0.64996646444792904873E+00    0.17939834971885535495E-13
    0.21666576487487487768E+01    0.85587538618924285938E+00    0.18146251893867429867E-13
    0.21754454455555558567E+01    0.79971025568622899904E+00    0.13345706081813063859E-13
    0.21842332423623624926E+01    0.50029505794208561920E+00    0.39061254046145154956E-14
    0.21930210391691691285E+01    0.48110073954185435252E-01   -0.81605875958003269806E-14
    0.22018088359759762085E+01   -0.41987414164790709536E+00   -0.18721214323242669912E-13
    0.22105966327827828444E+01   -0.75870437333104456812E+00   -0.23126646559635877029E-13
    0.22193844295895894803E+01   -0.86374061512176081301E+00   -0.19415687993875379501E-13
    0.22281722263963965602E+01   -0.70485552187404965085E+00   -0.98610060140084629781E-14
    0.22369600232032031961E+01   -0.32950748318486339228E+00    0.12377203603124986277E-14
    0.22457478200100098320E+01    0.14798581702797874993E+00    0.10538536312162815341E-13
    0.22545356168168169120E+01    0.57940231217648496820E+00    0.16449150120861622527E-13
    0.22633234136236239920E+01    0.83265973510118673762E+00    0.18157832548890983639E-13
    0.22721112104304301837E+01    0.83235365818583040287E+00    0.15058881308355312207E-13
    0.22808990072372372637E+01    0.57721018989245209685E+00    0.73619045195881837926E-14
    0.22896868040440443437E+01    0.14513605264980705689E+00   -0.31238852018179086966E-14
    0.22984746008508509796E+01   -0.33022354928076508296E+00   -0.13253389517481229325E-13
    0.23072623976576576155E+01   -0.70519715255542625432E+00   -0.19652050471413280823E-13
    0.23160501944644646954E+01   -0.86802409351367859625E+00   -0.19872498448753212891E-13
    0.23248379912712713313E+01   -0.76838978173091032620E+00   -0.13469704938741706353E-13
    0.23336257880780779672E+01   -0.43739608110441247080E+00   -0.27418402071149648417E-14
    0.23424135848848850472E+01    0.23438962302988867320E-01    0.81938306580085655566E-14
    0.23512013816916916831E+01    0.47760905741721676465E+00    0.15598689775412379695E-13
    0.23599891784984983190E+01    0.79142739317132293486E+00    0.17669406290095389043E-13
    0.23687769753053053989E+01    0.87142764848332554539E+00    0.14549791039953338798E-13
    0.23775647721121124789E+01    0.69621541307547074595E+00    0.78204152471291894696E-14
    0.23863525689189186707E+01    0.31941736247781576941E+00   -0.28868249292053704895E-15
    0.23951403657257257507E+01   -0.15036258781197237022E+00   -0.78620001149858710430E-14
    0.24039281625325328307E+01   -0.57767101797402309327E+00   -0.13736683383707476629E-13
    0.24127159593393394665E+01   -0.83955989818274467940E+00   -0.16868699310298720209E-13
    0.24215037561461461024E+01   -0.86409834687746089887E+00   -0.15688219514012308320E-13
    0.24302915529529531824E+01   -0.64660551505126706573E+00   -0.91014013546134625867E-14
    0.24390793497597598183E+01   -0.24790260567505889577E+00    0.13325772705339311851E-14
    0.24478671465665664542E+01    0.21963388556212176672E+00    0.11005275373539859160E-13
    0.24566549433733735341E+01    0.62626873372124969297E+00    0.15574693926543964817E-13
    0.24654427401801801700E+01    0.86283979650391939842E+00    0.14582201939231429212E-13
    0.24742305369869868059E+01    0.86665329546863667520E+00    0.10861684216924367260E-13
    0.24830183337937938859E+01    0.63726074167003909920E+00    0.68050218892916667472E-14
    0.24918061306006009659E+01    0.23870616829063195929E+00    0.22993580461243002522E-14
    0.25005939274074071577E+01   -0.22247138803355703818E+00   -0.34841194799741991179E-14
    0.25093817242142142376E+01   -0.62634693250936157582E+00   -0.96587818045473176990E-14
    0.25181695210210213176E+01   -0.86844691825185638123E+00   -0.13749711153622635175E-13
    0.25269573178278279535E+01   -0.88757788265021453356E+00   -0.13744655624321930249E-13
    0.25357451146346345894E+01   -0.68231837747376045122E+00   -0.95155965416926754868E-14
    0.25445329114414416694E+01   -0.30591390918819916234E+00   -0.26618926630059870840E-14
    0.25533207082482483052E+01    0.14707351905764601274E+00    0.42024833944123189230E-14
    0.25621085050550549411E+01    0.56395416280140786558E+00    0.86417925778799385667E-14
    0.25708963018618620211E+01    0.84402121667942142658E+00    0.98788189544629577445E-14
    0.25796840986686686570E+01    0.92267569330238063952E+00    0.91917034035190099176E-14
    0.25884718954754752929E+01    0.78283411438839356489E+00    0.82002090045070977813E-14
    0.25972596922822823728E+01    0.45971228283532750147E+00    0.69777172286455311685E-14
    0.26060474890890894528E+01    0.30752466000174179250E-01    0.43731502888753095900E-14
    0.26148352858958960887E+01   -0.40548763821052752343E+00   -0.67524814072714177588E-16
    0.26236230827027027246E+01   -0.75108539647847216703E+00   -0.51049675698798811809E-14
    0.26324108795095098046E+01   -0.92965454814919357140E+00   -0.88453441867620875896E-14
    0.26411986763163164404E+01   -0.90445562756044206587E+00   -0.10157400440873469848E-13
    0.26499864731231230763E+01   -0.68376688641063498864E+00   -0.90607224671219236075E-14
    0.26587742699299301563E+01   -0.31651340050860343744E+00   -0.63394271946503857810E-14
    0.26675620667367367922E+01    0.11771424489713898376E+00   -0.30621619674154791603E-14
    0.26763498635435434281E+01    0.52735489535003554629E+00   -0.67719165714766845327E-16
    0.26851376603503505081E+01    0.82906294355925425066E+00    0.24375695875810617310E-14
    0.26939254571571571439E+01    0.96302623138574594552E+00    0.46809169812835793387E-14
    0.27027132539639637798E+01    0.90428324495759693225E+00    0.67037622684036266379E-14
    0.27115010507707708598E+01    0.66762909830275962708E+00    0.80531820454241816173E-14
    0.27202888475775779398E+01    0.30135759648105114872E+00    0.81213988200470508261E-14
    0.27290766443843845757E+01   -0.12291038771725841527E+00    0.66136779015949554639E-14
    0.27378644411911912115E+01   -0.52419091506481951814E+00    0.37522745266890802801E-14
    0.27466522379979982915E+01   -0.82860568972360482132E+00    0.27225565821862965755E-15
    0.27554400348048049274E+01   -0.98281949415509128887E+00   -0.28041601251139530979E-14
    0.27642278316116115633E+01   -0.96147424934204372970E+00   -0.47613152322033207528E-14
    0.27730156284184186433E+01   -0.77143605598486320041E+00   -0.57141293313088880190E-14
    0.27818034252252252791E+01   -0.44869629975553548817E+00   -0.62974863633432433640E-14
    0.27905912220320319150E+01   -0.49931593366208525120E-01   -0.67884106052781287765E-14
    0.27993790188388389950E+01    0.35741192273883376496E+00   -0.67459444070865245876E-14
    0.28081668156456460750E+01    0.70680346418688722032E+00   -0.56839596058608841435E-14
    0.28169546124524522668E+01    0.94395261573811606315E+00   -0.38198627946175681222E-14
    0.28257424092592593468E+01    0.10340685250080174917E+01   -0.18211995960525614915E-14
    0.28345302060660664267E+01    0.96601492740986028007E+00    0.12171568994836056929E-15
    0.28433180028728730626E+01    0.75331034052281831137E+00    0.25668667682625752978E-14
    0.28521057996796796985E+01    0.42996180694303459680E+00    0.58044177981294776336E-14
    0.28608935964864867785E+01    0.44550618514311440821E-01    0.88456703794249377103E-14
    0.28696813932932934144E+01   -0.34728630354509415490E+00    0.10104280036114904387E-13
    0.28784691901001000502E+01   -0.69140700918473418923E+00    0.91948512355458504147E-14
    0.28872569869069071302E+01   -0.94253769486613858675E+00    0.75224526088792819909E-14
    0.28960447837137137661E+01   -0.10693726349924048691E+01    0.65438388754151416565E-14
    0.29048325805205204020E+01   -0.10583456844048118040E+01    0.59098141372443421369E-14
    0.29136203773273274820E+01   -0.91404627105253444252E+00    0.40057112234266192316E-14
    0.29224081741341345619E+01   -0.65721513270079234825E+00    0.98893388125781930736E-16
    0.29311959709409407537E+01   -0.32144759491764846038E+00   -0.46456028996912523298E-14
    0.29399837677477478337E+01    0.52000939402728825478E-01   -0.83975971000956804973E-14
    0.29487715645545549137E+01    0.41978218151659996149E+00   -0.10218219946276421734E-13
    0.29575593613613615496E+01    0.74139418116877686682E+00   -0.10325384057251042027E-13
    0.29663471581681681855E+01    0.98359807355311734689E+00   -0.94615210420309813409E-14
    0.29751349549749752654E+01    0.11236391080008163446E+01   -0.83112928480691450843E-14
    0.29839227517817819013E+01    0.11504528639748619057E+01   -0.71467532909692108959E-14
    0.29927105485885885372E+01    0.10650002824643969301E+01   -0.56408190166169930830E-14
    0.30014983453953956172E+01    0.87904924298608333455E+00   -0.31780566844861009216E-14
    0.30102861422022022531E+01    0.61287721196520794642E+00    0.51322432503458434798E-15
    0.30190739390090088889E+01    0.29266135354080863307E+00    0.50004410990165399841E-14
    0.30278617358158159689E+01   -0.52508138168617518593E-01    0.93060723013799817461E-14
    0.30366495326226230489E+01   -0.39358638312143090499E+00    0.12263327365547181641E-13
    0.30454373294294292407E+01   -0.70395307426626729796E+00    0.13145136356683928045E-13
    0.30542251262362363207E+01   -0.96135867189339552219E+00    0.12418605719228228227E-13
    0.30630129230430434006E+01   -0.11493168348114937150E+01    0.11662671171959585345E-13
    0.30718007198498500365E+01   -0.12576084592703840048E+01    0.12037131353243275959E-13
    0.30805885166566566724E+01   -0.12824173065820430040E+01    0.12845121253451862575E-13
    0.30893763134634637524E+01   -0.12258444325486670401E+01    0.12212655040363940229E-13
    0.30981641102702703883E+01   -0.10949971276367336248E+01    0.91217641454119591223E-14
    0.31069519070770770242E+01   -0.90092918685173917215E+00    0.43775809457248340519E-14
    0.31157397038838841041E+01   -0.65739037178270787187E+00   -0.43044642872451735257E-15
    0.31245275006906907400E+01   -0.37956087498097995647E+00   -0.42711424279734421456E-14
    0.31333152974974973759E+01   -0.82937697911064534040E-01   -0.70690991867065007688E-14
    0.31421030943043044559E+01    0.21766380428389489610E+00   -0.94509520657772960991E-14
    0.31508908911111115358E+01    0.50892234419282511571E+00   -0.12282043367890445990E-13
    0.31596786879179177276E+01    0.77952516015125938864E+00   -0.15945311591025428520E-13
    0.31684664847247248076E+01    0.10205486073346796694E+01   -0.19782535672704405870E-13
    0.31772542815315318876E+01    0.12255823210856353622E+01   -0.22542427581579532440E-13
    0.31860420783383385235E+01    0.13906775936040010055E+01   -0.23456314024633292083E-13
    0.31948298751451451594E+01    0.15141944223621428556E+01   -0.22788582863738449200E-13
    0.32036176719519522393E+01    0.15965036657140607712E+01   -0.21424101358825047035E-13
    0.32124054687587593193E+01    0.16396464206300496169E+01   -0.20257132370130200548E-13
    0.32211932655655655111E+01    0.16469659368924045584E+01   -0.19773022258020280166E-13
    0.32299810623723725911E+01    0.16227239995798252714E+01   -0.19785968421670807610E-13
    0.32387688591791796711E+01    0.15717447665502508602E+01   -0.19546456174132427347E-13
    0.32475566559859858629E+01    0.14991063579767249792E+01   -0.18435902398582200040E-13
    0.32563444527927929428E+01    0.14098607838206180798E+01   -0.16603492395988076579E-13
    0.32651322495996000228E+01    0.13088249763777000112E+01   -0.14719152962644038135E-13
    0.32739200464064062146E+01    0.12004209160669914169E+01   -0.13184632969063982700E-13
    0.32827078432132132946E+01    0.10885578457373965566E+01   -0.11784178522312900723E-13
    0.32914956400200203745E+01    0.97657708349825267380E+00   -0.10125644576846123213E-13
    0.33002834368268265663E+01    0.86722172123223040252E+00   -0.81665777426816733645E-14
    0.33090712336336336463E+01    0.76264673236997249095E+00   -0.62684044833513744216E-14
    0.33178590304404407263E+01    0.66445569593541076170E+00   -0.49411440147339658568E-14
    0.33266468272472478063E+01    0.57374853338685338766E+00   -0.45314784109662160807E-14
    0.33354346240540539981E+01    0.49118367305214932772E+00   -0.48620391632070254309E-14
    0.33442224208608610780E+01    0.41704377508473905456E+00   -0.50565917455730081241E-14
    0.33530102176676681580E+01    0.35130160489323292161E+00   -0.42039973013990678599E-14
    0.33617980144744743498E+01    0.29368568827864466320E+00   -0.24791274643251525480E-14
    0.33705858112812814298E+01    0.24374235746181785456E+00   -0.12564340814828246455E-14
    0.33793736080880885098E+01    0.20089197587813639734E+00   -0.15538209043004988007E-14
    0.33881614048948947016E+01    0.16448094430815357603E+00   -0.26078403088937386746E-14
    0.33969492017017017815E+01    0.13382191033137802449E+00   -0.26954243821166734797E-14
    0.34057369985085088615E+01    0.10822604529593700395E+00   -0.12663690406880705943E-14
    0.34145247953153150533E+01    0.87028735541471835546E-01    0.34308737471177946140E-15
    0.34233125921221221333E+01    0.69605739046638401279E-01    0.61212432518966502412E-15
    0.34321003889289292133E+01    0.55385546429696591586E-01   -0.39346203397468293548E-15
    0.34408881857357362932E+01    0.43855457459140739784E-01   -0.13651761582347035630E-14
    0.34496759825425424850E+01    0.34563566520689086026E-01   -0.13594536621213806504E-14
    0.34584637793493495650E+01    0.27118347059622467665E-01   -0.59824912945014735073E-15
    0.34672515761561566450E+01    0.21184938629699209822E-01    0.15543846401602721593E-15
    0.34760393729629628368E+01    0.16480461627702142069E-01    0.41253938771133870204E-15
    0.34848271697697699167E+01    0.12768547568561463418E-01    0.16704676109972033516E-15
    0.34936149665765769967E+01    0.98534139473770657874E-02   -0.27730507925518944473E-15
    0.35024027633833831885E+01    0.75742231580860457096E-02   -0.53408147653537676648E-15
    0.35111905601901902685E+01    0.57999426684089442838E-02   -0.39833106925054606014E-15
    0.35199783569969973485E+01    0.44244951690616037693E-02   -0.30237281899025568046E-16
    0.35287661538038035403E+01    0.33626104946991356402E-02    0.22457983662499634426E-15
    0.35375539506106106202E+01    0.25461442388440007518E-02    0.21679593272538363511E-15
    0.35463417474174177002E+01    0.19208629523071204907E-02    0.11587007779882002599E-15
    0.35551295442242247802E+01    0.14439003089195948971E-02    0.10910304048627673429E-15
    0.35639173410310309720E+01    0.10814888988740758904E-02    0.10724166354237612572E-15
    0.35727051378378380520E+01    0.80717486399641273816E-03   -0.12717156884588218962E-15
    0.35814929346446451319E+01    0.60034294648092978355E-03   -0.61407039468363883656E-15
    0.35902807314514513237E+01    0.44496892383027401158E-03   -0.10397961754791091025E-14
    0.35990685282582584037E+01    0.32868679871104041152E-03   -0.10500818967877078567E-14
    0.36078563250650654837E+01    0.24197719215766468948E-03   -0.56575932594051100331E-15
    0.36166441218718716755E+01    0.17755063061528024286E-03    0.18607984989023322040E-15
    0.36254319186786787554E+01    0.12985447772636329053E-03    0.81680756555699634282E-15
    0.36342197154854858354E+01    0.94664567169634296980E-04    0.96710912199532092195E-15
    0.36430075122922929154E+01    0.68792259543576885134E-04    0.54669710108820366023E-15
    0.36517953090990991072E+01    0.49834390957509080598E-04   -0.11488326391311292633E-15
    0.36605831059059061872E+01    0.35988899597191913518E-04   -0.51253287418490152482E-15
    0.36693709027127132671E+01    0.25911625221562845903E-04   -0.42180340469317609986E-15
    0.36781586995195194589E+01    0.18599868882076743711E-04   -0.70588874650461461649E-16
    0.36869464963263265389E+01    0.13311905589997052884E-04    0.14011567940898216638E-15
    0.36957342931331336189E+01    0.94994563533373315285E-05   -0.34018121180487119391E-16
    0.37045220899399398107E+01    0.67591719979887173914E-05   -0.55046251180571377112E-15
    0.37133098867467468907E+01    0.47959034725414522582E-05   -0.10822500787345556514E-14
    0.37220976835535539706E+01    0.33933294504447033903E-05   -0.11843986814920847651E-14
    0.37308854803603601624E+01    0.23943427468370882974E-05   -0.68823997429457348309E-15
    0.37396732771671672424E+01    0.16848524792741369677E-05    0.12684664577718632998E-16
    0.37484610739739743224E+01    0.11823876249265645752E-05    0.29314157894863890167E-15
    0.37572488707807814023E+01    0.82764720186336208886E-06   -0.51912279526482110598E-16
    0.37660366675875875941E+01    0.57784779562972976613E-06   -0.62058618222975921918E-15
    0.37748244643943946741E+01    0.40242984079996934789E-06   -0.93565785341083151628E-15
    0.37836122612012017541E+01    0.27956409106854843128E-06   -0.96105849159930342451E-15
    0.37924000580080079459E+01    0.19373023426636065748E-06   -0.95299500161554080529E-15
    0.38011878548148150259E+01    0.13394765628387554734E-06   -0.95817360904389948672E-15
    0.38099756516216221058E+01    0.92404181516262312680E-07   -0.70593342316231577324E-15
    0.38187634484284282976E+01    0.63603122165292718854E-07   -0.10927750910126709264E-15
    0.38275512452352353776E+01    0.43679638453517760353E-07    0.33114163994391632182E-15
    0.38363390420420424576E+01    0.29930043425615581224E-07   -0.42676798979951602145E-17
    0.38451268388488486494E+01    0.20469765691025726043E-07   -0.95470058802764934295E-15
    0.38539146356556557294E+01    0.13973088134273482972E-07   -0.14967132838945925029E-14
    0.38627024324624628093E+01    0.95190884014764271916E-08   -0.88348420747682212519E-15
    0.38714902292692698893E+01    0.64703386701814142354E-08    0.36613265834887957298E-15
    0.38802780260760760811E+01    0.43884377580426844391E-08    0.10344919686631618106E-14
    0.38890658228828831611E+01    0.29717714504689005786E-08    0.57991914777532499885E-15
    0.38978536196896902410E+01    0.20093929265021235219E-08   -0.38414406832384434575E-15
    0.39066414164964964328E+01    0.13559722893132917040E-08   -0.97214566399173579608E-15
    0.39154292133033035128E+01    0.91261139652916064118E-09   -0.93827482610653487483E-15
    0.39242170101101105928E+01    0.61271035291948346704E-09   -0.61193321541753537883E-15
    0.39330048069169167846E+01    0.41093954986176983835E-09   -0.30946412967631621986E-15
    0.39417926037237238646E+01    0.27542285206434905105E-09   -0.66482357619701363834E-16
    0.39505804005305309445E+01    0.18420656212972709308E-09    0.12528859645430434153E-15
    0.39593681973373371363E+01    0.12271363804253073379E-09    0.90858201339487557405E-16
    0.39681559941441442163E+01    0.81484790726910307182E-10   -0.32629984097307385614E-15
    0.39769437909509512963E+01    0.54138082918393428758E-10   -0.86322215394270477563E-15
    0.39857315877577583763E+01    0.36035923024588742929E-10   -0.88671267550582528164E-15
    0.39945193845645645681E+01    0.23930295072340832344E-10   -0.91308227130827576696E-16
    0.40033071813713716480E+01    0.15767925804913280617E-10    0.95427092450313482914E-15
    0.40120949781781787280E+01    0.10331307291056033680E-10    0.13084615222021615104E-14
    0.40208827749849849198E+01    0.68046244379913391001E-11    0.67255412158304011402E-15
    0.40296705717917919998E+01    0.45250932926482488803E-11   -0.31367473066637004823E-15
    0.40384583685985990797E+01    0.30000583192744406679E-11   -0.82646380114359482124E-15
    0.40472461654054052715E+01    0.19504859609663479673E-11   -0.61583383849417545467E-15
    0.40560339622122123515E+01    0.12508314616107409251E-11    0.10808247856415883383E-16
    0.40648217590190194315E+01    0.81703452523260434958E-12    0.61671122734409514395E-15
    0.40736095558258256233E+01    0.55124153812508162870E-12    0.91180469617930769718E-15
    0.40823973526326327033E+01    0.36954353433535942817E-12    0.78144298435517502644E-15
    0.40911851494394397832E+01    0.23438775976456934574E-12    0.26839237264433637662E-15
    0.40999729462462468632E+01    0.14281260192783522947E-12   -0.43093634930000706024E-15
    0.41087607430530530550E+01    0.92389801018593920919E-13   -0.97399987604397681919E-15
    0.41175485398598601350E+01    0.66292707877272105545E-13   -0.10044429036104219864E-14
    0.41263363366666672150E+01    0.46476027971227292404E-13   -0.45251815454501830191E-15
    0.41351241334734734068E+01    0.27721712904781887103E-13    0.27128150375928530485E-15
    0.41439119302802804867E+01    0.14550186934213294692E-13    0.58118674997282726873E-15
    0.41526997270870875667E+01    0.95460812454597060031E-14    0.25405275262326859217E-15
    0.41614875238938937585E+01    0.86746291267183201635E-14   -0.40443074449706129649E-15
    0.41702753207007008385E+01    0.68011176479658905930E-14   -0.91748617652268569040E-15
    0.41790631175075079184E+01    0.33061229473354586338E-14   -0.10148902354106482173E-14
    0.41878509143143141102E+01    0.85290606288017653266E-15   -0.71140746162254678128E-15
    0.41966387111211211902E+01    0.78030501393593566215E-15   -0.22132800375027926044E-15
    0.42054265079279282702E+01    0.14676466794488249576E-14    0.16606054228313780475E-15
    0.42142143047347353502E+01    0.96728995461633887333E-15    0.24904519629837812872E-15
    0.42230021015415415420E+01   -0.46962952642685076965E-15    0.36211231477036936578E-16
    0.42317898983483486219E+01   -0.11818349370137930907E-14   -0.29530056123975751256E-15
    0.42405776951551557019E+01   -0.48280037615480865477E-15   -0.52669292923544838616E-15
    0.42493654919619618937E+01    0.57478308291857016909E-15   -0.50663720079556414826E-15
    0.42581532887687689737E+01    0.71814322015559609065E-15   -0.22878583098117324026E-15
    0.42669410855755760537E+01   -0.88796628377690303050E-16    0.13801151972483616618E-15
    0.42757288823823822455E+01   -0.94632907333133860543E-15    0.36055282199510756965E-15
    0.42845166791891893254E+01   -0.11774244103836624079E-14    0.31490715008797124745E-15
    0.42933044759959964054E+01   -0.83646040259326131975E-15    0.49300184057530698965E-16
    0.43020922728028034854E+01   -0.29266272995638620595E-15   -0.30405643977697803182E-15
    0.43108800696096096772E+01    0.23118620413852894362E-15   -0.62153236069188064622E-15
    0.43196678664164167571E+01    0.65937204692064490197E-15   -0.79556446988027215243E-15
    0.43284556632232238371E+01    0.84778714856307116211E-15   -0.70680668552889913687E-15
    0.43372434600300300289E+01    0.60362380088867078294E-15   -0.28504401344557917845E-15
    0.43460312568368371089E+01    0.25325861857854535898E-16    0.31379942196249324990E-15
    0.43548190536436441889E+01   -0.30661573783129098126E-15    0.63840308586610006795E-15
    0.43636068504504503807E+01    0.15116559411995661358E-15    0.31088125760836498964E-15
    0.43723946472572574606E+01    0.11073710820434237642E-14   -0.44001785753765562469E-15
    0.43811824440640645406E+01    0.14892140785132520445E-14   -0.84268520985478349389E-15
    0.43899702408708707324E+01    0.61141947031478496537E-15   -0.42643941784787877424E-15
    0.43987580376776778124E+01   -0.91030158121631202236E-15    0.34084608639846995434E-15
    0.44075458344844848924E+01   -0.18070839376877593987E-14    0.59833196553750471826E-15
    0.44163336312912919723E+01   -0.15046903917509575686E-14    0.15129774529481021320E-15
    0.44251214280980981641E+01   -0.54548030652188089614E-15   -0.33557014902538460774E-15
    0.44339092249049052441E+01    0.22795024915849460101E-15   -0.28885294795261127322E-15
    0.44426970217117123241E+01    0.47121338503003745761E-15   -0.10956036529150995042E-16
    0.44514848185185185159E+01    0.30604182207433549364E-15   -0.20370031697478393184E-15
    0.44602726153253255958E+01   -0.10279087973642043668E-15   -0.94276262849672109929E-15
    0.44690604121321326758E+01   -0.69580873921290820427E-15   -0.14901341106858461896E-14
    0.44778482089389388676E+01   -0.12920257698436990302E-14   -0.12074513024762478808E-14
    0.44866360057457459476E+01   -0.14434102155720293513E-14   -0.33426478774506664932E-15
    0.44954238025525530276E+01   -0.78392677440772134803E-15    0.34709294399998947670E-15
    0.45042115993593592194E+01    0.43555971864447819147E-15    0.35099447828207832095E-15
    0.45129993961661662993E+01    0.13944814549662561451E-14   -0.16888941298295575915E-15
    0.45217871929729733793E+01    0.14912440119546123527E-14   -0.73972238009456004984E-15
    0.45305749897797804593E+01    0.96040202122784702780E-15   -0.95685420347363420790E-15
    0.45393627865865866511E+01    0.49132862631056340499E-15   -0.69241863009633753612E-15
    0.45481505833933937311E+01    0.41441493580953937720E-15   -0.18930259131910041034E-15
    0.45569383802002008110E+01    0.46763607292293866225E-15    0.85876507239411216131E-16
    0.45657261770070070028E+01    0.31531887278553404217E-15   -0.12099589683462927216E-15
    0.45745139738138140828E+01    0.12561510562951033239E-16   -0.55011020896071879053E-15
    0.45833017706206211628E+01   -0.14523409699058540083E-15   -0.72783950055586423136E-15
    0.45920895674274273546E+01   -0.42782744705489751893E-16   -0.51471431824404734176E-15
    0.46008773642342344345E+01    0.12969996403758562678E-15   -0.21766990622077675826E-15
    0.46096651610410415145E+01    0.13365237383642656932E-15   -0.14902331002237071409E-15
    0.46184529578478477063E+01   -0.68524939495731353100E-16   -0.25601791631351473875E-15
    0.46272407546546547863E+01   -0.30867111494343003599E-15   -0.29190764646379276755E-15
    0.46360285514614618663E+01   -0.33200239664499363367E-15   -0.21268503525670630117E-15
    0.46448163482682689462E+01    0.37951321046813486519E-16   -0.22989945263426905491E-15
    0.46536041450750751380E+01    0.69005785164766350800E-15   -0.43064547737400982411E-15
    0.46623919418818822180E+01    0.11494628969932174299E-14   -0.51183461515071082451E-15
    0.46711797386886892980E+01    0.94491028838139582028E-15   -0.11701584256772776192E-15
    0.46799675354954954898E+01    0.13266646892913583005E-15    0.60014536533947923620E-15
    0.46887553323023025698E+01   -0.69171331682501239592E-15    0.98522333982577341644E-15
    0.46975431291091096497E+01   -0.10097570740572877474E-14    0.59733580383065237535E-15
    0.47063309259159158415E+01   -0.87661605951335136543E-15   -0.24339147984478592384E-15
    0.47151187227227229215E+01   -0.69856065340215586232E-15   -0.81601896542318431823E-15
    0.47239065195295300015E+01   -0.70777555162131648063E-15   -0.73632148187257388896E-15
    0.47326943163363361933E+01   -0.79601955870524244420E-15   -0.19919113174900822117E-15
    0.47414821131431432732E+01   -0.79784119419401316637E-15    0.39746952700990336394E-15
    0.47502699099499503532E+01   -0.74526871212381246290E-15    0.81722559484752657128E-15
    0.47590577067567574332E+01   -0.79191024741296373243E-15    0.97988908936641650278E-15
    0.47678455035635636250E+01   -0.99430071695758562530E-15    0.80221717401610621610E-15
    0.47766333003703707050E+01   -0.12123937697705121550E-14    0.22165600083458167305E-15
    0.47854210971771777849E+01   -0.11630888723472697625E-14   -0.55662024509020990847E-15
    0.47942088939839839767E+01   -0.55757021200290074743E-15   -0.95822923389798570320E-15
    0.48029966907907910567E+01    0.58660732500386144360E-15   -0.50034852668580147812E-15
    0.48117844875975981367E+01    0.16241233957184868523E-14    0.56559210053724908772E-15
    0.48205722844044043285E+01    0.15917227287725707496E-14    0.13183106936278750544E-14
    0.48293600812112114085E+01    0.25135920978522773782E-15    0.10705614789425478475E-14
    0.48381478780180184884E+01   -0.12880991443243437137E-14    0.69697061183553077591E-16
    0.48469356748248246802E+01   -0.16027064240435059724E-14   -0.85127199295306122013E-15
    0.48557234716316317602E+01   -0.57705271466114981076E-15   -0.10608226968362485458E-14
    0.48645112684384388402E+01    0.47485170221827124935E-15   -0.50096825272903082719E-15
    0.48732990652452459202E+01    0.46901402463877513635E-15    0.45463147970562490128E-15
    0.48820868620520521119E+01   -0.17782578162442542589E-15    0.12433897543716096932E-14
    0.48908746588588591919E+01   -0.34451249985047426976E-15    0.13974130716217108650E-14
    0.48996624556656662719E+01    0.20553406664068983834E-15    0.82102083073921091284E-15
    0.49084502524724724637E+01    0.56740488945625091541E-15   -0.14141142052995713084E-15
    0.49172380492792795437E+01    0.17488340571037872713E-16   -0.88305542799628169480E-15
    0.49260258460860866236E+01   -0.95959796364415914849E-15   -0.80703102415327568761E-15
    0.49348136428928928154E+01   -0.13064704044386184107E-14    0.24243967168426971425E-15
    0.49436014396996998954E+01   -0.67145038951593278500E-15    0.15679649277674566264E-14
    0.49523892365065069754E+01    0.26513993015553893354E-15    0.19750930445024825425E-14
    0.49611770333133140554E+01    0.59286870318234549860E-15    0.99483343452717453110E-15
    0.49699648301201202472E+01   -0.50487757895493392103E-16   -0.36679589214099543128E-15
    0.49787526269269273271E+01   -0.13195761683305692995E-14   -0.68944664413899954376E-15
    0.49875404237337344071E+01   -0.23232085974380408862E-14    0.17182567406646608537E-15
    0.49963282205405405989E+01   -0.21369364535614800105E-14    0.94619950298217600634E-15
    0.50051160173473476789E+01   -0.68307275870271219696E-15    0.59126015616642722642E-15
    0.50139038141541547589E+01    0.84668543148497276435E-15   -0.45219377461025968864E-15
    0.50226916109609609506E+01    0.10733990358229523423E-14   -0.98877185191737253311E-15
    0.50314794077677680306E+01   -0.33875354793834429166E-17   -0.54693782364063978501E-15
    0.50402672045745751106E+01   -0.98291592979908654295E-15    0.25494599197902369851E-15
    0.50490550013813813024E+01   -0.79077256693973319646E-15    0.63229795223059346305E-15
    0.50578427981881883824E+01    0.52201958874651228605E-16    0.43651481903336410018E-15
    0.50666305949949954623E+01    0.29953138637715575448E-15    0.44800178644266958185E-17
    0.50754183918018025423E+01   -0.37244184339574081651E-15   -0.37133952034543580346E-15
    0.50842061886086087341E+01   -0.10686952627328534533E-14   -0.63272018608378663302E-15
    0.50929939854154158141E+01   -0.92267569291864633585E-15   -0.74794385641386236183E-15
    0.51017817822222228941E+01   -0.98337403013718114333E-16   -0.56244087894588872109E-15
    0.51105695790290290859E+01    0.61329302929238161050E-15    0.21428734363625335849E-17
    0.51193573758358361658E+01    0.73556233687502271769E-15    0.64877382579557143982E-15
    0.51281451726426432458E+01    0.42556700545676912830E-15    0.82810157609709114476E-15
    0.51369329694494494376E+01    0.78020204661634381260E-16    0.32648906900764756881E-15
    0.51457207662562565176E+01   -0.69690741316964929606E-16   -0.37085182170046774773E-15
    0.51545085630630635976E+01   -0.80345078196704205537E-17   -0.56022712851299182737E-15
    0.51632963598698697893E+01    0.12012472634282667231E-15   -0.82601354192862584134E-16
    0.51720841566766768693E+01    0.13624222668854381534E-15    0.57228710401895236887E-15
    0.51808719534834839493E+01   -0.21812817550850052441E-16    0.89386241583872584118E-15
    0.51896597502902910293E+01   -0.22745498979090932771E-15    0.84394265843016026827E-15
    0.51984475470970972211E+01   -0.33168808455276938257E-15    0.65162688845794384135E-15
    0.52072353439039043010E+01   -0.39447735890339926355E-15    0.36325433770224258160E-15
    0.52160231407107113810E+01   -0.62237427884804260404E-15   -0.17492387413810549721E-15
    0.52248109375175184610E+01   -0.99029219855724160444E-15   -0.85967643585988308731E-15
    0.52335987343243246528E+01   -0.10534193342753318508E-14   -0.10961833522863993277E-14
    0.52423865311311317328E+01   -0.42148181417668925910E-15   -0.38349796812449191501E-15
    0.52511743279379388127E+01    0.58543710429603209676E-15    0.87499924143039203533E-15
    0.52599621247447450045E+01    0.10595803829767436337E-14    0.15236910611038991352E-14
    0.52687499215515520845E+01    0.46426757043414120994E-15    0.84099668587421621125E-15
    0.52775377183583591645E+01   -0.71300665448511061959E-15   -0.63935796208811646519E-15
    0.52863255151651653563E+01   -0.14983154924938173830E-14   -0.17442525759718397787E-14
    0.52951133119719724363E+01   -0.13850050144907720507E-14   -0.17861391373229977832E-14
    0.53039011087787795162E+01   -0.62880717000262954235E-15   -0.94731446756570579152E-15
    0.53126889055855857080E+01    0.17934951189355525055E-15    0.15047167550078510065E-15
    0.53214767023923927880E+01    0.56298156764103358115E-15    0.91382940486449184961E-15
    0.53302644991991998680E+01    0.37218039859987774066E-15    0.10105836362740630987E-14
    0.53390522960060069479E+01   -0.13755017253343903000E-15    0.48239815700355932648E-15
    0.53478400928128131397E+01   -0.48525028871898070101E-15   -0.30990176394088806363E-15
    0.53566278896196202197E+01   -0.40551321926896424430E-15   -0.91219277303047842155E-15
    0.53654156864264272997E+01   -0.10673150675537086893E-15   -0.99671876791228590287E-15
    0.53742034832332334915E+01    0.67830496488462292080E-16   -0.49571257348478669204E-15
    0.53829912800400405715E+01    0.14964870491599128095E-15    0.32651985849156197348E-15
    0.53917790768468476514E+01    0.48282687327993718197E-15    0.99667476232764889277E-15
    0.54005668736536538432E+01    0.10674157216299393529E-14    0.11540878536250024020E-14
    0.54093546704604609232E+01    0.12246971187061266011E-14    0.78616542338057865546E-15
    0.54181424672672680032E+01    0.35558938687922601429E-15    0.15537708917215953369E-15
    0.54269302640740750832E+01   -0.10258282892848169862E-14   -0.39502122456914920392E-15
    0.54357180608808812750E+01   -0.15393352008952434909E-14   -0.59840172536945206539E-15
    0.54445058576876883549E+01   -0.50428081849066378433E-15   -0.37657516170647227337E-15
    0.54532936544944954349E+01    0.10880752530490071446E-14    0.10816236711988006016E-15
    0.54620814513013016267E+01    0.16796848582220357330E-14    0.54104096312597250362E-15
    0.54708692481081087067E+01    0.88579862162580295054E-15    0.60268374776496534136E-15
    0.54796570449149157866E+01   -0.28779392625253315224E-15    0.13993405126980615083E-15
    0.54884448417217219784E+01   -0.80730985751617768681E-15   -0.64862223707724615524E-15
    0.54972326385285290584E+01   -0.64475091051165805118E-15   -0.12004059599190579930E-14
    0.55060204353353361384E+01   -0.35181609881175038282E-15   -0.10348339597410794542E-14
    0.55148082321421423302E+01   -0.15225415274388231532E-15   -0.29714174524274858729E-15
    0.55235960289489494102E+01    0.20448071599104949627E-15    0.32349270774259806127E-15
    0.55323838257557564901E+01    0.80379937271169139607E-15    0.30899471285729645978E-15
    0.55411716225625635701E+01    0.11732062525979519429E-14   -0.18894715863520083181E-15
    0.55499594193693697619E+01    0.82036820923159000169E-15   -0.64614429202831768072E-15
    0.55587472161761768419E+01    0.13415717427706638969E-16   -0.72742144150301050208E-15
    0.55675350129829839219E+01   -0.35863764282100572147E-15   -0.47233998634203453035E-15
    0.55763228097897901137E+01    0.15251768671869560184E-15   -0.91426673931694827761E-16
    0.55851106065965971936E+01    0.91209939674299949101E-15    0.23064823716029483272E-15
    0.55938984034034042736E+01    0.97062605851111977984E-15    0.37201098959564560179E-15
    0.56026862002102104654E+01    0.23068035934188343945E-15    0.25608972659382215215E-15
    0.56114739970170175454E+01   -0.50423501990926018431E-15   -0.10471887496463219446E-15
    0.56202617938238246253E+01   -0.60094034396419229791E-15   -0.50691599329469679282E-15
    0.56290495906306308171E+01   -0.32599308793599566604E-15   -0.57771614145586168681E-15
    0.56378373874374378971E+01   -0.30711505231057428437E-15   -0.13219428813089525752E-15
    0.56466251842442449771E+01   -0.62053072896818562869E-15    0.43131330145488546753E-15
    0.56554129810510520571E+01   -0.72602450893325908247E-15    0.38615717937508481483E-15
    0.56642007778578582489E+01   -0.24650054138265486284E-15   -0.43896199058024937440E-15
    0.56729885746646653288E+01    0.49635997595500018677E-15   -0.12114340577285613087E-14
    0.56817763714714724088E+01    0.85532051539410905946E-15   -0.96007807697544059467E-15
    0.56905641682782786006E+01    0.51680751616622589450E-15    0.22869562538541830595E-15
    0.56993519650850856806E+01   -0.29309934667306259235E-15    0.12433698516830978054E-14
    0.57081397618918927606E+01   -0.10606083132825304934E-14    0.11838023129911586100E-14
    0.57169275586986989524E+01   -0.12965970887030822393E-14    0.23604070808327429338E-15
    0.57257153555055060323E+01   -0.84230596073591277021E-15   -0.76640592469224732312E-15
    0.57345031523123131123E+01   -0.98730133494454973021E-16   -0.12056884953460172198E-14
    0.57432909491191193041E+01    0.25029109484361273384E-15   -0.10044845100496718902E-14
    0.57520787459259263841E+01   -0.11476826268961073378E-16   -0.41104352272229570421E-15
    0.57608665427327334640E+01   -0.28235195024573957594E-15    0.23905835324127349651E-15
    0.57696543395395405440E+01    0.61968881432804836387E-16    0.63746034230509667459E-15
    0.57784421363463467358E+01    0.63766449628260369116E-15    0.57434162979089031203E-15
    0.57872299331531538158E+01    0.37260597810142241531E-15    0.35261844464993756978E-16
    0.57960177299599608958E+01   -0.89856205000458108971E-15   -0.68250708347332059940E-15
    0.58048055267667670876E+01   -0.16832806384132872397E-14   -0.10143673753384365463E-14
    0.58135933235735741675E+01   -0.56024911005868468876E-15   -0.57160003176248708978E-15
    0.58223811203803812475E+01    0.15825330511712266605E-14    0.36522721128629882292E-15
    0.58311689171871874393E+01    0.21472718881856159119E-14    0.10214814463814178377E-14
    0.58399567139939945193E+01    0.90832257432284810085E-16    0.93062336218130759929E-15
    0.58487445108008015993E+01   -0.23041124166841800116E-14    0.41715559951121203247E-15
    0.58575323076076077911E+01   -0.21287854991655461368E-14    0.10530240623304912044E-15
    0.58663201044144148710E+01    0.39283995073923262897E-15    0.16854701334887630197E-15
    0.58751079012212219510E+01    0.21534599915856949186E-14    0.26424884312195885813E-15
    0.58838956980280290310E+01    0.11745249650780454568E-14    0.11670902715944037031E-15
    0.58926834948348352228E+01   -0.92939948491604564523E-15   -0.99813461045670795761E-16
    0.59014712916416423027E+01   -0.13818389331047626431E-14   -0.61967934978505341131E-16
    0.59102590884484493827E+01    0.73529311116015164653E-16    0.22169780533253724849E-15
    0.59190468852552555745E+01    0.11184910287784090205E-14    0.40121637133431710418E-15
    0.59278346820620626545E+01    0.19418423100120092175E-15    0.21760510335248521852E-15
    0.59366224788688697345E+01   -0.14150516083909750986E-14   -0.20402707512206436084E-15
    0.59454102756756759263E+01   -0.15112913438217590329E-14   -0.52859607134669814380E-15
    0.59541980724824830062E+01    0.67722005842237788365E-16   -0.52685145141284229548E-15
    0.59629858692892900862E+01    0.13865395715317865612E-14   -0.20458415937741251296E-15
    0.59717736660960962780E+01    0.10238820858742698929E-14    0.24803174268414655333E-15
    0.59805614629029033580E+01   -0.24830619580468277343E-15    0.55297986982191700558E-15
    0.59893492597097104380E+01   -0.78770184754283763505E-15    0.49440118026793442888E-15
    0.59981370565165175179E+01   -0.18989848788103802559E-15    0.66297235835814022053E-16
    0.60069248533233237097E+01    0.52478254484981346112E-15   -0.51853568713375725178E-15
    0.60157126501301307897E+01    0.49348053293693889966E-15   -0.94824278777147296430E-15
    0.60245004469369378697E+01    0.50041535572286548221E-16   -0.95422727698646932339E-15
    0.60332882437437440615E+01   -0.23938687105291861713E-16   -0.46777528578851019870E-15
    0.60420760405505511415E+01    0.30358774883616656655E-15    0.25643030907666030098E-15
    0.60508638373573582214E+01    0.33487129725718256809E-15    0.75993933705495524550E-15
    0.60596516341641644132E+01   -0.23744329833145186705E-15    0.71646950574416303555E-15
    0.60684394309709714932E+01   -0.72413784352332502219E-15    0.16879772963082568469E-15
    0.60772272277777785732E+01   -0.33767467883973126952E-15   -0.52584167326001628101E-15
    0.60860150245845856531E+01    0.60635031499561297136E-15   -0.87105908497888058142E-15
    0.60948028213913918449E+01    0.93326312680996101381E-15   -0.51648539084809171657E-15
    0.61035906181981989249E+01    0.13582533097595941737E-15    0.37510401577526315018E-15
    0.61123784150050060049E+01   -0.81717831895118763905E-15    0.10624493817901591444E-14
    0.61211662118118121967E+01   -0.67658897123198587137E-15    0.87300444371311875552E-15
    0.61299540086186192767E+01    0.46749233137981120745E-15   -0.42762805734976322885E-16
    0.61387418054254263566E+01    0.13032155909111527937E-14   -0.84600532366038576507E-15
    0.61475296022322325484E+01    0.95197872566008446271E-15   -0.92711845178871828770E-15
    0.61563173990390396284E+01   -0.27727836541042639080E-16   -0.47666372395821309008E-15
    0.61651051958458467084E+01   -0.53767118429685632808E-15   -0.53836987946853245849E-16
    0.61738929926526529002E+01   -0.29218332311731106153E-15    0.98723517735949048684E-16
    0.61826807894594599802E+01    0.95077873976616500715E-16    0.15766765137237356160E-15
    0.61914685862662670601E+01    0.14120141681575881213E-15    0.30427571883792398891E-15
    0.62002563830730741401E+01    0.12597676983271668843E-15    0.44772405531957432262E-15
    0.62090441798798803319E+01    0.52743815929308407583E-15    0.39839580049452323645E-15
    0.62178319766866874119E+01    0.11924887761798822959E-14    0.15203822115737173183E-15
    0.62266197734934944918E+01    0.14011761629443719767E-14   -0.94114406136158506859E-16
    0.62354075703003006836E+01    0.70880539410058755080E-15   -0.16058415746110442823E-15
    0.62441953671071077636E+01   -0.52606634422678403506E-15   -0.36057752851565690960E-16
    0.62529831639139148436E+01   -0.15188174600430141792E-14    0.18781558453554203859E-15
    0.62617709607207210354E+01   -0.16930010000880320611E-14    0.43617790457357754210E-15
    0.62705587575275281154E+01   -0.10051591374470225720E-14    0.65674601549457664040E-15
    0.62793465543343351953E+01    0.19080923482682797514E-16    0.72942785183285766436E-15
    0.62881343511411413871E+01    0.50416604147826547086E-15    0.46999412755472004396E-15
    0.62969221479479484671E+01   -0.70831201981858779966E-16   -0.13463154935623028504E-15
    0.63057099447547555471E+01   -0.11841638057949726079E-14   -0.69405664945897808220E-15
    0.63144977415615626271E+01   -0.16576303002293869688E-14   -0.66563935146339084224E-15
    0.63232855383683688189E+01   -0.93882836083536190106E-15   -0.35682795592350774458E-17
    0.63320733351751758988E+01    0.24108409372473334457E-15    0.58642149159924666856E-15
    0.63408611319819829788E+01    0.79903683319180738903E-15    0.35297243090451111951E-15
    0.63496489287887891706E+01    0.54449395404326138508E-15   -0.63100428860342482690E-15
    0.63584367255955962506E+01    0.13697731439024789206E-15   -0.15241328513919287551E-14
    0.63672245224024033305E+01   -0.36743773009562069037E-16   -0.15568743778399016200E-14
    0.63760123192092095223E+01   -0.42263328448609506115E-15   -0.64642413516145537778E-15
    0.63848001160160166023E+01   -0.13753695264851331953E-14    0.67182214449981559118E-15
    0.63935879128228236823E+01   -0.20481168000966528383E-14    0.15638839689431286884E-14
    0.64023757096296298741E+01   -0.10605339100950689649E-14    0.13622546152019688584E-14
    0.64111635064364369541E+01    0.13932950351424598845E-14    0.12697827670688199111E-15
    0.64199513032432440340E+01    0.28478020844848109839E-14   -0.12093190833949596043E-14
    0.64287391000500511140E+01    0.12355252631903474101E-14   -0.16091787649657284062E-14
    0.64375268968568573058E+01   -0.20600146149549190426E-14   -0.85027014507059761079E-15
    0.64463146936636643858E+01   -0.33054758346390288685E-14    0.40204358743596926090E-15
    0.64551024904704714658E+01   -0.89861936387317147202E-15    0.12343977397755758903E-14
    0.64638902872772776576E+01    0.24281204405200798431E-14    0.10707083923483946321E-14
    0.64726780840840847375E+01    0.30360031631267533934E-14   -0.29519615344245573205E-16
    0.64814658808908918175E+01    0.80438626752810526307E-15   -0.12702378926656299188E-14
    0.64902536776976980093E+01   -0.11915649237033440844E-14   -0.16128925607361409336E-14
    0.64990414745045050893E+01   -0.87949031596957963146E-15   -0.73311705832452689057E-15
    0.65078292713113121692E+01    0.44314487851687069536E-15    0.55427054240687667867E-15
    0.65166170681181183610E+01    0.49350670797801411872E-15    0.10943230682369391070E-14
    0.65254048649249254410E+01   -0.71312116223054555329E-15    0.44160904001365869909E-15
    0.65341926617317325210E+01   -0.11257622805117576945E-14   -0.89616195333925254620E-15
    0.65429804585385396010E+01    0.21855369234821568960E-15   -0.18927045625260822426E-14
    0.65517682553453457928E+01    0.16181274541853559566E-14   -0.15929824190785146758E-14
    0.65605560521521528727E+01    0.10008650066005046490E-14    0.13193670236201371489E-15
    0.65693438489589599527E+01   -0.11609745579524479943E-14    0.20288445692403458952E-14
    0.65781316457657661445E+01   -0.23519131590097060399E-14    0.23107583219013204515E-14
    0.65869194425725732245E+01   -0.12344736907796208264E-14    0.58491492581583578042E-15
    0.65957072393793803045E+01    0.68251351011177151265E-15   -0.13931614986011777102E-14
    0.66044950361861864963E+01    0.11832819032693145331E-14   -0.16238178610038410990E-14
    0.66132828329929935762E+01    0.14195628712660262146E-15   -0.14419528113715210921E-15
    0.66220706297998006562E+01   -0.67902545765116176429E-15    0.12384861913398662753E-14
    0.66308584266066068480E+01   -0.20507716952210800266E-15    0.12301510185559245342E-14
    0.66396462234134139280E+01    0.58385028911116523193E-15    0.35758146392106337030E-15
    0.66484340202202210079E+01    0.27485850712839323187E-15   -0.15703735757616608955E-15
    0.66572218170270280879E+01   -0.86996914264606673815E-15    0.34439378024473332053E-17
    0.66660096138338342797E+01   -0.12457521623475474863E-14    0.20540720963045101247E-15
    0.66747974106406413597E+01   -0.14030733835611015578E-15    0.44117432241447611457E-16
    0.66835852074474484397E+01    0.11768379063030836249E-14   -0.39361536086220644012E-16
    0.66923730042542546315E+01    0.10906083528295453482E-14    0.45866786205541022767E-15
    0.67011608010610617114E+01   -0.30398634623698483291E-15    0.11325787660900272726E-14
    0.67099485978678687914E+01   -0.14330779913211035578E-14    0.10150313641055664307E-14
    0.67187363946746749832E+01   -0.12494716199632957536E-14   -0.69324312750921034918E-16
    0.67275241914814820632E+01   -0.32867135729105843151E-15   -0.97308174037013581407E-15
    0.67363119882882891432E+01    0.22898837935018529099E-15   -0.55300246097776958754E-15
    0.67450997850950962231E+01    0.27360340390753397180E-15    0.79575231661037901535E-15
    0.67538875819019024149E+01    0.50747079116307097560E-15    0.15388650339463305222E-14
    0.67626753787087094949E+01    0.11812750312379825376E-14    0.87489545119747764865E-15
    0.67714631755155165749E+01    0.15022450186350594308E-14   -0.32949193839580766743E-15
    0.67802509723223227667E+01    0.70146466909822924661E-15   -0.76490499160635593638E-15
    0.67890387691291298466E+01   -0.70701599802629045568E-15   -0.25234387587765791555E-15
    0.67978265659359369266E+01   -0.13141990362284711107E-14    0.30935507011740973025E-15
    0.68066143627427431184E+01   -0.44572761163358754294E-15    0.23827308775196967784E-15
    0.68154021595495501984E+01    0.10197789934215212383E-14   -0.19721694861710842787E-15
    0.68241899563563572784E+01    0.16764282988209399126E-14   -0.39835423354420579432E-15
    0.68329777531631634702E+01    0.96153259781423385962E-15   -0.29143240346192465769E-15
    0.68417655499699705501E+01   -0.56644345678391847397E-15   -0.28972856904195997272E-15
    0.68505533467767776301E+01   -0.18057296921636386975E-14   -0.58203062665963919666E-15
    0.68593411435835847101E+01   -0.17784863025393705770E-14   -0.78866666253708678056E-15
    0.68681289403903909019E+01   -0.30049594342378436391E-15   -0.46525836334604936659E-15
    0.68769167371971979819E+01    0.15734101205578881909E-14    0.27804262904327772549E-15
    0.68857045340040050618E+01    0.22712781961177236351E-14    0.86456138298882282547E-15
    0.68944923308108112536E+01    0.12608217543419664737E-14    0.86792971067875045505E-15
    0.69032801276176183336E+01   -0.32023405631786899560E-15    0.37978861628747104794E-15
    0.69120679244244254136E+01   -0.97988315596903800130E-15   -0.20528376888772236079E-15
    0.69208557212312316054E+01   -0.44389912881126267562E-15   -0.53996563972433588184E-15
    0.69296435180380386853E+01    0.39443441740682243710E-15   -0.48817551475478248458E-15
    0.69384313148448457653E+01    0.72963475329291941482E-15   -0.14105525453310585439E-15
    0.69472191116516519571E+01    0.59744773760394128747E-15    0.23992510915945458349E-15
    0.69560069084584590371E+01    0.44161120306388849532E-15    0.39082365532469494240E-15
    0.69647947052652661171E+01    0.44862531951790314841E-15    0.21952048301541770682E-15
    0.69735825020720731970E+01    0.45951289528975188189E-15   -0.15140994377024755907E-15
    0.69823702988788793888E+01    0.31159506143168115143E-15   -0.44493440048535555702E-15
    0.69911580956856864688E+01    0.54693094757970976904E-16   -0.35971726336917262081E-15
    0.69999458924924935488E+01   -0.14998448302670310431E-15    0.18731343283562982464E-15
    0.70087336892992997406E+01   -0.19538150681839795456E-15    0.86609659506844150704E-15
    0.70175214861061068206E+01   -0.58045412132576399368E-16    0.11413201808775183621E-14
    0.70263092829129139005E+01    0.27005200871894920546E-15    0.76387466430137460003E-15
    0.70350970797197200923E+01    0.77180389324192183506E-15    0.10082543963470088813E-16
    0.70438848765265271723E+01    0.12325866124831735931E-14   -0.60329768863711674936E-15
    0.70526726733333342523E+01    0.11299546255644726805E-14   -0.71375849539049942136E-15
    0.70614604701401404441E+01    0.63268136989450694526E-16   -0.30892088136440794264E-15
    0.70702482669469475240E+01   -0.14670779921112457312E-14    0.23908033300473147032E-15
    0.70790360637537546040E+01   -0.20463394879789250787E-14    0.34846383244830909683E-15
    0.70878238605605616840E+01   -0.81234826489454575787E-15   -0.23915849978410198262E-15
    0.70966116573673678758E+01    0.11346893978612251419E-14   -0.10032571588937499569E-14
    0.71053994541741749558E+01    0.16637300941841230749E-14   -0.10689803727649635864E-14
    0.71141872509809820357E+01    0.15459848344015534478E-15   -0.23190862404472411091E-15
    0.71229750477877882275E+01   -0.15481265822052715052E-14    0.68084682083768300395E-15
    0.71317628445945953075E+01   -0.13776665130300687715E-14    0.77279038964114254897E-15
    0.71405506414014023875E+01    0.43554583324997347270E-15    0.14464080811656865163E-15
    0.71493384382082085793E+01    0.18542158676291897170E-14   -0.33453313733102497036E-15
    0.71581262350150156593E+01    0.16244223265520308314E-14   -0.15821111518941559340E-15
    0.71669140318218227392E+01    0.55285177925020198334E-15    0.27637871007321852127E-15
    0.71757018286286289310E+01    0.36418106496262989759E-16    0.35396450621394418943E-15
    0.71844896254354360110E+01    0.24144433114299875282E-15    0.72258104931527377069E-16
    0.71932774222422430910E+01    0.26423253391261218149E-15   -0.65590483136663859339E-16
    0.72020652190490501710E+01   -0.33618004212351792181E-15    0.19217264889424900095E-15
    0.72108530158558563627E+01   -0.84963331686786076668E-15    0.49514504445857406832E-15
    0.72196408126626634427E+01   -0.47694330501709600812E-15    0.38037993316654056963E-15
    0.72284286094694705227E+01    0.45582090134265853185E-15   -0.14026299472925686160E-15
    0.72372164062762767145E+01    0.84863035763809846450E-15   -0.62657105115788929852E-15
    0.72460042030830837945E+01    0.24038457493334631982E-15   -0.69678469122379453136E-15
    0.72547919998898908744E+01   -0.59346177039195270000E-15   -0.33728074815823539366E-15
    0.72635797966966970662E+01   -0.67231190642758405272E-15    0.17672070680190553994E-15
    0.72723675935035041462E+01    0.36559063038899684386E-17    0.47358421978694102062E-15
    0.72811553903103112262E+01    0.62764571649423827336E-15    0.31303500692862525188E-15
    0.72899431871171174180E+01    0.68253613756594112828E-15   -0.17912281774294041494E-15
    0.72987309839239244980E+01    0.46658046843751582174E-15   -0.52167753040763389333E-15
    0.73075187807307315779E+01    0.46245096121023980812E-15   -0.32344680962983628196E-15
    0.73163065775375386579E+01    0.59058008173254080139E-15    0.27791338527802741498E-15
    0.73250943743443448497E+01    0.37558941529544015523E-15    0.75457380858234827979E-15
    0.73338821711511519297E+01   -0.28164369121252595464E-15    0.71561590475723538123E-15
    0.73426699679579590097E+01   -0.82300347146624948174E-15    0.21986520528605238958E-15
    0.73514577647647652014E+01   -0.70689656456650883938E-15   -0.34848649330945614959E-15
    0.73602455615715722814E+01   -0.12708446238267276327E-15   -0.52984203320016826393E-15
    0.73690333583783793614E+01    0.23591966590127201324E-15   -0.81653428609307561747E-16
    0.73778211551851855532E+01    0.95841362313242982818E-16    0.72513823904426198647E-15
    0.73866089519919926332E+01   -0.10065165216065943115E-15    0.11563132508751897556E-14
    0.73953967487987997131E+01    0.12712278668119896266E-15    0.66619091707311799538E-15
    0.74041845456056067931E+01    0.54748085119170654990E-15   -0.47737471951937135002E-15
    0.74129723424124129849E+01    0.50501968473264244470E-15   -0.14168755788820121922E-14
    0.74217601392192200649E+01   -0.12591296355234618450E-15   -0.14896484014805394222E-14
    0.74305479360260271449E+01   -0.63407482068672549295E-15   -0.71657658003911184676E-15
    0.74393357328328333367E+01   -0.37429702007373801592E-15    0.30389374424847756758E-15
    0.74481235296396404166E+01    0.30570560573056540980E-15    0.71363810010305328103E-15
    0.74569113264464474966E+01    0.46154117918495806960E-15   -0.30196665185435368875E-16
    0.74656991232532536884E+01   -0.20918508374569839160E-15   -0.14621791787928327578E-14
    0.74744869200600607684E+01   -0.92176971493668980999E-15   -0.21805815760998572256E-14
    0.74832747168668678484E+01   -0.83407850206768244157E-15   -0.12375379182278495838E-14
    0.74920625136736740401E+01   -0.14056531279052402653E-15    0.58078820420325920704E-15
    0.75008503104804811201E+01    0.25399538756327431408E-15    0.14948736378324974834E-14
    0.75096381072872882001E+01   -0.36688575761840449075E-16    0.74375319396623310767E-15
    0.75184259040940952801E+01   -0.40005734090339825502E-15   -0.61445058525668187723E-15
    0.75272137009009014719E+01   -0.13644261197583368247E-15   -0.11290210742397397958E-14
    0.75360014977077085518E+01    0.55491208542668766288E-15   -0.56274223429663499285E-15
    0.75447892945145156318E+01    0.84075592991371264078E-15    0.23331240857582454000E-15
    0.75535770913213218236E+01    0.31081026975609536702E-15    0.55829507407462712863E-15
    0.75623648881281289036E+01   -0.54994565182297135585E-15    0.51479199863880380781E-15
    0.75711526849349359836E+01   -0.97837628223793588444E-15    0.52658500734137422720E-15
    0.75799404817417421754E+01   -0.68145906515614575137E-15    0.70948008946893985125E-15
    0.75887282785485492553E+01    0.51098161175433760154E-16    0.85976182772713460841E-15
    0.75975160753553563353E+01    0.65796281206111687337E-15    0.83739007394905945661E-15
    0.76063038721621625271E+01    0.65384814611131648101E-15    0.74916603042815951040E-15
    0.76150916689689696071E+01   -0.22222116610538056041E-16    0.74642169539867343824E-15
    0.76238794657757766871E+01   -0.80399705628477208786E-15    0.79082986089941552046E-15
    0.76326672625825837670E+01   -0.92794913586469250604E-15    0.70180793419124948169E-15
    0.76414550593893899588E+01   -0.23353579127468228716E-15    0.38061031408172200472E-15
    0.76502428561961970388E+01    0.60260778453980068403E-15   -0.71076957834433063380E-16
    0.76590306530030041188E+01    0.81092462487089899473E-15   -0.42989773655437252140E-15
    0.76678184498098103106E+01    0.31472621837027847898E-15   -0.47967614930868474289E-15
    0.76766062466166173905E+01   -0.35044931760131092076E-15   -0.14509119163637163637E-15
    0.76853940434234244705E+01   -0.66160198682222410065E-15    0.38505519036856017096E-15
    0.76941818402302306623E+01   -0.49772429930564694330E-15    0.70785696940727543735E-15
    0.77029696370370377423E+01   -0.73961718489768404050E-16    0.53606506504673670808E-15
    0.77117574338438448223E+01    0.24913247638944503440E-15   -0.25690326825642753615E-17
    0.77205452306506510141E+01    0.21206322084232294611E-15   -0.48841346100971360966E-15
    0.77293330274574580940E+01   -0.84859794028759494629E-16   -0.59196181329219081318E-15
    0.77381208242642651740E+01   -0.21464394605400738729E-15   -0.29857371635768327007E-15
    0.77469086210710722540E+01    0.73076161199296332298E-16    0.15432228025749905935E-15
    0.77556964178778784458E+01    0.42704650343095747922E-15    0.42453654528342108098E-15
    0.77644842146846855258E+01    0.28207367040808139090E-15    0.27400648100054091390E-15
    0.77732720114914926057E+01   -0.29213517044056893705E-15   -0.20268949957351863406E-15
    0.77820598082982987975E+01   -0.45483232441329102500E-15   -0.59251742927086945468E-15
    0.77908476051051058775E+01    0.34928082357993675204E-15   -0.56706407550755650290E-15
    0.77996354019119129575E+01    0.14351745200066875512E-14   -0.24650311505315368768E-15
    0.78084231987187191493E+01    0.15456273301379973311E-14   -0.93729652047935798603E-17
    0.78172109955255262292E+01    0.45026844864150174855E-15    0.17945865144382625648E-16
    0.78259987923323333092E+01   -0.61808936294924156122E-15    0.10661877851539161352E-15
    0.78347865891391395010E+01   -0.47753356467121237929E-15    0.45525304672831150762E-15
    0.78435743859459465810E+01    0.51629119956857940076E-15    0.75499340118034283888E-15
    0.78523621827527536610E+01    0.10178118316631279667E-14    0.50630056398720747681E-15
    0.78611499795595607409E+01    0.42383215429979846465E-15   -0.24266107938174075300E-15
    0.78699377763663669327E+01   -0.46826447556950464426E-15   -0.75607210221320832935E-15
    0.78787255731731740127E+01   -0.62662147840494449339E-15   -0.45664934225877980015E-15
    0.78875133699799810927E+01   -0.32453486260608814155E-16    0.28999779120464067755E-15
    0.78963011667867872845E+01    0.49973534884360728061E-15    0.59572240915004369587E-15
    0.79050889635935943645E+01    0.34807697386684048671E-15    0.15448501229924878598E-15
    0.79138767604004014444E+01   -0.35629003000421139484E-15   -0.40463553323633654410E-15
    0.79226645572072076362E+01   -0.99311258788751076870E-15   -0.40994248058253823886E-15
    0.79314523540140147162E+01   -0.91478884210349842462E-15   -0.30164608865545555788E-16
    0.79402401508208217962E+01    0.69801820289288754296E-16    0.58612620588965365186E-16
    0.79490279476276279880E+01    0.12589574225318123156E-14   -0.30828475350421597262E-15
    0.79578157444344350679E+01    0.13535375688824563967E-14   -0.49703512785222784989E-15
    0.79666035412412421479E+01   -0.13446184765146093134E-15    0.10154019903361239908E-16
    0.79753913380480492279E+01   -0.18025463535619451642E-14    0.75943423320834584031E-15
    0.79841791348548554197E+01   -0.16299832182465891277E-14    0.81936850482012641460E-15
    0.79929669316616624997E+01    0.49138469250769716492E-15    0.19600085790090274649E-16
    0.80017547284684695796E+01    0.22489145318565001921E-14   -0.71327784318821321881E-15
    0.80105425252752748833E+01    0.16175027315372172108E-14   -0.47688924749876788009E-15
    0.80193303220820819632E+01   -0.60650696592051924889E-15    0.51515160237542151450E-15
    0.80281181188888890432E+01   -0.18843952125043841800E-14    0.12810993465269958559E-14
    0.80369059156956961232E+01   -0.10244236429592437814E-14    0.12295420199983906138E-14
    0.80456937125025032032E+01    0.66342705915953758421E-15    0.65835174199104658725E-15
    0.80544815093093102831E+01    0.13522659663742571477E-14    0.16893308411409616504E-15
    0.80632693061161173631E+01    0.79436432031444376834E-15    0.20518105583356873285E-17
    0.80720571029229226667E+01    0.61228165051028733320E-16    0.30541418301000177074E-16
    0.80808448997297297467E+01   -0.49998482670939028595E-16    0.12663776333158167386E-15
    0.80896326965365368267E+01    0.23044263118198364652E-15    0.32339498727808756459E-15
    0.80984204933433439066E+01    0.29294582151305771913E-15    0.62837959743123464034E-15
    0.81072082901501509866E+01   -0.70390013148984754792E-16    0.83886572746035731540E-15
    0.81159960869569580666E+01   -0.58850224451089113984E-15    0.66601318493094909939E-15
    0.81247838837637633702E+01   -0.84789523629134242723E-15    0.27974326170451142082E-16
    0.81335716805705704502E+01   -0.59845765193819130309E-15   -0.81441473383285434703E-15
    0.81423594773773775302E+01    0.32265731820383174857E-16   -0.13745308439489445263E-14
    0.81511472741841846101E+01    0.47543742489922672783E-15   -0.11581580615145236225E-14
    0.81599350709909916901E+01    0.15926184914650058225E-15   -0.56042595053929559393E-16
    0.81687228677977987701E+01   -0.81340550963091698719E-15    0.12229776074184359654E-14
    0.81775106646046058501E+01   -0.16026701753647738542E-14    0.14218844548799183402E-14
    0.81862984614114111537E+01   -0.14944767036614252984E-14    0.34631792426758325493E-16
    0.81950862582182182337E+01   -0.68192962350172445796E-15   -0.17139345357235566304E-14
    0.82038740550250253136E+01    0.38865217553634056850E-16   -0.19669251543796317765E-14
    0.82126618518318323936E+01    0.15758068909121161611E-15   -0.39100507125708295259E-15
    0.82214496486386394736E+01   -0.15938609334102379122E-15    0.13275984700251319218E-14
    0.82302374454454465535E+01   -0.46118001912049427126E-15    0.15020719385489532924E-14
    0.82390252422522518572E+01   -0.47332043421716745969E-15    0.34449558977073526035E-15
    0.82478130390590589371E+01   -0.17498882279671250162E-15   -0.64855163765222930743E-15
    0.82566008358658660171E+01    0.33938048635569159966E-15   -0.64400548881129578429E-15
    0.82653886326726730971E+01    0.94333939436321409434E-15   -0.19904508234771902840E-15
    0.82741764294794801771E+01    0.14614283036393343268E-14   -0.99360156308392159968E-16
    0.82829642262862872570E+01    0.16664471915940549824E-14   -0.20959274325968650581E-15
    0.82917520230930943370E+01    0.14106065159412174531E-14    0.11302907564383810035E-15
    0.83005398198998996406E+01    0.81470197031504969265E-15    0.80663826872291351868E-15
    0.83093276167067067206E+01    0.25629863616845371521E-15    0.89943048489977642005E-15
    0.83181154135135138006E+01    0.66280556185066862238E-16   -0.18752291744986890554E-15
    0.83269032103203208806E+01    0.25581714835152131458E-15   -0.15501989338347453747E-14
    0.83356910071271279605E+01    0.58554243876959905170E-15   -0.16863229094772201280E-14
    0.83444788039339350405E+01    0.81682422616726590177E-15   -0.35846018155057200683E-15
    0.83532666007407403441E+01    0.84816539260327744891E-15    0.10023820878398982228E-14
    0.83620543975475474241E+01    0.67193548779166283342E-15    0.10439819551886780736E-14
    0.83708421943543545041E+01    0.31584999300013978231E-15    0.81001512927754977936E-16
    0.83796299911611615840E+01   -0.13279830709823271440E-15   -0.55949409983658085395E-15
    0.83884177879679686640E+01   -0.46871953032059636317E-15   -0.32721107245454060864E-15
    0.83972055847747757440E+01   -0.44196621842725674132E-15    0.19510209920339224313E-16
    0.84059933815815828240E+01   -0.17182356019904882194E-16   -0.25680931501810302755E-15
    0.84147811783883881276E+01    0.44888940803261580049E-15   -0.67947060781875242661E-15
    0.84235689751951952076E+01    0.46694573961178892931E-15   -0.26550022099726684819E-15
    0.84323567720020022875E+01   -0.11405431221842905398E-15    0.84923461519228194034E-15
    0.84411445688088093675E+01   -0.95621339824652647852E-15    0.12136023646685886936E-14
    0.84499323656156164475E+01   -0.15459082926681751072E-14   -0.78395472194934278066E-16
    0.84587201624224235275E+01   -0.15478397166079893922E-14   -0.18634654241942021733E-14
    0.84675079592292288311E+01   -0.96205258246633837029E-15   -0.21160721155113464448E-14
    0.84762957560360359111E+01   -0.15342484359519509636E-15   -0.46407229855918534023E-15
    0.84850835528428429910E+01    0.32546624426620807134E-15    0.12600267320474475404E-14
    0.84938713496496500710E+01    0.18165316161588483167E-15    0.12776438509115754046E-14
    0.85026591464564571510E+01   -0.29527639095629820711E-15   -0.85852647085093377062E-16
    0.85114469432632642309E+01   -0.54853635611512223932E-15   -0.11323080599727772062E-14
    0.85202347400700713109E+01   -0.37135884206337455584E-15   -0.90449485886756309641E-15
    0.85290225368768766145E+01   -0.66151580017702678766E-16    0.96056903221173806439E-17
    0.85378103336836836945E+01    0.44703271097308965059E-16    0.57492444808062723459E-15
    0.85465981304904907745E+01    0.52776311653678006712E-16    0.45825348179291938340E-15
    0.85553859272972978545E+01    0.24179480680084969073E-15    0.30302704112056417523E-17
    0.85641737241041049344E+01    0.55960419372269308261E-15   -0.39694320280093521267E-15
    0.85729615209109120144E+01    0.56514447241784174622E-15   -0.61147046982593692271E-15
    0.85817493177177173180E+01    0.38866726794252809010E-16   -0.61617109729523725958E-15
    0.85905371145245243980E+01   -0.54270860539183061547E-15   -0.32572567697157245947E-15
    0.85993249113313314780E+01   -0.46832737559167451060E-15    0.27538268287396854473E-15
    0.86081127081381385580E+01    0.32021845234311729650E-15    0.87712997750689929875E-15
    0.86169005049449456379E+01    0.10678315140807155005E-14    0.93088314863576078939E-15
    0.86256883017517527179E+01    0.10512850370251367729E-14    0.20141157078097137551E-15
    0.86344760985585597979E+01    0.33889987800688554967E-15   -0.82190309614790782908E-15
    0.86432638953653651015E+01   -0.43142713430008603581E-15   -0.13173830444493626290E-14
    0.86520516921721721815E+01   -0.75512886805401387053E-15   -0.89971144122888625324E-15
    0.86608394889789792614E+01   -0.59729442199774456901E-15    0.83197034157635409898E-16
    0.86696272857857863414E+01   -0.20369882637593664021E-15    0.91078939898690899573E-15
    0.86784150825925934214E+01    0.14792803256209519004E-15    0.95941551871793589683E-15
    0.86872028793994005014E+01    0.24940588924688592674E-15    0.10423146203345192293E-15
    0.86959906762062058050E+01   -0.10370060171844180276E-16   -0.97993051432154593325E-15
    0.87047784730130128850E+01   -0.58550686625980543719E-15   -0.11700920889317810309E-14
    0.87135662698198199649E+01   -0.11678781356873312505E-14   -0.85285071946199135293E-16
    0.87223540666266270449E+01   -0.12067199530600322970E-14    0.11317575010636912986E-14
    0.87311418634334341249E+01   -0.38025599642543287482E-15    0.96470199316883839402E-15
    0.87399296602402412049E+01    0.78321555848595617108E-15   -0.51272775021765358880E-15
    0.87487174570470482848E+01    0.11133213734426332297E-14   -0.14924387797970370073E-14
    0.87575052538538535885E+01    0.85932522209110092629E-16   -0.70363957058979807759E-15
    0.87662930506606606684E+01   -0.12661165331582917891E-14    0.79884719112966564579E-15
    0.87750808474674677484E+01   -0.14012587463810503501E-14    0.10174190492817770996E-14
    0.87838686442742748284E+01   -0.15485588978672316268E-15   -0.22729835655541643898E-15
    0.87926564410810819084E+01    0.98578296766178262629E-15   -0.92854017549874869422E-15
    0.88014442378878889883E+01    0.73639125583166527860E-15    0.30343956111746243056E-15
    0.88102320346946942919E+01   -0.42948947132280446600E-15    0.20331266884678981832E-14
    0.88190198315015013719E+01   -0.10621834563820004940E-14    0.17606446636894617272E-14
    0.88278076283083084519E+01   -0.56704879889549951068E-15   -0.61592470735412137435E-15
    0.88365954251151155319E+01    0.27162785713486170735E-15   -0.23421132858237907879E-14
    0.88453832219219226118E+01    0.50913515047005540354E-15   -0.12902558419639249817E-14
    0.88541710187287296918E+01    0.15225360709337792419E-15    0.12201457208258019776E-14
    0.88629588155355367718E+01   -0.15331298390037219794E-15    0.22097278010044121357E-14
    0.88717466123423420754E+01   -0.81791910207508944133E-16    0.83080233746813089092E-15
    0.88805344091491491554E+01    0.78707763289427415402E-16   -0.80126317103970136647E-15
    0.88893222059559562354E+01    0.16984347179872559951E-16   -0.65121238228108503459E-15
    0.88981100027627633153E+01   -0.94416092743354605983E-16    0.65622388519538273435E-15
    0.89068977995695703953E+01    0.10011927996476775306E-15    0.11040676183881396879E-14
    0.89156855963763774753E+01    0.50176657685382085132E-15    0.21471417141261027046E-15
    0.89244733931831827789E+01    0.53401093812961848730E-15   -0.38576589755707152671E-15
    0.89332611899899898589E+01   -0.92777457994619130492E-16    0.52788880513408022601E-15
    0.89420489867967969388E+01   -0.82116269760267135439E-15    0.17904684266000043408E-14
    0.89508367836036040188E+01   -0.81108951556385590422E-15    0.13311335950620245250E-14
    0.89596245804104110988E+01    0.33985179321168240327E-16   -0.90356312696858253238E-15
    0.89684123772172181788E+01    0.90278369173585822336E-15   -0.25837729564112579953E-14
    0.89772001740240252587E+01    0.10098429453232713722E-14   -0.18878734692488870892E-14
    0.89859879708308305624E+01    0.39832454099611774207E-15    0.18036154329932576585E-15
    0.89947757676376376423E+01   -0.31117001396802999498E-15    0.11954556002435025344E-14
    0.90035635644444447223E+01   -0.64103053708215042393E-15    0.28787299807316186372E-15
    0.90123513612512518023E+01   -0.55823879776314466565E-15   -0.11135893478880940613E-14
    0.90211391580580588823E+01   -0.22937749816285536281E-15   -0.13869505308300756221E-14
    0.90299269548648659622E+01    0.23266501495334366220E-15   -0.57330731290183601467E-15
    0.90387147516716712659E+01    0.73768845871504610937E-15    0.17085856213930857811E-15
    0.90475025484784783458E+01    0.10717882042483066072E-14    0.17048847114129722498E-15
    0.90562903452852854258E+01    0.95416447442372990087E-15   -0.20908232450002172126E-15
    0.90650781420920925058E+01    0.34591660040377582066E-15   -0.33572113929695202709E-15
    0.90738659388988995858E+01   -0.35737414963348350817E-15   -0.67867449027569914259E-16
    0.90826537357057066657E+01   -0.63676511084754178703E-15    0.28065344237279194505E-15
    0.90914415325125137457E+01   -0.35671333866555970999E-15    0.34374513051593820852E-15
    0.91002293293193190493E+01    0.13775818118033056704E-15   -0.34527647096054021568E-17
    0.91090171261261261293E+01    0.42977675909463232218E-15   -0.51176519269665849672E-15
    0.91178049229329332093E+01    0.39672578178509910362E-15   -0.60660953523759355995E-15
    0.91265927197397402892E+01    0.16848255903808663948E-15    0.89231969631771328374E-16
    0.91353805165465473692E+01   -0.93441526177457021304E-16    0.11051271464159475354E-14
    0.91441683133533544492E+01   -0.28745722093950252184E-15    0.13337068739416232899E-14
    0.91529561101601597528E+01   -0.29891682971842666335E-15    0.26940734493507266348E-15
    0.91617439069669668328E+01    0.28105842890931002832E-16   -0.11596564585476968579E-14
    0.91705317037737739128E+01    0.69391918312382281454E-15   -0.15559091529606949937E-14
    0.91793195005805809927E+01    0.12901226060527452042E-14   -0.69653604603132933088E-15
    0.91881072973873880727E+01    0.11823698376145232287E-14    0.26247972503022710631E-15
    0.91968950941941951527E+01    0.20566265979740941372E-15    0.32127396630201637183E-15
    0.92056828910010004563E+01   -0.90605181636593086946E-15   -0.16632843852485480129E-15
    0.92144706878078075363E+01   -0.11654692422323256127E-14   -0.22997943154661154815E-15
    0.92232584846146146162E+01   -0.37849500856395213376E-15    0.23260089718828093202E-15
    0.92320462814214216962E+01    0.67219855989546894861E-15    0.30338146955283108278E-15
    0.92408340782282287762E+01    0.10789081728468474937E-14   -0.51144502265292627447E-15
    0.92496218750350358562E+01    0.58454273841808552030E-15   -0.12659166432682464728E-14
    0.92584096718418411598E+01   -0.40161503739585597592E-15   -0.66767986286998578276E-15
    0.92671974686486482398E+01   -0.11493564778566803494E-14    0.10665515051566846088E-14
    0.92759852654554553197E+01   -0.10435649357418028274E-14    0.21616031134211533645E-14
    0.92847730622622623997E+01   -0.95713596380769755332E-16    0.13651662072752442065E-14
    0.92935608590690694797E+01    0.85154608501159025734E-15   -0.49155797386291519747E-15
    0.93023486558758765597E+01    0.87171848214054997690E-15   -0.15544640997700222671E-14
    0.93111364526826818633E+01    0.12163169239203452539E-16   -0.10258750089330994761E-14
    0.93199242494894889433E+01   -0.70105126798274046389E-15    0.27180863586406288942E-15
    0.93287120462962960232E+01   -0.48090419253377480274E-15    0.11350238665121964067E-14
    0.93374998431031031032E+01    0.30536142058550043935E-15    0.11228856302814140858E-14
    0.93462876399099101832E+01    0.71510980798566639066E-15    0.53333790056398662625E-15
    0.93550754367167172632E+01    0.38140853197443265047E-15   -0.12719790572823902391E-15
    0.93638632335235243431E+01   -0.20642437212737747025E-15   -0.48735629443057157438E-15
    0.93726510303303296467E+01   -0.44562946323306921427E-15   -0.41057483228324069681E-15
    0.93814388271371367267E+01   -0.26742175306126644310E-15   -0.14928572180460166429E-16
    0.93902266239439438067E+01   -0.12303689269698389623E-16    0.42295489450208110979E-15
    0.93990144207507508867E+01    0.14761565525685900395E-16    0.61505500248257139222E-15
    0.94078022175575579666E+01   -0.22714333560339129525E-15    0.40322246738297285159E-15
    0.94165900143643650466E+01   -0.55111465341907062758E-15   -0.11234024270822513407E-15
    0.94253778111711703502E+01   -0.66206967429965065649E-15   -0.55222637520374636741E-15
    0.94341656079779774302E+01   -0.39257881454859315896E-15   -0.54222504262262718769E-15
    0.94429534047847845102E+01    0.52951838182189714462E-16   -0.88391240107063712625E-16
    0.94517412015915915902E+01    0.20698222660554045437E-15    0.41434471899384827749E-15
    0.94605289983983986701E+01   -0.16156613797721024786E-15    0.58694154798913472828E-15
    0.94693167952052057501E+01   -0.71915599645354885829E-15    0.39182244089070243316E-15
    0.94781045920120128301E+01   -0.91147980142896000715E-15    0.40295080818047102014E-16
    0.94868923888188181337E+01   -0.54868095992684577115E-15   -0.26559938404019380344E-15
    0.94956801856256252137E+01    0.47231904191387806180E-16   -0.44273624391452079503E-15
    0.95044679824324322936E+01    0.39430399399019881578E-15   -0.46331638855754452602E-15
    0.95132557792392393736E+01    0.21173837615140864398E-15   -0.30094223752410453894E-15
    0.95220435760460464536E+01   -0.41940647653958594614E-15    0.17390987138739966780E-16
    0.95308313728528535336E+01   -0.10213304652844376906E-14    0.33120884664281942371E-15
    0.95396191696596588372E+01   -0.99198962895042257756E-15    0.41120032484686212704E-15
    0.95484069664664659172E+01   -0.20048643831631114987E-15    0.18162892650972981637E-15
    0.95571947632732729971E+01    0.70331616242417415587E-15   -0.15001529288993113973E-15
    0.95659825600800800771E+01    0.92538501172995929053E-15   -0.29401646730996916472E-15
    0.95747703568868871571E+01    0.45442660053261126444E-15   -0.18666718771500075866E-15
    0.95835581536936942371E+01    0.56999343320808043134E-16   -0.18507124138209820107E-16
    0.95923459505005013170E+01    0.25238001286390751972E-15    0.45774411997358295068E-16
    0.96011337473073066207E+01    0.61221825343997424798E-15    0.73412537094236296241E-16
    0.96099215441141137006E+01    0.40760538336373373886E-15    0.22955419327035860383E-15
    0.96187093409209207806E+01   -0.30519222803311612281E-15    0.52407079224101490327E-15
    0.96274971377277278606E+01   -0.67175600668403957577E-15    0.76310305167859075067E-15
    0.96362849345345349406E+01   -0.19430806063457864503E-15    0.72760280177559437358E-15
    0.96450727313413420205E+01    0.50138087887750350301E-15    0.34984539869532158076E-15
    0.96538605281481491005E+01    0.46542942657882420087E-15   -0.21248284529671182058E-15
    0.96626483249549544041E+01   -0.27829970854479894664E-15   -0.57701622025163050323E-15
    0.96714361217617614841E+01   -0.70711158971086657876E-15   -0.38053639052642638267E-15
    0.96802239185685685641E+01   -0.14680177250483716240E-15    0.23141911082233275071E-15
    0.96890117153753756440E+01    0.80091843301252864187E-15    0.43994148336819189851E-15
    0.96977995121821827240E+01    0.10497201518647547660E-14   -0.42258716715298654358E-15
    0.97065873089889898040E+01    0.38437813471443095863E-15   -0.18109781494793017420E-14
    0.97153751057957951076E+01   -0.37753674417694519084E-15   -0.22649360868779729150E-14
    0.97241629026026021876E+01   -0.50698433482642044164E-15   -0.11366831204100232680E-14
    0.97329506994094092676E+01   -0.19277115043190584670E-15    0.36150431016759233589E-15
    0.97417384962162163475E+01   -0.57071776610519155540E-16    0.53239313353621375146E-15
    0.97505262930230234275E+01   -0.23381963110135621009E-15   -0.69510129485061534109E-15
    0.97593140898298305075E+01   -0.26740850763203526180E-15   -0.16950579505021560661E-14
    0.97681018866366375875E+01    0.11566809288936257585E-15   -0.12307672644348213726E-14
    0.97768896834434428911E+01    0.49730684899449655567E-15    0.68894231993538478320E-16
    0.97856774802502499710E+01    0.30944395930425281649E-15    0.72942561681744185112E-15
    0.97944652770570570510E+01   -0.31268171874171688237E-15    0.27416259940458896681E-15
    0.98032530738638641310E+01   -0.57987218907607614223E-15   -0.45180467117007785135E-15
    0.98120408706706712110E+01   -0.39973011023481012477E-16   -0.56675356219621029541E-15
    0.98208286674774782909E+01    0.77926890540275011436E-15   -0.15076737908078171446E-15
    0.98296164642842835946E+01    0.10196705783205346128E-14    0.14711514323120409631E-15
    0.98384042610910906745E+01    0.53980918350352449100E-15   -0.13751029634635015976E-16
    0.98471920578978977545E+01    0.10923669804461601449E-16   -0.39734086900327203235E-15
    0.98559798547047048345E+01    0.22265248473616420096E-16   -0.57238268742396954005E-15
    0.98647676515115119145E+01    0.42255605384272204796E-15   -0.30028697572215753557E-15
    0.98735554483183189944E+01    0.66204851901256530210E-15    0.30965617179642036792E-15
    0.98823432451251260744E+01    0.47166658459424569964E-15    0.78427500346786370815E-15
    0.98911310419319313780E+01    0.54753810962922201458E-16    0.60077236058775735105E-15
    0.98999188387387384580E+01   -0.23359672123807428492E-15   -0.18206826571461108344E-15
    0.99087066355455455380E+01   -0.20172443867088855821E-15   -0.70184114568991080064E-15
    0.99174944323523526180E+01    0.70707407819565191116E-16   -0.25336257205066829876E-15
    0.99262822291591596979E+01    0.24701927381116452868E-15    0.51934914316233008598E-15
    0.99350700259659667779E+01    0.31759346970669221274E-16    0.17610829683881468112E-15
    0.99438578227727720815E+01   -0.27042086533286977520E-15   -0.12443404607862826487E-14
    0.99526456195795791615E+01    0.21431380702949572665E-15   -0.14409386309111674295E-14
    0.99614334163863862415E+01    0.12868100659876874659E-14    0.46220317389121519073E-15
    0.99702212131931933214E+01    0.52394137326860772910E-15    0.38243659217659555634E-15
    0.99790090100000004014E+01    0.19594219854229976052E-15   -0.50684682023883505720E-15
