    0.11999999999999999556E+01    0.00000000000000000000E+00    0.00000000000000000000E+00
    0.12087877968068068135E+01   -0.12669738742675988425E-09    0.51413041570471356297E-11
    0.12175755936136136715E+01    0.19510025396634494984E-09   -0.79185346764390196747E-11
    0.12263633904204203073E+01    0.17934069119759555030E-09   -0.72772176025700624746E-11
    0.12351511872272271653E+01   -0.42131386158658509175E-09    0.17100551968581295542E-10
    0.12439389840340340232E+01   -0.40766583598769899683E-09    0.16544051064684012663E-10
    0.12527267808408408811E+01    0.78457916419778255709E-09   -0.31846828032893847988E-10
    0.12615145776476475170E+01    0.17864516446600717360E-08   -0.72508219757889117207E-10
    0.12703023744544543749E+01    0.10321003100151528307E-08   -0.41887958930511860410E-10
    0.12790901712612612329E+01   -0.75761147760961833488E-09    0.30752749730630651189E-10
    0.12878779680680680908E+01   -0.11052567511539051307E-08    0.44859334593598705601E-10
    0.12966657648748749487E+01    0.75966950441798744018E-09   -0.30838440969233325879E-10
    0.13054535616816815846E+01    0.21271314803296205669E-08   -0.86339663017535093421E-10
    0.13142413584884884425E+01    0.27601775886841019454E-09   -0.11198024735871712622E-10
    0.13230291552952953005E+01   -0.29186713373240123881E-08    0.11847432208448559712E-09
    0.13318169521021021584E+01   -0.24488173393846359068E-08    0.99394520611095268391E-10
    0.13406047489089087943E+01    0.25472502178005234586E-08   -0.10340604995420491851E-09
    0.13493925457157156522E+01    0.54051704600524083447E-08   -0.21940486294500805939E-09
    0.13581803425225225102E+01    0.18973123126896343084E-09   -0.76863626899193214499E-11
    0.13669681393293293681E+01   -0.77671705383797005184E-08    0.31530063526743330582E-09
    0.13757559361361360040E+01   -0.60095094166274441913E-08    0.24392854639361666561E-09
    0.13845437329429428619E+01    0.70143705777958632553E-08   -0.28476985470300195419E-09
    0.13933315297497497198E+01    0.13985160412171331414E-07   -0.56772127866687735869E-09
    0.14021193265565565778E+01    0.47236800723956857836E-10   -0.18964929540678927176E-11
    0.14109071233633634357E+01   -0.20428075885306541358E-07    0.82923821591166225619E-09
    0.14196949201701700716E+01   -0.15085907799361294756E-07    0.61215194361547375563E-09
    0.14284827169769769295E+01    0.19630244114906540234E-07   -0.79764051770054159286E-09
    0.14372705137837837874E+01    0.38560252309819992310E-07   -0.15671885637515186831E-08
    0.14460583105905906454E+01    0.47573859277720991526E-08   -0.19783447111759668050E-09
    0.14548461073973975033E+01   -0.39485831567225178050E-07    0.15904107255017230039E-08
    0.14636339042042041392E+01    0.71857199945944672144E-09   -0.62308910143128373356E-10
    0.14724217010110109971E+01    0.15642875143795396565E-06   -0.64341268974322905871E-08
    0.14812094978178178550E+01    0.36259893595169184094E-06   -0.14923908244974248988E-07
    0.14899972946246244909E+01    0.65711335993346397203E-06   -0.27162144370192581372E-07
    0.14987850914314313489E+01    0.14472853960501005823E-05   -0.59878393274001881963E-07
    0.15075728882382382068E+01    0.36566923783585242242E-05   -0.15098340799523418943E-06
    0.15163606850450450647E+01    0.87829563444745117207E-05   -0.36211019380956520247E-06
    0.15251484818518519226E+01    0.19560921314030819517E-04   -0.80588108327569882009E-06
    0.15339362786586585585E+01    0.42100515843794485051E-04   -0.17333748753313116617E-05
    0.15427240754654654165E+01    0.88897853251671790815E-04   -0.36572408608127347771E-05
    0.15515118722722722744E+01    0.18402485997489275533E-03   -0.75637409582101622409E-05
    0.15602996690790791323E+01    0.37053519765191671349E-03   -0.15215194891515786976E-04
    0.15690874658858859902E+01    0.72273462692577707545E-03   -0.29649457989919870596E-04
    0.15778752626926926261E+01    0.13692824736075402160E-02   -0.56117907993631805112E-04
    0.15866630594994994841E+01    0.25214649316673979143E-02   -0.10323142449043814931E-03
    0.15954508563063063420E+01    0.45095099534810823699E-02   -0.18442291817858782522E-03
    0.16042386531131129779E+01    0.78260948064946111308E-02   -0.31969204751133080845E-03
    0.16130264499199198358E+01    0.13168000496520356965E-01   -0.53725866601946579981E-03
    0.16218142467267266937E+01    0.21471174427986312178E-01   -0.87491401716651817210E-03
    0.16306020435335335517E+01    0.33926094079903094947E-01   -0.13805556820119706599E-02
    0.16393898403403404096E+01    0.51882247046565119208E-01   -0.21081948693129457136E-02
    0.16481776371471470455E+01    0.76646386861992724104E-01   -0.31096308970011009472E-02
    0.16569654339539539034E+01    0.10916391111581036366E+00   -0.44214478660883817923E-02
    0.16657532307607607613E+01    0.14946031814136284677E+00   -0.60424332275157144334E-02
    0.16745410275675676193E+01    0.19601131924650813665E+00   -0.79082244252341848262E-02
    0.16833288243743744772E+01    0.24520160547092803571E+00   -0.98699774649423002021E-02
    0.16921166211811811131E+01    0.29089003493504761444E+00   -0.11677738664500999372E-01
    0.17009044179879879710E+01    0.32449948427802194351E+00   -0.12985174896478698936E-01
    0.17096922147947948289E+01    0.33628252896811405837E+00   -0.13402062369537708769E-01
    0.17184800116016014648E+01    0.31713004565494445908E+00   -0.12568557022408366128E-01
    0.17272678084084085448E+01    0.26118480576835900742E+00   -0.10260470002838258108E-01
    0.17360556052152151807E+01    0.16911577505980115999E+00   -0.65198202755798783173E-02
    0.17448434020220220386E+01    0.50357313108014001291E-01   -0.17423622311623914328E-02
    0.17536311988288288966E+01   -0.77196704699570448116E-01    0.33400542474019308259E-02
    0.17624189956356355324E+01   -0.18894036306960002025E+00    0.77356989474623612246E-02
    0.17712067924424426124E+01   -0.25872943615170945764E+00    0.10404600058251899791E-01
    0.17799945892492492483E+01   -0.26701591330821655701E+00    0.10586939851707079935E-01
    0.17887823860560561062E+01   -0.20786399944468153533E+00    0.80824436972552066161E-02
    0.17975701828628629642E+01   -0.92621374146900789515E-01    0.33868243654471361787E-02
    0.18063579796696696000E+01    0.48863319226875846779E-01   -0.22728874717802137646E-02
    0.18151457764764764580E+01    0.17496994585708397496E+00   -0.72196604610070200247E-02
    0.18239335732832833159E+01    0.24595158311742343349E+00   -0.98828082747835464816E-02
    0.18327213700900899518E+01    0.23683282347015757741E+00   -0.93157877671637030759E-02
    0.18415091668968970318E+01    0.14676304518132479715E+00   -0.55532126270741487620E-02
    0.18502969637037036676E+01    0.48630378280687825560E-02    0.17868505923667702025E-03
    0.18590847605105105256E+01   -0.13781873126789359607E+00    0.58059290677700972974E-02
    0.18678725573173173835E+01   -0.22836296489323590353E+00    0.92291695041826805890E-02
    0.18766603541241240194E+01   -0.23105204364680684281E+00    0.90912858997602707944E-02
    0.18854481509309310994E+01   -0.14107318178020880617E+00    0.52967053245018625232E-02
    0.18942359477377377353E+01    0.69799177298638650710E-02   -0.68754461704939931737E-03
    0.19030237445445445932E+01    0.15086569575599020898E+00   -0.63342796041398231888E-02
    0.19118115413513514511E+01    0.22970498186495710846E+00   -0.92412494713798067070E-02
    0.19205993381581580870E+01    0.20933761240760306865E+00   -0.81464236811503807495E-02
    0.19293871349649649449E+01    0.95188934969995447899E-01   -0.33937704794275141279E-02
    0.19381749317717718029E+01   -0.63099159427877124506E-01    0.29428920086051152220E-02
    0.19469627285785784387E+01   -0.19099809933077371848E+00    0.78693336895758053684E-02
    0.19557505253853855187E+01   -0.22831305107544561106E+00    0.90526044539586507376E-02
    0.19645383221921921546E+01   -0.15863991929636719891E+00    0.59829922060016743970E-02
    0.19733261189989990125E+01   -0.12575326873477737574E-01    0.28702852667091010739E-04
    0.19821139158058058705E+01    0.14116675283269233820E+00   -0.60024490694038498337E-02
    0.19909017126126125063E+01    0.22438420754222151987E+00   -0.90335670048964627349E-02
    0.19996895094194195863E+01    0.19363001315703007310E+00   -0.74632864738898999427E-02
    0.20084773062262262222E+01    0.66681970859978859090E-01   -0.21755646494134900544E-02
    0.20172651030330328581E+01   -0.93074642776617533269E-01    0.41727578438735942953E-02
    0.20260528998398399381E+01   -0.20674617475006379363E+00    0.84405978851205421681E-02
    0.20348406966466465740E+01   -0.21365858286544262001E+00    0.83446402575594619960E-02
    0.20436284934534532098E+01   -0.10662224028369227113E+00    0.37854264794429932743E-02
    0.20524162902602602898E+01    0.55819950299352681655E-01   -0.27483427850157789163E-02
    0.20612040870670673698E+01    0.18651337050673841289E+00   -0.77337515660168363457E-02
    0.20699918838738740057E+01    0.21916474388225115622E+00   -0.86387097962238000581E-02
    0.20787796806806806416E+01    0.13633180232939182130E+00   -0.49866000853654984110E-02
    0.20875674774874877215E+01   -0.21869768344538329657E-01    0.14324707508645406068E-02
    0.20963552742942943574E+01   -0.16915219727745420264E+00    0.71189003477350205201E-02
    0.21051430711011009933E+01   -0.22219952334301934505E+00    0.88372368831361961666E-02
    0.21139308679079080733E+01   -0.15425428666429838453E+00    0.57262849374269345765E-02
    0.21227186647147147092E+01   -0.47146350926894394634E-02   -0.41245484334409142531E-03
    0.21315064615215213450E+01    0.14818185617935852871E+00   -0.63497881628356003456E-02
    0.21402942583283284250E+01    0.22208547788515228816E+00   -0.88926564409154591762E-02
    0.21490820551351350609E+01    0.17210419706944010687E+00   -0.64694713313897646637E-02
    0.21578698519419421409E+01    0.25658009988958545983E-01   -0.40202719295872132608E-03
    0.21666576487487487768E+01   -0.13267869098309917342E+00    0.58014056399722591442E-02
    0.21754454455555558567E+01   -0.21666449174857596582E+00    0.87434661941577160316E-02
    0.21842332423623624926E+01   -0.18355519199158068511E+00    0.69480862883433275323E-02
    0.21930210391691691285E+01   -0.48671780877408352128E-01    0.12989844716968870515E-02
    0.22018088359759762085E+01    0.11573991992718460353E+00   -0.51766166439770975455E-02
    0.22105966327827828444E+01    0.21511572933717740264E+00   -0.87493921233774696322E-02
    0.22193844295895894803E+01    0.19272256634767284678E+00   -0.73558028191372240231E-02
    0.22281722263963965602E+01    0.65374202457548588607E-01   -0.19445406870980458044E-02
    0.22369600232032031961E+01   -0.96656523818939896198E-01    0.44781499146105191098E-02
    0.22457478200100098320E+01   -0.20741335711532687958E+00    0.85024828774182964475E-02
    0.22545356168168169120E+01   -0.20409235866529279457E+00    0.78476208920447067946E-02
    0.22633234136236239920E+01   -0.84840337824864414662E-01    0.27215013579419836467E-02
    0.22721112104304301837E+01    0.81165028902878133543E-01   -0.39157276202783459704E-02
    0.22808990072372372637E+01    0.19967617385583358303E+00   -0.82760202559829625091E-02
    0.22896868040440443437E+01    0.20887619415955255286E+00   -0.80866712270566357829E-02
    0.22984746008508509796E+01    0.10500506804495179924E+00   -0.35175151204977633812E-02
    0.23072623976576576155E+01   -0.58714164092128449945E-01    0.30677292893304571042E-02
    0.23160501944644646954E+01   -0.19166001728066986431E+00    0.80314275023522091468E-02
    0.23248379912712713313E+01   -0.21687532189357397461E+00    0.84789065952422092848E-02
    0.23336257880780779672E+01   -0.12255345583968323131E+00    0.42330331593558060896E-02
    0.23424135848848850472E+01    0.36290582925416391136E-01   -0.22342647209646097559E-02
    0.23512013816916916831E+01    0.17563682915762773851E+00   -0.74831910334230561377E-02
    0.23599891784984983190E+01    0.22192852582882549584E+00   -0.87556901792809806867E-02
    0.23687769753053053989E+01    0.14650697369135043391E+00   -0.52221999662861277869E-02
    0.23775647721121124789E+01   -0.10075298295627544906E-01    0.12257441286036461440E-02
    0.23863525689189186707E+01   -0.15949658897471258312E+00    0.69488614931267570635E-02
    0.23951403657257257507E+01   -0.22193124416938500576E+00    0.88702377449013641159E-02
    0.24039281625325328307E+01   -0.16788754176161937992E+00    0.61229330742917200195E-02
    0.24127159593393394665E+01   -0.24383777653328223695E-01    0.11416605760960202970E-03
    0.24215037561461461024E+01    0.13438693308302310236E+00   -0.60496870688490746518E-02
    0.24302915529529531824E+01    0.22149335344147894067E+00   -0.89915374574512808153E-02
    0.24390793497597598183E+01    0.18953175422196363864E+00   -0.70854960268742174165E-02
    0.24478671465665664542E+01    0.59383650630429309081E-01   -0.14964506759040400660E-02
    0.24566549433733735341E+01   -0.10059224414669273862E+00    0.48209227633778132735E-02
    0.24654427401801801700E+01   -0.20999850955586785162E+00    0.86909614930409054973E-02
    0.24742305369869868059E+01   -0.21098868480392782288E+00    0.80708962099730156836E-02
    0.24830183337937938859E+01   -0.10052179744947954687E+00    0.31732303886509954753E-02
    0.24918061306006009659E+01    0.61463751530228920295E-01   -0.33622644951699877033E-02
    0.25005939274074071577E+01    0.19005516158441668195E+00   -0.80914674087349033188E-02
    0.25093817242142142376E+01    0.22263049887944941219E+00   -0.87137461271192522688E-02
    0.25181695210210213176E+01    0.14348461581683802368E+00   -0.49591129225679099826E-02
    0.25269573178278279535E+01   -0.10026780367578393832E-01    0.13776778302026706103E-02
    0.25357451146346345894E+01   -0.15926171959846244230E+00    0.70594778114616276929E-02
    0.25445329114414416694E+01   -0.22686431031337281339E+00    0.91232078056433883045E-02
    0.25533207082482483052E+01   -0.18152732445231703484E+00    0.66257667530417556356E-02
    0.25621085050550549411E+01   -0.47915997674917769344E-01    0.90526223534955895401E-03
    0.25708963018618620211E+01    0.11026544621122802425E+00   -0.52945313841364942051E-02
    0.25796840986686686570E+01    0.21579831257262763189E+00   -0.89554455832884741900E-02
    0.25884718954754752929E+01    0.21470217688183082516E+00   -0.81863156002183988524E-02
    0.25972596922822823728E+01    0.10893722606238448458E+00   -0.34071818369125583641E-02
    0.26060474890890894528E+01   -0.47804556625560816474E-01    0.29597223887914414497E-02
    0.26148352858958960887E+01   -0.18182838860077815690E+00    0.79056330691567970603E-02
    0.26236230827027027246E+01   -0.23083701424384053813E+00    0.91434617528545741177E-02
    0.26324108795095098046E+01   -0.16958850344029005597E+00    0.60075842250773238071E-02
    0.26411986763163164404E+01   -0.27446109672953040298E-01   -0.12631563666544393603E-04
    0.26499864731231230763E+01    0.12638273993383758453E+00   -0.59850921365125616877E-02
    0.26587742699299301563E+01    0.22098161539267208164E+00   -0.91416247968687820019E-02
    0.26675620667367367922E+01    0.21479845225714477852E+00   -0.81160958901132004145E-02
    0.26763498635435434281E+01    0.10927767327502806161E+00   -0.33317021603186604446E-02
    0.26851376603503505081E+01   -0.47475557005778733222E-01    0.30353259141408829580E-02
    0.26939254571571571439E+01   -0.18184606418531468197E+00    0.79923905802442105767E-02
    0.27027132539639637798E+01   -0.23320591193839021460E+00    0.92885550524703149738E-02
    0.27115010507707708598E+01   -0.18103429431463255450E+00    0.64477218113559251617E-02
    0.27202888475775779398E+01   -0.47903111149177036998E-01    0.72043702244816256505E-03
    0.27290766443843845757E+01    0.10773255291923751475E+00   -0.53803058658440702094E-02
    0.27378644411911912115E+01    0.21543500642962062908E+00   -0.90912671386399294959E-02
    0.27466522379979982915E+01    0.22781264187728703097E+00   -0.87659110537950113429E-02
    0.27554400348048049274E+01    0.14210389567218648099E+00   -0.46530853934124418933E-02
    0.27642278316116115633E+01   -0.48144185966592359036E-02    0.14639645258214570127E-02
    0.27730156284184186433E+01   -0.15079963829199985459E+00    0.69983179687430801044E-02
    0.27818034252252252791E+01   -0.23241791473344441954E+00    0.95440941769521902421E-02
    0.27905912220320319150E+01   -0.21481197362158843678E+00    0.80010578039482107421E-02
    0.27993790188388389950E+01   -0.10783437132707751616E+00    0.31165154029218311398E-02
    0.28081668156456460750E+01    0.43757505361393833621E-01   -0.30543636550516488175E-02
    0.28169546124524522668E+01    0.17823770228554297601E+00   -0.79987351418408392939E-02
    0.28257424092592593468E+01    0.23955120564590823284E+00   -0.96554314952305951569E-02
    0.28345302060660664267E+01    0.20233715884526434770E+00   -0.73263763996641011883E-02
    0.28433180028728730626E+01    0.83866596281475025432E-01   -0.20430978660861279575E-02
    0.28521057996796796985E+01   -0.67952581288280869409E-01    0.40470141847142922925E-02
    0.28608935964864867785E+01   -0.19352495236801067757E+00    0.85529026288214977242E-02
    0.28696813932932934144E+01   -0.24251979620314687014E+00    0.96687948757383339327E-02
    0.28784691901001000502E+01   -0.19533542976533438407E+00    0.69356561152182222285E-02
    0.28872569869069071302E+01   -0.72402547239548184499E-01    0.15013280018173530330E-02
    0.28960447837137137661E+01    0.78265933941318407974E-01   -0.45014769187992180466E-02
    0.29048325805205204020E+01    0.19958570948017861912E+00   -0.87980154468000702078E-02
    0.29136203773273274820E+01    0.24476741036136734353E+00   -0.97318746108999050481E-02
    0.29224081741341345619E+01    0.19645055021836427267E+00   -0.69337004763013292130E-02
    0.29311959709409407537E+01    0.74695780303723799398E-01   -0.15318733603553584023E-02
    0.29399837677477478337E+01   -0.74656420498246819917E-01    0.44307314304432784957E-02
    0.29487715645545549137E+01   -0.19706230844512481748E+00    0.87762767554466023651E-02
    0.29575593613613615496E+01   -0.24719926932619973314E+00    0.98965483138132165353E-02
    0.29663471581681681855E+01   -0.20672585973952009586E+00    0.73747132161600652961E-02
    0.29751349549749752654E+01   -0.92046769614181594976E-01    0.21936008576695304254E-02
    0.29839227517817819013E+01    0.55381994843192006162E-01   -0.37662661151438426958E-02
    0.29927105485885885372E+01    0.18377172531144450596E+00   -0.84111534389172109422E-02
    0.30014983453953956172E+01    0.24755602693326833608E+00   -0.10092728116150979922E-01
    0.30102861422022022531E+01    0.22454304358101284667E+00   -0.82211786941839646442E-02
    0.30190739390090088889E+01    0.12435366128204880520E+00   -0.35112434542129032297E-02
    0.30278617358158159689E+01   -0.18339035838516294652E-01    0.24010788518520178106E-02
    0.30366495326226230489E+01   -0.15533803646043214952E+00    0.75188449402604409094E-02
    0.30454373294294292407E+01   -0.24001295685096563082E+00    0.10099120769390708754E-01
    0.30542251262362363207E+01   -0.24425102569025541888E+00    0.92808284585608087636E-02
    0.30630129230430434006E+01   -0.16814155662202243113E+00    0.53960813795972404142E-02
    0.30718007198498500365E+01   -0.36895214309796232899E-01   -0.26414689950787556202E-03
    0.30805885166566566724E+01    0.10679029608236484394E+00   -0.58593210789028866287E-02
    0.30893763134634637524E+01    0.21595292542234759137E+00   -0.95587879936038476492E-02
    0.30981641102702703883E+01    0.25591427347768685996E+00   -0.10182362095119096984E-01
    0.31069519070770770242E+01    0.21527291587598645917E+00   -0.75849557020759928241E-02
    0.31157397038838841041E+01    0.10694719094185227426E+00   -0.25934319992672802413E-02
    0.31245275006906907400E+01   -0.35003215825788740190E-01    0.32259989183167055507E-02
    0.31333152974974973759E+01   -0.16598005881468386180E+00    0.80430062745581593076E-02
    0.31421030943043044559E+01   -0.24611555092620632235E+00    0.10385763106158737296E-01
    0.31508908911111115358E+01   -0.25203465134272257098E+00    0.95832314757814812678E-02
    0.31596786879179177276E+01   -0.18202103056906857037E+00    0.58817340347044316101E-02
    0.31684664847247248076E+01   -0.57561916365793594497E-01    0.40778258209181147183E-03
    0.31772542815315318876E+01    0.83688092147995038483E-01   -0.51821122323419148079E-02
    0.31860420783383385235E+01    0.20050280473190462693E+00   -0.92508057402452305296E-02
    0.31948298751451451594E+01    0.25947779683814953255E+00   -0.10639527336110675068E-01
    0.32036176719519522393E+01    0.24361841388452087909E+00   -0.89473540556315716427E-02
    0.32124054687587593193E+01    0.15826026104025608943E+00   -0.46876291641384636860E-02
    0.32211932655655655111E+01    0.28416671904602057441E-01    0.89590212387808028111E-03
    0.32299810623723725911E+01   -0.10955502624305804571E+00    0.62354900399067747160E-02
    0.32387688591791796711E+01   -0.21737786498259994983E+00    0.98513735739729508395E-02
    0.32475566559859858629E+01   -0.26528944656864855700E+00    0.10741832224536024959E-01
    0.32563444527927929428E+01   -0.24108925380519885540E+00    0.86966552749510282749E-02
    0.32651322495996000228E+01   -0.15209419317434363927E+00    0.43028705737224301128E-02
    0.32739200464064062146E+01   -0.22276728534078481941E-01   -0.12556908706587099032E-02
    0.32827078432132132946E+01    0.11351716212064702494E+00   -0.64892776215102320608E-02
    0.32914956400200203745E+01    0.21948147894500219524E+00   -0.10013230839776350589E-01
    0.33002834368268265663E+01    0.26879822026139793545E+00   -0.10939153733992398182E-01
    0.33090712336336336463E+01    0.24936449321050785377E+00   -0.90540457565597420864E-02
    0.33178590304404407263E+01    0.16651342087414094939E+00   -0.48522317740970575400E-02
    0.33266468272472478063E+01    0.41965945820090271023E-01    0.57461619173147045116E-03
    0.33354346240540539981E+01   -0.92943944568657843597E-01    0.58584746546683367022E-02
    0.33442224208608610780E+01   -0.20529476623300033089E+00    0.97103336100930279923E-02
    0.33530102176676681580E+01   -0.26797284392560244415E+00    0.11202641469492317580E-01
    0.33617980144744743498E+01   -0.26640097683782437699E+00    0.99940404007204577258E-02
    0.33705858112812814298E+01   -0.20198241635518671133E+00    0.64131526158218233116E-02
    0.33793736080880885098E+01   -0.90337046927859543377E-01    0.13227420243844903187E-02
    0.33881614048948947016E+01    0.42320404500761674149E-01   -0.40850043386518779601E-02
    0.33969492017017017815E+01    0.16531288687606354726E+00   -0.85593100989750457025E-02
    0.34057369985085088615E+01    0.25107878176944287141E+00   -0.11096112529392394494E-01
    0.34145247953153150533E+01    0.28113604897662447524E+00   -0.11157122870983846030E-01
    0.34233125921221221333E+01    0.24928068954477286545E+00   -0.87466091500747501775E-02
    0.34321003889289292133E+01    0.16318114256988230926E+00   -0.44183240256999174039E-02
    0.34408881857357362932E+01    0.42059662172437659033E-01    0.86624930111313966450E-03
    0.34496759825425424850E+01   -0.88101789759507373456E-01    0.59720158546650659384E-02
    0.34584637793493495650E+01   -0.19983811737237830441E+00    0.98222062296012858928E-02
    0.34672515761561566450E+01   -0.26992707760713374743E+00    0.11615112328673465533E-01
    0.34760393729629628368E+01   -0.28449495884012016012E+00    0.11003668724776323462E-01
    0.34848271697697699167E+01   -0.24113283670454746521E+00    0.81370411754431472284E-02
    0.34936149665765769967E+01   -0.14901340595003648160E+00    0.36116252142149416100E-02
    0.35024027633833831885E+01   -0.27138738971088632174E-01   -0.16437906624075732456E-02
    0.35111905601901902685E+01    0.10009642600068026363E+00   -0.65748979314811228231E-02
    0.35199783569969973485E+01    0.20786165765788142124E+00   -0.10218861344274493552E-01
    0.35287661538038035403E+01    0.27540152152361907500E+00   -0.11874593622995437484E-01
    0.35375539506106106202E+01    0.29012465536667103594E+00   -0.11237882016224554071E-01
    0.35463417474174177002E+01    0.24992491694856383555E+00   -0.84581189641888127051E-02
    0.35551295442242247802E+01    0.16280370994089857217E+00   -0.40773754041820119143E-02
    0.35639173410310309720E+01    0.45403730003247079472E-01    0.10720229557406157211E-02
    0.35727051378378380520E+01   -0.80318439846654071657E-01    0.60270339304703442196E-02
    0.35814929346446451319E+01   -0.19151116356368613758E+00    0.98852438083364257276E-02
    0.35902807314514513237E+01   -0.26843499624103944745E+00    0.11963758089312491115E-01
    0.35990685282582584037E+01   -0.29770422291560627581E+00    0.11904231245070570969E-01
    0.36078563250650654837E+01   -0.27478976332407650807E+00    0.97415740162945935188E-02
    0.36166441218718716755E+01   -0.20427728898316591111E+00    0.58771394092979817661E-02
    0.36254319186786787554E+01   -0.98695939601013860099E-01    0.99213712751895647216E-03
    0.36342197154854858354E+01    0.23622291486584689330E-01   -0.40679470512537856466E-02
    0.36430075122922929154E+01    0.14199616842764292701E+00   -0.84462004864384373354E-02
    0.36517953090990991072E+01    0.23698171398803918875E+00   -0.11424066822296583337E-01
    0.36605831059059061872E+01    0.29330346703473775261E+00   -0.12525520334212159740E-01
    0.36693709027127132671E+01    0.30229521672695741641E+00   -0.11589739023637064472E-01
    0.36781586995195194589E+01    0.26317558297949505963E+00   -0.87930683235902997591E-02
    0.36869464963263265389E+01    0.18261536617788659553E+00   -0.45978155134425487821E-02
    0.36957342931331336189E+01    0.73630190840245801631E-01    0.32402073398901123057E-03
    0.37045220899399398107E+01   -0.46660697221273278457E-01    0.52005906429951152120E-02
    0.37133098867467468907E+01   -0.15992691489386912096E+00    0.92881822213211843314E-02
    0.37220976835535539706E+01   -0.24933758416038581673E+00    0.11980910119252950394E-01
    0.37308854803603601624E+01   -0.30192506506557470480E+00    0.12890869689207523630E-01
    0.37396732771671672424E+01   -0.31053726299412209855E+00    0.11906685041797825803E-01
    0.37484610739739743224E+01   -0.27449658967889839500E+00    0.91939038612293688679E-02
    0.37572488707807814023E+01   -0.19944001338887212826E+00    0.51592830908402213808E-02
    0.37660366675875875941E+01   -0.96428337862532131908E-01    0.39024230190932182420E-03
    0.37748244643943946741E+01    0.19940886098494123996E-01   -0.44386170501152779830E-02
    0.37836122612012017541E+01    0.13364619290928844708E+00   -0.86631009948222956890E-02
    0.37924000580080079459E+01    0.22937762508369077818E+00   -0.11714907847665656515E-01
    0.38011878548148150259E+01    0.29463639940207936307E+00   -0.13197640384618729292E-01
    0.38099756516216221058E+01    0.32129060355513905378E+00   -0.12935160064403901717E-01
    0.38187634484284282976E+01    0.30633234988152541201E+00   -0.10980177001811905479E-01
    0.38275512452352353776E+01    0.25221689528659502200E+00   -0.76048909043169975880E-02
    0.38363390420420424576E+01    0.16627730337655710624E+00   -0.32564775812558132556E-02
    0.38451268388488486494E+01    0.59585101236093777899E-01    0.15079930534439589009E-02
    0.38539146356556557294E+01   -0.54465236919360372758E-01    0.60916346505069272552E-02
    0.38627024324624628093E+01   -0.16191613222443540510E+00    0.99329157790396960942E-02
    0.38714902292692698893E+01   -0.24998833883018062307E+00    0.12575792962777516265E-01
    0.38802780260760760811E+01   -0.30847365776668278503E+00    0.13716781005842853050E-01
    0.38890658228828831611E+01   -0.33088505658533245990E+00    0.13236936326855913357E-01
    0.38978536196896902410E+01   -0.31511637937554720645E+00    0.11211862194356271918E-01
    0.39066414164964964328E+01   -0.26341679374338722308E+00    0.78914498856938099930E-02
    0.39154292133033035128E+01   -0.18206774446742796103E+00    0.36682479073477567387E-02
    0.39242170101101105928E+01   -0.80498692275886962744E-01   -0.97238401579932231926E-03
    0.39330048069169167846E+01    0.29918334178204778612E-01   -0.55120919799299889288E-02
    0.39417926037237238646E+01    0.13713840087178771898E+00   -0.94565213473781321862E-02
    0.39505804005305309445E+01    0.22977226553070145831E+00   -0.12387219157049995932E-01
    0.39593681973373371363E+01    0.29832233401806845796E+00   -0.14006665084459088769E-01
    0.39681559941441442163E+01    0.33603154573927196402E+00   -0.14161969170733498466E-01
    0.39769437909509512963E+01    0.33948331760996414141E+00   -0.12855294695324355134E-01
    0.39857315877577583763E+01    0.30884323156718790360E+00   -0.10239293593052912340E-01
    0.39945193845645645681E+01    0.24761583133277159652E+00   -0.65925480188246720140E-02
    0.40033071813713716480E+01    0.16221186649796040524E+00   -0.22883837422218336437E-02
    0.40120949781781787280E+01    0.61194900451113372342E-01    0.22452071356314036096E-02
    0.40208827749849849198E+01   -0.45649615087559804183E-01    0.65702124442749481811E-02
    0.40296705717917919998E+01   -0.14825350025009012556E+00    0.10279737356644318841E-01
    0.40384583685985990797E+01   -0.23719894036970079476E+00    0.13033732227755841226E-01
    0.40472461654054052715E+01   -0.30458019837373062622E+00    0.14589679620806103935E-01
    0.40560339622122123515E+01   -0.34461221180067919123E+00    0.14819135303313281382E-01
    0.40648217590190194315E+01   -0.35407814018176431148E+00    0.13715560418787294678E-01
    0.40736095558258256233E+01   -0.33253823461099274450E+00    0.11391868709823333231E-01
    0.40823973526326327033E+01   -0.28222043298094456887E+00    0.80644345692914651963E-02
    0.40911851494394397832E+01   -0.20777575216529794999E+00    0.40321809266567042868E-02
    0.40999729462462468632E+01   -0.11578392318320970822E+00   -0.35198645357361582793E-03
    0.41087607430530530550E+01   -0.14119559763722949741E-01   -0.47137853168916629340E-02
    0.41175485398598601350E+01    0.88726244273877694080E-01   -0.86891126590388292894E-02
    0.41263363366666672150E+01    0.18437257873657830753E+00   -0.11953747684888309938E-01
    0.41351241334734734068E+01    0.26524433819050896588E+00   -0.14250016433848310474E-01
    0.41439119302802804867E+01    0.32512331239128838822E+00   -0.15404036649046140908E-01
    0.41526997270870875667E+01    0.35960511235472752967E+00   -0.15337137585589216693E-01
    0.41614875238938937585E+01    0.36638537314568520031E+00   -0.14069351387767310355E-01
    0.41702753207007008385E+01    0.34532013979538200843E+00   -0.11712556051953940117E-01
    0.41790631175075079184E+01    0.29838153170473463716E+00   -0.84594740957328173198E-02
    0.41878509143143141102E+01    0.22940552117868229232E+00   -0.45654384852153381824E-02
    0.41966387111211211902E+01    0.14372269881591334673E+00   -0.32623960454270596642E-03
    0.42054265079279282702E+01    0.47722383462859251091E-01    0.39448057315950952814E-02
    0.42142143047347353502E+01   -0.51663191778220991790E-01    0.79404788691610442980E-02
    0.42230021015415415420E+01   -0.14747699590255680668E+00    0.11382052003976468602E-01
    0.42317898983483486219E+01   -0.23320815577804587804E+00    0.14036928688937839668E-01
    0.42405776951551557019E+01   -0.30322873057878624303E+00    0.15733273359350451182E-01
    0.42493654919619618937E+01   -0.35313677696204887058E+00    0.16369534977060343911E-01
    0.42581532887687689737E+01   -0.37997588169432067184E+00    0.15917345790626206276E-01
    0.42669410855755760537E+01   -0.38238606882730580283E+00    0.14421258199269048478E-01
    0.42757288823823822455E+01   -0.36060250057285508918E+00    0.11992099667062192797E-01
    0.42845166791891893254E+01   -0.31636673399321424416E+00    0.87967547032741233437E-02
    0.42933044759959964054E+01   -0.25275791479353482138E+00    0.50455172889833626443E-02
    0.43020922728028034854E+01   -0.17392461153130334139E+00    0.97651171370591836884E-03
    0.43108800696096096772E+01   -0.84787365200716002800E-01   -0.31603049230824178592E-02
    0.43196678664164167571E+01    0.92925422776615144299E-02   -0.71186209863915560908E-02
    0.43284556632232238371E+01    0.10285898695753957488E+00   -0.10670732384912319513E-01
    0.43372434600300300289E+01    0.19067961995549076448E+00   -0.13620074163994962818E-01
    0.43460312568368371089E+01    0.26802693263422949776E+00   -0.15810570205944975836E-01
    0.43548190536436441889E+01    0.33092668263778152182E+00   -0.17134039857699279868E-01
    0.43636068504504503807E+01    0.37632077316955503399E+00   -0.17533126045317686675E-01
    0.43723946472572574606E+01    0.40218000316002922023E+00   -0.17001667655483981151E-01
    0.43811824440640645406E+01    0.40755541374900888796E+00   -0.15582520632661783083E-01
    0.43899702408708707324E+01    0.39255316096743847476E+00   -0.13362242523165993036E-01
    0.43987580376776778124E+01    0.35827782206562608369E+00   -0.10464682052223768169E-01
    0.44075458344844848924E+01    0.30671907157106231834E+00   -0.70429120342270510116E-02
    0.44163336312912919723E+01    0.24060808420101267857E+00   -0.32703267046094892934E-02
    0.44251214280980981641E+01    0.16325897431356292677E+00    0.66822047975372456281E-03
    0.44339092249049052441E+01    0.78393221513017197211E-01    0.45851581088296759423E-02
    0.44426970217117123241E+01   -0.10037966352431091852E-01    0.82986336148357930931E-02
    0.44514848185185185159E+01   -0.98027499379708074589E-01    0.11640019998994874384E-01
    0.44602726153253255958E+01   -0.18168308380317815809E+00    0.14460841018299900110E-01
    0.44690604121321326758E+01   -0.25738596466618651748E+00    0.16638611108563038099E-01
    0.44778482089389388676E+01   -0.32193438161730397740E+00    0.18081315515543993494E-01
    0.44866360057457459476E+01   -0.37267323215473391329E+00    0.18730996182993293886E-01
    0.44954238025525530276E+01   -0.40758796893399895644E+00    0.18565243855493320652E-01
    0.45042115993593592194E+01   -0.42537719760400327651E+00    0.17597480686940523975E-01
    0.45129993961661662993E+01   -0.42549244609604591760E+00    0.15875672256478515904E-01
    0.45217871929729733793E+01   -0.40813752340032438681E+00    0.13479124658306994300E-01
    0.45305749897797804593E+01   -0.37424546883687442866E+00    0.10514404640972143182E-01
    0.45393627865865866511E+01   -0.32540711894314872099E+00    0.71095659569753973453E-02
    0.45481505833933937311E+01   -0.26377388869842366415E+00    0.34075245955052183705E-02
    0.45569383802002008110E+01   -0.19194279382046863791E+00   -0.44070762678659602127E-03
    0.45657261770070070028E+01   -0.11282104845500202928E+00   -0.42828994403998742885E-02
    0.45745139738138140828E+01   -0.29489053284422344497E-01   -0.79721597320526610408E-02
    0.45833017706206211628E+01    0.54929806129385812252E-01   -0.11372417092525040697E-01
    0.45920895674274273546E+01    0.13739421612718397125E+00   -0.14363250021437928838E-01
    0.46008773642342344345E+01    0.21505337589777312468E+00   -0.16843603394567179671E-01
    0.46096651610410415145E+01    0.28533491363888557890E+00   -0.18734154104679993230E-01
    0.46184529578478477063E+01    0.34602028124902356465E+00   -0.19979006297808053066E-01
    0.46272407546546547863E+01    0.39529218120914572099E+00   -0.20546033850532035431E-01
    0.46360285514614618663E+01    0.43176692939767513657E+00   -0.20426506806721561604E-01
    0.46448163482682689462E+01    0.45451301175190378379E+00   -0.19634162853687978090E-01
    0.46536041450750751380E+01    0.46305350585062243773E+00   -0.18203637888747816603E-01
    0.46623919418818822180E+01    0.45736056131802682589E+00   -0.16188593030706664028E-01
    0.46711797386886892980E+01    0.43783399082299095939E+00   -0.13659247852049742622E-01
    0.46799675354954954898E+01    0.40527122801430759402E+00   -0.10699603277779169697E-01
    0.46887553323023025698E+01    0.36082817778640408068E+00   -0.74044350293128091342E-02
    0.46975431291091096497E+01    0.30596945611963216605E+00   -0.38760271731913191300E-02
    0.47063309259159158415E+01    0.24241455605420861308E+00   -0.22085655349990827487E-03
    0.47151187227227229215E+01    0.17207717902700059298E+00    0.34537324011803638250E-02
    0.47239065195295300015E+01    0.97001245255909307463E-01    0.70428281254971301581E-02
    0.47326943163363361933E+01    0.19296246474736770266E-01    0.10446991611250089696E-01
    0.47414821131431432732E+01   -0.58927905764620681917E-01    0.13574976059360466946E-01
    0.47502699099499503532E+01   -0.13562323476653131982E+00    0.16346157519998467944E-01
    0.47590577067567574332E+01   -0.20885715708754173936E+00    0.18692247311091907819E-01
    0.47678455035635636250E+01   -0.27686065076058657963E+00    0.20558606347676533499E-01
    0.47766333003703707050E+01   -0.33806675862336338367E+00    0.21905033504869102223E-01
    0.47854210971771777849E+01   -0.39113773464990658768E+00    0.22705943827456838424E-01
    0.47942088939839839767E+01   -0.43498631567207679538E+00    0.22950267865000515549E-01
    0.48029966907907910567E+01   -0.46878506561479760251E+00    0.22640822384441872117E-01
    0.48117844875975981367E+01   -0.49196936583783423824E+00    0.21793409256796441448E-01
    0.48205722844044043285E+01   -0.50423352588702363697E+00    0.20435694283867503196E-01
    0.48293600812112114085E+01   -0.50551908762386665863E+00    0.18605841118456742378E-01
    0.48381478780180184884E+01   -0.49600084666186355919E+00    0.16351096759136037745E-01
    0.48469356748248246802E+01   -0.47607001785957608897E+00    0.13726357549374630651E-01
    0.48557234716316317602E+01   -0.44631581238569212333E+00    0.10792722456383812071E-01
    0.48645112684384388402E+01   -0.40750467434090520413E+00    0.76160131980520136274E-02
    0.48732990652452459202E+01   -0.36055685011383620253E+00    0.42652568188596626242E-02
    0.48820868620520521119E+01   -0.30652218118589280582E+00    0.81118437359686303145E-03
    0.48908746588588591919E+01   -0.24655492600613931886E+00   -0.26752030932082186167E-02
    0.48996624556656662719E+01   -0.18188803795232619254E+00   -0.61240314429873579996E-02
    0.49084502524724724637E+01   -0.11380658799378352841E+00   -0.94678970141916698328E-02
    0.49172380492792795437E+01   -0.43620250776389507541E-01   -0.12643147635332276785E-01
    0.49260258460860866236E+01    0.27363427456363251938E-01   -0.15591067523058218386E-01
    0.49348136428928928154E+01    0.97862977118118449349E-01   -0.18258808310144643977E-01
    0.49436014396996998954E+01    0.16664557859577969201E+00   -0.20600187405336416180E-01
    0.49523892365065069754E+01    0.23254870712950753697E+00   -0.22576339601364635995E-01
    0.49611770333133140554E+01    0.29450068946425322913E+00   -0.24156202482357121142E-01
    0.49699648301201202472E+01    0.35153802396831085320E+00   -0.25316834785497295546E-01
    0.49787526269269273271E+01    0.40281372968477818786E+00   -0.26043325331373864961E-01
    0.49875404237337344071E+01    0.44760197575007359960E+00   -0.26328526650373582779E-01
    0.49963282205405405989E+01    0.48530534525006407964E+00   -0.26172862128910890506E-01
    0.50051160173473476789E+01    0.51546508850058048168E+00   -0.25584218275814956528E-01
    0.50139038141541547589E+01    0.53776463053130874048E+00   -0.24577578178108704099E-01
    0.50226916109609609506E+01    0.55201204312748219927E+00   -0.23173862072526578426E-01
    0.50314794077677680306E+01    0.55811489682364245901E+00   -0.21398501736534982637E-01
    0.50402672045745751106E+01    0.55606958635252790035E+00   -0.19280733739049479153E-01
    0.50490550013813813024E+01    0.54596743797216840122E+00   -0.16853717303717631604E-01
    0.50578427981881883824E+01    0.52800286811401342391E+00   -0.14154660687153977280E-01
    0.50666305949949954623E+01    0.50247959845681944291E+00   -0.11224586431325799668E-01
    0.50754183918018025423E+01    0.46981461434047167014E+00   -0.81079012276249300128E-02
    0.50842061886086087341E+01    0.43053078953699319698E+00   -0.48516757674404902348E-02
    0.50929939854154158141E+01    0.38523701275075677986E+00   -0.15046126313971860608E-02
    0.51017817822222228941E+01    0.33460962118699694168E+00    0.18839297688922091323E-02
    0.51105695790290290859E+01    0.27938328424126318561E+00    0.52646105548643691574E-02
    0.51193573758358361658E+01    0.22034546116273351357E+00    0.85886579441581730604E-02
    0.51281451726426432458E+01    0.15832631823030812734E+00    0.11808506948812452081E-01
    0.51369329694494494376E+01    0.94183455090275744470E-01    0.14878537114622380003E-01
    0.51457207662562565176E+01    0.28787063861256262376E-01    0.17755766385972756444E-01
    0.51545085630630635976E+01   -0.36991360833354726412E-01    0.20400376167389502879E-01
    0.51632963598698697893E+01   -0.10228886767480520337E+00    0.22776159719716214391E-01
    0.51720841566766768693E+01   -0.16626165893835501142E+00    0.24850942609371377140E-01
    0.51808719534834839493E+01   -0.22809658773835703172E+00    0.26596974542152117260E-01
    0.51896597502902910293E+01   -0.28702197516021638046E+00    0.27991268047343816072E-01
    0.51984475470970972211E+01   -0.34231613510277808521E+00    0.29015801060528884775E-01
    0.52072353439039043010E+01   -0.39331483743641748596E+00    0.29657653372650343709E-01
    0.52160231407107113810E+01   -0.43941815816148710461E+00    0.29909082046526595106E-01
    0.52248109375175184610E+01   -0.48009668787499742981E+00    0.29767532113161781354E-01
    0.52335987343243246528E+01   -0.51489693958741411528E+00    0.29235599547272624055E-01
    0.52423865311311317328E+01   -0.54344481461738236572E+00    0.28320889900048495935E-01
    0.52511743279379388127E+01   -0.56544811529882355039E+00    0.27035825787447311658E-01
    0.52599621247447450045E+01   -0.58069806016416647410E+00    0.25397401251577873121E-01
    0.52687499215515520845E+01   -0.58906974581425275428E+00    0.23426880294242946601E-01
    0.52775377183583591645E+01   -0.59052189383980824289E+00    0.21149464717053659268E-01
    0.52863255151651653563E+01   -0.58509508025703127476E+00    0.18593901293180996326E-01
    0.52951133119719724363E+01   -0.57290921826791652016E+00    0.15792060246711682459E-01
    0.53039011087787795162E+01   -0.55416020785371344903E+00    0.12778489304646300020E-01
    0.53126889055855857080E+01   -0.52911571486666408859E+00    0.95899427182798025610E-02
    0.53214767023923927880E+01   -0.49811048354732850862E+00    0.62649017526426129671E-02
    0.53302644991991998680E+01   -0.46154074079590684532E+00    0.28430823390841733142E-02
    0.53390522960060069479E+01   -0.41985816885869725601E+00   -0.63506149882902390106E-03
    0.53478400928128131397E+01   -0.37356347335583467428E+00   -0.41288257222392111753E-02
    0.53566278896196202197E+01   -0.32319953771361692452E+00   -0.75977347721219064269E-02
    0.53654156864264272997E+01   -0.26934442672135894270E+00   -0.11002008372823664922E-01
    0.53742034832332334915E+01   -0.21260415149149677894E+00   -0.14303000735739316435E-01
    0.53829912800400405715E+01   -0.15360534498313735408E+00   -0.17463623855502277693E-01
    0.53917790768468476514E+01   -0.92988004957889711100E-01   -0.20448736868066374334E-01
    0.54005668736536538432E+01   -0.31398316308777055039E-01   -0.23225499677267072429E-01
    0.54093546704604609232E+01    0.30518391361997271316E-01   -0.25763701707207219832E-01
    0.54181424672672680032E+01    0.92124356956757497139E-01   -0.28036038502027075398E-01
    0.54269302640740750832E+01    0.15279590830688347114E+00   -0.30018360821979443720E-01
    0.54357180608808812750E+01    0.21192955017274994756E+00   -0.31689877771944818807E-01
    0.54445058576876883549E+01    0.26894759999076517376E+00   -0.33033312357740290954E-01
    0.54532936544944954349E+01    0.32330349818397791095E+00   -0.34035028036538399199E-01
    0.54620814513013016267E+01    0.37448643471769926805E+00   -0.34685097150338767280E-01
    0.54708692481081087067E+01    0.42202561490269563382E+00   -0.34977339833323753404E-01
    0.54796570449149157866E+01    0.46549390864103568077E+00   -0.34909318852118578769E-01
    0.54884448417217219784E+01    0.50451086629065711175E+00   -0.34482289453057535233E-01
    0.54972326385285290584E+01    0.53874533957224068903E+00   -0.33701124236921412014E-01
    0.55060204353353361384E+01    0.56791731045385585031E+00   -0.32574189839980768890E-01
    0.55148082321421423302E+01    0.59179931773890359636E+00   -0.31113199934785375211E-01
    0.55235960289489494102E+01    0.61021726835314304971E+00   -0.29333036587251191951E-01
    0.55323838257557564901E+01    0.62305062490074991643E+00   -0.27251539761164882830E-01
    0.55411716225625635701E+01    0.63023223726297039615E+00   -0.24889281255059403364E-01
    0.55499594193693697619E+01    0.63174748455850482376E+00   -0.22269310185584725165E-01
    0.55587472161761768419E+01    0.62763307739657303586E+00   -0.19416885220320458105E-01
    0.55675350129829839219E+01    0.61797538741410529273E+00   -0.16359192797334304315E-01
    0.55763228097897901137E+01    0.60290830390952909745E+00   -0.13125051565726570182E-01
    0.55851106065965971936E+01    0.58261084651186145766E+00   -0.97446125674896764968E-02
    0.55938984034034042736E+01    0.55730432455142298043E+00   -0.62490535265065155421E-02
    0.56026862002102104654E+01    0.52724928211877530870E+00   -0.26702713129157784611E-02
    0.56114739970170175454E+01    0.49274218740607211853E+00    0.95942209556365565248E-03
    0.56202617938238246253E+01    0.45411187066795410949E+00    0.46075998571126876649E-02
    0.56290495906306308171E+01    0.41171585977213509544E+00    0.82420146392180228950E-02
    0.56378373874374378971E+01    0.36593654541937653546E+00    0.11830879426991911321E-01
    0.56466251842442449771E+01    0.31717727560574371370E+00    0.15343140641040708266E-01
    0.56554129810510520571E+01    0.26585841915433100491E+00    0.18748734370123837367E-01
    0.56642007778578582489E+01    0.21241340245993689528E+00    0.22018825661440151464E-01
    0.56729885746646653288E+01    0.15728477632519755058E+00    0.25126035039594447201E-01
    0.56817763714714724088E+01    0.10092036797619774458E+00    0.28044638807882119047E-01
    0.56905641682782786006E+01    0.43769487708434050288E-01    0.30750755763373261581E-01
    0.56993519650850856806E+01   -0.13720713418539040931E-01    0.33222509826591133109E-01
    0.57081397618918927606E+01   -0.71108734518943256253E-01    0.35440168901169785687E-01
    0.57169275586986989524E+01   -0.12796208847990339641E+00    0.37386268091968689886E-01
    0.57257153555055060323E+01   -0.18386039994690295263E+00    0.39045702076141032555E-01
    0.57345031523123131123E+01   -0.23839836353971677330E+00    0.40405802054057388117E-01
    0.57432909491191193041E+01   -0.29118843944055772255E+00    0.41456387773266038799E-01
    0.57520787459259263841E+01   -0.34186329131950032867E+00    0.42189795259969957442E-01
    0.57608665427327334640E+01   -0.39007804640306564803E+00    0.42600889781480563712E-01
    0.57696543395395405440E+01   -0.43551220284138475458E+00    0.42687050495980254083E-01
    0.57784421363463467358E+01   -0.47787135958268367464E+00    0.42448141342322567859E-01
    0.57872299331531538158E+01   -0.51688864762027475486E+00    0.41886461271159379505E-01
    0.57960177299599608958E+01   -0.55232587209294359276E+00    0.41006674586864563792E-01
    0.58048055267667670876E+01   -0.58397447127324730864E+00    0.39815730116975575625E-01
    0.58135933235735741675E+01   -0.61165612275990366431E+00    0.38322759597131078602E-01
    0.58223811203803812475E+01   -0.63522317706944531057E+00    0.36538966284817689378E-01
    0.58311689171871874393E+01   -0.65455882039665336247E+00    0.34477500285569763483E-01
    0.58399567139939945193E+01   -0.66957697821904038626E+00    0.32153321265343995372E-01
    0.58487445108008015993E+01   -0.68022206550958685956E+00    0.29583054983046742220E-01
    0.58575323076076077911E+01   -0.68646844880191837390E+00    0.26784838916192110075E-01
    0.58663201044144148710E+01   -0.68831977106433706037E+00    0.23778163091848294325E-01
    0.58751079012212219510E+01   -0.68580807604518578824E+00    0.20583705971933756451E-01
    0.58838956980280290310E+01   -0.67899274306831969295E+00    0.17223165773484632596E-01
    0.58926834948348352228E+01   -0.66795931875236747022E+00    0.13719090724325139555E-01
    0.59014712916416423027E+01   -0.65281816118283797490E+00    0.10094708206803961956E-01
    0.59102590884484493827E+01   -0.63370299815435726654E+00    0.63737538859879898021E-02
    0.59190468852552555745E+01   -0.61076937404056608205E+00    0.25803034221830271899E-02
    0.59278346820620626545E+01   -0.58419299303421712288E+00   -0.12613932550862533115E-02
    0.59366224788688697345E+01   -0.55416801585922603746E+00   -0.51270744737699717325E-02
    0.59454102756756759263E+01   -0.52090527792504814908E+00   -0.89926225294952120276E-02
    0.59541980724824830062E+01   -0.48463047516805252135E+00   -0.12834215661921498028E-01
    0.59629858692892900862E+01   -0.44558232586695140087E+00   -0.16628471903266842102E-01
    0.59717736660960962780E+01   -0.40401071137017696699E+00   -0.20352585230061066845E-01
    0.59805614629029033580E+01   -0.36017482153799212918E+00   -0.23984455667865431372E-01
    0.59893492597097104380E+01   -0.31434131769685424995E+00   -0.27502807483954498646E-01
    0.59981370565165175179E+01   -0.26678250920998253237E+00   -0.30887301343318126351E-01
    0.60069248533233237097E+01   -0.21777457695593913090E+00   -0.34118635286628756775E-01
    0.60157126501301307897E+01   -0.16759584148571379791E+00   -0.37178635280957675335E-01
    0.60245004469369378697E+01   -0.11652507446116770751E+00   -0.40050338453775861935E-01
    0.60332882437437440615E+01   -0.64839897831664800032E-01   -0.42718062349616746365E-01
    0.60420760405505511415E+01   -0.12815229116703956425E-01   -0.45167467335552220764E-01
    0.60508638373573582214E+01    0.39278179497696248668E-01   -0.47385607201069407379E-01
    0.60596516341641644132E+01    0.91175114913787769222E-01   -0.49360968874448664379E-01
    0.60684394309709714932E+01    0.14261721080225192582E+00   -0.51083504972059420868E-01
    0.60772272277777785732E+01    0.19335412789080724805E+00   -0.52544652946285491657E-01
    0.60860150245845856531E+01    0.24314467082949928201E+00   -0.53737347824081599379E-01
    0.60948028213913918449E+01    0.29175778970609939078E+00   -0.54656024462757218929E-01
    0.61035906181981989249E+01    0.33897347582384640408E+00   -0.55296610248656861974E-01
    0.61123784150050060049E+01    0.38458358393478930815E+00   -0.55656511836912878066E-01
    0.61211662118118121967E+01    0.42839251619146362371E+00   -0.55734590969350704392E-01
    0.61299540086186192767E+01    0.47021783918243054146E+00   -0.55531135196891491523E-01
    0.61387418054254263566E+01    0.50989078618351857397E+00   -0.55047820716184303613E-01
    0.61475296022322325484E+01    0.54725665536924661403E+00   -0.54287668099555715095E-01
    0.61563173990390396284E+01    0.58217513948353460940E+00   -0.53254993890429848380E-01
    0.61651051958458467084E+01    0.61452052906986531777E+00   -0.51955354803781952922E-01
    0.61738929926526529002E+01    0.64418185588315779455E+00   -0.50395488592725391774E-01
    0.61826807894594599802E+01    0.67106293827045160327E+00   -0.48583250194952867784E-01
    0.61914685862662670601E+01    0.69508233865636992466E+00   -0.46527543684905470212E-01
    0.62002563830730741401E+01    0.71617326592570462740E+00   -0.44238252106877443137E-01
    0.62090441798798803319E+01    0.73428337801202403501E+00   -0.41726163693296701440E-01
    0.62178319766866874119E+01    0.74937453837639000920E+00   -0.39002896578455473198E-01
    0.62266197734934944918E+01    0.76142250062465743898E+00   -0.36080821917886571337E-01
    0.62354075703003006836E+01    0.77041652942227067946E+00   -0.32972985635014370742E-01
    0.62441953671071077636E+01    0.77635898397685199068E+00   -0.29693029912915995527E-01
    0.62529831639139148436E+01    0.77926483525307788103E+00   -0.26255114486635058174E-01
    0.62617709607207210354E+01    0.77916115356388748747E+00   -0.22673838042256800468E-01
    0.62705587575275281154E+01    0.77608655362650336151E+00   -0.18964160667910359703E-01
    0.62793465543343351953E+01    0.77009060242804272534E+00   -0.15141327277787582431E-01
    0.62881343511411413871E+01    0.76123320792670401413E+00   -0.11220792266270283866E-01
    0.62969221479479484671E+01    0.74958397524724262873E+00   -0.72181466199368465864E-02
    0.63057099447547555471E+01    0.73522154940283013236E+00   -0.31490463564882438356E-02
    0.63144977415615626271E+01    0.71823294303959828166E+00    0.97085606806938484856E-03
    0.63232855383683688189E+01    0.69871285145805528405E+00    0.51259777155076647129E-02
    0.63320733351751758988E+01    0.67676296466178398337E+00    0.93008688960226678505E-02
    0.63408611319819829788E+01    0.65249127618329072487E+00    0.13480272714121142169E-01
    0.63496489287887891706E+01    0.62601139211707490517E+00    0.17649182525347854866E-01
    0.63584367255955962506E+01    0.59744184771709096804E+00    0.21792895315161802533E-01
    0.63672245224024033305E+01    0.56690543093346090764E+00    0.25897061507828514348E-01
    0.63760123192092095223E+01    0.53452851549610980175E+00    0.29947732054682686675E-01
    0.63848001160160166023E+01    0.50044041291723273535E+00    0.33931400532292203820E-01
    0.63935879128228236823E+01    0.46477273477865577167E+00    0.37835042829467049885E-01
    0.64023757096296298741E+01    0.42765877851231742790E+00    0.41646152396449490074E-01
    0.64111635064364369541E+01    0.38923293373186340638E+00    0.45352771652952705850E-01
    0.64199513032432440340E+01    0.34963010633651958603E+00    0.48943520620585712066E-01
    0.64287391000500511140E+01    0.30898517565743005564E+00    0.52407620550703026829E-01
    0.64375268968568573058E+01    0.26743246807442239144E+00    0.55734915187752455401E-01
    0.64463146936636643858E+01    0.22510526322721552406E+00    0.58915887846399367378E-01
    0.64551024904704714658E+01    0.18213532831580420135E+00    0.61941674903357696325E-01
    0.64638902872772776576E+01    0.13865247424483262417E+00    0.64804076802085927578E-01
    0.64726780840840847375E+01    0.94784151388082465983E-01    0.67495564639981270316E-01
    0.64814658808908918175E+01    0.50655064444569505855E-01    0.70009284711141719915E-01
    0.64902536776976980093E+01    0.63868229268066734061E-02    0.72339059556927223782E-01
    0.64990414745045050893E+01   -0.37902377991830313309E-01    0.74479386057254196030E-01
    0.65078292713113121692E+01   -0.82098054222711450145E-01    0.76425431558271417209E-01
    0.65166170681181183610E+01   -0.12608968953278576475E+00    0.78173026567656095365E-01
    0.65254048649249254410E+01   -0.16977097346858671667E+00    0.79718655899587764768E-01
    0.65341926617317325210E+01   -0.21304000534737371764E+00    0.81059447289758806976E-01
    0.65429804585385396010E+01   -0.25579946963584387909E+00    0.82193157891141704896E-01
    0.65517682553453457928E+01   -0.29795679096248961493E+00    0.83118159454859980029E-01
    0.65605560521521528727E+01   -0.33942425329655484534E+00    0.83833421260678928078E-01
    0.65693438489589599527E+01   -0.38011910253697206441E+00    0.84338492068410514380E-01
    0.65781316457657661445E+01   -0.41996362008180299075E+00    0.84633480597653007460E-01
    0.65869194425725732245E+01   -0.45888517217485219613E+00    0.84719034792623840180E-01
    0.65957072393793803045E+01   -0.49681624256790518634E+00    0.84596320436246374985E-01
    0.66044950361861864963E+01   -0.53369443621744405704E+00    0.84266998695861489166E-01
    0.66132828329929935762E+01   -0.56946246981580805890E+00    0.83733203245076617827E-01
    0.66220706297998006562E+01   -0.60406813997050357035E+00    0.82997516902488188695E-01
    0.66308584266066068480E+01   -0.63746427291866947229E+00    0.82062947884777678875E-01
    0.66396462234134139280E+01   -0.66960866200748647703E+00    0.80932905988533254682E-01
    0.66484340202202210079E+01   -0.70046398424337885658E+00    0.79611178711989749601E-01
    0.66572218170270280879E+01   -0.72999770754191706246E+00    0.78101907412218396498E-01
    0.66660096138338342797E+01   -0.75818198281778470538E+00    0.76409563758699922120E-01
    0.66747974106406413597E+01   -0.78499352369185038114E+00    0.74538926442888522872E-01
    0.66835852074474484397E+01   -0.81041347847584777053E+00    0.72495058235513623601E-01
    0.66923730042542546315E+01   -0.83442728919692898959E+00    0.70283283693181541896E-01
    0.67011608010610617114E+01   -0.85702454507467407119E+00    0.67909167210373391765E-01
    0.67099485978678687914E+01   -0.87819882763574308449E+00    0.65378491855511616793E-01
    0.67187363946746749832E+01   -0.89794754909619323158E+00    0.62697238854690098830E-01
    0.67275241914814820632E+01   -0.91627178709595169526E+00    0.59871567647826355596E-01
    0.67363119882882891432E+01   -0.93317611354222884668E+00    0.56907796956495393381E-01
    0.67450997850950962231E+01   -0.94866842117144711821E+00    0.53812386341934685674E-01
    0.67538875819019024149E+01   -0.96275974754080229090E+00    0.50591918731203062987E-01
    0.67626753787087094949E+01   -0.97546409702483616311E+00    0.47253083730342572422E-01
    0.67714631755155165749E+01   -0.98679826250206914562E+00    0.43802661553031536912E-01
    0.67802509723223227667E+01   -0.99678164684214054514E+00    0.40247508009687842090E-01
    0.67890387691291298466E+01   -0.10054360846902012927E+01    0.36594539988496724292E-01
    0.67978265659359369266E+01   -0.10127856661464720300E+01    0.32850721841468706608E-01
    0.68066143627427431184E+01   -0.10188565620421010660E+01    0.29023052496889661933E-01
    0.68154021595495501984E+01   -0.10236768513811198567E+01    0.25118553098500719795E-01
    0.68241899563563572784E+01   -0.10272763527271402406E+01    0.21144255534578149797E-01
    0.68329777531631634702E+01   -0.10296864577181521483E+01    0.17107191366090374052E-01
    0.68417655499699705501E+01   -0.10309399695374452666E+01    0.13014381448221909454E-01
    0.68505533467767776301E+01   -0.10310709453928363910E+01    0.88728261017652076958E-02
    0.68593411435835847101E+01   -0.10301145427675653110E+01    0.46894956575606067811E-02
    0.68681289403903909019E+01   -0.10281068722361044188E+01    0.47132161947544291619E-03
    0.68769167371971979819E+01   -0.10250848535238827886E+01   -0.37748119040374524154E-02
    0.68857045340040050618E+01   -0.10210860782842543504E+01   -0.80420763277352542986E-02
    0.68944923308108112536E+01   -0.10161486782290805042E+01   -0.12323706372120117949E-01
    0.69032801276176183336E+01   -0.10103111978583863007E+01   -0.16613007627415871809E-01
    0.69120679244244254136E+01   -0.10036124750406101303E+01   -0.20903363762300026379E-01
    0.69208557212312316054E+01   -0.99609152533884715019E+00   -0.25188243582961095113E-01
    0.69296435180380386853E+01   -0.98778743371949850882E+00   -0.29461207859898579098E-01
    0.69384313148448457653E+01   -0.97873925207906664614E+00   -0.33715915974732897642E-01
    0.69472191116516519571E+01   -0.96898590155386044032E+00   -0.37946132458198125748E-01
    0.69560069084584590371E+01   -0.95856608288291411668E+00   -0.42145733354034313478E-01
    0.69647947052652661171E+01   -0.94751819053552110983E+00   -0.46308712509261107382E-01
    0.69735825020720731970E+01   -0.93588023405418863110E+00   -0.50429187747943512998E-01
    0.69823702988788793888E+01   -0.92368976502643329596E+00   -0.54501406954779632597E-01
    0.69911580956856864688E+01   -0.91098380854705152121E+00   -0.58519754094329905214E-01
    0.69999458924924935488E+01   -0.89779880215211760319E+00   -0.62478755124892877693E-01
    0.70087336892992997406E+01   -0.88417053819268609516E+00   -0.66373083861474266310E-01
    0.70175214861061068206E+01   -0.87013411267406493010E+00   -0.70197567735466190331E-01
    0.70263092829129139005E+01   -0.85572387908986824456E+00   -0.73947193473221053961E-01
    0.70350970797197200923E+01   -0.84097340614717419616E+00   -0.77617112692263914853E-01
    0.70438848765265271723E+01   -0.82591544189524979114E+00   -0.81202647357354898472E-01
    0.70526726733333342523E+01   -0.81058188076076387318E+00   -0.84699295161779944441E-01
    0.70614604701401404441E+01   -0.79500373595060802590E+00   -0.88102734735657342591E-01
    0.70702482669469475240E+01   -0.77921111596136827249E+00   -0.91408830718858427589E-01
    0.70790360637537546040E+01   -0.76323320421793505730E+00   -0.94613638689287571371E-01
    0.70878238605605616840E+01   -0.74709824380640255104E+00   -0.97713409845790535901E-01
    0.70966116573673678758E+01   -0.73083352448581484495E+00   -0.10070459556298692883E+00
    0.71053994541741749558E+01   -0.71446537383197694648E+00   -0.10358385165692135521E+00
    0.71141872509809820357E+01   -0.69801915151149707128E+00   -0.10634804242711788647E+00
    0.71229750477877882275E+01   -0.68151924587831347324E+00   -0.10899424447232398949E+00
    0.71317628445945953075E+01   -0.66498907430826958986E+00   -0.11151975012753458094E+00
    0.71405506414014023875E+01   -0.64845108517793703662E+00   -0.11392207071023638387E+00
    0.71493384382082085793E+01   -0.63192676275886672244E+00   -0.11619893935339942193E+00
    0.71581262350150156593E+01   -0.61543663429740513848E+00   -0.11834831352277515315E+00
    0.71669140318218227392E+01   -0.59900027865653870940E+00   -0.12036837723087349949E+00
    0.71757018286286289310E+01   -0.58263633743898468609E+00   -0.12225754275022276962E+00
    0.71844896254354360110E+01   -0.56636252717600166218E+00   -0.12401445208132982900E+00
    0.71932774222422430910E+01   -0.55019565334064213236E+00   -0.12563797790666775267E+00
    0.72020652190490501710E+01   -0.53415162571278407277E+00   -0.12712722415645677509E+00
    0.72108530158558563627E+01   -0.51824547465327130968E+00   -0.12848152621721697919E+00
    0.72196408126626634427E+01   -0.50249136879781652887E+00   -0.12970045055808973600E+00
    0.72284286094694705227E+01   -0.48690263333453609462E+00   -0.13078379407792098399E+00
    0.72372164062762767145E+01   -0.47149176920826085802E+00   -0.13173158288186101461E+00
    0.72460042030830837945E+01   -0.45627047300087431037E+00   -0.13254407063168202607E+00
    0.72547919998898908744E+01   -0.44124965720431708061E+00   -0.13322173651776025860E+00
    0.72635797966966970662E+01   -0.42643947108690277714E+00   -0.13376528262181369699E+00
    0.72723675935035041462E+01   -0.41184932177450706003E+00   -0.13417563099279855576E+00
    0.72811553903103112262E+01   -0.39748789558563335511E+00   -0.13445392014946902504E+00
    0.72899431871171174180E+01   -0.38336317954360588089E+00   -0.13460150115900881840E+00
    0.72987309839239244980E+01   -0.36948248291007412814E+00   -0.13461993335177210862E+00
    0.73075187807307315779E+01   -0.35585245872753407115E+00   -0.13451097945690612678E+00
    0.73163065775375386579E+01   -0.34247912532245905481E+00   -0.13427660047050765657E+00
    0.73250943743443448497E+01   -0.32936788761305479944E+00   -0.13391895000136094795E+00
    0.73338821711511519297E+01   -0.31652355826678379991E+00   -0.13344036823448679474E+00
    0.73426699679579590097E+01   -0.30395037864399310212E+00   -0.13284337557809244856E+00
    0.73514577647647652014E+01   -0.29165203938790229543E+00   -0.13213066581274257594E+00
    0.73602455615715722814E+01   -0.27963170082392752036E+00   -0.13130509901628473202E+00
    0.73690333583783793614E+01   -0.26789201291241815373E+00   -0.13036969406434226193E+00
    0.73778211551851855532E+01   -0.25643513487243652094E+00   -0.12932762082385798608E+00
    0.73866089519919926332E+01   -0.24526275447256198903E+00   -0.12818219210463943636E+00
    0.73953967487987997131E+01   -0.23437610679079315390E+00   -0.12693685523571857088E+00
    0.74041845456056067931E+01   -0.22377599271610737475E+00   -0.12559518347932713267E+00
    0.74129723424124129849E+01   -0.21346279690781133631E+00   -0.12416086715408315710E+00
    0.74217601392192200649E+01   -0.20343650536180266086E+00   -0.12263770455097530721E+00
    0.74305479360260271449E+01   -0.19369672261485296194E+00   -0.12102959270282007131E+00
    0.74393357328328333367E+01   -0.18424268838180551944E+00   -0.11934051793159861088E+00
    0.74481235296396404166E+01   -0.17507329392800791146E+00   -0.11757454630836118581E+00
    0.74569113264464474966E+01   -0.16618709791236888074E+00   -0.11573581397953480732E+00
    0.74656991232532536884E+01   -0.15758234185116171133E+00   -0.11382851740096006088E+00
    0.74744869200600607684E+01   -0.14925696524898798834E+00   -0.11185690353317749579E+00
    0.74832747168668678484E+01   -0.14120862021515481755E+00   -0.10982525998411429846E+00
    0.74920625136736740401E+01   -0.13343468584625853279E+00   -0.10773790514621259251E+00
    0.75008503104804811201E+01   -0.12593228215632787381E+00   -0.10559917836958115922E+00
    0.75096381072872882001E+01   -0.11869828368614514236E+00   -0.10341343016467151317E+00
    0.75184259040940952801E+01   -0.11172933283805601412E+00   -0.10118501247853339819E+00
    0.75272137009009014719E+01   -0.10502185279091191816E+00   -0.98918269092042390711E-01
    0.75360014977077085518E+01   -0.98572060227518756848E-01   -0.96617526093852754143E-01
    0.75447892945145156318E+01   -0.92375977706371348308E-01   -0.94287082557665879978E-01
    0.75535770913213218236E+01   -0.86429445783468630826E-01   -0.91931201367186576867E-01
    0.75623648881281289036E+01   -0.80728134923044370108E-01   -0.89554100223987784246E-01
    0.75711526849349359836E+01   -0.75267557088408168497E-01   -0.87159942942603291227E-01
    0.75799404817417421754E+01   -0.70043077190054370273E-01   -0.84752830899247608154E-01
    0.75887282785485492553E+01   -0.65049924262440189660E-01   -0.82336794836126964148E-01
    0.75975160753553563353E+01   -0.60283202451512550579E-01   -0.79915786919068643179E-01
    0.76063038721621625271E+01   -0.55737901839882794675E-01   -0.77493673075027996733E-01
    0.76150916689689696071E+01   -0.51408909027442259432E-01   -0.75074225761541379942E-01
    0.76238794657757766871E+01   -0.47291017600216818384E-01   -0.72661116955039101173E-01
    0.76326672625825837670E+01   -0.43378938379662702884E-01   -0.70257911620267191055E-01
    0.76414550593893899588E+01   -0.39667309519327662026E-01   -0.67868061518077046901E-01
    0.76502428561961970388E+01   -0.36150706461595023822E-01   -0.65494899368421802266E-01
    0.76590306530030041188E+01   -0.32823651683838536708E-01   -0.63141633554712583987E-01
    0.76678184498098103106E+01   -0.29680624343684125499E-01   -0.60811343094652414720E-01
    0.76766062466166173905E+01   -0.26716069714839776189E-01   -0.58506973180141919055E-01
    0.76853940434234244705E+01   -0.23924408477357286817E-01   -0.56231331112933581606E-01
    0.76941818402302306623E+01   -0.21300045860918971619E-01   -0.53987082641183507803E-01
    0.77029696370370377423E+01   -0.18837380566648499747E-01   -0.51776748900142118004E-01
    0.77117574338438448223E+01   -0.16530813578235267064E-01   -0.49602703644226843471E-01
    0.77205452306506510141E+01   -0.14374756733134784470E-01   -0.47467171088558440806E-01
    0.77293330274574580940E+01   -0.12363641127382652904E-01   -0.45372224169795007109E-01
    0.77381208242642651740E+01   -0.10491925341353732642E-01   -0.43319783218846906470E-01
    0.77469086210710722540E+01   -0.87541033964186939359E-02   -0.41311615247552252450E-01
    0.77556964178778784458E+01   -0.71447125749104344744E-02   -0.39349333525862374705E-01
    0.77644842146846855258E+01   -0.56583409394364006170E-02   -0.37434397754870618602E-01
    0.77732720114914926057E+01   -0.42896346450266749362E-02   -0.35568114645378956507E-01
    0.77820598082982987975E+01   -0.30333050247464887414E-02   -0.33751638882583506751E-01
    0.77908476051051058775E+01   -0.18841353372096129870E-02   -0.31985974660044685924E-01
    0.77996354019119129575E+01   -0.83698734305983398668E-03   -0.30271977477089016123E-01
    0.78084231987187191493E+01    0.11319249298210320184E-03   -0.28610356464140038885E-01
    0.78172109955255262292E+01    0.97136705577268930845E-03   -0.27001677063297153947E-01
    0.78259987923323333092E+01    0.17424029101462058973E-02   -0.25446364034207403365E-01
    0.78347865891391395010E+01    0.24310650406296602753E-02   -0.23944704933921770462E-01
    0.78435743859459465810E+01    0.30420117954480289067E-02   -0.22496853809586093292E-01
    0.78523621827527536610E+01    0.35797902719272634876E-02   -0.21102835304157633450E-01
    0.78611499795595607409E+01    0.40488320003456085630E-02   -0.19762549036397566299E-01
    0.78699377763663669327E+01    0.44534489443277475509E-02   -0.18475774216522727195E-01
    0.78787255731731740127E+01    0.47978299648184785653E-02   -0.17242174600339832402E-01
    0.78875133699799810927E+01    0.50860375115007643368E-02   -0.16061303587687921629E-01
    0.78963011667867872845E+01    0.53220047975830698725E-02   -0.14932609584755434512E-01
    0.79050889635935943645E+01    0.55095332980475489326E-02   -0.13855441538394347792E-01
    0.79138767604004014444E+01    0.56522905827169891632E-02   -0.12829054598215048136E-01
    0.79226645572072076362E+01    0.57538086346909161559E-02   -0.11852615957851682024E-01
    0.79314523540140147162E+01    0.58174824023679372678E-02   -0.10925210762373401691E-01
    0.79402401508208217962E+01    0.58465688387337516260E-02   -0.10045848114217629729E-01
    0.79490279476276279880E+01    0.58441862632503012442E-02   -0.92134671400507239802E-02
    0.79578157444344350679E+01    0.58133140484165840914E-02   -0.84269430722746577200E-02
    0.79666035412412421479E+01    0.57567927720600774871E-02   -0.76850933458637677928E-02
    0.79753913380480492279E+01    0.56773245888486626246E-02   -0.69866836831442083455E-02
    0.79841791348548554197E+01    0.55774740493699549726E-02   -0.63304341160192153029E-02
    0.79929669316616624997E+01    0.54596692121962678290E-02   -0.57150249629733954407E-02
    0.80017547284684695796E+01    0.53262030406216638589E-02   -0.51391027161732600118E-02
    0.80105425252752748833E+01    0.51792352032175260554E-02   -0.46012857953489829516E-02
    0.80193303220820819632E+01    0.50207940591845915540E-02   -0.41001702208071305958E-02
    0.80281181188888890432E+01    0.48527790106779660970E-02   -0.36343350863574067251E-02
    0.80369059156956961232E+01    0.46769630923399682643E-02   -0.32023478982466189319E-02
    0.80456937125025032032E+01    0.44949957798284187471E-02   -0.28027697406232039180E-02
    0.80544815093093102831E+01    0.43084061050900988171E-02   -0.24341601916649025818E-02
    0.80632693061161173631E+01    0.41186059061644793994E-02   -0.20950821072401094348E-02
    0.80720571029229226667E+01    0.39268933327928582516E-02   -0.17841061057960406946E-02
    0.80808448997297297467E+01    0.37344565147249923764E-02   -0.14998148572990593549E-02
    0.80896326965365368267E+01    0.35423773663919742513E-02   -0.12408071448802595032E-02
    0.80984204933433439066E+01    0.33516355793123428324E-02   -0.10057016048535801032E-02
    0.81072082901501509866E+01    0.31631126898366587578E-02   -0.79314030472554754216E-03
    0.81159960869569580666E+01    0.29775962763462452548E-02   -0.60179197126286664097E-03
    0.81247838837637633702E+01    0.27957842363417967704E-02   -0.43035499232155742392E-03
    0.81335716805705704502E+01    0.26182891118548944770E-02   -0.27756017119140896816E-03
    0.81423594773773775302E+01    0.24456424783293605370E-02   -0.14217313509611777343E-03
    0.81511472741841846101E+01    0.22782993489455119311E-02   -0.22996575439879091162E-04
    0.81599350709909916901E+01    0.21166425842082062930E-02    0.81127864590747084009E-04
    0.81687228677977987701E+01    0.19609873016246653216E-02    0.17131792754857295556E-03
    0.81775106646046058501E+01    0.18115852521146810165E-02    0.24864931479402736314E-03
    0.81862984614114111537E+01    0.16686291469098254829E-02    0.31415458493332272657E-03
    0.81950862582182182337E+01    0.15322569471451664026E-02    0.36882220582557830165E-03
    0.82038740550250253136E+01    0.14025560526260479489E-02    0.41359591985002373306E-03
    0.82126618518318323936E+01    0.12795674239006761801E-02    0.44937430667275977524E-03
    0.82214496486386394736E+01    0.11632896059088010735E-02    0.47701054371409944794E-03
    0.82302374454454465535E+01    0.10536826137863871799E-02    0.49731243654097987642E-03
    0.82390252422522518572E+01    0.95067174178925300740E-03    0.51104257247882797777E-03
    0.82478130390590589371E+01    0.85415119502361036737E-03    0.51891871802239549535E-03
    0.82566008358658660171E+01    0.76398760764857559687E-03    0.52161436787767515109E-03
    0.82653886326726730971E+01    0.68002342032503115994E-03    0.51975943735825752903E-03
    0.82741764294794801771E+01    0.60208006414431925954E-03    0.51394114800853095935E-03
    0.82829642262862872570E+01    0.52996104455690288930E-03    0.50470499737179346910E-03
    0.82917520230930943370E+01    0.46345480705699032727E-03    0.49255588797299373546E-03
    0.83005398198998996406E+01    0.40233746538037156197E-03    0.47795935362750403830E-03
    0.83093276167067067206E+01    0.34637537143690256018E-03    0.46134286884375058256E-03
    0.83181154135135138006E+01    0.29532747048962052980E-03    0.44309726832603011292E-03
    0.83269032103203208806E+01    0.24894754989776129170E-03    0.42357821001160953205E-03
    0.83356910071271279605E+01    0.20698626310638833367E-03    0.40310771250254138392E-03
    0.83444788039339350405E+01    0.16919301394784013403E-03    0.38197573650130189557E-03
    0.83532666007407403441E+01    0.13531768776219168593E-03    0.36044179291208540980E-03
    0.83620543975475474241E+01    0.10511217706444369311E-03    0.33873658466957638855E-03
    0.83708421943543545041E+01    0.78331808576675835722E-04    0.31706365609154054915E-03
    0.83796299911611615840E+01    0.54736567417229574969E-04    0.29560104376945782988E-03
    0.83884177879679686640E+01    0.34092196797159194353E-04    0.27450292655908594850E-03
    0.83972055847747757440E+01    0.16171166779329172405E-04    0.25390125694045210343E-03
    0.84059933815815828240E+01    0.75346938033405969353E-06    0.23390736596096698341E-03
    0.84147811783883881276E+01   -0.12372667186060887597E-04    0.21461354845882433628E-03
    0.84235689751951952076E+01   -0.23410226274282782945E-04    0.19609459672590190990E-03
    0.84323567720020022875E+01   -0.32552948732174164187E-04    0.17840930127507845823E-03
    0.84411445688088093675E+01   -0.39984977490141545458E-04    0.16160190278650420396E-03
    0.84499323656156164475E+01   -0.45880631497182624721E-04    0.14570347848748705635E-03
    0.84587201624224235275E+01   -0.50404237743151663318E-04    0.13073329215436779271E-03
    0.84675079592292288311E+01   -0.53710076070489296137E-04    0.11670006203602820117E-03
    0.84762957560360359111E+01   -0.55942391339286402958E-04    0.10360317812282603611E-03
    0.84850835528428429910E+01   -0.57235469158244029776E-04    0.91433856086415180660E-04
    0.84938713496496500710E+01   -0.57713793865963588592E-04    0.80176207666055737677E-04
    0.85026591464564571510E+01   -0.57492241477853010768E-04    0.69808268231142260097E-04
    0.85114469432632642309E+01   -0.56676337261891629395E-04    0.60302932715298618197E-04
    0.85202347400700713109E+01   -0.55362551155795017429E-04    0.51628835998672253384E-04
    0.85290225368768766145E+01   -0.53638624770729743355E-04    0.43751168941741064419E-04
    0.85378103336836836945E+01   -0.51583938513619023854E-04    0.36632410619930118214E-04
    0.85465981304904907745E+01   -0.49269893740008702851E-04    0.30233019503185114995E-04
    0.85553859272972978545E+01   -0.46760319290416208773E-04    0.24512039691408957871E-04
    0.85641737241041049344E+01   -0.44111891673320295377E-04    0.19427656385071969010E-04
    0.85729615209109120144E+01   -0.41374561843773275012E-04    0.14937695573060849228E-04
    0.85817493177177173180E+01   -0.38591989750051892060E-04    0.11000051924095995541E-04
    0.85905371145245243980E+01   -0.35801979195117118856E-04    0.75730827577914180246E-05
    0.85993249113313314780E+01   -0.33036908380690247909E-04    0.46159338033535922554E-05
    0.86081127081381385580E+01   -0.30324157195263729605E-04    0.20888247471249237018E-05
    0.86169005049449456379E+01   -0.27686524686065535716E-04   -0.46707297695859285941E-07
    0.86256883017517527179E+01   -0.25142633475574683943E-04   -0.18276178536950734865E-05
    0.86344760985585597979E+01   -0.22707325540245521976E-04   -0.32891894977928610701E-05
    0.86432638953653651015E+01   -0.20392037088194722315E-04   -0.44649137940599310499E-05
    0.86520516921721721815E+01   -0.18205160687381921229E-04   -0.53864008287246204244E-05
    0.86608394889789792614E+01   -0.16152389373432155385E-04   -0.60833159696201217836E-05
    0.86696272857857863414E+01   -0.14237037613475383036E-04   -0.65833508318970430256E-05
    0.86784150825925934214E+01   -0.12460349813017266885E-04   -0.69122090421794228063E-05
    0.86872028793994005014E+01   -0.10821781732657356539E-04   -0.70936196928449670430E-05
    0.86959906762062058050E+01   -0.93192658543385555595E-05   -0.71493665895091764215E-05
    0.87047784730130128850E+01   -0.79494570350374938855E-05   -0.70993316197279388187E-05
    0.87135662698198199649E+01   -0.67079532438552956356E-05   -0.69615555870277398144E-05
    0.87223540666266270449E+01   -0.55895038279375477638E-05   -0.67523059089688764831E-05
    0.87311418634334341249E+01   -0.45881919084632154704E-05   -0.64861560938284775412E-05
    0.87399296602402412049E+01   -0.36976017210039905499E-05   -0.61760717153801950082E-05
    0.87487174570470482848E+01   -0.29109687843936721236E-05   -0.58335007353657182777E-05
    0.87575052538538535885E+01   -0.22213086401089447621E-05   -0.54684690159038622649E-05
    0.87662930506606606684E+01   -0.16215353674674467014E-05   -0.50896771263503887134E-05
    0.87750808474674677484E+01   -0.11045596031807039723E-05   -0.47045981536586911455E-05
    0.87838686442742748284E+01   -0.66337481682041842124E-06   -0.43195758454027942893E-05
    0.87926564410810819084E+01   -0.29113096871703494072E-06   -0.39399210392864791907E-05
    0.88014442378878889883E+01    0.18807389019176792028E-07   -0.35700058136501455736E-05
    0.88102320346946942919E+01    0.27281010702220198762E-06   -0.32133557454352558138E-05
    0.88190198315015013719E+01    0.47694418577517185835E-06   -0.28727373225490786332E-05
    0.88278076283083084519E+01    0.63694427700984314629E-06   -0.25502424357544633005E-05
    0.88365954251151155319E+01    0.75819097296908845655E-06   -0.22473683351775862625E-05
    0.88453832219219226118E+01    0.84569857545234198569E-06   -0.19650919308149771862E-05
    0.88541710187287296918E+01    0.90410694609586692422E-06   -0.17039409469283368743E-05
    0.88629588155355367718E+01    0.93768092009523982045E-06   -0.14640582271734313420E-05
    0.88717466123423420754E+01    0.95031389879420333951E-06   -0.12452620823541087446E-05
    0.88805344091491491554E+01    0.94553520249869731241E-06   -0.10471016047394633573E-05
    0.88893222059559562354E+01    0.92652192646931148137E-06   -0.86890581797834008391E-06
    0.88981100027627633153E+01    0.89611253135923399648E-06   -0.70982971524537853214E-06
    0.89068977995695703953E+01    0.85682335570499072285E-06   -0.56889389772806479629E-06
    0.89156855963763774753E+01    0.81086668084055090328E-06   -0.44502059323206964120E-06
    0.89244733931831827789E+01    0.76016978080550589265E-06   -0.33706547217412612396E-06
    0.89332611899899898589E+01    0.70639510469219696580E-06   -0.24384438561350338611E-06
    0.89420489867967969388E+01    0.65096068535687234189E-06   -0.16415768644750913758E-06
    0.89508367836036040188E+01    0.59506060691748264686E-06   -0.96809770312106565051E-07
    0.89596245804104110988E+01    0.53968544085949037944E-06   -0.40625959853626926156E-07
    0.89684123772172181788E+01    0.48564212815105243407E-06    0.55334816995179972327E-08
    0.89772001740240252587E+01    0.43357316160751290357E-06    0.42762761873818826068E-07
    0.89859879708308305624E+01    0.38397523775432011723E-06    0.72101512474586931535E-07
    0.89947757676376376423E+01    0.33721662203132547532E-06    0.94528676617198896556E-07
    0.90035635644444447223E+01    0.29355376389385134008E-06    0.11095799583228097025E-06
    0.90123513612512518023E+01    0.25314677587548966895E-06    0.12223508560226551851E-06
    0.90211391580580588823E+01    0.21607354463492752617E-06    0.12913637993847991874E-06
    0.90299269548648659622E+01    0.18234309308146654380E-06    0.13236885521172310058E-06
    0.90387147516716712659E+01    0.15190735388253304602E-06    0.13257115363511086469E-06
    0.90475025484784783458E+01    0.12467205335824366469E-06    0.13031545043291941658E-06
    0.90562903452852854258E+01    0.10050647255578028954E-06    0.12610994950645389915E-06
    0.90650781420920925058E+01    0.79251879199257233246E-07    0.12040210387858079343E-06
    0.90738659388988995858E+01    0.60729298576335997118E-07    0.11358208618409875826E-06
    0.90826537357057066657E+01    0.44745956328061493565E-07    0.10598663784821825221E-06
    0.90914415325125137457E+01    0.31100993915200196231E-07    0.97903104607104783502E-07
    0.91002293293193190493E+01    0.19590348951740675820E-07    0.89573522969340380596E-07
    0.91090171261261261293E+01    0.10010660281008606809E-07    0.81198755253423452669E-07
    0.91178049229329332093E+01    0.21627187723321226758E-08    0.72942583025621783328E-07
    0.91265927197397402892E+01   -0.41459572554888148300E-08    0.64935645140116708864E-07
    0.91353805165465473692E+01   -0.90990165313203894595E-08    0.57279278671671447049E-07
    0.91441683133533544492E+01   -0.12869664449227575609E-07    0.50049151556859383515E-07
    0.91529561101601597528E+01   -0.15619623133176620430E-07    0.43298647656484156804E-07
    0.91617439069669668328E+01   -0.17498338752663776547E-07    0.37062099012446804787E-07
    0.91705317037737739128E+01   -0.18642642512732417718E-07    0.31357681608860295201E-07
    0.91793195005805809927E+01   -0.19176649391982698494E-07    0.26190123756697476779E-07
    0.91881072973873880727E+01   -0.19211877556647660242E-07    0.21553154787271931249E-07
    0.91968950941941951527E+01   -0.18847617801808013354E-07    0.17431652647021232756E-07
    0.92056828910010004563E+01   -0.18171397816844880171E-07    0.13803635175205625337E-07
    0.92144706878078075363E+01   -0.17259603620546702933E-07    0.10641934113256961401E-07
    0.92232584846146146162E+01   -0.16178179504963203108E-07    0.79156977747920538121E-08
    0.92320462814214216962E+01   -0.14983376302287298398E-07    0.55916855433062571801E-08
    0.92408340782282287762E+01   -0.13722552003573771955E-07    0.36353245938343082448E-08
    0.92496218750350358562E+01   -0.12434979620665675218E-07    0.20116532453477062566E-08
    0.92584096718418411598E+01   -0.11152649979268567468E-07    0.68604518894367453882E-09
    0.92671974686486482398E+01   -0.99010682378530643329E-08   -0.37518201582163625066E-09
    0.92759852654554553197E+01   -0.87000168482676022859E-08   -0.12042865214205110539E-08
    0.92847730622622623997E+01   -0.75642789543772259107E-08   -0.18317660805963480921E-08
    0.92935608590690694797E+01   -0.65043328874153412761E-08   -0.22860854039284487437E-08
    0.93023486558758765597E+01   -0.55269804198106117096E-08   -0.25935201052410055924E-08
    0.93111364526826818633E+01   -0.46359383097739217551E-08   -0.27780607749180128137E-08
    0.93199242494894889433E+01   -0.38323746788561074763E-08   -0.28613764646352474378E-08
    0.93287120462962960232E+01   -0.31153828028279577500E-08   -0.28628440789405040463E-08
    0.93374998431031031032E+01   -0.24824210412466561806E-08   -0.27996031254291494634E-08
    0.93462876399099101832E+01   -0.19296836629631053672E-08   -0.26866528412106907624E-08
    0.93550754367167172632E+01   -0.14524349179375979355E-08   -0.25369702995986849202E-08
    0.93638632335235243431E+01   -0.10452965768282362887E-08   -0.23616441037218141617E-08
    0.93726510303303296467E+01   -0.70248354041409042924E-09   -0.21700248412614636388E-08
    0.93814388271371367267E+01   -0.41801430416762984670E-09   -0.19698788427926684827E-08
    0.93902266239439438067E+01   -0.18587299077883348985E-09   -0.17675435081948520220E-08
    0.93990144207507508867E+01   -0.14623398521725851041E-12   -0.15680827054289640586E-08
    0.94078022175575579666E+01    0.14486885092219136108E-09   -0.13754370167342437092E-08
    0.94165900143643650466E+01    0.25458851982687799488E-09   -0.11925679652389551916E-08
    0.94253778111711703502E+01    0.33408013412961256961E-09   -0.10215964429220989873E-08
    0.94341656079779774302E+01    0.38802503163191866824E-09   -0.86392720086389923278E-09
    0.94429534047847845102E+01    0.42069417178105266018E-09   -0.72036584847135418659E-09
    0.94517412015915915902E+01    0.43593722133932780240E-09   -0.59122510222894540840E-09
    0.94605289983983986701E+01    0.43718621889631439627E-09   -0.47641913806217989158E-09
    0.94693167952052057501E+01    0.42746456078216393010E-09   -0.37555078107500704794E-09
    0.94781045920120128301E+01    0.40940448995870693387E-09   -0.28798367319544599379E-09
    0.94868923888188181337E+01    0.38526876359022422599E-09   -0.21290673858453393510E-09
    0.94956801856256252137E+01    0.35697596099962211346E-09   -0.14938967684887813614E-09
    0.95044679824324322936E+01    0.32612964124286507008E-09   -0.96428706680530058515E-10
    0.95132557792392393736E+01    0.29404801673160483030E-09   -0.52987053083567092077E-10
    0.95220435760460464536E+01    0.26179334589885270443E-09   -0.18024935693266428793E-10
    0.95308313728528535336E+01    0.23020110739829371064E-09    0.94756681899664521693E-11
    0.95396191696596588372E+01    0.19990841702901640537E-09    0.30491548703339581901E-10
    0.95484069664664659172E+01    0.17138157772342288239E-09    0.45944441857489346907E-10
    0.95571947632732729971E+01    0.14494229777327094533E-09    0.56689942184405279354E-10
    0.95659825600800800771E+01    0.12079055040223489816E-09    0.63511590200395743828E-10
    0.95747703568868871571E+01    0.99025731485103343949E-10    0.67117493284254843716E-10
    0.95835581536936942371E+01    0.79665803477789404551E-10    0.68139360844220173471E-10
    0.95923459505005013170E+01    0.62664279420106591053E-10    0.67134079906551488332E-10
    0.96011337473073066207E+01    0.47925853146682096171E-10    0.64586164656849470054E-10
    0.96099215441141137006E+01    0.35319200126683361082E-10    0.60911533722943110786E-10
    0.96187093409209207806E+01    0.24688312630989080203E-10    0.56461945099927815313E-10
    0.96274971377277278606E+01    0.15861812616951906792E-10    0.51530148636737110994E-10
    0.96362849345345349406E+01    0.86601201478741932278E-11    0.46355781605205812640E-10
    0.96450727313413420205E+01    0.29018120194542537033E-11    0.41131219154406422241E-10
    0.96538605281481491005E+01   -0.15913387213922031229E-11    0.36006983718334155188E-10
    0.96626483249549544041E+01   -0.49900692144858864815E-11    0.31096956796334771365E-10
    0.96714361217617614841E+01   -0.74547943625312313980E-11    0.26483507021081897074E-10
    0.96802239185685685641E+01   -0.91343152649090725457E-11    0.22222525923426365114E-10
    0.96890117153753756440E+01   -0.10164818069635002269E-10    0.18348121389738114831E-10
    0.96977995121821827240E+01   -0.10669022911155975066E-10    0.14876415004745418527E-10
    0.97065873089889898040E+01   -0.10755507068816057929E-10    0.11808936662535246111E-10
    0.97153751057957951076E+01   -0.10518884017238154769E-10    0.91358099144652433810E-11
    0.97241629026026021876E+01   -0.10040882260371800011E-10    0.68387218480235088988E-11
    0.97329506994094092676E+01   -0.93913969932023440631E-11    0.48935620033234775519E-11
    0.97417384962162163475E+01   -0.86291006401783106776E-11    0.32722544374525021959E-11
    0.97505262930230234275E+01   -0.78019408650513338564E-11    0.19442408515395122553E-11
    0.97593140898298305075E+01   -0.69481741857465094405E-11    0.87785629105215238970E-12
    0.97681018866366375875E+01   -0.60979615119644708958E-11    0.41598207231966273719E-13
    0.97768896834434428911E+01   -0.52747817827825369535E-11   -0.59486020321242362828E-12
    0.97856774802502499710E+01   -0.44961335901251927761E-11   -0.10602986824124273442E-11
    0.97944652770570570510E+01   -0.37739897028443198945E-11   -0.13818173648853139894E-11
    0.98032530738638641310E+01   -0.31155935046941195745E-11   -0.15845167084929583057E-11
    0.98120408706706712110E+01   -0.25246170611410990877E-11   -0.16909783000572060808E-11
    0.98208286674774782909E+01   -0.20021690219694299379E-11   -0.17209297176928089116E-11
    0.98296164642842835946E+01   -0.15472624459497876923E-11   -0.16914755595644240971E-11
    0.98384042610910906745E+01   -0.11570820916393080607E-11   -0.16175243859132657039E-11
    0.98471920578978977545E+01   -0.82739544292932281597E-12   -0.15119595825332274504E-11
    0.98559798547047048345E+01   -0.55311823698093302036E-12   -0.13855407283037492546E-11
    0.98647676515115119145E+01   -0.32881455240539107819E-12   -0.12468930621431437643E-11
    0.98735554483183189944E+01   -0.14896557009964282358E-12   -0.11028318268477467026E-11
    0.98823432451251260744E+01   -0.81311121140232751428E-14   -0.95879379683887271271E-12
    0.98911310419319313780E+01    0.98990461767108086532E-13   -0.81906465672345528934E-12
    0.98999188387387384580E+01    0.17759952982361536342E-12   -0.68679147728976708896E-12
    0.99087066355455455380E+01    0.23276766391129855449E-12   -0.56395263979706980026E-12
    0.99174944323523526180E+01    0.26920497547666232128E-12   -0.45129833252422755898E-12
    0.99262822291591596979E+01    0.29097349297624394439E-12   -0.34837968833688372509E-12
    0.99350700259659667779E+01    0.30140278150402093413E-12   -0.25430331269406784105E-12
    0.99438578227727720815E+01    0.30321937140071454417E-12   -0.16919427033442273521E-12
    0.99526456195795791615E+01    0.29885008899849476429E-12   -0.95039940898131383498E-13
    0.99614334163863862415E+01    0.29109237266763626034E-12   -0.34679527497500178831E-13
    0.99702212131931933214E+01    0.28336810520047234068E-12    0.93930049140472651614E-14
    0.99790090100000004014E+01    0.27596267286843871043E-12    0.32314584870265309412E-13
