    0.11999999999999999556E+01    0.00000000000000000000E+00    0.00000000000000000000E+00
    0.12087877968068068135E+01    0.58382757800143285074E-11   -0.21720255216059660704E-17
    0.12175755936136136715E+01   -0.87706805298484273190E-11   -0.16463318249989132756E-17
    0.12263633904204203073E+01   -0.83095165068696642221E-11   -0.12935000137694188931E-17
    0.12351511872272271653E+01    0.18845028855467976737E-10   -0.11588992115223531549E-17
    0.12439389840340340232E+01    0.18603284340438373688E-10    0.18622840112121655696E-18
    0.12527267808408408811E+01   -0.34835061526992966551E-10    0.29629641931115543485E-17
    0.12615145776476475170E+01   -0.80122142962633660172E-10    0.48500728283673381317E-17
    0.12703023744544543749E+01   -0.46687882907627450235E-10    0.35228819527819534774E-17
    0.12790901712612612329E+01    0.33556009477399233543E-10    0.10295161453007530105E-18
    0.12878779680680680908E+01    0.49660972098414878179E-10   -0.15352949713885574667E-17
    0.12966657648748749487E+01   -0.33344887709029075825E-10    0.50234147829218481068E-18
    0.13054535616816815846E+01   -0.94829745707694643118E-10    0.34280194619451341240E-17
    0.13142413584884884425E+01   -0.13076130208370536730E-10    0.35509600331894321876E-17
    0.13230291552952953005E+01    0.12923168321886521575E-09    0.16323616821185836892E-17
    0.13318169521021021584E+01    0.10948932619252124698E-09    0.19080821536914207278E-17
    0.13406047489089087943E+01   -0.11160960813232369112E-09    0.50020326472923930694E-17
    0.13493925457157156522E+01   -0.23948569196521430178E-09    0.42265424613775378862E-17
    0.13581803425225225102E+01   -0.10523034730747797920E-10   -0.76514326650127696557E-17
    0.13669681393293293681E+01    0.34157234888591811447E-09   -0.28950191385446650399E-16
    0.13757559361361360040E+01    0.26721575386683695001E-09   -0.48441690168033808849E-16
    0.13845437329429428619E+01   -0.30479176903623916567E-09   -0.53393905514700016433E-16
    0.13933315297497497198E+01   -0.61477645965159480308E-09   -0.38333496162092007097E-16
    0.14021193265565565778E+01   -0.72587053250640943838E-11   -0.12680665896662840908E-16
    0.14109071233633634357E+01    0.89456648215960187988E-09   -0.47668596929870537334E-17
    0.14196949201701700716E+01    0.67855791168962628943E-09   -0.44282489385607526298E-16
    0.14284827169769769295E+01   -0.80977000159215567818E-09   -0.12509939150106485632E-15
    0.14372705137837837874E+01   -0.15805727994061088414E-08   -0.19084907506301724511E-15
    0.14460583105905906454E+01    0.61674277414445816917E-10   -0.18219895947738073234E-15
    0.14548461073973975033E+01    0.24953217167637057246E-08   -0.96799317712079697594E-16
    0.14636339042042041392E+01    0.21571187312092280614E-08    0.20121169525770652041E-16
    0.14724217010110109971E+01   -0.10011742060505770570E-08    0.14976153082547757280E-15
    0.14812094978178178550E+01   -0.90683141066053115577E-09    0.33207414610410508927E-15
    0.14899972946246244909E+01    0.90819869095950674547E-08    0.57720548660959197846E-15
    0.14987850914314313489E+01    0.29959571554190526608E-07    0.75982281932955606435E-15
    0.15075728882382382068E+01    0.66416018699350056018E-07    0.69598977212954878565E-15
    0.15163606850450450647E+01    0.15119829843270487270E-06    0.38648858555054952953E-15
    0.15251484818518519226E+01    0.37740166870553571644E-06    0.11823018581769142101E-15
    0.15339362786586585585E+01    0.94518515788769710978E-06    0.17533723463654940713E-15
    0.15427240754654654165E+01    0.22470830884535129875E-05    0.47322675868609939923E-15
    0.15515118722722722744E+01    0.51712193789312292129E-05    0.62434417392873107373E-15
    0.15602996690790791323E+01    0.11627787846087736558E-04    0.40112195776638816181E-15
    0.15690874658858859902E+01    0.25562489297970264463E-04    0.11881348378708600914E-16
    0.15778752626926926261E+01    0.55056385882520093140E-04   -0.18657694269633685421E-15
    0.15866630594994994841E+01    0.11540988314687357624E-03   -0.12008309103611743094E-15
    0.15954508563063063420E+01    0.23604381125567176032E-03   -0.35497545364869069278E-16
    0.16042386531131129779E+01    0.47118673740969733510E-03   -0.17507894895455138034E-15
    0.16130264499199198358E+01    0.91708166252948736426E-03   -0.53352039068040946026E-15
    0.16218142467267266937E+01    0.17433502240788005012E-02   -0.91749075884726921853E-15
    0.16306020435335335517E+01    0.32333229617098405151E-02   -0.11090199909089442952E-14
    0.16393898403403404096E+01    0.58491970477911126372E-02   -0.99760019650810547024E-15
    0.16481776371471470455E+01    0.10320102348083478108E-01   -0.67645600289289787448E-15
    0.16569654339539539034E+01    0.17739863153795960155E-01   -0.44959909991974327667E-15
    0.16657532307607607613E+01    0.29680454913870932265E-01   -0.64264084175413326851E-15
    0.16745410275675676193E+01    0.48296816422254564005E-01   -0.13808377136241202703E-14
    0.16833288243743744772E+01    0.76341629371985034180E-01   -0.26016383941053355920E-14
    0.16921166211811811131E+01    0.11709081155564310395E+00   -0.42769915141611440775E-14
    0.17009044179879879710E+01    0.17409699615755824809E+00   -0.65448630283448947432E-14
    0.17096922147947948289E+01    0.25057310175655095330E+00   -0.95721519335247279441E-14
    0.17184800116016014648E+01    0.34860090259296333537E+00   -0.13356334808692802023E-13
    0.17272678084084085448E+01    0.46806002032526711210E+00   -0.17736231622506831513E-13
    0.17360556052152151807E+01    0.60532017371815038942E+00   -0.22586706590804533578E-13
    0.17448434020220220386E+01    0.75214347576516826788E+00   -0.27883771419402027292E-13
    0.17536311988288288966E+01    0.89513304413175909247E+00   -0.33423506456089333390E-13
    0.17624189956356355324E+01    0.10156448921902578864E+01   -0.38494984125386033669E-13
    0.17712067924424426124E+01    0.10913877692558870969E+01   -0.42016584827953794201E-13
    0.17799945892492492483E+01    0.10995537012730038917E+01   -0.43075860179024988599E-13
    0.17887823860560561062E+01    0.10207901918513266892E+01   -0.41238398264234792336E-13
    0.17975701828628629642E+01    0.84464622573536307648E+00   -0.36225800796681299378E-13
    0.18063579796696696000E+01    0.57511783893251022803E+00   -0.27519522761143822904E-13
    0.18151457764764764580E+01    0.23368467748312382604E+00   -0.14846427581490288190E-13
    0.18239335732832833159E+01   -0.14003317481847768478E+00    0.59244718689723513570E-15
    0.18327213700900899518E+01   -0.49101787762201015708E+00    0.15684946858201988755E-13
    0.18415091668968970318E+01   -0.75854834119462510866E+00    0.26937606849538383929E-13
    0.18502969637037036676E+01   -0.88840682242726987106E+00    0.32407874562225668638E-13
    0.18590847605105105256E+01   -0.84589080073749145505E+00    0.31995381712146152245E-13
    0.18678725573173173835E+01   -0.62917741761863243966E+00    0.26306948335794816747E-13
    0.18766603541241240194E+01   -0.27677280381620494865E+00    0.15947831930896971029E-13
    0.18854481509309310994E+01    0.13822780475159771041E+00    0.21306893612845464218E-14
    0.18942359477377377353E+01    0.51993997286499249455E+00   -0.12475154230591345136E-13
    0.19030237445445445932E+01    0.77101584496097086419E+00   -0.24132061773656742626E-13
    0.19118115413513514511E+01    0.82176491428817455276E+00   -0.29491572028620135680E-13
    0.19205993381581580870E+01    0.65301853138247345498E+00   -0.26841983964818423992E-13
    0.19293871349649649449E+01    0.30324656052968212983E+00   -0.16618966657769185915E-13
    0.19381749317717718029E+01   -0.13319602678832465070E+00   -0.15411745275582328522E-14
    0.19469627285785784387E+01   -0.52906735261751713928E+00    0.14010151845087409283E-13
    0.19557505253853855187E+01   -0.76505221530887734804E+00    0.25258573720743882295E-13
    0.19645383221921921546E+01   -0.76635688196307238940E+00    0.28443313613880373312E-13
    0.19733261189989990125E+01   -0.52560122285074240001E+00    0.22374975783369787123E-13
    0.19821139158058058705E+01   -0.11559986930272002359E+00    0.96301425128762644359E-14
    0.19909017126126125063E+01    0.33043563878319587301E+00   -0.46543499901547338733E-14
    0.19996895094194195863E+01    0.66611322989052090815E+00   -0.15958690151118456220E-13
    0.20084773062262262222E+01    0.77786490365384042267E+00   -0.22310373565403742004E-13
    0.20172651030330328581E+01    0.62150389901563352080E+00   -0.23048720646919364280E-13
    0.20260528998398399381E+01    0.24844247640405323074E+00   -0.17034741808265393534E-13
    0.20348406966466465740E+01   -0.21002690691804526413E+00   -0.36908805198315155201E-14
    0.20436284934534532098E+01   -0.59363370856533825837E+00    0.13688539935215933100E-13
    0.20524162902602602898E+01   -0.76531351646465739513E+00    0.27169110179458808480E-13
    0.20612040870670673698E+01   -0.65752984598537189687E+00    0.29365243940616617821E-13
    0.20699918838738740057E+01   -0.30813960402287554619E+00    0.19504751482864674416E-13
    0.20787796806806806416E+01    0.15278136625474023069E+00    0.33706782127800867438E-14
    0.20875674774874877215E+01    0.55697765789916331425E+00   -0.11832030565053626564E-13
    0.20963552742942943574E+01    0.75460667588814966944E+00   -0.21409042457787638844E-13
    0.21051430711011009933E+01    0.66644560170252942211E+00   -0.23372201127069087117E-13
    0.21139308679079080733E+01    0.32516747584490957035E+00   -0.17560903995105519921E-13
    0.21227186647147147092E+01   -0.13740711638980809828E+00   -0.55165081164592227971E-14
    0.21315064615215213450E+01   -0.54767277447105711108E+00    0.90416444598269309354E-14
    0.21402942583283284250E+01   -0.75017840136306190857E+00    0.20630231717467225245E-13
    0.21490820551351350609E+01   -0.66250437839789744210E+00    0.24412819259439126895E-13
    0.21578698519419421409E+01   -0.31835537726270363157E+00    0.18857725047976315160E-13
    0.21666576487487487768E+01    0.14645369512312958471E+00    0.61964826254263055443E-14
    0.21754454455555558567E+01    0.55468606237926121327E+00   -0.89404029706334720158E-14
    0.21842332423623624926E+01    0.75005277365717126781E+00   -0.21128868604523185619E-13
    0.21930210391691691285E+01    0.65236080857913336661E+00   -0.25840438843192649543E-13
    0.22018088359759762085E+01    0.29984706823984758062E+00   -0.21029607227618974289E-13
    0.22105966327827828444E+01   -0.16699974882576412716E+00   -0.80087433826708189867E-14
    0.22193844295895894803E+01   -0.56891754999860189024E+00    0.83298566139735648060E-14
    0.22281722263963965602E+01   -0.75169923401072036295E+00    0.20701407307769426528E-13
    0.22369600232032031961E+01   -0.64011663432263765650E+00    0.23354672845037281562E-13
    0.22457478200100098320E+01   -0.27807266280828435434E+00    0.16039716035834894259E-13
    0.22545356168168169120E+01    0.18990344943240447528E+00    0.34831158731466419445E-14
    0.22633234136236239920E+01    0.58405203382003401114E+00   -0.86925673030466459504E-14
    0.22721112104304301837E+01    0.75373548792123190587E+00   -0.16890062291973970739E-13
    0.22808990072372372637E+01    0.62935745225811745573E+00   -0.19330433659596720654E-13
    0.22896868040440443437E+01    0.25978515382223105190E+00   -0.15123068758102536352E-13
    0.22984746008508509796E+01   -0.20810413361643589902E+00   -0.46864786369662616699E-14
    0.23072623976576576155E+01   -0.59563344707185439386E+00    0.88207337601622696452E-14
    0.23160501944644646954E+01   -0.75624909414281915598E+00    0.19562292454799167611E-13
    0.23248379912712713313E+01   -0.62498350900304322497E+00    0.22302181312065156209E-13
    0.23336257880780779672E+01   -0.25307350997609234788E+00    0.16020199206561277629E-13
    0.23424135848848850472E+01    0.21340843992968935861E+00    0.40229072543725134395E-14
    0.23512013816916916831E+01    0.59872500801895056632E+00   -0.87027276920380329307E-14
    0.23599891784984983190E+01    0.75971549816119388066E+00   -0.17772061216222420520E-13
    0.23687769753053053989E+01    0.63295653893592962458E+00   -0.20383908370928141234E-13
    0.23775647721121124789E+01    0.26736585423219982882E+00   -0.15831320973300288809E-13
    0.23863525689189186707E+01   -0.19628461152040524440E+00   -0.56178268346062730092E-14
    0.23951403657257257507E+01   -0.58702181939542807942E+00    0.67610518494829097094E-14
    0.24039281625325328307E+01   -0.76290051845244022388E+00    0.16648680968229779962E-13
    0.24127159593393394665E+01   -0.65693818974333018090E+00    0.20196103025101133935E-13
    0.24215037561461461024E+01   -0.30957743841402202145E+00    0.16324112271292892242E-13
    0.24302915529529531824E+01    0.14874482511378131488E+00    0.68419523160760862006E-14
    0.24390793497597598183E+01    0.55345881074588976212E+00   -0.48605895745602972542E-14
    0.24478671465665664542E+01    0.76106716172631083683E+00   -0.15050773023734738169E-13
    0.24566549433733735341E+01    0.69528903033892663910E+00   -0.20467566552916353714E-13
    0.24654427401801801700E+01    0.38152496420300130442E+00   -0.19023709160584443571E-13
    0.24742305369869868059E+01   -0.65488271177280676927E-01   -0.10579116489275647860E-13
    0.24830183337937938859E+01   -0.48992425118200522149E+00    0.22930336767275772175E-14
    0.24918061306006009659E+01   -0.74516044321741314871E+00    0.14638012616064555282E-13
    0.25005939274074071577E+01   -0.74092442035998373751E+00    0.21573558313556192612E-13
    0.25093817242142142376E+01   -0.48111554747186818792E+00    0.20937488560578794754E-13
    0.25181695210210213176E+01   -0.58302538365927657205E-01    0.13697310048277819713E-13
    0.25269573178278279535E+01    0.38493791835355611886E+00    0.26545788652931853259E-14
    0.25357451146346345894E+01    0.70001058137341543031E+00   -0.87910950106786236264E-14
    0.25445329114414416694E+01    0.78008918194262821810E+00   -0.17436350307739293623E-13
    0.25533207082482483052E+01    0.60147969701917625152E+00   -0.20914826903648789007E-13
    0.25621085050550549411E+01    0.22649874066288391838E+00   -0.18214054001818770374E-13
    0.25708963018618620211E+01   -0.22312558683679240001E+00   -0.10074939942046057870E-13
    0.25796840986686686570E+01   -0.60176703636333883640E+00    0.10506244838668463557E-14
    0.25884718954754752929E+01   -0.78677681346770278470E+00    0.11860195977131334589E-13
    0.25972596922822823728E+01   -0.72239101190896370941E+00    0.19240649407877330000E-13
    0.26060474890890894528E+01   -0.43200117024273382293E+00    0.21017124040595377274E-13
    0.26148352858958960887E+01   -0.60580534825336491977E-02    0.16468697918121614056E-13
    0.26236230827027027246E+01    0.42237077513925075367E+00    0.66378045158798677239E-14
    0.26324108795095098046E+01    0.72078887125042212514E+00   -0.57087124001779567537E-14
    0.26411986763163164404E+01    0.80130585999297587740E+00   -0.16448534388228201715E-13
    0.26499864731231230763E+01    0.64201567778880141990E+00   -0.21623551287532947826E-13
    0.26587742699299301563E+01    0.29065494049441437108E+00   -0.19718843487959909578E-13
    0.26675620667367367922E+01   -0.14652782471609321346E+00   -0.12518025572598938947E-13
    0.26763498635435434281E+01   -0.54030460965829107955E+00   -0.31687793511142757990E-14
    0.26851376603503505081E+01   -0.77850904858859837354E+00    0.61115474960298020391E-14
    0.26939254571571571439E+01   -0.79409055552939322720E+00    0.14189619816808023884E-13
    0.27027132539639637798E+01   -0.58334238203418764535E+00    0.19651390921842831780E-13
    0.27115010507707708598E+01   -0.20895644627221035550E+00    0.20384208206061440243E-13
    0.27202888475775779398E+01    0.22325795641224363552E+00    0.15172258511469700342E-13
    0.27290766443843845757E+01    0.59491333836302040527E+00    0.54051091115354918638E-14
    0.27378644411911912115E+01    0.80485697276059697813E+00   -0.54334527521388751209E-14
    0.27466522379979982915E+01    0.79753248539376309090E+00   -0.13856167789938736367E-13
    0.27554400348048049274E+01    0.57861497091160118966E+00   -0.17879401659322310785E-13
    0.27642278316116115633E+01    0.20755333452739438416E+00   -0.17187775675977428042E-13
    0.27730156284184186433E+01   -0.21818627105434040825E+00   -0.12835375570678189965E-13
    0.27818034252252252791E+01   -0.58793682809077252305E+00   -0.65126935146007605385E-14
    0.27905912220320319150E+01   -0.80856583345701227294E+00    0.45062558370519170877E-15
    0.27993790188388389950E+01   -0.82769190743758469520E+00    0.74350906278455922444E-14
    0.28081668156456460750E+01   -0.64221844781637360544E+00    0.13663954983153105226E-13
    0.28169546124524522668E+01   -0.29975857353190549226E+00    0.17347002301989147520E-13
    0.28257424092592593468E+01    0.11462368130642641706E+00    0.16487272829692418076E-13
    0.28345302060660664267E+01    0.50199457918121681566E+00    0.10796241264968512868E-13
    0.28433180028728730626E+01    0.77224026615202845392E+00    0.23983303412881128298E-14
    0.28521057996796796985E+01    0.86341543441778989543E+00   -0.58202175667944094596E-14
    0.28608935964864867785E+01    0.75722259187762985810E+00   -0.12132341656848151158E-13
    0.28696813932932934144E+01    0.48045037841362853159E+00   -0.16119630761567919677E-13
    0.28784691901001000502E+01    0.96222022806569038056E-01   -0.17597881414565971142E-13
    0.28872569869069071302E+01   -0.30945771452777753874E+00   -0.16049312239133770041E-13
    0.28960447837137137661E+01   -0.64786950046847391338E+00   -0.11153254219924144291E-13
    0.29048325805205204020E+01   -0.84797414155689887494E+00   -0.34745279583946452308E-14
    0.29136203773273274820E+01   -0.86935283239667304755E+00    0.55022021858599433379E-14
    0.29224081741341345619E+01   -0.70946586260078936537E+00    0.13805306685511745206E-13
    0.29311959709409407537E+01   -0.40416067727590060388E+00    0.19506168354505273670E-13
    0.29399837677477478337E+01   -0.17156495954260105735E-01    0.21344939993230526709E-13
    0.29487715645545549137E+01    0.37370703292913726168E+00    0.19233674115769823379E-13
    0.29575593613613615496E+01    0.69155472564305653371E+00    0.14070026108998393060E-13
    0.29663471581681681855E+01    0.87614115935252956380E+00    0.70861106634344425856E-14
    0.29751349549749752654E+01    0.89507616386266430908E+00   -0.62104341231070267604E-15
    0.29839227517817819013E+01    0.74717705006762646924E+00   -0.81693923459507473702E-14
    0.29927105485885885372E+01    0.46226452885043700647E+00   -0.14848447044228250133E-13
    0.30014983453953956172E+01    0.94188835980727372843E-01   -0.19983277145772244037E-13
    0.30102861422022022531E+01   -0.29076411201109397808E+00   -0.22755886035525424553E-13
    0.30190739390090088889E+01   -0.62559197670844457484E+00   -0.22308931220157306737E-13
    0.30278617358158159689E+01   -0.85379822939756599975E+00   -0.18342478881107629360E-13
    0.30366495326226230489E+01   -0.93926368537120874525E+00   -0.11642889990542256822E-13
    0.30454373294294292407E+01   -0.87055890490113152502E+00   -0.37135248984509575706E-14
    0.30542251262362363207E+01   -0.66126972059706135010E+00    0.41692700928581132546E-14
    0.30630129230430434006E+01   -0.34725164395114471727E+00    0.11372570696356600941E-13
    0.30718007198498500365E+01    0.20797616721653078981E-01    0.17335824106158794261E-13
    0.30805885166566566724E+01    0.38595611365964266337E+00    0.20978925876957278530E-13
    0.30893763134634637524E+01    0.69358290764058694311E+00    0.21172135311553199462E-13
    0.30981641102702703883E+01    0.89957723650721810316E+00    0.17866307773697963200E-13
    0.31069519070770770242E+01    0.97644391029300969809E+00    0.12413182080109314730E-13
    0.31157397038838841041E+01    0.91565299106675057672E+00    0.64169623766246649647E-14
    0.31245275006906907400E+01    0.72828720245390576871E+00    0.51545132614275098938E-15
    0.31333152974974973759E+01    0.44229844505714605019E+00   -0.54685106682215778410E-14
    0.31421030943043044559E+01    0.97472655015768905340E-01   -0.11493320291953579629E-13
    0.31508908911111115358E+01   -0.26020900703601018700E+00   -0.16763052718590686196E-13
    0.31596786879179177276E+01   -0.58489583393864708061E+00   -0.20155139156464837119E-13
    0.31684664847247248076E+01   -0.83695207658184400668E+00   -0.20822902005920257157E-13
    0.31772542815315318876E+01   -0.98720420496129246413E+00   -0.18487787271365554023E-13
    0.31860420783383385235E+01   -0.10198564818532169785E+01   -0.13512000571034932020E-13
    0.31948298751451451594E+01   -0.93380206714128888290E+00   -0.68087934091110745779E-14
    0.32036176719519522393E+01   -0.74143604542761731846E+00    0.48732749161667076342E-15
    0.32124054687587593193E+01   -0.46654902221296212783E+00    0.73748668327810916956E-14
    0.32211932655655655111E+01   -0.14095197377945889450E+00    0.13182219624014972189E-13
    0.32299810623723725911E+01    0.19970831497192192971E+00    0.17646886193976732805E-13
    0.32387688591791796711E+01    0.51995052951878339975E+00    0.20804244869568535403E-13
    0.32475566559859858629E+01    0.78804269515897118481E+00    0.22579666598584575439E-13
    0.32563444527927929428E+01    0.97916745328981491525E+00    0.22466471918684857294E-13
    0.32651322495996000228E+01    0.10772262678856285856E+01    0.19895523333268760822E-13
    0.32739200464064062146E+01    0.10756993937404448758E+01    0.15010723293137193803E-13
    0.32827078432132132946E+01    0.97765819170023537943E+00    0.88629744331843053990E-14
    0.32914956400200203745E+01    0.79451203439612505530E+00    0.26008780763163695527E-14
    0.33002834368268265663E+01    0.54433287529531815263E+00   -0.33614368726130416176E-14
    0.33090712336336336463E+01    0.24970874883094076879E+00   -0.92135185529359763447E-14
    0.33178590304404407263E+01   -0.64688294800079995661E-01   -0.15022245314662830549E-13
    0.33266468272472478063E+01   -0.37435387916932216790E+00   -0.20345418966231696026E-13
    0.33354346240540539981E+01   -0.65687057201872500745E+00   -0.24473949665409191709E-13
    0.33442224208608610780E+01   -0.89357819406197158685E+00   -0.26797593469919595574E-13
    0.33530102176676681580E+01   -0.10705329141560846473E+01   -0.27043215063052181107E-13
    0.33617980144744743498E+01   -0.11789843260271186676E+01   -0.25412822693387646948E-13
    0.33705858112812814298E+01   -0.12154557995537169646E+01   -0.22492568395593712161E-13
    0.33793736080880885098E+01   -0.11812471144919720611E+01   -0.18808345950106127399E-13
    0.33881614048948947016E+01   -0.10817481920533078554E+01   -0.14439299816094276487E-13
    0.33969492017017017815E+01   -0.92554651869474247050E+00   -0.92332217791723124017E-14
    0.34057369985085088615E+01   -0.72341031895172658306E+00   -0.33682297506306311376E-14
    0.34145247953153150533E+01   -0.48732848891865632179E+00    0.25259496042816869519E-14
    0.34233125921221221333E+01   -0.22965725719776841629E+00    0.79874544405397860053E-14
    0.34321003889289292133E+01    0.37653647797112922702E-01    0.13272060908656796662E-13
    0.34408881857357362932E+01    0.30361067725971019327E+00    0.18876372804380958548E-13
    0.34496759825425424850E+01    0.55857682333131719599E+00    0.24489979217276740689E-13
    0.34584637793493495650E+01    0.79455002555180409551E+00    0.28866348054855685518E-13
    0.34672515761561566450E+01    0.10052667180974819150E+01    0.31205082326813084565E-13
    0.34760393729629628368E+01    0.11862371948256473786E+01    0.32379923495531463828E-13
    0.34848271697697699167E+01    0.13346710147077018860E+01    0.34058899590381934684E-13
    0.34936149665765769967E+01    0.14493322657919947005E+01    0.36632996140095222781E-13
    0.35024027633833831885E+01    0.15303634581289780048E+01    0.38612546831464803903E-13
    0.35111905601901902685E+01    0.15790686758568615033E+01    0.38451436593956091402E-13
    0.35199783569969973485E+01    0.15976874729699697131E+01    0.36379075250572744121E-13
    0.35287661538038035403E+01    0.15891700013282337167E+01    0.33944713177455650972E-13
    0.35375539506106106202E+01    0.15569541647954385777E+01    0.32229091126717123647E-13
    0.35463417474174177002E+01    0.15047574710801103759E+01    0.30993468836279381051E-13
    0.35551295442242247802E+01    0.14363916150382545212E+01    0.29432830609431010947E-13
    0.35639173410310309720E+01    0.13555933851941686097E+01    0.27112009744042450059E-13
    0.35727051378378380520E+01    0.12659000828379989301E+01    0.24137392050765254605E-13
    0.35814929346446451319E+01    0.11705540473606750318E+01    0.20866865479959162075E-13
    0.35902807314514513237E+01    0.10724331477170161442E+01    0.17693387245541597045E-13
    0.35990685282582584037E+01    0.97401794866281865559E+00    0.14993463841681112068E-13
    0.36078563250650654837E+01    0.87737355982159170864E+00    0.13082058932132213340E-13
    0.36166441218718716755E+01    0.78415642925770445704E+00    0.12041886483543535936E-13
    0.36254319186786787554E+01    0.69563673811227455523E+00    0.11503814393653291629E-13
    0.36342197154854858354E+01    0.61272882723852017950E+00    0.10755358906562378367E-13
    0.36430075122922929154E+01    0.53603211362857050570E+00    0.93498256874945043052E-14
    0.36517953090990991072E+01    0.46587455305316699539E+00    0.76094145930298820998E-14
    0.36605831059059061872E+01    0.40235673187746917590E+00    0.62595349832932916035E-14
    0.36693709027127132671E+01    0.34539604421289138436E+00    0.55908392233141286015E-14
    0.36781586995195194589E+01    0.29476764076214057031E+00    0.51810756581970435729E-14
    0.36869464963263265389E+01    0.25014047322720911470E+00    0.45085972455627659144E-14
    0.36957342931331336189E+01    0.21111062769019450780E+00    0.35768896048236427500E-14
    0.37045220899399398107E+01    0.17722837626345752660E+00    0.27969041684129544337E-14
    0.37133098867467468907E+01    0.14802118901803226758E+00    0.24523846015759738765E-14
    0.37220976835535539706E+01    0.12301274938023283589E+00    0.24385669937538145878E-14
    0.37308854803603601624E+01    0.10173641056113755243E+00    0.24527329300331942661E-14
    0.37396732771671672424E+01    0.83746360455094620567E-01    0.22481885200597008195E-14
    0.37484610739739743224E+01    0.68624712831716574990E-01    0.17438245283125150744E-14
    0.37572488707807814023E+01    0.55986076228793910103E-01    0.10420962470548623550E-14
    0.37660366675875875941E+01    0.45480394573359228527E-01    0.37401268043432324514E-15
    0.37748244643943946741E+01    0.36793486609229236750E-01   -0.53640343725931435597E-16
    0.37836122612012017541E+01    0.29646767113615905831E-01   -0.19421679087875556408E-15
    0.37924000580080079459E+01    0.23795778233616084879E-01   -0.14983930252736988659E-15
    0.38011878548148150259E+01    0.19028009731936725013E-01   -0.75047434642453022570E-16
    0.38099756516216221058E+01    0.15160429999836251558E-01   -0.87276617656563229874E-16
    0.38187634484284282976E+01    0.12036665782819025092E-01   -0.19674297487959625850E-15
    0.38275512452352353776E+01    0.95241328711018671122E-02   -0.28016714278271034083E-15
    0.38363390420420424576E+01    0.75112718184954900547E-02   -0.20474032586626397721E-15
    0.38451268388488486494E+01    0.59048603678309849116E-02   -0.20243010057349889477E-16
    0.38539146356556557294E+01    0.46275058320329708061E-02    0.55356530902794659483E-16
    0.38627024324624628093E+01    0.36153928781736052733E-02   -0.45900290131795892145E-16
    0.38714902292692698893E+01    0.28161692399784749030E-02   -0.85893510688430784127E-17
    0.38802780260760760811E+01    0.21871421921506903167E-02    0.53421583436418332848E-15
    0.38890658228828831611E+01    0.16936691985605745268E-02    0.13979831197119205397E-14
    0.38978536196896902410E+01    0.13077478374726751384E-02    0.18188500863679782374E-14
    0.39066414164964964328E+01    0.10068747923617743338E-02    0.12736562991988470128E-14
    0.39154292133033035128E+01    0.77301829434863844441E-03    0.17737721231170459056E-15
    0.39242170101101105928E+01    0.59179844132963943353E-03   -0.54989898272046661303E-15
    0.39330048069169167846E+01    0.45179368110159279833E-03   -0.49376520020767326492E-15
    0.39417926037237238646E+01    0.34395130205096540333E-03   -0.79217579741538266587E-16
    0.39505804005305309445E+01    0.26113477803925584913E-03    0.11150058781207756998E-15
    0.39593681973373371363E+01    0.19772554556987684076E-03    0.17959448926940108809E-16
    0.39681559941441442163E+01    0.14931852298379159069E-03   -0.22687081268542961672E-16
    0.39769437909509512963E+01    0.11247354798295887391E-03    0.17916522997049512937E-15
    0.39857315877577583763E+01    0.84507990016258747231E-04    0.44198618856052207463E-15
    0.39945193845645645681E+01    0.63342538025965065916E-04    0.48139536458799287758E-15
    0.40033071813713716480E+01    0.47367308277644435278E-04    0.20937590059498806869E-15
    0.40120949781781787280E+01    0.35341412874234000513E-04   -0.22946717559894498441E-15
    0.40208827749849849198E+01    0.26312293190800937115E-04   -0.57056061076149338255E-15
    0.40296705717917919998E+01    0.19549375927713866658E-04   -0.57137660622233291976E-15
    0.40384583685985990797E+01    0.14496050076909329426E-04   -0.17939563725417480758E-15
    0.40472461654054052715E+01    0.10728481620833820603E-04    0.37194288973606696860E-15
    0.40560339622122123515E+01    0.79253962218111857904E-05    0.74660537932501704423E-15
    0.40648217590190194315E+01    0.58442702715287683026E-05    0.81969947801790757936E-15
    0.40736095558258256233E+01    0.43020128316395337171E-05    0.74696842415168952598E-15
    0.40823973526326327033E+01    0.31613280021662859655E-05    0.68641940840905927410E-15
    0.40911851494394397832E+01    0.23191658855471879253E-05    0.56288557689894101077E-15
    0.40999729462462468632E+01    0.16984717092986649754E-05    0.24108888640688288062E-15
    0.41087607430530530550E+01    0.12418393749841036440E-05   -0.11511080265579804613E-15
    0.41175485398598601350E+01    0.90643688568765436635E-06   -0.65816129105382364822E-16
    0.41263363366666672150E+01    0.66051997214312272592E-06    0.54582620072837512394E-15
    0.41351241334734734068E+01    0.48051466030563703835E-06    0.11814634768925941011E-14
    0.41439119302802804867E+01    0.34897170445531331753E-06    0.11002750985319027363E-14
    0.41526997270870875667E+01    0.25301916173934303031E-06    0.26525606934128789396E-15
    0.41614875238938937585E+01    0.18313815764598678764E-06   -0.52429544665702145292E-15
    0.41702753207007008385E+01    0.13233785359898956568E-06   -0.58112446312778403732E-15
    0.41790631175075079184E+01    0.95470857108061650131E-07   -0.14361976254101068252E-15
    0.41878509143143141102E+01    0.68759585442500604536E-07    0.43547473822410231662E-16
    0.41966387111211211902E+01    0.49441965452103199376E-07   -0.26526426308520361091E-15
    0.42054265079279282702E+01    0.35492971993318170596E-07   -0.56075951817670948981E-15
    0.42142143047347353502E+01    0.25438916577100507520E-07   -0.37543719925229821231E-15
    0.42230021015415415420E+01    0.18204155190993781827E-07    0.17202670878784393327E-16
    0.42317898983483486219E+01    0.13006266408608294610E-07   -0.32149959971617946570E-16
    0.42405776951551557019E+01    0.92783932366167115688E-08   -0.68272462362440253076E-15
    0.42493654919619618937E+01    0.66086134516230026586E-08   -0.13762685173461098508E-14
    0.42581532887687689737E+01    0.46999456973998114725E-08   -0.14988027530514990840E-14
    0.42669410855755760537E+01    0.33375208596498995018E-08   -0.10049839288231523492E-14
    0.42757288823823822455E+01    0.23664148531926981632E-08   -0.31303431002380323038E-15
    0.42845166791891893254E+01    0.16753993131238631465E-08    0.16249548342383244490E-15
    0.42933044759959964054E+01    0.11843408420301662163E-08    0.27233355476632749851E-15
    0.43020922728028034854E+01    0.83598004562649525933E-09    0.92868801058484305823E-16
    0.43108800696096096772E+01    0.58922303699815199832E-09   -0.17993186427554799174E-15
    0.43196678664164167571E+01    0.41467586106010792400E-09   -0.36311921376496731960E-15
    0.43284556632232238371E+01    0.29141123667224269912E-09   -0.41915577749603199239E-15
    0.43372434600300300289E+01    0.20447495648142889795E-09   -0.45253305692131148067E-15
    0.43460312568368371089E+01    0.14327090126594832176E-09   -0.53005137388828204489E-15
    0.43548190536436441889E+01    0.10024968241999988343E-09   -0.54355559509956756369E-15
    0.43636068504504503807E+01    0.70049570535517443025E-10   -0.33003787867935797134E-15
    0.43723946472572574606E+01    0.48883223232929281089E-10    0.94848598588333529552E-16
    0.43811824440640645406E+01    0.34066355180045671173E-10    0.48926763409865748156E-15
    0.43899702408708707324E+01    0.23713045591263423487E-10    0.58697666479525759472E-15
    0.43987580376776778124E+01    0.16489200234879908835E-10    0.30024795927434624963E-15
    0.44075458344844848924E+01    0.11453970741470935396E-10   -0.23191711599200536443E-15
    0.44163336312912919723E+01    0.79484112184583022615E-11   -0.68658463678660109439E-15
    0.44251214280980981641E+01    0.55099231470430908468E-11   -0.71717512375790127085E-15
    0.44339092249049052441E+01    0.38165639951786274827E-11   -0.25451571846164473862E-15
    0.44426970217117123241E+01    0.26420992608575454490E-11    0.32135934690920888302E-15
    0.44514848185185185159E+01    0.18279216511468377482E-11    0.52375840738781298029E-15
    0.44602726153253255958E+01    0.12638894186600144696E-11    0.30954333469619244647E-15
    0.44690604121321326758E+01    0.87345367459561054332E-12    0.13337463523379523847E-15
    0.44778482089389388676E+01    0.60364523789713952460E-12    0.35970158082839631519E-15
    0.44866360057457459476E+01    0.41707615270955901515E-12    0.78795252144800078793E-15
    0.44954238025525530276E+01    0.28756158531260310963E-12    0.93973484981356564471E-15
    0.45042115993593592194E+01    0.19754809398582549856E-12    0.67724782504138296012E-15
    0.45129993961661662993E+01    0.13557337379472610674E-12    0.34996991675935024040E-15
    0.45217871929729733793E+01    0.93653845122989958731E-13    0.32558762299316484106E-15
    0.45305749897797804593E+01    0.65258883696021692438E-13    0.57485482723768815069E-15
    0.45393627865865866511E+01    0.45227148229327124547E-13    0.79923071791896298285E-15
    0.45481505833933937311E+01    0.30541682310676650274E-13    0.80268187110424287810E-15
    0.45569383802002008110E+01    0.20151859707746242632E-13    0.63151111390890131432E-15
    0.45657261770070070028E+01    0.13553943753717236855E-13    0.40819182685938967422E-15
    0.45745139738138140828E+01    0.96202486044424421199E-14    0.16995936742185481772E-15
    0.45833017706206211628E+01    0.69524033778723696720E-14   -0.98082900173527770800E-16
    0.45920895674274273546E+01    0.48873113178906852275E-14   -0.34611448481030360281E-15
    0.46008773642342344345E+01    0.36240375817220132044E-14   -0.45190052611677639200E-15
    0.46096651610410415145E+01    0.32273911503452196917E-14   -0.35270621940644267091E-15
    0.46184529578478477063E+01    0.28916854875717282442E-14   -0.14313541800778940129E-15
    0.46272407546546547863E+01    0.16749710351501857950E-14    0.15316357819113425712E-16
    0.46360285514614618663E+01   -0.19360199643439479773E-15    0.61644810813052962778E-16
    0.46448163482682689462E+01   -0.13000896554372165454E-14    0.69610009416174776758E-16
    0.46536041450750751380E+01   -0.64443412928250147112E-15    0.11457615044518190088E-15
    0.46623919418818822180E+01    0.11066427845208715869E-14    0.16288075537351987818E-15
    0.46711797386886892980E+01    0.23603051163906816878E-14    0.12617147662596838841E-15
    0.46799675354954954898E+01    0.21889861413443716298E-14   -0.14501843704901234159E-16
    0.46887553323023025698E+01    0.93770634535633702380E-15   -0.17205375515306671900E-15
    0.46975431291091096497E+01   -0.42016145557973347700E-15   -0.22744411027591337419E-15
    0.47063309259159158415E+01   -0.10392216883953617077E-14   -0.10855406489016279564E-15
    0.47151187227227229215E+01   -0.61758470197541273447E-15    0.17702534411849935161E-15
    0.47239065195295300015E+01    0.40384678604146972930E-15    0.53552589228893690905E-15
    0.47326943163363361933E+01    0.11171429206167603596E-14    0.81899779600688716843E-15
    0.47414821131431432732E+01    0.97334622081220312172E-15    0.90173583040269051355E-15
    0.47502699099499503532E+01    0.34666412981586176280E-15    0.75088111828420177593E-15
    0.47590577067567574332E+01   -0.51993989256717320385E-17    0.45506059493653745580E-15
    0.47678455035635636250E+01    0.92846154811021674294E-16    0.22145915502866082802E-15
    0.47766333003703707050E+01    0.10352617306858503320E-15    0.26907460384515798494E-15
    0.47854210971771777849E+01   -0.33687990522469064098E-15    0.60334737994043667362E-15
    0.47942088939839839767E+01   -0.76456550150169932329E-15    0.89971543311987189939E-15
    0.48029966907907910567E+01   -0.47916824261115057554E-15    0.78231432556718704247E-15
    0.48117844875975981367E+01    0.40042076047413243996E-15    0.24474216482426754044E-15
    0.48205722844044043285E+01    0.90689807969616228956E-15   -0.30177241041615423318E-15
    0.48293600812112114085E+01    0.42521809837002811769E-15   -0.42738707795403156871E-15
    0.48381478780180184884E+01   -0.43737761804867332371E-15   -0.46669438422067919238E-16
    0.48469356748248246802E+01   -0.61774071253144826098E-15    0.55892433518150134075E-15
    0.48557234716316317602E+01    0.19077563699674000390E-16    0.89222284339996921427E-15
    0.48645112684384388402E+01    0.50842357120805797563E-15    0.52760985659736911591E-15
    0.48732990652452459202E+01    0.60765317987498121796E-16   -0.46008765679196151878E-15
    0.48820868620520521119E+01   -0.93542301871673272138E-15   -0.13177806734756453833E-14
    0.48908746588588591919E+01   -0.14584167740213160176E-14   -0.12595267415847162188E-14
    0.48996624556656662719E+01   -0.10166180354126498849E-14   -0.37976309760017884307E-15
    0.49084502524724724637E+01   -0.28487659044508625988E-16    0.36983325495033917672E-15
    0.49172380492792795437E+01    0.74183580620819254765E-15    0.29471665744093960604E-15
    0.49260258460860866236E+01    0.79316082829740249708E-15   -0.22712227271981615607E-15
    0.49348136428928928154E+01    0.15729341217777727942E-15   -0.35844143046553946084E-15
    0.49436014396996998954E+01   -0.53923372803146260017E-15    0.52781369960120435216E-16
    0.49523892365065069754E+01   -0.46933781461803428837E-15    0.32673774439437972116E-15
    0.49611770333133140554E+01    0.50173624877825298330E-15   -0.27715541274015695115E-16
    0.49699648301201202472E+01    0.13533591631518376579E-14   -0.55567573147875641788E-15
    0.49787526269269273271E+01    0.95083153797191240012E-15   -0.43960376679094381008E-15
    0.49875404237337344071E+01   -0.43064461007680378441E-15    0.42422186758141481143E-15
    0.49963282205405405989E+01   -0.12031404278102540481E-14    0.12729245825294349124E-14
    0.50051160173473476789E+01   -0.41476559342914826795E-15    0.13960936810349589822E-14
    0.50139038141541547589E+01    0.90487740095056447128E-15    0.87320431971239066248E-15
    0.50226916109609609506E+01    0.10364234534810987708E-14    0.27150736618631025877E-15
    0.50314794077677680306E+01   -0.20617406088833645188E-15   -0.60371241528695405740E-16
    0.50402672045745751106E+01   -0.12704538538565077217E-14   -0.20842439491128276995E-15
    0.50490550013813813024E+01   -0.96650190593526686175E-15   -0.33699411623752793912E-15
    0.50578427981881883824E+01   -0.12721245633966942644E-16   -0.39323674897203979128E-15
    0.50666305949949954623E+01    0.94948677512043698325E-16   -0.25391844303771133443E-15
    0.50754183918018025423E+01   -0.83134827461873850006E-15   -0.26840080823083681866E-16
    0.50842061886086087341E+01   -0.14415536519803507550E-14   -0.19043043208088057734E-16
    0.50929939854154158141E+01   -0.72404890744112277563E-15   -0.33010484881527256440E-15
    0.51017817822222228941E+01    0.60926549856399070052E-15   -0.60845013704058301979E-15
    0.51105695790290290859E+01    0.11029566503258820797E-14   -0.44400994288125268033E-15
    0.51193573758358361658E+01    0.38369243845937726603E-15    0.39965359250860253046E-16
    0.51281451726426432458E+01   -0.53998825796218881454E-15    0.23353702551806155966E-15
    0.51369329694494494376E+01   -0.69881394724764861158E-15   -0.20464187303030919584E-15
    0.51457207662562565176E+01   -0.26861917028947637072E-15   -0.83389600806266433998E-15
    0.51545085630630635976E+01   -0.13965133993563821097E-16   -0.91881693764300743457E-15
    0.51632963598698697893E+01   -0.13411229433908543595E-15   -0.26585491150397606025E-15
    0.51720841566766768693E+01   -0.88565757245844401234E-16    0.61239360609328076980E-15
    0.51808719534834839493E+01    0.48249005458233677215E-15    0.10849465746042145151E-14
    0.51896597502902910293E+01    0.10979709007518373032E-14    0.92046832610327192275E-15
    0.51984475470970972211E+01    0.98438270781802408625E-15    0.27975944911050941866E-15
    0.52072353439039043010E+01    0.40257081390202555447E-16   -0.50914794193818339607E-15
    0.52160231407107113810E+01   -0.10106554628889172684E-14   -0.11099728415049218315E-14
    0.52248109375175184610E+01   -0.13644879701641402428E-14   -0.12552125146900716168E-14
    0.52335987343243246528E+01   -0.79181654140975424116E-15   -0.82731598103925949217E-15
    0.52423865311311317328E+01    0.34538790895572827738E-15    0.13521892198737675191E-16
    0.52511743279379388127E+01    0.13624756457581418719E-14    0.72919362821224630009E-15
    0.52599621247447450045E+01    0.16326775642167685849E-14    0.67293216056485091061E-15
    0.52687499215515520845E+01    0.10648910420442603071E-14   -0.25630856083588187712E-15
    0.52775377183583591645E+01    0.29738397546820342945E-15   -0.12873436531310670926E-14
    0.52863255151651653563E+01    0.71541792745277388114E-16   -0.15116865843865907732E-14
    0.52951133119719724363E+01    0.37815934208180371799E-15   -0.92692647743708765240E-15
    0.53039011087787795162E+01    0.50950670096697117532E-15   -0.41462836893840462862E-15
    0.53126889055855857080E+01    0.75174665648995381043E-16   -0.58070778920562163093E-15
    0.53214767023923927880E+01   -0.34780562648723002224E-15   -0.97027875816445703551E-15
    0.53302644991991998680E+01    0.43844997774156184006E-16   -0.76938188048535519874E-15
    0.53390522960060069479E+01    0.11126379922587748524E-14    0.20912851815755795729E-16
    0.53478400928128131397E+01    0.17892503199361515471E-14    0.53579140163175791427E-15
    0.53566278896196202197E+01    0.13298365310414419040E-14    0.19567047352723132162E-15
    0.53654156864264272997E+01    0.19323824994985332502E-15   -0.50642416332459324068E-15
    0.53742034832332334915E+01   -0.60936648507133976967E-15   -0.67469799561240323656E-15
    0.53829912800400405715E+01   -0.66949250393457659115E-15   -0.14745622199983026057E-15
    0.53917790768468476514E+01   -0.38447193320108894816E-15    0.38249940670149419669E-15
    0.54005668736536538432E+01   -0.15025163562415362847E-15    0.32305448222727449020E-15
    0.54093546704604609232E+01    0.20905205623191025041E-15   -0.11843449504727965149E-15
    0.54181424672672680032E+01    0.98057867931708438816E-15   -0.34571950609614299992E-15
    0.54269302640740750832E+01    0.18000086176859129089E-14   -0.15292068078872862684E-15
    0.54357180608808812750E+01    0.17804929204580431441E-14    0.13150136889150322359E-15
    0.54445058576876883549E+01    0.56475361446825745641E-15    0.17108063510746015625E-15
    0.54532936544944954349E+01   -0.10294642471112341532E-14    0.22724389443271154487E-16
    0.54620814513013016267E+01   -0.17952182734432444618E-14   -0.51824227112949569247E-16
    0.54708692481081087067E+01   -0.13619615884532453752E-14    0.30070614721075831917E-16
    0.54796570449149157866E+01   -0.38887400167813824790E-15    0.11001551424497217286E-15
    0.54884448417217219784E+01    0.31525273389358490796E-15    0.62851194419817340255E-16
    0.54972326385285290584E+01    0.50868561963376450931E-15   -0.10118670164142493956E-16
    0.55060204353353361384E+01    0.39803866315976983258E-15    0.72522499521291825870E-16
    0.55148082321421423302E+01    0.21725970372172368344E-15    0.31978822896838503756E-15
    0.55235960289489494102E+01    0.48208607305517667858E-16    0.53532646908729030725E-15
    0.55323838257557564901E+01   -0.10009016670915264173E-15    0.51167004188370752759E-15
    0.55411716225625635701E+01   -0.20443758508437006996E-15    0.20481409954188822862E-15
    0.55499594193693697619E+01   -0.21672593885415617970E-15   -0.22686391974657980154E-15
    0.55587472161761768419E+01   -0.86644072530501289794E-16   -0.45874991029699146400E-15
    0.55675350129829839219E+01    0.19365672218085271166E-15   -0.18773009810188019046E-15
    0.55763228097897901137E+01    0.52630971587410247236E-15    0.53763195044831780281E-15
    0.55851106065965971936E+01    0.70338861206718873327E-15    0.11852852438930130339E-14
    0.55938984034034042736E+01    0.56029722361372492940E-15    0.11682767974404442642E-14
    0.56026862002102104654E+01    0.16174836117302045283E-15    0.42274771398037280916E-15
    0.56114739970170175454E+01   -0.22205704725053614183E-15   -0.52052272302671131182E-15
    0.56202617938238246253E+01   -0.34828896848776564865E-15   -0.97667923520261386118E-15
    0.56290495906306308171E+01   -0.18210706599077273901E-15   -0.54382840813619767773E-15
    0.56378373874374378971E+01    0.13011483912434906108E-15    0.65217714397946553708E-15
    0.56466251842442449771E+01    0.36969921014487885742E-15    0.18605832455882071917E-14
    0.56554129810510520571E+01    0.36313950678087026718E-15    0.21185547363035571635E-14
    0.56642007778578582489E+01    0.10184181158004243089E-15    0.11462684731728443803E-14
    0.56729885746646653288E+01   -0.21722705467834272458E-15   -0.20138185405681316778E-15
    0.56817763714714724088E+01   -0.35056458664752282033E-15   -0.76668185654624066659E-15
    0.56905641682782786006E+01   -0.21986715322077131898E-15   -0.26437819827564600375E-15
    0.56993519650850856806E+01    0.45888464959929037460E-16    0.60279410561926067171E-15
    0.57081397618918927606E+01    0.23704032339240687959E-15    0.10725193960601452720E-14
    0.57169275586986989524E+01    0.19415019148495475054E-15    0.10219377963634884868E-14
    0.57257153555055060323E+01   -0.10823634610475800105E-15    0.73759007259522942219E-15
    0.57345031523123131123E+01   -0.51386320815766135207E-15    0.39157654255977852458E-15
    0.57432909491191193041E+01   -0.76053234538511718686E-15   -0.57335688400598798302E-16
    0.57520787459259263841E+01   -0.67234642919049363986E-15   -0.54486120063689190403E-15
    0.57608665427327334640E+01   -0.29373844915411929127E-15   -0.73538910238548379206E-15
    0.57696543395395405440E+01    0.15929224642293301359E-15   -0.37371113346723803994E-15
    0.57784421363463467358E+01    0.42036661127499578149E-15    0.25697137890873440480E-15
    0.57872299331531538158E+01    0.31532511053665278606E-15    0.48803089732439561847E-15
    0.57960177299599608958E+01   -0.82553733687610813870E-16   -0.15529904496042049683E-17
    0.58048055267667670876E+01   -0.43029283900684218339E-15   -0.75791008341659682114E-15
    0.58135933235735741675E+01   -0.42179960875013533125E-15   -0.10626688384375363188E-14
    0.58223811203803812475E+01   -0.14842571599211324491E-15   -0.69837213560060512374E-15
    0.58311689171871874393E+01    0.71869279157251668037E-17   -0.62292955099618768090E-16
    0.58399567139939945193E+01   -0.86715405350526715474E-16    0.34691777355349285653E-15
    0.58487445108008015993E+01   -0.45109271204738726334E-16    0.35007109911696289385E-15
    0.58575323076076077911E+01    0.49102021086354641109E-15    0.82325579863673920424E-16
    0.58663201044144148710E+01    0.11525449452598918874E-14   -0.17388813674120183600E-15
    0.58751079012212219510E+01    0.10793103271402742207E-14   -0.17960889643475124894E-15
    0.58838956980280290310E+01    0.28441181573760449716E-16    0.59364386087067649353E-16
    0.58926834948348352228E+01   -0.10577022934923195623E-14    0.24280351687686105001E-15
    0.59014712916416423027E+01   -0.10531003514752998871E-14    0.92974947819558869518E-16
    0.59102590884484493827E+01   -0.10480760345801160624E-16   -0.26650688350132642503E-15
    0.59190468852552555745E+01    0.90331119631956201204E-15   -0.41191437816247416915E-15
    0.59278346820620626545E+01    0.80131450466008779958E-15   -0.16188702868501775180E-15
    0.59366224788688697345E+01   -0.30745008153717015423E-17    0.13336688540928083757E-15
    0.59454102756756759263E+01   -0.61035866497630682476E-15    0.40245468460863641080E-16
    0.59541980724824830062E+01   -0.58190635071949941242E-15   -0.34618564185595360082E-15
    0.59629858692892900862E+01   -0.16126266538000693933E-15   -0.47292612457497287000E-15
    0.59717736660960962780E+01    0.27936784387726415441E-15   -0.27275216966157821401E-16
    0.59805614629029033580E+01    0.65595274768521767511E-15    0.64029733338703568856E-15
    0.59893492597097104380E+01    0.10338008851045390526E-14    0.93053822421219326368E-15
    0.59981370565165175179E+01    0.13353940869862819903E-14    0.63222847239831139127E-15
    0.60069248533233237097E+01    0.13530267179260101498E-14    0.44815716283897052317E-16
    0.60157126501301307897E+01    0.10405909287839502503E-14   -0.37803841080089262748E-15
    0.60245004469369378697E+01    0.66598000514490884319E-15   -0.35961095980543955162E-15
    0.60332882437437440615E+01    0.55626776368831183941E-15    0.69783044360297805583E-16
    0.60420760405505511415E+01    0.75022261560614988582E-15    0.55305559717592426656E-15
    0.60508638373573582214E+01    0.98790404563601634467E-15    0.63105679688304177424E-15
    0.60596516341641644132E+01    0.10069446108124371054E-14    0.17630125164745077595E-15
    0.60684394309709714932E+01    0.75977477826353703622E-15   -0.40879125309631016778E-15
    0.60772272277777785732E+01    0.35947509223139944070E-15   -0.59745888198413323983E-15
    0.60860150245845856531E+01   -0.57662963250352468601E-16   -0.27773511764306726580E-15
    0.60948028213913918449E+01   -0.38875727292922102137E-15    0.21356739709451143086E-15
    0.61035906181981989249E+01   -0.54682006808965663183E-15    0.51211905631562277435E-15
    0.61123784150050060049E+01   -0.47290394345400305180E-15    0.53340262348364394612E-15
    0.61211662118118121967E+01   -0.23684922890887578150E-15    0.39035181768839496331E-15
    0.61299540086186192767E+01   -0.12388169122111168646E-15    0.19403060408026111364E-15
    0.61387418054254263566E+01   -0.43961494151406749621E-15   -0.22704925039004548146E-16
    0.61475296022322325484E+01   -0.10775571455225387245E-14   -0.26737120174922576706E-15
    0.61563173990390396284E+01   -0.13938896970864892808E-14   -0.53510502056611581410E-15
    0.61651051958458467084E+01   -0.84335520883343824824E-15   -0.75402143685622719206E-15
    0.61738929926526529002E+01    0.27406507036302652562E-15   -0.75468804984517598782E-15
    0.61826807894594599802E+01    0.10122177965134508579E-14   -0.39208036618788029618E-15
    0.61914685862662670601E+01    0.80007004301980815370E-15    0.20680350466120878253E-15
    0.62002563830730741401E+01    0.38614362229716622304E-16    0.58556993517415423790E-15
    0.62090441798798803319E+01   -0.47756092230121360454E-15    0.36153319526850093411E-15
    0.62178319766866874119E+01   -0.42446346137670498145E-15   -0.30605661000449749961E-15
    0.62266197734934944918E+01   -0.90555553566470177356E-16   -0.81595047367311800014E-15
    0.62354075703003006836E+01    0.11901630612117184908E-15   -0.71673300537220613484E-15
    0.62441953671071077636E+01    0.69934439492751503534E-16   -0.10272795298958609052E-15
    0.62529831639139148436E+01   -0.12435116793374072368E-15    0.55663863463985093571E-15
    0.62617709607207210354E+01   -0.26341456573889109414E-15    0.77120897229121538918E-15
    0.62705587575275281154E+01   -0.20749483026052559185E-15    0.32848497334733478305E-15
    0.62793465543343351953E+01   -0.42642970971641776065E-17   -0.47588625411173770205E-15
    0.62881343511411413871E+01    0.10324136439437313272E-15   -0.90205279413948806609E-15
    0.62969221479479484671E+01   -0.75525834207311642349E-16   -0.45913816245774164583E-15
    0.63057099447547555471E+01   -0.40485050147975467361E-15    0.37346603156801350359E-15
    0.63144977415615626271E+01   -0.50876024374485866142E-15    0.52249254598138869176E-15
    0.63232855383683688189E+01   -0.16074256226360696510E-15   -0.38778343192582057463E-15
    0.63320733351751758988E+01    0.47858210235431385290E-15   -0.14169238606256746262E-14
    0.63408611319819829788E+01    0.10328370702600241057E-14   -0.13890959727916300103E-14
    0.63496489287887891706E+01    0.11950760691034012085E-14   -0.29188236281513710326E-15
    0.63584367255955962506E+01    0.87815603769209076468E-15    0.79757883982498208398E-15
    0.63672245224024033305E+01    0.24259755265014028176E-15    0.10289650760351033767E-14
    0.63760123192092095223E+01   -0.36292212633629191697E-15    0.59664331635726542314E-15
    0.63848001160160166023E+01   -0.61889015581105270265E-15    0.17074013164176138180E-15
    0.63935879128228236823E+01   -0.46598990091282657367E-15    0.94794788386383143914E-17
    0.64023757096296298741E+01   -0.11160689234203641722E-15   -0.11089045264398519068E-15
    0.64111635064364369541E+01    0.15367697237048194930E-15   -0.28117133572309361849E-15
    0.64199513032432440340E+01    0.12843816921173397643E-15   -0.15233568829525271359E-15
    0.64287391000500511140E+01   -0.19787955852834243958E-15    0.54550283550683590521E-15
    0.64375268968568573058E+01   -0.59765380817676925650E-15    0.13709365674962664931E-14
    0.64463146936636643858E+01   -0.73807200730314894539E-15    0.14476702424477618967E-14
    0.64551024904704714658E+01   -0.45762925570130418734E-15    0.47930718455538863243E-15
    0.64638902872772776576E+01    0.85110090828553489450E-16   -0.76389626174900227900E-15
    0.64726780840840847375E+01    0.56779664803533598757E-15   -0.12533813276684823718E-14
    0.64814658808908918175E+01    0.73838509765303334459E-15   -0.75434313983691451862E-15
    0.64902536776976980093E+01    0.52835975570565581650E-15    0.13002543409883239257E-15
    0.64990414745045050893E+01    0.60708210354445626310E-16    0.74523999874628481706E-15
    0.65078292713113121692E+01   -0.39785164752563033268E-15    0.92139801096728734512E-15
    0.65166170681181183610E+01   -0.57688298088949123089E-15    0.78769455410834751575E-15
    0.65254048649249254410E+01   -0.35715103711714061434E-15    0.41701474273105640257E-15
    0.65341926617317325210E+01    0.15758526959722332655E-15   -0.17992627411395163060E-15
    0.65429804585385396010E+01    0.64398744934151759157E-15   -0.78001964311875140018E-15
    0.65517682553453457928E+01    0.68297495566049423211E-15   -0.89171659212821463254E-15
    0.65605560521521528727E+01    0.11587956191381553260E-15   -0.21694733413256881157E-15
    0.65693438489589599527E+01   -0.63638977467503280684E-15    0.85249278248640069470E-15
    0.65781316457657661445E+01   -0.87396326653818726686E-15    0.14669860877357170763E-14
    0.65869194425725732245E+01   -0.39913769842056782403E-15    0.11276549131502988632E-14
    0.65957072393793803045E+01    0.16575792234929163433E-15    0.13825179634244192585E-15
    0.66044950361861864963E+01    0.12167574136899704431E-15   -0.80705730001627956114E-15
    0.66132828329929935762E+01   -0.42083260175997131202E-15   -0.12327870367631985915E-14
    0.66220706297998006562E+01   -0.71327643257077569063E-15   -0.10744219019294871807E-14
    0.66308584266066068480E+01   -0.37297317302866119493E-15   -0.52819751696976076991E-15
    0.66396462234134139280E+01    0.11110429181250467615E-15    0.11793857189186782843E-15
    0.66484340202202210079E+01    0.70647270302084630147E-16    0.61614770595524595092E-15
    0.66572218170270280879E+01   -0.45479541051348480067E-15    0.85708586131127954883E-15
    0.66660096138338342797E+01   -0.80966196556160661241E-15    0.84898792672735264639E-15
    0.66747974106406413597E+01   -0.58191158217764040649E-15    0.60591365896522092780E-15
    0.66835852074474484397E+01   -0.75925750499030114375E-16    0.11051401944708264465E-15
    0.66923730042542546315E+01    0.16097899176312299584E-15   -0.55340313135226882277E-15
    0.67011608010610617114E+01   -0.11933128930100834569E-16   -0.10709472339354881020E-14
    0.67099485978678687914E+01   -0.30917145643153142596E-15   -0.10644753404778056983E-14
    0.67187363946746749832E+01   -0.49173048227344153139E-15   -0.48528139461427700799E-15
    0.67275241914814820632E+01   -0.63271725565945069519E-15    0.23657434170927558200E-15
    0.67363119882882891432E+01   -0.86491983524910865712E-15    0.57339940621805588362E-15
    0.67450997850950962231E+01   -0.10498905537315450782E-14    0.36570339454719796854E-15
    0.67538875819019024149E+01   -0.87554846024288157473E-15   -0.12827020571141231580E-15
    0.67626753787087094949E+01   -0.27916757948694754723E-15   -0.51080040766539027290E-15
    0.67714631755155165749E+01    0.36693790144635126183E-15   -0.49586917379135047169E-15
    0.67802509723223227667E+01    0.60718007354156403998E-15   -0.38511702900506824078E-16
    0.67890387691291298466E+01    0.33967823019965724650E-15    0.61178495497767459415E-15
    0.67978265659359369266E+01   -0.15795790246353117232E-15    0.10645682700868930057E-14
    0.68066143627427431184E+01   -0.52187961617660347618E-15    0.10934938939177298090E-14
    0.68154021595495501984E+01   -0.53845336106980226781E-15    0.79732711915570308474E-15
    0.68241899563563572784E+01   -0.20434399640656601630E-15    0.44723761099095689515E-15
    0.68329777531631634702E+01    0.28510978361806587495E-15    0.26062738331569157802E-15
    0.68417655499699705501E+01    0.64609863494510290946E-15    0.28312057406857195968E-15
    0.68505533467767776301E+01    0.68741610076798483331E-15    0.36188191846075377067E-15
    0.68593411435835847101E+01    0.42380008340494241719E-15    0.22858340808345793043E-15
    0.68681289403903909019E+01    0.43183028638194333996E-16   -0.22306296049821558601E-15
    0.68769167371971979819E+01   -0.18421623700690646814E-15   -0.69393652129565821060E-15
    0.68857045340040050618E+01   -0.73446976933170040931E-16   -0.71323215309458848721E-15
    0.68944923308108112536E+01    0.26259099412567209140E-15   -0.21445882983924602499E-15
    0.69032801276176183336E+01    0.41387643634741345812E-15    0.26697619226071047963E-15
    0.69120679244244254136E+01    0.93007648364731105286E-16    0.19099008436806737488E-15
    0.69208557212312316054E+01   -0.44850190832254629382E-15   -0.31794785557408091292E-15
    0.69296435180380386853E+01   -0.65429163069617618824E-15   -0.63199862316555323485E-15
    0.69384313148448457653E+01   -0.36455877277332805229E-15   -0.38945518434063066264E-15
    0.69472191116516519571E+01   -0.84624887134964454742E-16    0.11710298861679351352E-15
    0.69560069084584590371E+01   -0.33944675375058801341E-15    0.39571950080164330193E-15
    0.69647947052652661171E+01   -0.94571710189014548003E-15    0.33843639098117246585E-15
    0.69735825020720731970E+01   -0.12175746355528750743E-14    0.21007489481626032835E-15
    0.69823702988788793888E+01   -0.84634228675496410954E-15    0.20070536408597539900E-15
    0.69911580956856864688E+01   -0.30189869101996522538E-15    0.18842792517742913143E-15
    0.69999458924924935488E+01   -0.20489328687322236330E-15   -0.19355534123174637174E-16
    0.70087336892992997406E+01   -0.56918682849727131498E-15   -0.37576880023815327080E-15
    0.70175214861061068206E+01   -0.88369559940829717372E-15   -0.63151727571462520124E-15
    0.70263092829129139005E+01   -0.80167150834185440488E-15   -0.62326195310125552141E-15
    0.70350970797197200923E+01   -0.50860926850242165393E-15   -0.42560524113017626509E-15
    0.70438848765265271723E+01   -0.37789162446998296156E-15   -0.20201059390243918005E-15
    0.70526726733333342523E+01   -0.51061627526037565328E-15   -0.10252425973492403760E-16
    0.70614604701401404441E+01   -0.71085979281720719805E-15    0.19073665139897039705E-15
    0.70702482669469475240E+01   -0.77681455655579528672E-15    0.39048064571370437046E-15
    0.70790360637537546040E+01   -0.67544384530851963896E-15    0.46941297926538395650E-15
    0.70878238605605616840E+01   -0.44497496013967581538E-15    0.33889770590809009550E-15
    0.70966116573673678758E+01   -0.62659149091676042203E-16    0.93747242131064100420E-16
    0.71053994541741749558E+01    0.47969695326139744379E-15   -0.48694178179130546191E-16
    0.71141872509809820357E+01    0.96253651852867707904E-15    0.40859515134745492323E-16
    0.71229750477877882275E+01    0.95914073248851961627E-15    0.29645220961462928123E-15
    0.71317628445945953075E+01    0.30866107988089272507E-15    0.56580487984986256537E-15
    0.71405506414014023875E+01   -0.45306561943579424002E-15    0.75170391320171993039E-15
    0.71493384382082085793E+01   -0.48539326749348833588E-15    0.81691236859874702780E-15
    0.71581262350150156593E+01    0.40874450614531227966E-15    0.69558893818516989457E-15
    0.71669140318218227392E+01    0.14378433595545192978E-14    0.29608768971650667880E-15
    0.71757018286286289310E+01    0.16696726377649743259E-14   -0.31461517968469811661E-15
    0.71844896254354360110E+01    0.99617044601610184645E-15   -0.75901009561375593570E-15
    0.71932774222422430910E+01    0.68984317548929245956E-16   -0.59663166339840182504E-15
    0.72020652190490501710E+01   -0.48580084817566761943E-15    0.16588840205314972677E-15
    0.72108530158558563627E+01   -0.55203822041876475848E-15    0.92977828260841395021E-15
    0.72196408126626634427E+01   -0.34458232781097059123E-15    0.10607595664867811201E-14
    0.72284286094694705227E+01   -0.91319309590423182659E-16    0.50234715323278067306E-15
    0.72372164062762767145E+01    0.79878108508577389327E-16   -0.25905916793740223540E-15
    0.72460042030830837945E+01    0.10705287009122590644E-15   -0.68239237109893490963E-15
    0.72547919998898908744E+01   -0.31153659625776353888E-16   -0.53357562982556952472E-15
    0.72635797966966970662E+01   -0.30123322226592754302E-15    0.53842056714976276977E-16
    0.72723675935035041462E+01   -0.60019020520618699954E-15    0.64394844975472364445E-15
    0.72811553903103112262E+01   -0.79005328570568586601E-15    0.77219351669427363174E-15
    0.72899431871171174180E+01   -0.76559709099124197483E-15    0.34542408796633000027E-15
    0.72987309839239244980E+01   -0.50104713931041531576E-15   -0.23916598911638721817E-15
    0.73075187807307315779E+01   -0.54173203322001577695E-16   -0.49261086687238835108E-15
    0.73163065775375386579E+01    0.44418451929072187400E-15   -0.28091355212975036704E-15
    0.73250943743443448497E+01    0.81512221040151483443E-15    0.15358033251073875079E-15
    0.73338821711511519297E+01    0.86991921083926466738E-15    0.46538719140953702845E-15
    0.73426699679579590097E+01    0.49722237292600666967E-15    0.43588382773831305122E-15
    0.73514577647647652014E+01   -0.16705275230676849190E-15    0.80793712618079399165E-16
    0.73602455615715722814E+01   -0.64174180078230391552E-15   -0.32202180074251771912E-15
    0.73690333583783793614E+01   -0.43707575237795761713E-15   -0.42257187969025893082E-15
    0.73778211551851855532E+01    0.34424150396241314845E-15   -0.12378828120595560276E-15
    0.73866089519919926332E+01    0.91909832807778735613E-15    0.30492429828123118855E-15
    0.73953967487987997131E+01    0.66615552309588637726E-15    0.50216082962403984536E-15
    0.74041845456056067931E+01   -0.56355897640233761248E-16    0.33199650811662605268E-15
    0.74129723424124129849E+01   -0.32702002009150553121E-15   -0.69895768788091772802E-16
    0.74217601392192200649E+01    0.13209338037589803973E-15   -0.43721812960308179987E-15
    0.74305479360260271449E+01    0.53961235882443649639E-15   -0.52338598385592059449E-15
    0.74393357328328333367E+01    0.11663896067922757841E-15   -0.23945457202532705096E-15
    0.74481235296396404166E+01   -0.79698083268142719418E-15    0.25575706233923544763E-15
    0.74569113264464474966E+01   -0.11268096722474121835E-14    0.66750001698997381110E-15
    0.74656991232532536884E+01   -0.41181210101165154117E-15    0.80462054898124268917E-15
    0.74744869200600607684E+01    0.63286170400344038181E-15    0.69431402771118900981E-15
    0.74832747168668678484E+01    0.10323269664467615400E-14    0.46542523742565599434E-15
    0.74920625136736740401E+01    0.60733347546086143089E-15    0.20144009332299721770E-15
    0.75008503104804811201E+01   -0.61349641700238470575E-16   -0.74272531985889274795E-16
    0.75096381072872882001E+01   -0.38316489846527811335E-15   -0.32696138166857072016E-15
    0.75184259040940952801E+01   -0.21758727041692373671E-15   -0.48173068824643223325E-15
    0.75272137009009014719E+01    0.25941565555995129509E-15   -0.47922737496398058979E-15
    0.75360014977077085518E+01    0.80580583223167757518E-15   -0.33597238428757895615E-15
    0.75447892945145156318E+01    0.12090818198970201094E-14   -0.12941990219015494446E-15
    0.75535770913213218236E+01    0.12809526634028189158E-14    0.65107705077520812369E-16
    0.75623648881281289036E+01    0.90203633214407230020E-15    0.20869458212392718698E-15
    0.75711526849349359836E+01    0.16353386088848909436E-15    0.27826751169124652515E-15
    0.75799404817417421754E+01   -0.53996446968182280058E-15    0.24487797448812360752E-15
    0.75887282785485492553E+01   -0.74032579356960517135E-15    0.10792667398389361522E-15
    0.75975160753553563353E+01   -0.31783848541579066637E-15   -0.39863288521945780461E-16
    0.76063038721621625271E+01    0.35437821347698266378E-15   -0.32229626276082288169E-16
    0.76150916689689696071E+01    0.75249013067878976497E-15    0.20663575994073262414E-15
    0.76238794657757766871E+01    0.60087745205251133376E-15    0.51853683884007619893E-15
    0.76326672625825837670E+01   -0.12230097681688984405E-16    0.61386925830463436579E-15
    0.76414550593893899588E+01   -0.71334058670868510994E-15    0.32704659856035998843E-15
    0.76502428561961970388E+01   -0.10350637550852776535E-14   -0.23472764203184048763E-15
    0.76590306530030041188E+01   -0.76524746883535230701E-15   -0.73927084147353411761E-15
    0.76678184498098103106E+01   -0.21124633883674573322E-15   -0.76196214886336835229E-15
    0.76766062466166173905E+01    0.69751933876533137663E-16   -0.73083567198657643675E-16
    0.76853940434234244705E+01   -0.14283806161384900121E-15    0.10063605202803524416E-14
    0.76941818402302306623E+01   -0.52305821184464255163E-15    0.16609594191643718512E-14
    0.77029696370370377423E+01   -0.64210864087257240220E-15    0.13147457868271196779E-14
    0.77117574338438448223E+01   -0.44734391065168792726E-15    0.29509877771417092973E-15
    0.77205452306506510141E+01   -0.20746128164937038712E-15   -0.51068433596957311790E-15
    0.77293330274574580940E+01   -0.12936459646322112187E-15   -0.60270095947038387055E-15
    0.77381208242642651740E+01   -0.16822962069373391265E-15   -0.26369582254393648395E-15
    0.77469086210710722540E+01   -0.19107274053089882006E-15    0.12406682739006003746E-16
    0.77556964178778784458E+01   -0.17628139961443907664E-15    0.15020565492675598822E-15
    0.77644842146846855258E+01   -0.20225166627871370234E-15    0.37660724871834505543E-15
    0.77732720114914926057E+01   -0.30767010836264189068E-15    0.66171341055285890240E-15
    0.77820598082982987975E+01   -0.43138548659680526210E-15    0.57624543562056076344E-15
    0.77908476051051058775E+01   -0.49537046618434470033E-15   -0.13213813498807686443E-15
    0.77996354019119129575E+01   -0.49537861507531681850E-15   -0.10090474902801706126E-14
    0.78084231987187191493E+01   -0.47991657908426140956E-15   -0.12804043312318290512E-14
    0.78172109955255262292E+01   -0.46365652931402732174E-15   -0.76523624727280241044E-15
    0.78259987923323333092E+01   -0.40347627295372013527E-15   -0.12878567187215530205E-15
    0.78347865891391395010E+01   -0.28125613464671886380E-15   -0.29406241789586441523E-16
    0.78435743859459465810E+01   -0.17381963504001647219E-15   -0.28711113128829933370E-15
    0.78523621827527536610E+01   -0.16459052134261518716E-15   -0.23109937244933379398E-15
    0.78611499795595607409E+01   -0.17187330393746154497E-15    0.27559505618034736289E-15
    0.78699377763663669327E+01    0.29008542039688019366E-16    0.55322792423472297647E-15
    0.78787255731731740127E+01    0.47142823367320554763E-15    0.63599894883090216997E-16
    0.78875133699799810927E+01    0.74052469965230215329E-15   -0.68926811736918792931E-15
    0.78963011667867872845E+01    0.33403574108643849514E-15   -0.69183547869330618608E-15
    0.79050889635935943645E+01   -0.64260262971521790896E-15    0.23874010314705220362E-15
    0.79138767604004014444E+01   -0.13694110594443517271E-14    0.10939317736010706389E-14
    0.79226645572072076362E+01   -0.11555586751623481937E-14    0.92597867976905500626E-15
    0.79314523540140147162E+01   -0.23350982352003995047E-15    0.56671958233009956877E-16
    0.79402401508208217962E+01    0.54639277405531153789E-15   -0.41459018441163412288E-15
    0.79490279476276279880E+01    0.65234331494043159500E-15   -0.65335990202860573674E-16
    0.79578157444344350679E+01    0.28676825936776352395E-15    0.37028483282485670872E-15
    0.79666035412412421479E+01   -0.71493208253674423669E-16    0.12933938604478617715E-15
    0.79753913380480492279E+01   -0.20005222231433030603E-15   -0.47239609531062251846E-15
    0.79841791348548554197E+01   -0.15734630073131747952E-15   -0.50409090261652373690E-15
    0.79929669316616624997E+01   -0.11175361621559674670E-16    0.24156008501238014550E-15
    0.80017547284684695796E+01    0.26888537545932891657E-15    0.86688208152297083784E-15
    0.80105425252752748833E+01    0.63700188357511964761E-15    0.54175066564752578101E-15
    0.80193303220820819632E+01    0.82359809666165982513E-15   -0.37167645801031471483E-15
    0.80281181188888890432E+01    0.55116350994287190177E-15   -0.79494302265627374350E-15
    0.80369059156956961232E+01   -0.62932725123164960586E-16   -0.29730493056293500641E-15
    0.80456937125025032032E+01   -0.47956683389925021415E-15    0.43205362496277609718E-15
    0.80544815093093102831E+01   -0.29734651164095441292E-15    0.55432511867791583101E-15
    0.80632693061161173631E+01    0.24746029122804104959E-15    0.75910386569589716623E-16
    0.80720571029229226667E+01    0.53673542228547810872E-15   -0.34377348380931704173E-15
    0.80808448997297297467E+01    0.24391979559228299465E-15   -0.25385607038003858752E-15
    0.80896326965365368267E+01   -0.37417444038935404710E-15    0.17739959816453298203E-15
    0.80984204933433439066E+01   -0.80200565283771074605E-15    0.49926158162422453240E-15
    0.81072082901501509866E+01   -0.67814418035553423364E-15    0.41463682844468869009E-15
    0.81159960869569580666E+01   -0.13824329845003677649E-16   -0.48392514925681894054E-16
    0.81247838837637633702E+01    0.72943879650398106154E-15   -0.53750792536033047111E-15
    0.81335716805705704502E+01    0.86278030468126078467E-15   -0.55979261409939191187E-15
    0.81423594773773775302E+01    0.11987481522330402413E-15    0.84316117942853807954E-16
    0.81511472741841846101E+01   -0.86666815311414771635E-15    0.98063410216627532522E-15
    0.81599350709909916901E+01   -0.11218545655402932432E-14    0.14320504837088600954E-14
    0.81687228677977987701E+01   -0.41718789061943987753E-15    0.11319920384728028643E-14
    0.81775106646046058501E+01    0.45505207458574072964E-15    0.40643237131277611760E-15
    0.81862984614114111537E+01    0.65593721349793307978E-15   -0.21263675074384372783E-15
    0.81950862582182182337E+01    0.23137565737475035289E-15   -0.44970983852800053320E-15
    0.82038740550250253136E+01   -0.16398083525914260867E-15   -0.32585238529198180092E-15
    0.82126618518318323936E+01   -0.19031250344117064177E-15    0.38290307245654704780E-16
    0.82214496486386394736E+01   -0.15493997932819748695E-15    0.52951618285971620532E-15
    0.82302374454454465535E+01   -0.42089502946337978843E-15    0.99483746065223007173E-15
    0.82390252422522518572E+01   -0.82604339484712614058E-15    0.12040994059219325603E-14
    0.82478130390590589371E+01   -0.89968196839266582828E-15    0.97628648422559632758E-15
    0.82566008358658660171E+01   -0.49831126249681820353E-15    0.38325273076722512981E-15
    0.82653886326726730971E+01   -0.76749860306357709839E-17   -0.23247548855084339359E-15
    0.82741764294794801771E+01    0.12066377927150636214E-15   -0.51510032126362547138E-15
    0.82829642262862872570E+01   -0.16600956150267539189E-15   -0.35037100994172874537E-15
    0.82917520230930943370E+01   -0.58706384852475873021E-15    0.11043127940916621234E-15
    0.83005398198998996406E+01   -0.87990302429383282696E-15    0.56087652580199286476E-15
    0.83093276167067067206E+01   -0.97819364897333279292E-15    0.68532234069744290529E-15
    0.83181154135135138006E+01   -0.91530424421154706207E-15    0.34164338973725128488E-15
    0.83269032103203208806E+01   -0.70442790901566722323E-15   -0.30959872364685705280E-15
    0.83356910071271279605E+01   -0.34881789361855265040E-15   -0.90315181542156506036E-15
    0.83444788039339350405E+01    0.79488121979124564959E-16   -0.10914625494518847745E-14
    0.83532666007407403441E+01    0.41550576323491607691E-15   -0.73224041611334470483E-15
    0.83620543975475474241E+01    0.46134757637543542658E-15   -0.12750002656378968214E-16
    0.83708421943543545041E+01    0.80128261331179567933E-16    0.54434670963013996227E-15
    0.83796299911611615840E+01   -0.65107391024019052737E-15    0.46024767193127926914E-15
    0.83884177879679686640E+01   -0.12863869456939894773E-14   -0.15694089645950787672E-15
    0.83972055847747757440E+01   -0.11928797829214438198E-14   -0.61727414001504073162E-15
    0.84059933815815828240E+01   -0.19953002113294882493E-15   -0.43357454127383329597E-15
    0.84147811783883881276E+01    0.95513552337171318434E-15    0.33781609711155581581E-16
    0.84235689751951952076E+01    0.12588795543615769777E-14    0.28594758200706259635E-16
    0.84323567720020022875E+01    0.57129906464351908673E-15   -0.61407534677811462885E-15
    0.84411445688088093675E+01   -0.17625988119321579547E-15   -0.12320246876108385015E-14
    0.84499323656156164475E+01   -0.13532571845583216978E-15   -0.11883812439190913174E-14
    0.84587201624224235275E+01    0.44038928783394407253E-15   -0.64850479132964538068E-15
    0.84675079592292288311E+01    0.66509252250758200379E-15   -0.27918712590383411001E-15
    0.84762957560360359111E+01    0.22433331590743654369E-15   -0.40922263161612576936E-15
    0.84850835528428429910E+01   -0.28622760322171593097E-15   -0.73173980407745830157E-15
    0.84938713496496500710E+01   -0.27275673741620701167E-15   -0.79847259001889130859E-15
    0.85026591464564571510E+01    0.28566382546092766056E-16   -0.52509314958139563831E-15
    0.85114469432632642309E+01   -0.70970496495702876791E-16   -0.16100045583515313177E-15
    0.85202347400700713109E+01   -0.74751884146357055896E-15    0.21268191151232920466E-16
    0.85290225368768766145E+01   -0.13910404355696397524E-14   -0.69952760704228089973E-16
    0.85378103336836836945E+01   -0.13232290690188479156E-14   -0.31246667502933313625E-15
    0.85465981304904907745E+01   -0.50243026348013621945E-15   -0.42510658842305875945E-15
    0.85553859272972978545E+01    0.52248475032162134672E-15   -0.21035304279621810887E-15
    0.85641737241041049344E+01    0.10581860229607196867E-14    0.14039203689060211816E-15
    0.85729615209109120144E+01    0.67672284670205650494E-15    0.13301598698015858305E-15
    0.85817493177177173180E+01   -0.46202916491873745432E-15   -0.41369419491685135596E-15
    0.85905371145245243980E+01   -0.15161372749741077290E-14   -0.93305201546859134287E-15
    0.85993249113313314780E+01   -0.16019338047180970896E-14   -0.67393364324401093089E-15
    0.86081127081381385580E+01   -0.73767414225925154140E-15    0.29377059183491051371E-15
    0.86169005049449456379E+01    0.98624950254810266039E-16    0.98083149060086029694E-15
    0.86256883017517527179E+01    0.11571990319993870709E-15    0.62470325498669327731E-15
    0.86344760985585597979E+01   -0.34547683260461698142E-15   -0.35771620511077137076E-15
    0.86432638953653651015E+01   -0.38312501026527517378E-15   -0.93400856255833530531E-15
    0.86520516921721721815E+01    0.19507531163769803042E-15   -0.72596647840851925612E-15
    0.86608394889789792614E+01    0.60786465650399499930E-15   -0.33864490145969034316E-15
    0.86696272857857863414E+01    0.22127981988981935491E-15   -0.38992549333239826734E-15
    0.86784150825925934214E+01   -0.50144081605016188031E-15   -0.65941334318276452703E-15
    0.86872028793994005014E+01   -0.56068250258681317076E-15   -0.51453215688798860174E-15
    0.86959906762062058050E+01    0.32305589341745905520E-15    0.81017756116694308164E-16
    0.87047784730130128850E+01    0.13789052122166650564E-14    0.40094341923112472664E-15
    0.87135662698198199649E+01    0.17238886011029073676E-14   -0.63788456979171674862E-16
    0.87223540666266270449E+01    0.12480616417563665717E-14   -0.81127575897237793212E-15
    0.87311418634334341249E+01    0.48830823303121169921E-15   -0.91629792402945032583E-15
    0.87399296602402412049E+01    0.44557746262128999065E-17   -0.23108024893576599939E-15
    0.87487174570470482848E+01    0.58067323606611151704E-17    0.40917409836790546064E-15
    0.87575052538538535885E+01    0.34411991569698555351E-15    0.31665261351618670676E-15
    0.87662930506606606684E+01    0.62782075418594236064E-15   -0.12145412137760823926E-15
    0.87750808474674677484E+01    0.50699089600687200104E-15   -0.52664547845438858914E-16
    0.87838686442742748284E+01    0.10687284629510116678E-16    0.55834878873251796680E-15
    0.87926564410810819084E+01   -0.45405836432893212551E-15    0.76385385977983007759E-15
    0.88014442378878889883E+01   -0.54107584698520038430E-15   -0.51325828043275267045E-16
    0.88102320346946942919E+01   -0.32530961593812983132E-15   -0.11401770153402211794E-14
    0.88190198315015013719E+01   -0.12683372038383829673E-15   -0.12449009903765511112E-14
    0.88278076283083084519E+01   -0.93762184705468311478E-16   -0.25487622427705088995E-15
    0.88365954251151155319E+01   -0.82480479458739999640E-16    0.55659366402953352145E-15
    0.88453832219219226118E+01    0.65811940649924121086E-16    0.16108148004454073955E-15
    0.88541710187287296918E+01    0.27872479327449673021E-15   -0.88742135627174365317E-15
    0.88629588155355367718E+01    0.34975643206495399745E-15   -0.12220123942772520225E-14
    0.88717466123423420754E+01    0.19094778703609025890E-15   -0.36141557832773934424E-15
    0.88805344091491491554E+01   -0.76975510083290907726E-16    0.82621647545476498674E-15
    0.88893222059559562354E+01   -0.25160775373313328645E-15    0.12851534065976497839E-14
    0.88981100027627633153E+01   -0.19741071312709657720E-15    0.85428221044451922115E-15
    0.89068977995695703953E+01    0.66872179305100370848E-16    0.10807733010674630149E-15
    0.89156855963763774753E+01    0.32829746959431471298E-15   -0.38269122092180155888E-15
    0.89244733931831827789E+01    0.29963922517673917322E-15   -0.43400113753399689168E-15
    0.89332611899899898589E+01   -0.67086576648862836899E-16   -0.14322408805639909440E-15
    0.89420489867967969388E+01   -0.39780733950811597375E-15    0.28053481596222010572E-15
    0.89508367836036040188E+01   -0.24915409794229820453E-15    0.60416508782919561084E-15
    0.89596245804104110988E+01    0.33255306213731522406E-15    0.62184893301763497781E-15
    0.89684123772172181788E+01    0.78855902333371239761E-15    0.24627935071778833315E-15
    0.89772001740240252587E+01    0.70095798786363009094E-15   -0.35095760198308259709E-15
    0.89859879708308305624E+01    0.30294347994121528116E-15   -0.70774301288677927952E-15
    0.89947757676376376423E+01    0.14082685519036168849E-15   -0.41508839355517615569E-15
    0.90035635644444447223E+01    0.38015039011013430395E-15    0.40898628963973870552E-15
    0.90123513612512518023E+01    0.64763322410941286335E-15    0.11320087888094945576E-14
    0.90211391580580588823E+01    0.55413471326642109903E-15    0.12235092317985561008E-14
    0.90299269548648659622E+01    0.15147530835725354824E-15    0.75379371942878018640E-15
    0.90387147516716712659E+01   -0.20658426725282866988E-15    0.17791703711917762560E-15
    0.90475025484784783458E+01   -0.26718125728500469219E-15   -0.18905346370627926073E-15
    0.90562903452852854258E+01   -0.58570388149190308526E-16   -0.36028943012050771048E-15
    0.90650781420920925058E+01    0.21940497155720727849E-15   -0.43587830586118939645E-15
    0.90738659388988995858E+01    0.35245429441055435925E-15   -0.38249868669325832265E-15
    0.90826537357057066657E+01    0.25656954190103381958E-15   -0.11787843183374387217E-15
    0.90914415325125137457E+01    0.91730991564046704843E-16    0.27950991489032491044E-15
    0.91002293293193190493E+01    0.15171859750307972208E-15    0.54860868601140625259E-15
    0.91090171261261261293E+01    0.48991144492028456354E-15    0.45825529942432632247E-15
    0.91178049229329332093E+01    0.70442940487138677924E-15    0.22025995706329063852E-17
    0.91265927197397402892E+01    0.36068800838489023846E-15   -0.58776914565830969091E-15
    0.91353805165465473692E+01   -0.36162192900103900363E-15   -0.92877938593709278931E-15
    0.91441683133533544492E+01   -0.71374767966748865519E-15   -0.69532637473318777875E-15
    0.91529561101601597528E+01   -0.25818992158837224644E-15    0.38612697608399128729E-16
    0.91617439069669668328E+01    0.50163397071414592009E-15    0.65717356528960004477E-15
    0.91705317037737739128E+01    0.70660377819005074632E-15    0.54394801627112949720E-15
    0.91793195005805809927E+01    0.19578249178251243704E-15   -0.14957370192426735315E-15
    0.91881072973873880727E+01   -0.33799833570044835670E-15   -0.56158816967852128824E-15
    0.91968950941941951527E+01   -0.28047876563284098094E-15   -0.16204280852911054359E-15
    0.92056828910010004563E+01    0.16191236048419495591E-15    0.50553376825189445391E-15
    0.92144706878078075363E+01    0.36711903407361264813E-15    0.50930436716978313591E-15
    0.92232584846146146162E+01    0.15760352731844735354E-15   -0.24574551057980563548E-15
    0.92320462814214216962E+01   -0.26387939231556149411E-16   -0.87341688402874209763E-15
    0.92408340782282287762E+01    0.21615779448514955910E-15   -0.65599955012412548086E-15
    0.92496218750350358562E+01    0.70990669955487442190E-15    0.59149753841448224343E-16
    0.92584096718418411598E+01    0.95247226333227198046E-15    0.38794243664787403159E-15
    0.92671974686486482398E+01    0.68340393990385935432E-15   -0.28792443904239114193E-18
    0.92759852654554553197E+01    0.83446279146402071993E-16   -0.61125434785529923311E-15
    0.92847730622622623997E+01   -0.47589102726295887500E-15   -0.83685845050948062637E-15
    0.92935608590690694797E+01   -0.71281994104124524256E-15   -0.57913624083237670725E-15
    0.93023486558758765597E+01   -0.57930347234339151910E-15   -0.12079678368664275756E-15
    0.93111364526826818633E+01   -0.31778037920733810582E-15    0.31398043974135153619E-15
    0.93199242494894889433E+01   -0.30755741934469352537E-15    0.70510359775986981578E-15
    0.93287120462962960232E+01   -0.67827240513500194369E-15    0.10275939397931727797E-14
    0.93374998431031031032E+01   -0.10801522608712617625E-14    0.10945623613708352975E-14
    0.93462876399099101832E+01   -0.10313574004431228272E-14    0.72787437479329865586E-15
    0.93550754367167172632E+01   -0.46984686369884069909E-15    0.42872337181481070391E-16
    0.93638632335235243431E+01    0.16834623533209227426E-15   -0.55420048030242257296E-15
    0.93726510303303296467E+01    0.42135358470242231854E-15   -0.70168828616486552163E-15
    0.93814388271371367267E+01    0.21088058256384998820E-15   -0.36361932028087876120E-15
    0.93902266239439438067E+01   -0.19740479221013277726E-15    0.20864109484648870244E-15
    0.93990144207507508867E+01   -0.43256094775010987750E-15    0.65758585246293010429E-15
    0.94078022175575579666E+01   -0.23837948882170936292E-15    0.69782167229189618763E-15
    0.94165900143643650466E+01    0.34250523866817386184E-15    0.28041153367038897074E-15
    0.94253778111711703502E+01    0.91424367488718911446E-15   -0.33604898371641142999E-15
    0.94341656079779774302E+01    0.10317059177046586227E-14   -0.77757729952302639490E-15
    0.94429534047847845102E+01    0.61960570020730368201E-15   -0.84054730911911315761E-15
    0.94517412015915915902E+01    0.33341620834053175778E-16   -0.58774707734053459708E-15
    0.94605289983983986701E+01   -0.28736286230880149145E-15   -0.22619353966041898400E-15
    0.94693167952052057501E+01   -0.13962712893015067317E-15    0.31554724159773368202E-16
    0.94781045920120128301E+01    0.38207552065089697831E-15    0.52355759360962689661E-16
    0.94868923888188181337E+01    0.95167133652130119328E-15   -0.16353159731696154103E-15
    0.94956801856256252137E+01    0.11709082019828313274E-14   -0.48736383699217364641E-15
    0.95044679824324322936E+01    0.82393440445027937430E-15   -0.73117339269172503779E-15
    0.95132557792392393736E+01    0.54323559847789017789E-16   -0.73106911396620303628E-15
    0.95220435760460464536E+01   -0.72114088525724434427E-15   -0.44115766553114032371E-15
    0.95308313728528535336E+01   -0.10200311364523752872E-14   -0.13786991573115530829E-16
    0.95396191696596588372E+01   -0.55588239234706850160E-15    0.26654443882097083554E-15
    0.95484069664664659172E+01    0.45460719921470417086E-15    0.20777365838483924892E-15
    0.95571947632732729971E+01    0.12238544795507075645E-14   -0.12605268545956130561E-15
    0.95659825600800800771E+01    0.10186349641412154909E-14   -0.49266007977859946964E-15
    0.95747703568868871571E+01   -0.25327551279776947956E-16   -0.64697659767706844325E-15
    0.95835581536936942371E+01   -0.95483160626639773923E-15   -0.46396071322426435889E-15
    0.95923459505005013170E+01   -0.99672714152558821101E-15    0.26782529969466784869E-17
    0.96011337473073066207E+01   -0.30500473759895610335E-15    0.51985077871505860361E-15
    0.96099215441141137006E+01    0.40056106308711885066E-15    0.80822056965190432057E-15
    0.96187093409209207806E+01    0.61156243471104446805E-15    0.71914584099080497822E-15
    0.96274971377277278606E+01    0.35519808259192086660E-15    0.30765546195031554085E-15
    0.96362849345345349406E+01    0.55855415272205844420E-17   -0.21060432779173158031E-15
    0.96450727313413420205E+01   -0.40179558148029459644E-17   -0.54719778552171325988E-15
    0.96538605281481491005E+01    0.47665528742028590057E-15   -0.50262817769254850022E-15
    0.96626483249549544041E+01    0.10236525396717872366E-14   -0.13333877628063929516E-15
    0.96714361217617614841E+01    0.91784002919734698147E-15    0.28201506928919426380E-15
    0.96802239185685685641E+01    0.18338385401619330299E-16    0.48957169082729763707E-15
    0.96890117153753756440E+01   -0.77751268131324179241E-15    0.44813467383799555382E-15
    0.96977995121821827240E+01   -0.45053183572337609336E-15    0.26661913804991532067E-15
    0.97065873089889898040E+01    0.82754769274282265584E-15    0.49955082090562097425E-16
    0.97153751057957951076E+01    0.17615649434586725532E-14   -0.15217744613357264123E-15
    0.97241629026026021876E+01    0.14666649809815018659E-14   -0.28421792861183391130E-15
    0.97329506994094092676E+01    0.51486773505608193218E-15   -0.25016391175765920053E-15
    0.97417384962162163475E+01    0.65474348260131799573E-16    0.32621683001975720750E-17
    0.97505262930230234275E+01    0.37545452350979889593E-15    0.37409044842412925009E-15
    0.97593140898298305075E+01    0.63786794456125126733E-15    0.64032264018166513870E-15
    0.97681018866366375875E+01    0.23165803437310235601E-15    0.64979303513753740541E-15
    0.97768896834434428911E+01   -0.39605861621906075031E-15    0.45186161913852574448E-15
    0.97856774802502499710E+01   -0.39663312958634882965E-15    0.21145152077308155415E-15
    0.97944652770570570510E+01    0.31577259096786969379E-15    0.48080032745970062967E-16
    0.98032530738638641310E+01    0.94205437263391524791E-15   -0.16671431224082338085E-16
    0.98120408706706712110E+01    0.77548595399576482656E-15    0.37628811101151911872E-17
    0.98208286674774782909E+01   -0.51897045525040086646E-16    0.10124127624742189044E-15
    0.98296164642842835946E+01   -0.86655674483506409240E-15    0.20806464275563971934E-15
    0.98384042610910906745E+01   -0.11265295061078589755E-14    0.11785152017517381610E-15
    0.98471920578978977545E+01   -0.72940744754709836827E-15   -0.38233726045560204711E-15
    0.98559798547047048345E+01    0.75536225909012536553E-16   -0.11690666670947399577E-14
    0.98647676515115119145E+01    0.85546786806170876697E-15   -0.16563664216009961522E-14
    0.98735554483183189944E+01    0.12207076179215675683E-14   -0.13196012529626946856E-14
    0.98823432451251260744E+01    0.10489394279510635124E-14   -0.37444304689496406779E-15
    0.98911310419319313780E+01    0.51918158929754519629E-15    0.32695493379714421793E-15
    0.98999188387387384580E+01   -0.49338354994106245803E-16    0.19620545842743461953E-15
    0.99087066355455455380E+01   -0.37259137699799579476E-15   -0.48555615347942884238E-15
    0.99174944323523526180E+01   -0.34076615349608067849E-15   -0.10275037422926768511E-14
    0.99262822291591596979E+01   -0.11205650341399764359E-15   -0.11244824682192378478E-14
    0.99350700259659667779E+01    0.15114960776885187363E-16   -0.99984255350631931419E-15
    0.99438578227727720815E+01   -0.54853252660204910989E-16   -0.87961694255803279047E-15
    0.99526456195795791615E+01   -0.71057172580447782421E-16   -0.63652544881763598958E-15
    0.99614334163863862415E+01    0.11527431684399910682E-15   -0.11835691971450465811E-15
    0.99702212131931933214E+01    0.56954276440456143002E-16    0.19026297495130829138E-15
    0.99790090100000004014E+01   -0.43061013990310129068E-15   -0.19406599998418924187E-14
