    0.11999999999999999556E+01    0.00000000000000000000E+00    0.00000000000000000000E+00
    0.12087877968068068135E+01   -0.12349666204466146897E-11   -0.78759854039421113168E-18
    0.12175755936136136715E+01    0.18313048962360286057E-11    0.21918017095775716700E-18
    0.12263633904204203073E+01    0.17625946578137252995E-11    0.10494303131184092777E-17
    0.12351511872272271653E+01   -0.39249464438107124709E-11   -0.19518809549970292045E-17
    0.12439389840340340232E+01   -0.39151209572523937930E-11   -0.97703990386517273840E-17
    0.12527267808408408811E+01    0.72280287380092729772E-11   -0.19147050455622228295E-16
    0.12615145776476475170E+01    0.16713041052646195047E-10   -0.23165972115315150587E-16
    0.12703023744544543749E+01    0.97818632522564391958E-11   -0.16324876047697464924E-16
    0.12790901712612612329E+01   -0.69540210629785854736E-11   -0.49049390853810227314E-18
    0.12878779680680680908E+01   -0.10368347358242516769E-10    0.15114103563670158674E-16
    0.12966657648748749487E+01    0.68783395382842751495E-11    0.19863586538081173231E-16
    0.13054535616816815846E+01    0.19719739704013376097E-10    0.82395814304548525110E-17
    0.13142413584884884425E+01    0.28006466115236601537E-11   -0.14338358673148204970E-16
    0.13230291552952953005E+01   -0.26780154377716518935E-10   -0.28227214184506214528E-16
    0.13318169521021021584E+01   -0.22801082331129099910E-10   -0.12060806055977418789E-16
    0.13406047489089087943E+01    0.23005123540967660324E-10    0.30130438672289481978E-16
    0.13493925457157156522E+01    0.49644319831516920796E-10    0.59548314963706774241E-16
    0.13581803425225225102E+01    0.24012825767163657578E-11    0.42186944855388930524E-16
    0.13669681393293293681E+01   -0.70538269541018008262E-10   -0.23022613204735292579E-17
    0.13757559361361360040E+01   -0.55482120782839506429E-10   -0.15495459771093910748E-16
    0.13845437329429428619E+01    0.62582434995142299858E-10    0.24361573815898383145E-16
    0.13933315297497497198E+01    0.12697964698984482675E-09    0.63681047797455069204E-16
    0.14021193265565565778E+01    0.21750770924790727295E-11    0.45217231438909005333E-16
    0.14109071233633634357E+01   -0.18384717092374678724E-09    0.47335775796567076652E-17
    0.14196949201701700716E+01   -0.14002789850273772737E-09    0.55193702072450875884E-16
    0.14284827169769769295E+01    0.16659926480433986836E-09    0.26387879357762559011E-15
    0.14372705137837837874E+01    0.32852218923549331562E-09    0.57063525880424651825E-15
    0.14460583105905906454E+01   -0.17454723355917136343E-14    0.84099113881016718702E-15
    0.14548461073973975033E+01   -0.47848843984073862361E-09    0.96218531945185587449E-15
    0.14636339042042041392E+01   -0.34843216397916170580E-09    0.88925960187512104147E-15
    0.14724217010110109971E+01    0.47269952564608956430E-09    0.64176068309991390245E-15
    0.14812094978178178550E+01    0.93729543964440747665E-09    0.28938766588731151645E-15
    0.14899972946246244909E+01    0.21671139895110748041E-09   -0.73260109617244761414E-16
    0.14987850914314313489E+01   -0.61688898228045509129E-09   -0.35513619685632813832E-15
    0.15075728882382382068E+01    0.88040318991937204128E-09   -0.49176631199428757730E-15
    0.15163606850450450647E+01    0.60036047326998931254E-08   -0.46272889754756459363E-15
    0.15251484818518519226E+01    0.14762216616742204746E-07   -0.30177621372631571969E-15
    0.15339362786586585585E+01    0.32058587202457292382E-07   -0.91077986710577867418E-16
    0.15427240754654654165E+01    0.76709557920449909527E-07    0.57451404728219392855E-16
    0.15515118722722722744E+01    0.19393405575834762725E-06    0.67275806416887181761E-16
    0.15602996690790791323E+01    0.47261493746917060676E-06    0.99726693405394736208E-18
    0.15690874658858859902E+01    0.11001357360072873359E-05    0.65051417612732828957E-16
    0.15778752626926926261E+01    0.25048617662710140661E-05    0.36873465439104792402E-15
    0.15866630594994994841E+01    0.55774106311142040542E-05    0.65943398487451088755E-15
    0.15954508563063063420E+01    0.12195945303887695716E-04    0.48046355864308111760E-15
    0.16042386531131129779E+01    0.26064598822566863710E-04   -0.29149025312288406126E-15
    0.16130264499199198358E+01    0.54334028214775376771E-04   -0.11801735952581986603E-14
    0.16218142467267266937E+01    0.11096436042429270975E-03   -0.15918018073636201696E-14
    0.16306020435335335517E+01    0.22147505673179997913E-03   -0.14593137248162647909E-14
    0.16393898403403404096E+01    0.43256383133412112984E-03   -0.12042011548173679649E-14
    0.16481776371471470455E+01    0.82645522606951968628E-03   -0.10813589765320006853E-14
    0.16569654339539539034E+01    0.15421970302010690017E-02   -0.82102793035630365090E-15
    0.16657532307607607613E+01    0.28117052318945511512E-02   -0.13985229186837388996E-15
    0.16745410275675676193E+01    0.50039213704504894448E-02    0.58343219802185899540E-15
    0.16833288243743744772E+01    0.86871039100039158104E-02    0.54804604136506574050E-15
    0.16921166211811811131E+01    0.14707353110509236577E-01   -0.41812482676868881183E-15
    0.17009044179879879710E+01    0.24267394071142506240E-01   -0.13729436667061703664E-14
    0.17096922147947948289E+01    0.39001213426706281273E-01   -0.13040781259160318149E-14
    0.17184800116016014648E+01    0.61033844462543652976E-01   -0.46488475114248950498E-15
    0.17272678084084085448E+01    0.92957340954162234747E-01   -0.16224544732041229453E-15
    0.17360556052152151807E+01    0.13772634558312152331E+00   -0.11754067993730724063E-14
    0.17448434020220220386E+01    0.19843543209918015902E+00   -0.28714315049777437933E-14
    0.17536311988288288966E+01    0.27784973844022808898E+00   -0.42890699350732119211E-14
    0.17624189956356355324E+01    0.37781639713023990046E+00   -0.56302033614825844413E-14
    0.17712067924424426124E+01    0.49847091610751270707E+00   -0.80203593441937330263E-14
    0.17799945892492492483E+01    0.63726909623409355721E+00   -0.11757848963505593078E-13
    0.17887823860560561062E+01    0.78812435225262411631E+00   -0.15483363122385279746E-13
    0.17975701828628629642E+01    0.94083174923458179340E+00   -0.17837661449868862290E-13
    0.18063579796696696000E+01    0.10807579043846942124E+01   -0.19525555338909767558E-13
    0.18151457764764764580E+01    0.11895522621261380714E+01   -0.22600355473479880337E-13
    0.18239335732832833159E+01    0.12467896444677639689E+01   -0.27362689337615281205E-13
    0.18327213700900899518E+01    0.12323847547948072467E+01   -0.30954779343180842763E-13
    0.18415091668968970318E+01    0.11304790821087298269E+01   -0.30378673079307169992E-13
    0.18502969637037036676E+01    0.93372584101725897288E+00   -0.26263476890226359210E-13
    0.18590847605105105256E+01    0.64693368890825020401E+00   -0.21994765092205145430E-13
    0.18678725573173173835E+01    0.29003689136369564805E+00   -0.18884775234455881653E-13
    0.18766603541241240194E+01   -0.10104985562090541829E+00   -0.13824049415312457136E-13
    0.18854481509309310994E+01   -0.47808231713602811208E+00   -0.34597266924630901036E-14
    0.18942359477377377353E+01   -0.78622519497714249415E+00    0.10442106031118990036E-13
    0.19030237445445445932E+01   -0.97314931780430991015E+00    0.21799274109031558631E-13
    0.19118115413513514511E+01   -0.10009046900717810669E+01    0.26275023032904867650E-13
    0.19205993381581580870E+01   -0.85612355692251373984E+00    0.24923196758446207275E-13
    0.19293871349649649449E+01   -0.55583576116015287472E+00    0.21185297158816759373E-13
    0.19381749317717718029E+01   -0.15020170489456247109E+00    0.16350029922273852477E-13
    0.19469627285785784387E+01    0.28429633618771532610E+00    0.91313681892333339355E-14
    0.19557505253853855187E+01    0.65988314457666708002E+00   -0.12264522699713827158E-14
    0.19645383221921921546E+01    0.89458072953481115874E+00   -0.12865169524535311275E-13
    0.19733261189989990125E+01    0.93167840317940098238E+00   -0.22336436308251248814E-13
    0.19821139158058058705E+01    0.75781771900912131557E+00   -0.26541060191778013372E-13
    0.19909017126126125063E+01    0.40831652003248503080E+00   -0.23975574997223617350E-13
    0.19996895094194195863E+01   -0.38717867371585876213E-01   -0.15331238908719295774E-13
    0.20084773062262262222E+01   -0.47590954759559417342E+00   -0.33926855312573349563E-14
    0.20172651030330328581E+01   -0.79376211059964507655E+00    0.84072191327884271968E-14
    0.20260528998398399381E+01   -0.91062479401054763350E+00    0.17635205333669880045E-13
    0.20348406966466465740E+01   -0.79298524801009806495E+00    0.23114865061862087377E-13
    0.20436284934534532098E+01   -0.46691787782192684109E+00    0.24032508807427799820E-13
    0.20524162902602602898E+01   -0.17406185058022313750E-01    0.19559551301543083964E-13
    0.20612040870670673698E+01    0.43601784379748809162E+00    0.98518971468308486665E-14
    0.20699918838738740057E+01    0.77115716327890626580E+00   -0.27982415353183318094E-14
    0.20787796806806806416E+01    0.89390091133123728007E+00   -0.14513004316067621244E-13
    0.20875674774874877215E+01    0.76714577149755325269E+00   -0.21778637529974211026E-13
    0.20963552742942943574E+01    0.42605277564043680938E+00   -0.22868831915767518415E-13
    0.21051430711011009933E+01   -0.35106682897802783672E-01   -0.17825560348184317532E-13
    0.21139308679079080733E+01   -0.48698512127504850477E+00   -0.80013719596103671363E-14
    0.21227186647147147092E+01   -0.79889653819843009508E+00    0.42435893175918113002E-14
    0.21315064615215213450E+01   -0.87971085525118697390E+00    0.15724329694696558851E-13
    0.21402942583283284250E+01   -0.70678783841472014871E+00    0.22956915243294457458E-13
    0.21490820551351350609E+01   -0.32822097240596692647E+00    0.23427807321483712907E-13
    0.21578698519419421409E+01    0.14696772697038429367E+00    0.16883399038707965698E-13
    0.21666576487487487768E+01    0.57838962071131416742E+00    0.53975657523291668846E-14
    0.21754454455555558567E+01    0.83938084278657842940E+00   -0.75711959022802280775E-14
    0.21842332423623624926E+01    0.85441184287935101338E+00   -0.18263080512960072803E-13
    0.21930210391691691285E+01    0.61701968091052561416E+00   -0.23759789137207446236E-13
    0.22018088359759762085E+01    0.19674606600777536092E+00   -0.22965636872620946530E-13
    0.22105966327827828444E+01   -0.28076107385364457159E+00   -0.16585303481138716073E-13
    0.22193844295895894803E+01   -0.67512182222305883172E+00   -0.63037653757743682692E-14
    0.22281722263963965602E+01   -0.87078190606759398040E+00    0.57697846420309788079E-14
    0.22369600232032031961E+01   -0.80801666568278285308E+00    0.16940934195578687635E-13
    0.22457478200100098320E+01   -0.50584018798152996510E+00    0.23778200009504987923E-13
    0.22545356168168169120E+01   -0.55145612746011651861E-01    0.23248236242551233720E-13
    0.22633234136236239920E+01    0.41220406732027620178E+00    0.14824325651373917252E-13
    0.22721112104304301837E+01    0.75879642162036808894E+00    0.14401058578016473956E-14
    0.22808990072372372637E+01    0.88096899317557353370E+00   -0.12113751032622725735E-13
    0.22896868040440443437E+01    0.74414770452045475579E+00   -0.21432190960375103269E-13
    0.22984746008508509796E+01    0.39008270952475088134E+00   -0.23897661084189847828E-13
    0.23072623976576576155E+01   -0.78818771030937637145E-01   -0.19355863912294279484E-13
    0.23160501944644646954E+01   -0.52526142718625967731E+00   -0.10034266689955362557E-13
    0.23248379912712713313E+01   -0.81824040506799722294E+00    0.90627352170989564202E-15
    0.23336257880780779672E+01   -0.87488971519932090537E+00    0.10978569349433431963E-13
    0.23424135848848850472E+01   -0.68043794268363522182E+00    0.18568361364256956924E-13
    0.23512013816916916831E+01   -0.29006343079192997703E+00    0.22057763644722599275E-13
    0.23599891784984983190E+01    0.18308970183283498900E+00    0.19669000842233978124E-13
    0.23687769753053053989E+01    0.60368872791767425046E+00    0.10964857336655909107E-13
    0.23775647721121124789E+01    0.85498808344808674420E+00   -0.15983635023802161688E-14
    0.23863525689189186707E+01    0.86765603556174641930E+00   -0.13525111399284097621E-13
    0.23951403657257257507E+01    0.63829695542012576670E+00   -0.20966127707536879028E-13
    0.24039281625325328307E+01    0.23313189374179651980E+00   -0.22428860690905562265E-13
    0.24127159593393394665E+01   -0.23553013414538181980E+00   -0.18189258433426523392E-13
    0.24215037561461461024E+01   -0.64099077984161434429E+00   -0.92076126759987634367E-14
    0.24302915529529531824E+01   -0.87370051443451968165E+00    0.29173999991723689826E-14
    0.24390793497597598183E+01   -0.87178585213081338789E+00    0.15232054778671152173E-13
    0.24478671465665664542E+01   -0.63893491825812698259E+00    0.23623165248642257680E-13
    0.24566549433733735341E+01   -0.23772867519721110896E+00    0.24946444927010325878E-13
    0.24654427401801801700E+01    0.22638593905317602739E+00    0.19227625046018382860E-13
    0.24742305369869868059E+01    0.63171311538173213762E+00    0.92339490343176434725E-14
    0.24830183337937938859E+01    0.87445440353339987105E+00   -0.19258903088858465475E-14
    0.24918061306006009659E+01    0.89532289844441304005E+00   -0.12312320488539306071E-13
    0.25005939274074071577E+01    0.69004917721192138291E+00   -0.20557562849049054791E-13
    0.25093817242142142376E+01    0.31183267775612355521E+00   -0.24898926555415213699E-13
    0.25181695210210213176E+01   -0.14321089541982240378E+00   -0.23521138016546452743E-13
    0.25269573178278279535E+01   -0.56336214727439215544E+00   -0.15872372377273389017E-13
    0.25357451146346345894E+01   -0.84775835368451157859E+00   -0.34677118009764178797E-14
    0.25445329114414416694E+01   -0.92873765437456101690E+00    0.10479522325389752422E-13
    0.25533207082482483052E+01   -0.78970556323155116640E+00    0.21880045186092109594E-13
    0.25621085050550549411E+01   -0.46628424528163853191E+00    0.27155847400863200949E-13
    0.25708963018618620211E+01   -0.34617073889628272032E-01    0.24981100140807782891E-13
    0.25796840986686686570E+01    0.40535995598683821628E+00    0.16945277290702634863E-13
    0.25884718954754752929E+01    0.75379163927776760001E+00    0.61019445236597851596E-14
    0.25972596922822823728E+01    0.93490182071746530390E+00   -0.48614044777432571448E-14
    0.26060474890890894528E+01    0.91116187922024427515E+00   -0.14272640470743199907E-13
    0.26148352858958960887E+01    0.68964186758529100185E+00   -0.21224396969045669668E-13
    0.26236230827027027246E+01    0.32078024504601576616E+00   -0.25157899421695268138E-13
    0.26324108795095098046E+01   -0.11569978516309400995E+00   -0.25303130636044778931E-13
    0.26411986763163164404E+01   -0.52859493800674151043E+00   -0.20369293376583292245E-13
    0.26499864731231230763E+01   -0.83319680937151308076E+00   -0.96932180648440813600E-14
    0.26587742699299301563E+01   -0.96898209671707224988E+00    0.46530750952653392472E-14
    0.26675620667367367922E+01   -0.91166073861896024244E+00    0.17649746515362533585E-13
    0.26763498635435434281E+01   -0.67472411506591700725E+00    0.24816745787881194520E-13
    0.26851376603503505081E+01   -0.30649077079599784668E+00    0.25823831941589487112E-13
    0.26939254571571571439E+01    0.12037235447019224710E+00    0.23504170606313838537E-13
    0.27027132539639637798E+01    0.52473260209357996953E+00    0.19633087267276017732E-13
    0.27115010507707708598E+01    0.83210546122845674422E+00    0.12976231683845074036E-13
    0.27202888475775779398E+01    0.98737767938969378534E+00    0.20955851649132776429E-14
    0.27290766443843845757E+01    0.96524314574145142487E+00   -0.11297488685007984786E-13
    0.27378644411911912115E+01    0.77272906680467134954E+00   -0.22864175783246811736E-13
    0.27466522379979982915E+01    0.44579723203752208427E+00   -0.28914396258952929654E-13
    0.27554400348048049274E+01    0.42694394956715751854E-01   -0.28525805484545413765E-13
    0.27642278316116115633E+01   -0.36762918878082634366E+00   -0.23067948106921203690E-13
    0.27730156284184186433E+01   -0.71799993550487495320E+00   -0.14984581401557102529E-13
    0.27818034252252252791E+01   -0.95320145891404151062E+00   -0.64826983464090922501E-14
    0.27905912220320319150E+01   -0.10382660728053625387E+01    0.17542452382554048483E-14
    0.27993790188388389950E+01   -0.96338651078057879751E+00    0.10609470917946807111E-13
    0.28081668156456460750E+01   -0.74300232316931502652E+00    0.20331021386067690227E-13
    0.28169546124524522668E+01   -0.41262019624234164139E+00    0.28444232104880368400E-13
    0.28257424092592593468E+01   -0.22467113457581983083E-01    0.31181871695128411634E-13
    0.28345302060660664267E+01    0.37105800852121084699E+00    0.27272067600742009142E-13
    0.28433180028728730626E+01    0.71352590387012548856E+00    0.19385901277894192101E-13
    0.28521057996796796985E+01    0.95951564058328242535E+00    0.10997667927221522106E-13
    0.28608935964864867785E+01    0.10786580289151017631E+01    0.28629729342822027621E-14
    0.28696813932932934144E+01    0.10583830422732303234E+01   -0.63725401791987989190E-14
    0.28784691901001000502E+01    0.90423264936512515177E+00   -0.16767351429958508613E-13
    0.28872569869069071302E+01    0.63840657002766820760E+00   -0.25661952500241766887E-13
    0.28960447837137137661E+01    0.29555138367518413167E+00   -0.30233440048558490859E-13
    0.29048325805205204020E+01   -0.82257458902327815209E-01   -0.30386143231397450304E-13
    0.29136203773273274820E+01   -0.45082586644545941112E+00   -0.28171284655716940112E-13
    0.29224081741341345619E+01   -0.76928033451664379339E+00   -0.24873576417638660480E-13
    0.29311959709409407537E+01   -0.10045447034855696788E+01   -0.19664518907890072090E-13
    0.29399837677477478337E+01   -0.11340922554157730762E+01   -0.11383249208491013096E-13
    0.29487715645545549137E+01   -0.11478175106128702954E+01   -0.65231958558831401681E-15
    0.29575593613613615496E+01   -0.10479600418832741848E+01    0.10340557054579106303E-13
    0.29663471581681681855E+01   -0.84764316710683063061E+00    0.19636102376428924585E-13
    0.29751349549749752654E+01   -0.56876227724692629550E+00    0.26554677269726015907E-13
    0.29839227517817819013E+01   -0.23895062307498815546E+00    0.31207492855528528589E-13
    0.29927105485885885372E+01    0.11162779778797385366E+00    0.33727932299167778722E-13
    0.30014983453953956172E+01    0.45315650619711211888E+00    0.34092278449100466401E-13
    0.30102861422022022531E+01    0.75877660571972416204E+00    0.32340497035663722888E-13
    0.30190739390090088889E+01    0.10066213807974058181E+01    0.28662177374456526437E-13
    0.30278617358158159689E+01    0.11808920896884527174E+01    0.23190045346243280151E-13
    0.30366495326226230489E+01    0.12725107934936690235E+01    0.15842453652153322284E-13
    0.30454373294294292407E+01    0.12789917688644678595E+01    0.67383582083612034255E-14
    0.30542251262362363207E+01    0.12037685519522858257E+01   -0.30586314598356115420E-14
    0.30630129230430434006E+01    0.10552761315490262195E+01   -0.11665573067847682351E-13
    0.30718007198498500365E+01    0.84569358115739734494E+00   -0.18038310833528736636E-13
    0.30805885166566566724E+01    0.58961671294669781851E+00   -0.23422493437213994409E-13
    0.30893763134634637524E+01    0.30281266977264348350E+00   -0.30076493397611490037E-13
    0.30981641102702703883E+01    0.10435797921142071169E-02   -0.38298250191600131204E-13
    0.31069519070770770242E+01   -0.30092812173003852250E+00   -0.45492640154840605104E-13
    0.31157397038838841041E+01   -0.59003450992413997156E+00   -0.48943618275978509610E-13
    0.31245275006906907400E+01   -0.85545466296445471510E+00   -0.48757748198486453846E-13
    0.31333152974974973759E+01   -0.10888759376745840157E+01   -0.47322978460914640792E-13
    0.31421030943043044559E+01   -0.12845530705802239435E+01   -0.46523952243511789624E-13
    0.31508908911111115358E+01   -0.14392413213134387373E+01   -0.46226050640544434033E-13
    0.31596786879179177276E+01   -0.15519458379278019411E+01   -0.45211987992940110658E-13
    0.31684664847247248076E+01   -0.16236121528278342208E+01   -0.42554966082222967086E-13
    0.31772542815315318876E+01   -0.16567631895173866585E+01   -0.38163513248717212939E-13
    0.31860420783383385235E+01   -0.16551028408235790579E+01   -0.32751077634017639524E-13
    0.31948298751451451594E+01   -0.16231380217909545660E+01   -0.27518172952357203047E-13
    0.32036176719519522393E+01   -0.15658364244122839892E+01   -0.23436926817512715428E-13
    0.32124054687587593193E+01   -0.14883094418072393417E+01   -0.20613612274973283338E-13
    0.32211932655655655111E+01   -0.13955658175153444756E+01   -0.18430002439475609110E-13
    0.32299810623723725911E+01   -0.12923148357808762476E+01   -0.16182069133748255274E-13
    0.32387688591791796711E+01   -0.11828153860018613130E+01   -0.13536483767577230202E-13
    0.32475566559859858629E+01   -0.10707943379784377047E+01   -0.10617493235384917479E-13
    0.32563444527927929428E+01   -0.95939268953977352439E+00   -0.79387562361006324737E-14
    0.32651322495996000228E+01   -0.85115710780648601297E+00   -0.60631345547030652053E-14
    0.32739200464064062146E+01   -0.74806183031611594991E+00   -0.51126604430238683806E-14
    0.32827078432132132946E+01   -0.65154570384876930866E+00   -0.46211477260859468849E-14
    0.32914956400200203745E+01   -0.56257001426464825489E+00   -0.39667721633428745770E-14
    0.33002834368268265663E+01   -0.48168219423751024166E+00   -0.28607559151430156619E-14
    0.33090712336336336463E+01   -0.40908272533496847778E+00   -0.14630751843390065262E-14
    0.33178590304404407263E+01   -0.34469367153385688241E+00   -0.24751828964178771847E-15
    0.33266468272472478063E+01   -0.28822237801077627006E+00    0.25981677699086393363E-15
    0.33354346240540539981E+01   -0.23921707435373695816E+00   -0.87648576412414123902E-16
    0.33442224208608610780E+01   -0.19711818873161568444E+00   -0.75438157250982462771E-15
    0.33530102176676681580E+01   -0.16129986390528797124E+00   -0.94461926646498598287E-15
    0.33617980144744743498E+01   -0.13110484193263524655E+00   -0.43950421934434863405E-15
    0.33705858112812814298E+01   -0.10587388656585540458E+00    0.17077817920523865537E-15
    0.33793736080880885098E+01   -0.84967234457826154581E-01    0.27654730388227074310E-15
    0.33881614048948947016E+01   -0.67782410213272081823E-01    0.29238655271530814184E-16
    0.33969492017017017815E+01   -0.53764872633441526673E-01    0.47134872039457868795E-16
    0.34057369985085088615E+01   -0.42413944496799686756E-01    0.49076083031531141106E-15
    0.34145247953153150533E+01   -0.33285943942788054351E-01    0.78304633134053534109E-15
    0.34233125921221221333E+01   -0.25993435277558755991E-01    0.43038270311434728209E-15
    0.34321003889289292133E+01   -0.20203149219144594939E-01   -0.18733128426930749834E-15
    0.34408881857357362932E+01   -0.15632235600631382705E-01   -0.25079782672713862330E-15
    0.34496759825425424850E+01   -0.12043465302304325396E-01    0.36327822362142798137E-15
    0.34584637793493495650E+01   -0.92401977262622694148E-02    0.78903138177798546380E-15
    0.34672515761561566450E+01   -0.70611077030448797520E-02    0.28677163936088187895E-15
    0.34760393729629628368E+01   -0.53749826424656305460E-02   -0.69288848508657904295E-15
    0.34848271697697699167E+01   -0.40760431181971236436E-02   -0.10286798886729689196E-14
    0.34936149665765769967E+01   -0.30796266598075491133E-02   -0.35642036679290173136E-15
    0.35024027633833831885E+01   -0.23183594591513595994E-02    0.45182260823410502195E-15
    0.35111905601901902685E+01   -0.17390504866853914376E-02    0.39469792107205685636E-15
    0.35199783569969973485E+01   -0.12998938055751509558E-02   -0.50300451884999331023E-15
    0.35287661538038035403E+01   -0.96823559568786059931E-03   -0.13528762659496002759E-14
    0.35375539506106106202E+01   -0.71870891917136432454E-03   -0.13497358818559454297E-14
    0.35463417474174177002E+01   -0.53165555421985513998E-03   -0.37934949605754119397E-15
    0.35551295442242247802E+01   -0.39195108159642674719E-03    0.99220977065119289013E-15
    0.35639173410310309720E+01   -0.28798521629626783105E-03    0.17753251996292393915E-14
    0.35727051378378380520E+01   -0.21089038111167093055E-03    0.12267054609529536347E-14
    0.35814929346446451319E+01   -0.15392888577616019113E-03   -0.30262780851212949482E-15
    0.35902807314514513237E+01   -0.11198640186323562205E-03   -0.13981673305967838117E-14
    0.35990685282582584037E+01   -0.81210999244116965001E-04   -0.97438051849264100647E-15
    0.36078563250650654837E+01   -0.58705960954496065314E-04    0.47794425977646753975E-15
    0.36166441218718716755E+01   -0.42303658345562552211E-04    0.14722797336889683778E-14
    0.36254319186786787554E+01   -0.30390627606487151109E-04    0.11365756195881225289E-14
    0.36342197154854858354E+01   -0.21765504927049321882E-04   -0.65340466159988870466E-16
    0.36430075122922929154E+01   -0.15541368471905289814E-04   -0.10763115092049915556E-14
    0.36517953090990991072E+01   -0.11064005689401648690E-04   -0.11783681818323018071E-14
    0.36605831059059061872E+01   -0.78531724649148257599E-05   -0.35977828640912790127E-15
    0.36693709027127132671E+01   -0.55582206897576501943E-05    0.68983495621955884832E-15
    0.36781586995195194589E+01   -0.39226480172625483934E-05    0.96667254971963658798E-15
    0.36869464963263265389E+01   -0.27605623560194297855E-05    0.69109348260033508885E-16
    0.36957342931331336189E+01   -0.19372950025529731162E-05   -0.11349035622788082451E-14
    0.37045220899399398107E+01   -0.13557430589508551695E-05   -0.12798865641308054487E-14
    0.37133098867467468907E+01   -0.94625707745611950192E-06   -0.33119024570637719618E-16
    0.37220976835535539706E+01   -0.65869058046975818964E-06    0.14765242275375255289E-14
    0.37308854803603601624E+01   -0.45730770116501216444E-06    0.19482499954870928705E-14
    0.37396732771671672424E+01   -0.31665326666107380741E-06    0.12077667529643563588E-14
    0.37484610739739743224E+01   -0.21868219686479951159E-06    0.56507998699668907309E-16
    0.37572488707807814023E+01   -0.15066162146827920460E-06   -0.69580849939512505861E-15
    0.37660366675875875941E+01   -0.10354916016511380765E-06   -0.79452560754536267416E-15
    0.37748244643943946741E+01   -0.70996720360815588105E-07   -0.42083418792946683428E-15
    0.37836122612012017541E+01   -0.48555828751590948565E-07    0.68769881517425969822E-16
    0.37924000580080079459E+01   -0.33126399884259025969E-07    0.36747306988216530540E-15
    0.38011878548148150259E+01   -0.22554065644241390172E-07    0.40549025243403053245E-15
    0.38099756516216221058E+01   -0.15325256706239205665E-07    0.35448072483854241960E-15
    0.38187634484284282976E+01   -0.10390710629444058636E-07    0.36935582885743517594E-15
    0.38275512452352353776E+01   -0.70276027288907677259E-08    0.36380694527657857466E-15
    0.38363390420420424576E+01   -0.47418088958387519654E-08    0.13135892860184768113E-15
    0.38451268388488486494E+01   -0.31947209506706803146E-08   -0.35280278414258498693E-15
    0.38539146356556557294E+01   -0.21495281105689428670E-08   -0.83682940070474786327E-15
    0.38627024324624628093E+01   -0.14433612670665552686E-08   -0.10146296601525415836E-14
    0.38714902292692698893E+01   -0.96630502506225010977E-09   -0.76848632938412520768E-15
    0.38802780260760760811E+01   -0.64520989495331013751E-09   -0.22980802473327640681E-15
    0.38890658228828831611E+01   -0.43055247314120490197E-09    0.27339979467600649658E-15
    0.38978536196896902410E+01   -0.28730967317360533202E-09    0.37343812385304574699E-15
    0.39066414164964964328E+01   -0.19131369315963711038E-09   -0.43407410996849626835E-16
    0.39154292133033035128E+01   -0.12676163922315792918E-09   -0.63598889996866812827E-15
    0.39242170101101105928E+01   -0.83659141192283859306E-10   -0.86133663091520568147E-15
    0.39330048069169167846E+01   -0.55302447021223182577E-10   -0.45911629802846781052E-15
    0.39417926037237238646E+01   -0.36693678512442300882E-10    0.33879831111422664631E-15
    0.39505804005305309445E+01   -0.24281235444248926465E-10    0.10128510916390611510E-14
    0.39593681973373371363E+01   -0.15889751824622955148E-10    0.10555776793535406271E-14
    0.39681559941441442163E+01   -0.10315007102947898462E-10    0.29924513675091057152E-15
    0.39769437909509512963E+01   -0.67534098047591908071E-11   -0.78605233644943251374E-15
    0.39857315877577583763E+01   -0.44910707539074022903E-11   -0.12829460907737465131E-14
    0.39945193845645645681E+01   -0.29740062369302074755E-11   -0.69781051628677284854E-15
    0.40033071813713716480E+01   -0.19106807537921599620E-11    0.37133586295438273823E-15
    0.40120949781781787280E+01   -0.12013300626225838120E-11    0.82707604427562841797E-15
    0.40208827749849849198E+01   -0.77864913934014983384E-12    0.28406855746561938333E-15
    0.40296705717917919998E+01   -0.53256970385933337722E-12   -0.57717850887819287062E-15
    0.40384583685985990797E+01   -0.36037448508806020441E-12   -0.90753281620095401566E-15
    0.40472461654054052715E+01   -0.22291326784875537020E-12   -0.56891231081767916475E-15
    0.40560339622122123515E+01   -0.12903772830876894666E-12   -0.14344458614071624642E-16
    0.40648217590190194315E+01   -0.83334511564743577056E-13    0.35045254617251432503E-15
    0.40736095558258256233E+01   -0.64058562016167837360E-13    0.47093140427415713561E-15
    0.40823973526326327033E+01   -0.46033565282840974435E-13    0.43922110051551573525E-15
    0.40911851494394397832E+01   -0.24572959100455273915E-13    0.26297096660681212645E-15
    0.40999729462462468632E+01   -0.10072369588972648391E-13   -0.88291599586106114192E-16
    0.41087607430530530550E+01   -0.78075102548096238880E-14   -0.50142113949151038025E-15
    0.41175485398598601350E+01   -0.10351138667820871001E-13   -0.70717655268259035150E-15
    0.41263363366666672150E+01   -0.85307656855010067074E-14   -0.51047285129092617214E-15
    0.41351241334734734068E+01   -0.23095969475455094416E-14    0.40531731610768243579E-17
    0.41439119302802804867E+01    0.19263362838503964916E-14    0.52823800568729027629E-15
    0.41526997270870875667E+01    0.84335341247440537276E-15    0.72618186446125548925E-15
    0.41614875238938937585E+01   -0.23751812221192273417E-14    0.41380801136575979235E-15
    0.41702753207007008385E+01   -0.32825367529147263461E-14   -0.29771104498029969684E-15
    0.41790631175075079184E+01   -0.14232863581969777053E-14   -0.96389097520759110564E-15
    0.41878509143143141102E+01    0.54668335147077685356E-15   -0.11125120257999706671E-14
    0.41966387111211211902E+01    0.79681464293779293043E-15   -0.69470962228771385324E-15
    0.42054265079279282702E+01   -0.52062390641183059083E-16   -0.14749458005047856367E-15
    0.42142143047347353502E+01   -0.65877418938790161188E-15    0.76591713906777997108E-16
    0.42230021015415415420E+01   -0.76481897059810512778E-15   -0.65240669475684626093E-16
    0.42317898983483486219E+01   -0.93117458685746772916E-15   -0.30464336417482505812E-15
    0.42405776951551557019E+01   -0.12735969580683898454E-14   -0.41878689542165346469E-15
    0.42493654919619618937E+01   -0.11508075680462912079E-14   -0.39092136359237065297E-15
    0.42581532887687689737E+01   -0.19682888632531384620E-15   -0.28892249265362096221E-15
    0.42669410855755760537E+01    0.84705408670244158979E-15   -0.13266508956986071399E-15
    0.42757288823823822455E+01    0.89694120723800560272E-15    0.86359877916392879572E-16
    0.42845166791891893254E+01   -0.43091348888391218417E-17    0.31387710642125150918E-15
    0.42933044759959964054E+01   -0.54820848568720647899E-15    0.42631561319542377667E-15
    0.43020922728028034854E+01    0.17636251096770894691E-15    0.34118528661620381534E-15
    0.43108800696096096772E+01    0.13555272765929683786E-14    0.11180143623840729466E-15
    0.43196678664164167571E+01    0.14564685478189017976E-14   -0.10863186285365356636E-15
    0.43284556632232238371E+01    0.27528486909707081280E-15   -0.16917818992427605877E-15
    0.43372434600300300289E+01   -0.70354006513029455593E-15   -0.74947743106848987541E-17
    0.43460312568368371089E+01   -0.22646282762003191131E-15    0.29102776184649956628E-15
    0.43548190536436441889E+01    0.11040953884026104830E-14    0.49268391224296686767E-15
    0.43636068504504503807E+01    0.16743072509297337990E-14    0.39437980441570871995E-15
    0.43723946472572574606E+01    0.83404341155157749806E-15    0.67883195679291019350E-16
    0.43811824440640645406E+01   -0.50217718349671492836E-15   -0.15975978661122371832E-15
    0.43899702408708707324E+01   -0.11170062526530830589E-14   -0.70093318844798502179E-16
    0.43987580376776778124E+01   -0.71385812619797301568E-15    0.16962239592554532641E-15
    0.44075458344844848924E+01    0.17128076698281325455E-15    0.23735411030445894434E-15
    0.44163336312912919723E+01    0.89573145367894946480E-15    0.10564389367515275739E-15
    0.44251214280980981641E+01    0.11319370310355276043E-14    0.98808141897719550570E-16
    0.44339092249049052441E+01    0.85049267542730638136E-15    0.43353602054480811472E-15
    0.44426970217117123241E+01    0.22530126571624093577E-15    0.85472623291455535415E-15
    0.44514848185185185159E+01   -0.44504310794967493632E-15    0.90751788897962970660E-15
    0.44602726153253255958E+01   -0.81313064817357987195E-15    0.48707573550005231836E-15
    0.44690604121321326758E+01   -0.61457106060719191050E-15   -0.27270280218035650053E-16
    0.44778482089389388676E+01    0.13114143580791730473E-15   -0.18562120190739600520E-15
    0.44866360057457459476E+01    0.10095532343117796178E-14    0.13328388679293914726E-15
    0.44954238025525530276E+01    0.14358331946385683084E-14    0.70422578233348228698E-15
    0.45042115993593592194E+01    0.10326681262698954835E-14    0.11332493018612924098E-14
    0.45129993961661662993E+01   -0.12750627408130179020E-15    0.10805284011228515174E-14
    0.45217871929729733793E+01   -0.14669229566811655763E-14    0.52271496204316617454E-15
    0.45305749897797804593E+01   -0.20443443942279300009E-14   -0.12387523276467318638E-15
    0.45393627865865866511E+01   -0.12243123679877914869E-14   -0.35411238203043475110E-15
    0.45481505833933937311E+01    0.49777356535969074372E-15   -0.10845152544329895705E-15
    0.45569383802002008110E+01    0.16534740945704416477E-14    0.16991527016205793583E-15
    0.45657261770070070028E+01    0.11881703118573328493E-14    0.83236502564645510630E-16
    0.45745139738138140828E+01   -0.44622123592358203387E-15   -0.27109970034768606795E-15
    0.45833017706206211628E+01   -0.18614346920668269114E-14   -0.52114886487829592514E-15
    0.45920895674274273546E+01   -0.20455470230871807477E-14   -0.52792441364123412795E-15
    0.46008773642342344345E+01   -0.99889153877119932097E-15   -0.50479989025671186380E-15
    0.46096651610410415145E+01    0.52204705500325475181E-15   -0.63972808577627353851E-15
    0.46184529578478477063E+01    0.14772849828889536932E-14   -0.78267189465417650330E-15
    0.46272407546546547863E+01    0.11911700088920527327E-14   -0.62539186721586310017E-15
    0.46360285514614618663E+01   -0.45758243371672249486E-17   -0.91050288002453508098E-16
    0.46448163482682689462E+01   -0.94409621770285418969E-15    0.54609266730581190699E-15
    0.46536041450750751380E+01   -0.79206737749638706556E-15    0.88615406967901621475E-15
    0.46623919418818822180E+01    0.81505874477235197873E-16    0.66228357513984584240E-15
    0.46711797386886892980E+01    0.69507360119567431909E-15   -0.90572608694789322942E-16
    0.46799675354954954898E+01    0.65511534724355200194E-15   -0.94303632387424135973E-15
    0.46887553323023025698E+01    0.44289019609581412703E-15   -0.12743642890782460885E-14
    0.46975431291091096497E+01    0.55873576724914741510E-15   -0.82411855334581896290E-15
    0.47063309259159158415E+01    0.80737300212170342359E-15   -0.51431664977556340749E-16
    0.47151187227227229215E+01    0.65149812001009089097E-15    0.29660794777698679005E-15
    0.47239065195295300015E+01    0.40094959980008197682E-17   -0.67578436124166088900E-16
    0.47326943163363361933E+01   -0.61337337037411484899E-15   -0.77011002237963589928E-15
    0.47414821131431432732E+01   -0.69813030832915809969E-15   -0.12489514955380459708E-14
    0.47502699099499503532E+01   -0.30539753424729731603E-15   -0.12159722744938592508E-14
    0.47590577067567574332E+01    0.11426215948568173338E-15   -0.71980959207134750901E-15
    0.47678455035635636250E+01    0.18402194165856844338E-15   -0.18559027708594775269E-16
    0.47766333003703707050E+01   -0.14303281136354387169E-15    0.56020369093039580221E-15
    0.47854210971771777849E+01   -0.60343260271982255066E-15    0.76201931622740517973E-15
    0.47942088939839839767E+01   -0.75674378474284480986E-15    0.51822740780797170678E-15
    0.48029966907907910567E+01   -0.32071464166617278198E-15   -0.34072447612387208706E-16
    0.48117844875975981367E+01    0.45424410550882446604E-15   -0.58597730259998743024E-15
    0.48205722844044043285E+01    0.88896676260632278943E-15   -0.78325808033523569279E-15
    0.48293600812112114085E+01    0.54136408608677465907E-15   -0.45656201210429948144E-15
    0.48381478780180184884E+01   -0.30111126350485017839E-15    0.22598782001408486305E-15
    0.48469356748248246802E+01   -0.94412593001557740284E-15    0.89449541849158620364E-15
    0.48557234716316317602E+01   -0.94276793827378489601E-15    0.12343593476666566520E-14
    0.48645112684384388402E+01   -0.37801956766446360126E-15    0.11384816560271523265E-14
    0.48732990652452459202E+01    0.33287233640026236992E-15    0.72774159478539756647E-15
    0.48820868620520521119E+01    0.70998944372594667189E-15    0.30243270828042055831E-15
    0.48908746588588591919E+01    0.49897882989064404679E-15    0.15396209443281912487E-15
    0.48996624556656662719E+01   -0.79212622162124839962E-16    0.33710116629456105852E-15
    0.49084502524724724637E+01   -0.46229856208056275591E-15    0.65175926457615213382E-15
    0.49172380492792795437E+01   -0.31749818902567988044E-15    0.86852989221790832388E-15
    0.49260258460860866236E+01    0.70922404946924057853E-16    0.91281373631338640733E-15
    0.49348136428928928154E+01    0.17462551906615701897E-15    0.80496294013777902598E-15
    0.49436014396996998954E+01   -0.12741407426079238107E-15    0.51082384308129196249E-15
    0.49523892365065069754E+01   -0.46476557413720307171E-15   -0.27696223126570102334E-16
    0.49611770333133140554E+01   -0.55299882438634009977E-15   -0.65468462152871804396E-15
    0.49699648301201202472E+01   -0.60389210592063888985E-15   -0.90258472023357925244E-15
    0.49787526269269273271E+01   -0.92254157757565206682E-15   -0.40730296866458252553E-15
    0.49875404237337344071E+01   -0.12359673828565540094E-14    0.52755643608860594973E-15
    0.49963282205405405989E+01   -0.83594808984403416665E-15    0.10474072926664743901E-14
    0.50051160173473476789E+01    0.35177080919917192383E-15    0.63765294612310618142E-15
    0.50139038141541547589E+01    0.11628291170832129978E-14   -0.25744243263964716908E-15
    0.50226916109609609506E+01    0.38182607865922089462E-15   -0.77629394575574118955E-15
    0.50314794077677680306E+01   -0.15046223547266586633E-14   -0.60572590691235880675E-15
    0.50402672045745751106E+01   -0.24809005337376581181E-14   -0.17745954013785584657E-15
    0.50490550013813813024E+01   -0.13532498380505530068E-14    0.20778272343924127359E-16
    0.50578427981881883824E+01    0.62943674972944252330E-15    0.31771644496231784350E-17
    0.50666305949949954623E+01    0.12744748009735082987E-14    0.52850288874009823676E-16
    0.50754183918018025423E+01    0.53806558884715757851E-16    0.19634374804860191968E-15
    0.50842061886086087341E+01   -0.14760326729804300542E-14    0.14300191939287667873E-15
    0.50929939854154158141E+01   -0.17425363422632726822E-14   -0.24601614108690848713E-15
    0.51017817822222228941E+01   -0.82444161043795728072E-15   -0.63324506759166503153E-15
    0.51105695790290290859E+01    0.16516729330183271124E-15   -0.53497814422537103941E-15
    0.51193573758358361658E+01    0.56540181356971101302E-15    0.11968790209710577129E-15
    0.51281451726426432458E+01    0.60533004343277261217E-15    0.89268945756558867197E-15
    0.51369329694494494376E+01    0.64215010098036938710E-15    0.12634098285868144432E-14
    0.51457207662562565176E+01    0.54983566259323681999E-15    0.10183876133249223047E-14
    0.51545085630630635976E+01    0.70680000762602162992E-16    0.30285872839853868935E-15
    0.51632963598698697893E+01   -0.51198072133647962332E-15   -0.48668572686840000142E-15
    0.51720841566766768693E+01   -0.46845991996983182735E-15   -0.90785723126556958003E-15
    0.51808719534834839493E+01    0.43767243559504968835E-15   -0.77298411476000281396E-15
    0.51896597502902910293E+01    0.13823853542559359558E-14   -0.32149416703651011262E-15
    0.51984475470970972211E+01    0.13264255622409285633E-14    0.81395440555294157558E-17
    0.52072353439039043010E+01    0.30544220703949400205E-15   -0.48891977151417871379E-16
    0.52160231407107113810E+01   -0.55059037955993963337E-15   -0.42499032995389997358E-15
    0.52248109375175184610E+01   -0.38711152006513039316E-15   -0.80380419176414768817E-15
    0.52335987343243246528E+01    0.38289496018736860528E-15   -0.79250499974490086876E-15
    0.52423865311311317328E+01    0.73046501646040865399E-15   -0.23496082115874612445E-15
    0.52511743279379388127E+01    0.24249153708720086325E-15    0.48419575378599812354E-15
    0.52599621247447450045E+01   -0.57062820701534465872E-15    0.67162893803400649552E-15
    0.52687499215515520845E+01   -0.98753978846008208818E-15    0.12169105252577193208E-15
    0.52775377183583591645E+01   -0.73266842094826042743E-15   -0.44763669211311738477E-15
    0.52863255151651653563E+01   -0.49516430274073596318E-16   -0.18513486669852276738E-15
    0.52951133119719724363E+01    0.49208986197043688562E-15    0.74487869420333255191E-15
    0.53039011087787795162E+01    0.34339707929569349797E-15    0.12295538588367923769E-14
    0.53126889055855857080E+01   -0.53280749260166379036E-15    0.57236785756855798943E-15
    0.53214767023923927880E+01   -0.14490698448016161998E-14   -0.58178375614901078936E-15
    0.53302644991991998680E+01   -0.15924472525158789549E-14   -0.10520126587232087300E-14
    0.53390522960060069479E+01   -0.86226761410525487347E-15   -0.49881616150736931060E-15
    0.53478400928128131397E+01    0.53910334282318764865E-16    0.33957965136825385040E-15
    0.53566278896196202197E+01    0.41592242699574765390E-15    0.63595621040835628897E-15
    0.53654156864264272997E+01    0.48911789851895556513E-16    0.28220151651078543787E-15
    0.53742034832332334915E+01   -0.68396329575510591512E-15   -0.28429330213343288151E-15
    0.53829912800400405715E+01   -0.11829803680252214992E-14   -0.62367829727145547873E-15
    0.53917790768468476514E+01   -0.96929675771698485459E-15   -0.56314483019264104987E-15
    0.54005668736536538432E+01   -0.79280648761150028729E-16   -0.16196037131125226868E-15
    0.54093546704604609232E+01    0.81271518071995390585E-15    0.37556524050510677582E-15
    0.54181424672672680032E+01    0.10095003837162731052E-14    0.80518342368531555077E-15
    0.54269302640740750832E+01    0.58893351792054958258E-15    0.95051038094485269414E-15
    0.54357180608808812750E+01    0.31601381267322205675E-15    0.77662997212579541340E-15
    0.54445058576876883549E+01    0.64157172878737955737E-15    0.42543356226977838192E-15
    0.54532936544944954349E+01    0.10691047163358315142E-14    0.17780947588946820184E-15
    0.54620814513013016267E+01    0.84742790369252263733E-15    0.23776609664490774198E-15
    0.54708692481081087067E+01    0.50638870312816507511E-16    0.48805958298822745675E-15
    0.54796570449149157866E+01   -0.44565684053232728799E-15    0.56668414736967230261E-15
    0.54884448417217219784E+01   -0.12345050553843996623E-15    0.26882973459687346069E-15
    0.54972326385285290584E+01    0.43621102481399128741E-15   -0.20152425505807090288E-15
    0.55060204353353361384E+01    0.33472311000693746560E-15   -0.49667053743587087838E-15
    0.55148082321421423302E+01   -0.41875298016909554609E-15   -0.54249393212744648214E-15
    0.55235960289489494102E+01   -0.90080171083460226711E-15   -0.55473268672740871256E-15
    0.55323838257557564901E+01   -0.51088299919174148134E-15   -0.64625976801771670753E-15
    0.55411716225625635701E+01    0.21512253092988290288E-15   -0.58668927066055258751E-15
    0.55499594193693697619E+01    0.35074864284688746029E-15   -0.10846025743567144437E-15
    0.55587472161761768419E+01   -0.21214156407934170823E-15    0.63813491742450539977E-15
    0.55675350129829839219E+01   -0.68351962272132466990E-15    0.11214520922294184692E-14
    0.55763228097897901137E+01   -0.44118163564634046585E-15    0.96106597983628906626E-15
    0.55851106065965971936E+01    0.21984746229124664873E-15    0.30522921076211509497E-15
    0.55938984034034042736E+01    0.56745237125782909733E-15   -0.37033385402710843677E-15
    0.56026862002102104654E+01    0.30372001650862714056E-15   -0.66546514375533006770E-15
    0.56114739970170175454E+01   -0.22614625212159961604E-15   -0.47306764314618786118E-15
    0.56202617938238246253E+01   -0.50126945657399479552E-15    0.13113645425050181157E-17
    0.56290495906306308171E+01   -0.26204959780741338712E-15    0.33717882262703131022E-15
    0.56378373874374378971E+01    0.37215858470031674655E-15    0.22369632333686978455E-15
    0.56466251842442449771E+01    0.94325221573912449640E-15   -0.19363692604116489020E-15
    0.56554129810510520571E+01    0.92822208045535609743E-15   -0.43269798700963570711E-15
    0.56642007778578582489E+01    0.22834504557229941509E-15   -0.24793262988727146839E-15
    0.56729885746646653288E+01   -0.60013558328198936679E-15    0.37374610203567417419E-16
    0.56817763714714724088E+01   -0.84070184218862062363E-15   -0.36764048480047043400E-16
    0.56905641682782786006E+01   -0.30765791200582457925E-15   -0.43408180969631775378E-15
    0.56993519650850856806E+01    0.54518716091793029212E-15   -0.64596359030383095420E-15
    0.57081397618918927606E+01    0.10934169968949465201E-14   -0.35809228416492131176E-15
    0.57169275586986989524E+01    0.97434737525085621519E-15    0.12205619991114990522E-15
    0.57257153555055060323E+01    0.23014078010277618691E-15    0.25361041005299963799E-15
    0.57345031523123131123E+01   -0.69407845829478614917E-15   -0.11176802787950495775E-15
    0.57432909491191193041E+01   -0.11875629279055162943E-14   -0.61739706945895606909E-15
    0.57520787459259263841E+01   -0.92766952523703025066E-15   -0.79583803450215440808E-15
    0.57608665427327334640E+01   -0.15031434807795179528E-15   -0.43207140790351411790E-15
    0.57696543395395405440E+01    0.60440120394659439278E-15    0.32036439131083132388E-15
    0.57784421363463467358E+01    0.91281181814415561754E-15    0.95823799238362717338E-15
    0.57872299331531538158E+01    0.66651173104123007281E-15    0.92838369130435649679E-15
    0.57960177299599608958E+01    0.48374823094233276614E-16    0.17993363253718710896E-15
    0.58048055267667670876E+01   -0.56869677140275408005E-15   -0.61191850051678836571E-15
    0.58135933235735741675E+01   -0.83852314281296477908E-15   -0.70745812708161164841E-15
    0.58223811203803812475E+01   -0.66988218228584906635E-15   -0.15579720132300737422E-15
    0.58311689171871874393E+01   -0.24085843440041830034E-15    0.29592561373053654279E-15
    0.58399567139939945193E+01    0.19027120344764190512E-15    0.18497542558180711473E-15
    0.58487445108008015993E+01    0.44546007792347584818E-15   -0.82340095057560017927E-16
    0.58575323076076077911E+01    0.45235302056661974984E-15    0.10450862513976104173E-15
    0.58663201044144148710E+01    0.22362871503425251975E-15    0.59421124063654381514E-15
    0.58751079012212219510E+01   -0.13658817230768172688E-15    0.59303976110401646973E-15
    0.58838956980280290310E+01   -0.40282507720424034724E-15   -0.20025572869402578667E-15
    0.58926834948348352228E+01   -0.28474503140815837732E-15   -0.97244787252083405638E-15
    0.59014712916416423027E+01    0.30218318712939968400E-15   -0.72307076432193785671E-15
    0.59102590884484493827E+01    0.96431674530304294130E-15    0.44388819515544088047E-15
    0.59190468852552555745E+01    0.10647861967422140877E-14    0.13825467263468553071E-14
    0.59278346820620626545E+01    0.41890218209525633932E-15    0.12300641810282535173E-14
    0.59366224788688697345E+01   -0.36475306954295701650E-15    0.28438359108226647052E-15
    0.59454102756756759263E+01   -0.52640333231942611593E-15   -0.56956744193751887438E-15
    0.59541980724824830062E+01   -0.19516725369880329761E-16   -0.84682174700427685240E-15
    0.59629858692892900862E+01    0.51000019341357929077E-15   -0.69371894580322325426E-15
    0.59717736660960962780E+01    0.56106451563225393606E-15   -0.40923253415294673166E-15
    0.59805614629029033580E+01    0.31678538184230428866E-15   -0.82473356169347994260E-16
    0.59893492597097104380E+01    0.23651157736089343487E-15    0.28202235631157815206E-15
    0.59981370565165175179E+01    0.40154335906561718346E-15    0.51365732810351876174E-15
    0.60069248533233237097E+01    0.47704777400733810015E-15    0.35230616290220053562E-15
    0.60157126501301307897E+01    0.24018232819734146853E-15   -0.17958862059831165453E-15
    0.60245004469369378697E+01   -0.86674974428128798828E-16   -0.61863698806744685836E-15
    0.60332882437437440615E+01   -0.12425886112275464509E-15   -0.48724631885408275298E-15
    0.60420760405505511415E+01    0.21449445042310990797E-15    0.16149272608992364440E-15
    0.60508638373573582214E+01    0.66706478782436102875E-15    0.77866099765551123988E-15
    0.60596516341641644132E+01    0.92331010364996572214E-15    0.87952717458770168163E-15
    0.60684394309709714932E+01    0.86570580573033894914E-15    0.44417834584969258640E-15
    0.60772272277777785732E+01    0.56289969128115832182E-15   -0.20201953671538073724E-15
    0.60860150245845856531E+01    0.17807663482908203468E-15   -0.67757316637540256106E-15
    0.60948028213913918449E+01   -0.10879130685252259191E-15   -0.74183038719581542794E-15
    0.61035906181981989249E+01   -0.16345177838287594168E-15   -0.39923516009015194988E-15
    0.61123784150050060049E+01    0.44178889292224159925E-16    0.92915832626726991653E-16
    0.61211662118118121967E+01    0.38672882268044393483E-15    0.41090658476753928574E-15
    0.61299540086186192767E+01    0.56179082551039828414E-15    0.39179412875512024803E-15
    0.61387418054254263566E+01    0.28539324561028680368E-15    0.90457751141893656242E-16
    0.61475296022322325484E+01   -0.33944953208739770166E-15   -0.31695311507290557252E-15
    0.61563173990390396284E+01   -0.73188650279629919830E-15   -0.63125224955932961882E-15
    0.61651051958458467084E+01   -0.41916359744958077804E-15   -0.68956775959734625451E-15
    0.61738929926526529002E+01    0.29324644520196045292E-15   -0.41337767463779278827E-15
    0.61826807894594599802E+01    0.58063110704837420102E-15    0.12986976203231350436E-15
    0.61914685862662670601E+01    0.15816392337853069878E-15    0.65911433416486025802E-15
    0.62002563830730741401E+01   -0.22442209994805244714E-15    0.74694706497266910015E-15
    0.62090441798798803319E+01    0.22914284755268446214E-15    0.19055520266824291441E-15
    0.62178319766866874119E+01    0.11214677205756628391E-14   -0.61462795172570941901E-15
    0.62266197734934944918E+01    0.11922291739706755546E-14   -0.92108908308369269091E-15
    0.62354075703003006836E+01   -0.37767855690981739955E-17   -0.40263001234739756425E-15
    0.62441953671071077636E+01   -0.12680466691630294007E-14    0.44348021655909899431E-15
    0.62529831639139148436E+01   -0.11746994146290600941E-14    0.85929066437161764524E-15
    0.62617709607207210354E+01    0.91691910728213999360E-16    0.60522722915700921588E-15
    0.62705587575275281154E+01    0.96698562027026804597E-15    0.61492212993011747702E-16
    0.62793465543343351953E+01    0.50945646706605584412E-15   -0.26244358014866397040E-15
    0.62881343511411413871E+01   -0.46612857733361681348E-15   -0.13350323909765113265E-15
    0.62969221479479484671E+01   -0.62550754992970374585E-15    0.34080835594630532490E-15
    0.63057099447547555471E+01    0.14597249160278570006E-15    0.78972377473532992099E-15
    0.63144977415615626271E+01    0.77993862741563286355E-15    0.81310503544619917303E-15
    0.63232855383683688189E+01    0.57438365751571313232E-15    0.33603600623308565145E-15
    0.63320733351751758988E+01    0.77420906687208819846E-16   -0.25562621529533425407E-15
    0.63408611319819829788E+01    0.13454869827854894016E-15   -0.48770687121628878074E-15
    0.63496489287887891706E+01    0.57758718061798771559E-15   -0.26194417642141125077E-15
    0.63584367255955962506E+01    0.41911451937643414446E-15    0.13938598734457807284E-15
    0.63672245224024033305E+01   -0.69275177310634703083E-15    0.43734274245856224313E-15
    0.63760123192092095223E+01   -0.17438965531174146357E-14    0.60288482836926315220E-15
    0.63848001160160166023E+01   -0.15019616114147839321E-14    0.70994575802259294048E-15
    0.63935879128228236823E+01   -0.18954588639294771676E-16    0.70645809677423435242E-15
    0.64023757096296298741E+01    0.14214015180915988461E-14    0.46629926503973506014E-15
    0.64111635064364369541E+01    0.16628768224313348789E-14    0.71147424253332432213E-16
    0.64199513032432440340E+01    0.64187033967500562974E-15   -0.10800539746010008764E-15
    0.64287391000500511140E+01   -0.81096948154590757942E-15    0.18647562494287766852E-15
    0.64375268968568573058E+01   -0.15656610459713436546E-14    0.65423719273580913153E-15
    0.64463146936636643858E+01   -0.87592676124871258652E-15    0.66571807506012830914E-15
    0.64551024904704714658E+01    0.90716343590048068605E-15    0.35493365153666569441E-16
    0.64638902872772776576E+01    0.22819134005029826597E-14   -0.62904372393517847297E-15
    0.64726780840840847375E+01    0.19474584126965164786E-14   -0.60859576342609838875E-15
    0.64814658808908918175E+01    0.28469598237992285203E-15    0.75509853459265444053E-16
    0.64902536776976980093E+01   -0.10256462253402561209E-14    0.73632865605550242040E-15
    0.64990414745045050893E+01   -0.89493004423380575186E-15    0.85402980544994716103E-15
    0.65078292713113121692E+01    0.10007121597734458288E-15    0.56610060267710998067E-15
    0.65166170681181183610E+01    0.71568028677492202227E-15    0.26123373953682709768E-15
    0.65254048649249254410E+01    0.48445027032336499486E-15   -0.23636281015445666546E-17
    0.65341926617317325210E+01   -0.90557793319069374010E-16   -0.44356348283808864350E-15
    0.65429804585385396010E+01   -0.36927336444454786953E-15   -0.99672646296729967698E-15
    0.65517682553453457928E+01   -0.18803581558796044991E-15   -0.11147826177148423867E-14
    0.65605560521521528727E+01    0.22096001316499768129E-15   -0.44599273577062813668E-15
    0.65693438489589599527E+01    0.51930574799958258209E-15    0.42422649546250296875E-15
    0.65781316457657661445E+01    0.48633700083004405739E-15    0.42146149985373564816E-15
    0.65869194425725732245E+01    0.17623982058401435003E-15   -0.64166065996436442866E-15
    0.65957072393793803045E+01   -0.85227310222201024968E-16   -0.15362910692127522826E-14
    0.66044950361861864963E+01   -0.18829455408276608790E-16   -0.10389178078981500585E-14
    0.66132828329929935762E+01    0.26802804664982882060E-15    0.41345665187975631716E-15
    0.66220706297998006562E+01    0.36781228288879048005E-15    0.11748335604498626748E-14
    0.66308584266066068480E+01   -0.34523966099290251537E-17    0.49160938367144072238E-15
    0.66396462234134139280E+01   -0.73900110264552844501E-15   -0.49643424954795626125E-15
    0.66484340202202210079E+01   -0.14678555191054849525E-14   -0.36119754496501819034E-15
    0.66572218170270280879E+01   -0.17985924180858482052E-14    0.63004808363998605212E-15
    0.66660096138338342797E+01   -0.15324930405516171259E-14    0.90785351895545991515E-15
    0.66747974106406413597E+01   -0.83889756907510410194E-15   -0.15870117160413956069E-15
    0.66835852074474484397E+01   -0.23454140422078494515E-15   -0.12194496690434485511E-14
    0.66923730042542546315E+01   -0.17546824757215162394E-15   -0.71770310854028728349E-15
    0.67011608010610617114E+01   -0.62249576401269248746E-15    0.94487651216828292365E-15
    0.67099485978678687914E+01   -0.11113527325908798379E-14    0.18418504607780985326E-14
    0.67187363946746749832E+01   -0.12159853558736734239E-14    0.96052262324349508971E-15
    0.67275241914814820632E+01   -0.86423651307306401533E-15   -0.56049765076715634941E-15
    0.67363119882882891432E+01   -0.27477029136642918668E-15   -0.10192476877932140451E-14
    0.67450997850950962231E+01    0.22358145898981273896E-15   -0.20642997185789696689E-15
    0.67538875819019024149E+01    0.38160263520321480655E-15    0.66127629036435172517E-15
    0.67626753787087094949E+01    0.21506052558612248613E-15    0.64671416519558420762E-15
    0.67714631755155165749E+01    0.26387758276574793216E-16    0.71308522995877608921E-16
    0.67802509723223227667E+01    0.10315915480576115894E-15   -0.28409718321058774587E-15
    0.67890387691291298466E+01    0.39638558301332867718E-15   -0.29581028521253990110E-15
    0.67978265659359369266E+01    0.61066356801677399857E-15   -0.44117899031386520906E-15
    0.68066143627427431184E+01    0.60299525895502643074E-15   -0.85352549984854630764E-15
    0.68154021595495501984E+01    0.55715175121353921520E-15   -0.92830846073493730497E-15
    0.68241899563563572784E+01    0.65537179437067547447E-15   -0.19011180735850760729E-15
    0.68329777531631634702E+01    0.70833980303666338003E-15    0.74197149430389911063E-15
    0.68417655499699705501E+01    0.35703351505902810841E-15    0.65618309238122967445E-15
    0.68505533467767776301E+01   -0.30958645695047270377E-15   -0.67164414203252324374E-15
    0.68593411435835847101E+01   -0.59725624068350779438E-15   -0.18784188606524452303E-14
    0.68681289403903909019E+01   -0.25487251083147479382E-16   -0.15334673542973613262E-14
    0.68769167371971979819E+01    0.82197156755427041260E-15    0.11439344695226115210E-15
    0.68857045340040050618E+01    0.78855297553959567119E-15    0.14759651086966914358E-14
    0.68944923308108112536E+01   -0.38937829185338209558E-15    0.15098021346583465211E-14
    0.69032801276176183336E+01   -0.15233297988581140590E-14    0.72646155091533985392E-15
    0.69120679244244254136E+01   -0.13476622774835081488E-14    0.18982661145452499772E-15
    0.69208557212312316054E+01   -0.93196687004513083813E-16    0.18782936417491564050E-15
    0.69296435180380386853E+01    0.83986511097633554418E-15    0.23010905385715923880E-15
    0.69384313148448457653E+01    0.60418661503900836355E-15    0.27881727676421659963E-16
    0.69472191116516519571E+01   -0.20833598264199778087E-15   -0.29988718509919894260E-16
    0.69560069084584590371E+01   -0.53995983717737061342E-15    0.45209520356881429494E-15
    0.69647947052652661171E+01   -0.13652385023916622776E-15    0.10893898267904105136E-14
    0.69735825020720731970E+01    0.43047954719546121233E-15    0.10365435977613046726E-14
    0.69823702988788793888E+01    0.66103809892996386016E-15    0.10004759378127404107E-15
    0.69911580956856864688E+01    0.63932205436388300543E-15   -0.82658025547834579418E-15
    0.69999458924924935488E+01    0.64910296132133067237E-15   -0.75450323519542455406E-15
    0.70087336892992997406E+01    0.65147363365639578643E-15    0.25117523588285830792E-15
    0.70175214861061068206E+01    0.37100961471780829054E-15    0.11984532207782341512E-14
    0.70263092829129139005E+01   -0.18369899203017376318E-15    0.12259521137782884991E-14
    0.70350970797197200923E+01   -0.54101568638043751070E-15    0.29481630891413764784E-15
    0.70438848765265271723E+01   -0.30499952886698680225E-15   -0.97449118697615648952E-15
    0.70526726733333342523E+01    0.26240608949406186156E-15   -0.17276626548103454819E-14
    0.70614604701401404441E+01    0.46252724884158965635E-15   -0.13923592310918986162E-14
    0.70702482669469475240E+01   -0.50269974326480333310E-16   -0.22279460936700008831E-15
    0.70790360637537546040E+01   -0.87586574880608292960E-15    0.69471661886051151782E-15
    0.70878238605605616840E+01   -0.13138074718968126998E-14    0.44010473856529445805E-15
    0.70966116573673678758E+01   -0.96895862746747163799E-15   -0.72458763065239500831E-15
    0.71053994541741749558E+01    0.20362692722848936412E-16   -0.16501458140642778132E-14
    0.71141872509809820357E+01    0.10468061366338007981E-14   -0.15195265911482516204E-14
    0.71229750477877882275E+01    0.13214758425354408457E-14   -0.52928998214152372835E-15
    0.71317628445945953075E+01    0.51876563956735026478E-15    0.57909681900604843684E-15
    0.71405506414014023875E+01   -0.69162942114916677841E-15    0.12167764092612503780E-14
    0.71493384382082085793E+01   -0.11497284270671192198E-14    0.11916189516542332484E-14
    0.71581262350150156593E+01   -0.41376255432564864077E-15    0.61894943126287276379E-15
    0.71669140318218227392E+01    0.74644587687675569220E-15   -0.19111288666462927187E-15
    0.71757018286286289310E+01    0.12775604700438110774E-14   -0.83245040243938291661E-15
    0.71844896254354360110E+01    0.93597976216250826456E-15   -0.91924868572430815923E-15
    0.71932774222422430910E+01    0.27831507165404188881E-15   -0.30527809212652144743E-15
    0.72020652190490501710E+01   -0.12215054351551686309E-15    0.64560049085348753542E-15
    0.72108530158558563627E+01   -0.15506196854792269335E-15    0.11344729816740219350E-14
    0.72196408126626634427E+01    0.24845561958793680941E-16    0.63278717181590237681E-15
    0.72284286094694705227E+01    0.31814439899125972230E-15   -0.45221627778473003490E-15
    0.72372164062762767145E+01    0.69907281189832624663E-15   -0.11281889939228460123E-14
    0.72460042030830837945E+01    0.10277545901721806742E-14   -0.85381077001166431741E-15
    0.72547919998898908744E+01    0.10203444750231303019E-14   -0.22581637732976167258E-16
    0.72635797966966970662E+01    0.53431482912983526087E-15    0.65199571445274118382E-15
    0.72723675935035041462E+01   -0.15769140298298758189E-15    0.89025830497972913820E-15
    0.72811553903103112262E+01   -0.55229867391890770549E-15    0.84751399585618910918E-15
    0.72899431871171174180E+01   -0.40467115178320096265E-15    0.60509858766464510133E-15
    0.72987309839239244980E+01    0.49293605926372907248E-16   -0.72787389594817903425E-17
    0.73075187807307315779E+01    0.39229542038108541186E-15   -0.92303032998902898813E-15
    0.73163065775375386579E+01    0.40236305193033108569E-15   -0.13932292441663184820E-14
    0.73250943743443448497E+01    0.13584053805841938153E-15   -0.57974906485718163815E-15
    0.73338821711511519297E+01   -0.19692499451085428833E-15    0.11979305659791517267E-14
    0.73426699679579590097E+01   -0.37435777515787348977E-15    0.22606474061861902605E-14
    0.73514577647647652014E+01   -0.30589069431135701937E-15    0.12984377075695628110E-14
    0.73602455615715722814E+01   -0.12644953659425867561E-15   -0.91320601913831286540E-15
    0.73690333583783793614E+01   -0.70681576933192231558E-16   -0.22338100310224756519E-14
    0.73778211551851855532E+01   -0.20809957791412012141E-15   -0.14803372797094702268E-14
    0.73866089519919926332E+01   -0.36176662537470067234E-15    0.45800850283911206962E-15
    0.73953967487987997131E+01   -0.36656526431271053050E-15    0.18485659692647074006E-14
    0.74041845456056067931E+01   -0.32835635493931139277E-15    0.17110542827120527968E-14
    0.74129723424124129849E+01   -0.47737332220812264624E-15    0.26568536183859720603E-15
    0.74217601392192200649E+01   -0.76610551912385386075E-15   -0.14272628185969425732E-14
    0.74305479360260271449E+01   -0.79114310774291335248E-15   -0.20813408917603133813E-14
    0.74393357328328333367E+01   -0.30943045180586201015E-15   -0.11100270166893049617E-14
    0.74481235296396404166E+01    0.27591408071655685880E-15    0.66888316779092101163E-15
    0.74569113264464474966E+01    0.27064663417421614889E-15    0.17028489555845927119E-14
    0.74656991232532536884E+01   -0.42854947385023506088E-15    0.12424511255814059672E-14
    0.74744869200600607684E+01   -0.10683817031841681243E-14    0.56843895362023369552E-17
    0.74832747168668678484E+01   -0.89998122264719045942E-15   -0.77449428235726923371E-15
    0.74920625136736740401E+01   -0.76491042176708009269E-16   -0.51408842084855127461E-15
    0.75008503104804811201E+01    0.59099106945678581458E-15    0.48288434165091526065E-15
    0.75096381072872882001E+01    0.60860301716222190692E-15    0.14175691672283188975E-14
    0.75184259040940952801E+01    0.25559654104287725609E-15    0.14985274844852920979E-14
    0.75272137009009014719E+01    0.58527337898731603429E-16    0.53494540007013100180E-15
    0.75360014977077085518E+01    0.15709544235337813212E-15   -0.67671512308135860739E-15
    0.75447892945145156318E+01    0.30360880013006313235E-15   -0.98639619328144355169E-15
    0.75535770913213218236E+01    0.27300027523567022181E-15   -0.13772392230704837586E-15
    0.75623648881281289036E+01    0.94631407628430230380E-16    0.86762528873096727097E-15
    0.75711526849349359836E+01   -0.71865959428223419838E-16    0.96710319614409374031E-15
    0.75799404817417421754E+01   -0.12366086492134392538E-15    0.27609769087041281467E-15
    0.75887282785485492553E+01   -0.82211022189162558464E-16   -0.22770123492367529817E-15
    0.75975160753553563353E+01   -0.75973153365348221882E-16    0.62574405581530061095E-17
    0.76063038721621625271E+01   -0.25298114703070340457E-15    0.53246957587155436394E-15
    0.76150916689689696071E+01   -0.58986371817651272096E-15    0.66773707628720989184E-15
    0.76238794657757766871E+01   -0.76766830531621333365E-15    0.35821067460078888625E-15
    0.76326672625825837670E+01   -0.45117583933199911965E-15    0.72138364378102748619E-16
    0.76414550593893899588E+01    0.20362143363084224633E-15    0.84468095267652942220E-16
    0.76502428561961970388E+01    0.51419809456805102812E-15    0.16927770385463661159E-15
    0.76590306530030041188E+01    0.39900444237389561834E-16    0.42749626081852557834E-16
    0.76678184498098103106E+01   -0.72394941834399988257E-15   -0.16081921631040254824E-15
    0.76766062466166173905E+01   -0.83045940402343072472E-15   -0.72574308833193778559E-16
    0.76853940434234244705E+01   -0.66238973362115446089E-16    0.33134924935760210395E-15
    0.76941818402302306623E+01    0.69094386553581615478E-15    0.57287078513699430945E-15
    0.77029696370370377423E+01    0.55071215563929192659E-15    0.25319081876070556111E-15
    0.77117574338438448223E+01   -0.29203172143377552142E-15   -0.37726086443097681349E-15
    0.77205452306506510141E+01   -0.88020777527496197001E-15   -0.66966980298528092967E-15
    0.77293330274574580940E+01   -0.67927848442694633525E-15   -0.32125863946292443122E-15
    0.77381208242642651740E+01   -0.95067468972790364872E-16    0.31652291723036199923E-15
    0.77469086210710722540E+01    0.19368557080532197365E-15    0.69621712398076659095E-15
    0.77556964178778784458E+01    0.96983206266433894598E-17    0.60588224236292534666E-15
    0.77644842146846855258E+01   -0.31315755767134092434E-15    0.22373035076267656557E-15
    0.77732720114914926057E+01   -0.39629944895881670900E-15   -0.12945369978787792813E-15
    0.77820598082982987975E+01   -0.13712986648303761809E-15   -0.21476689851156667148E-15
    0.77908476051051058775E+01    0.26415767376461878748E-15   -0.23563384835638249782E-16
    0.77996354019119129575E+01    0.40148969533097137305E-15    0.16479746047547742984E-15
    0.78084231987187191493E+01   -0.18940504609412320862E-16    0.27182059903542329275E-16
    0.78172109955255262292E+01   -0.75820594716503968875E-15   -0.39791002196870058977E-15
    0.78259987923323333092E+01   -0.10840956705057931531E-14   -0.66649840707752295266E-15
    0.78347865891391395010E+01   -0.54801347351520390392E-15   -0.47521546284016568472E-15
    0.78435743859459465810E+01    0.34498047295481425491E-15   -0.14406903840759930484E-15
    0.78523621827527536610E+01    0.63413285305677042513E-15   -0.25640226900658260139E-15
    0.78611499795595607409E+01    0.64566981378443425368E-16   -0.82564022648438832456E-15
    0.78699377763663669327E+01   -0.56691569006291287706E-15   -0.11237663536564493621E-14
    0.78787255731731740127E+01   -0.42242619542204569993E-15   -0.60103917774484393664E-15
    0.78875133699799810927E+01    0.36037796177030245240E-15    0.26508120271027742247E-15
    0.78963011667867872845E+01    0.93592832301010301182E-15    0.46378751024557461190E-15
    0.79050889635935943645E+01    0.76960709131027235278E-15   -0.29410862123436656394E-15
    0.79138767604004014444E+01    0.11909024104389094326E-15   -0.11788393053592411118E-14
    0.79226645572072076362E+01   -0.40782635391269825087E-15   -0.12637261773991530323E-14
    0.79314523540140147162E+01   -0.41890682863435650779E-15   -0.56796254745325910209E-15
    0.79402401508208217962E+01    0.69874377974031241365E-16    0.15883601950066698216E-15
    0.79490279476276279880E+01    0.68387668194963342752E-15    0.38163504598475230427E-15
    0.79578157444344350679E+01    0.89446552079868649889E-15    0.21306529412332081919E-15
    0.79666035412412421479E+01    0.43272800917031608154E-15   -0.24356449035243177562E-16
    0.79753913380480492279E+01   -0.39068332736037483674E-15   -0.28785683638631584012E-15
    0.79841791348548554197E+01   -0.93583690151171999135E-15   -0.70500353719260109186E-15
    0.79929669316616624997E+01   -0.80547040477905354724E-15   -0.11320801426986535380E-14
    0.80017547284684695796E+01   -0.12999098137727093717E-15   -0.11004866531158030374E-14
    0.80105425252752748833E+01    0.62217573996565601613E-15   -0.38940758051310756762E-15
    0.80193303220820819632E+01    0.94111801078036463649E-15    0.49018407399610701653E-15
    0.80281181188888890432E+01    0.56528415889218569749E-15    0.73212224569509910936E-15
    0.80369059156956961232E+01   -0.26086563261825506594E-15    0.16717620796207641353E-15
    0.80456937125025032032E+01   -0.85769332081470421875E-15   -0.49440166165051720850E-15
    0.80544815093093102831E+01   -0.67221879543352119791E-15   -0.51410374519204062218E-15
    0.80632693061161173631E+01    0.20954870182349377774E-15    0.46664416363014736716E-16
    0.80720571029229226667E+01    0.11816767620938633404E-14    0.56216575632522833649E-15
    0.80808448997297297467E+01    0.16042581818821545663E-14    0.66833894179755212384E-15
    0.80896326965365368267E+01    0.11846736393360851124E-14    0.57690459658141558029E-15
    0.80984204933433439066E+01    0.15985349315156662781E-15    0.56176267689828410957E-15
    0.81072082901501509866E+01   -0.70461664395208339748E-15    0.46286662028034645610E-15
    0.81159960869569580666E+01   -0.65446407412659435184E-15   -0.20332323480521398118E-16
    0.81247838837637633702E+01    0.25744184680416947216E-15   -0.62874005447748784931E-15
    0.81335716805705704502E+01    0.10895091937199191313E-14   -0.53804680135850892237E-15
    0.81423594773773775302E+01    0.10122957093384682310E-14    0.58015485199302037987E-15
    0.81511472741841846101E+01    0.21975338951773316652E-15    0.17162365521507088459E-14
    0.81599350709909916901E+01   -0.42941399836821945468E-15    0.14350342276728031345E-14
    0.81687228677977987701E+01   -0.45678654786394946255E-15   -0.31388994792641020132E-15
    0.81775106646046058501E+01   -0.16743804667701654330E-15   -0.18520366257333430753E-14
    0.81862984614114111537E+01   -0.41200489626391636454E-16   -0.16670529545100033889E-14
    0.81950862582182182337E+01   -0.10353188097584176795E-15   -0.16187638778751375687E-15
    0.82038740550250253136E+01   -0.65649958949534205569E-16    0.10269996086828549160E-14
    0.82126618518318323936E+01    0.12515221054335064677E-15    0.10109793416373323138E-14
    0.82214496486386394736E+01    0.14221642060235306081E-15    0.40368408256229140423E-15
    0.82302374454454465535E+01   -0.23241062911475251833E-15    0.16123536274982278706E-15
    0.82390252422522518572E+01   -0.67796558465672742977E-15    0.37778668888309057330E-15
    0.82478130390590589371E+01   -0.64196164563213325725E-15    0.48199182251630470559E-15
    0.82566008358658660171E+01   -0.25306372168554243511E-16    0.18462121680048368922E-15
    0.82653886326726730971E+01    0.63430415367542988000E-15   -0.17375630798974697410E-15
    0.82741764294794801771E+01    0.73833492183629829677E-15   -0.21193081119614535468E-15
    0.82829642262862872570E+01    0.20489519611042051790E-15   -0.79896205150963677445E-16
    0.82917520230930943370E+01   -0.55832582463903372207E-15   -0.21308419518450779865E-15
    0.83005398198998996406E+01   -0.10210703322610966138E-14   -0.66711284572976101182E-15
    0.83093276167067067206E+01   -0.85622873956201924034E-15   -0.95719801712138582937E-15
    0.83181154135135138006E+01   -0.17079126530014824214E-15   -0.65661810904503965206E-15
    0.83269032103203208806E+01    0.43051765000046076530E-15    0.50259805601755652808E-16
    0.83356910071271279605E+01    0.32607645656580267700E-15    0.58083619743860086706E-15
    0.83444788039339350405E+01   -0.39903827772099547399E-15    0.56746418273726992612E-15
    0.83532666007407403441E+01   -0.92174422665132499193E-15    0.13236159738453906727E-15
    0.83620543975475474241E+01   -0.64738523052739830778E-15   -0.35430208975406519439E-15
    0.83708421943543545041E+01   -0.13387030799794792100E-16   -0.58168845771725808471E-15
    0.83796299911611615840E+01    0.73276063935478108308E-16   -0.44624986248094607928E-15
    0.83884177879679686640E+01   -0.52966112021321569961E-15   -0.97367891575399973684E-16
    0.83972055847747757440E+01   -0.93977739756962341754E-15    0.15890694398027716157E-15
    0.84059933815815828240E+01   -0.41285907078562636571E-15    0.14383277893631807905E-15
    0.84147811783883881276E+01    0.62450360113292291810E-15    0.12184440177848563364E-16
    0.84235689751951952076E+01    0.10907131964564696928E-14    0.34464125705285350882E-16
    0.84323567720020022875E+01    0.54088309743122114989E-15    0.18105572925225273275E-15
    0.84411445688088093675E+01   -0.39191360313551160542E-15    0.91662514243205980208E-16
    0.84499323656156164475E+01   -0.80549982569682105769E-15   -0.40549813107054476741E-15
    0.84587201624224235275E+01   -0.38088639178038414273E-15   -0.88934070698100194385E-15
    0.84675079592292288311E+01    0.53559506168298885720E-15   -0.76122932063466233341E-15
    0.84762957560360359111E+01    0.12777835568189850370E-14   -0.43971191880210996927E-16
    0.84850835528428429910E+01    0.12660888549862249490E-14    0.50410797929239018038E-15
    0.84938713496496500710E+01    0.45552000570145704323E-15    0.24777604147375781020E-15
    0.85026591464564571510E+01   -0.43536398350853407564E-15   -0.57048705776644710320E-15
    0.85114469432632642309E+01   -0.50466155776376009660E-15   -0.11517075700264560050E-14
    0.85202347400700713109E+01    0.38691044908525082525E-15   -0.99908830973327028996E-15
    0.85290225368768766145E+01    0.14245760305218611620E-14   -0.29946018526798335136E-15
    0.85378103336836836945E+01    0.17060070680038385797E-14    0.39332983985412719685E-15
    0.85465981304904907745E+01    0.10704733284230996009E-14    0.57825066275270888707E-15
    0.85553859272972978545E+01    0.43979735003166050223E-16    0.93770764083577307016E-16
    0.85641737241041049344E+01   -0.68013493756357683281E-15   -0.70156626946494578254E-15
    0.85729615209109120144E+01   -0.65480232881694351061E-15   -0.11014255421671752908E-14
    0.85817493177177173180E+01    0.92457937176386346884E-16   -0.68783946537476567714E-15
    0.85905371145245243980E+01    0.99886227747849467372E-15    0.18330107881693166140E-15
    0.85993249113313314780E+01    0.13609018784899211808E-14    0.74521688640564124770E-15
    0.86081127081381385580E+01    0.92966983563615282462E-15    0.58855846721112951257E-15
    0.86169005049449456379E+01    0.90191795766886792234E-16   -0.35867023318067602863E-16
    0.86256883017517527179E+01   -0.53282189665971502906E-15   -0.57156778194835385019E-15
    0.86344760985585597979E+01   -0.51549986583376022474E-15   -0.58480961847212719797E-15
    0.86432638953653651015E+01    0.15665294010447112220E-15    0.44252218589319983152E-18
    0.86520516921721721815E+01    0.10304161394368878074E-14    0.79952286350586194680E-15
    0.86608394889789792614E+01    0.14066863723406325932E-14    0.11632974333738893217E-14
    0.86696272857857863414E+01    0.91777851788894330043E-15    0.75652285562351328627E-15
    0.86784150825925934214E+01   -0.52464424810426830972E-16   -0.23054820785402499973E-16
    0.86872028793994005014E+01   -0.72356945074196010897E-15   -0.42550631714058723903E-15
    0.86959906762062058050E+01   -0.63665072095953675011E-15   -0.98543974740654070608E-16
    0.87047784730130128850E+01    0.34302996115623313989E-16    0.64263763320434615232E-15
    0.87135662698198199649E+01    0.73600823727733604631E-15    0.12057253043833121567E-14
    0.87223540666266270449E+01    0.89503439872749051265E-15    0.11758402459161039204E-14
    0.87311418634334341249E+01    0.26382004087744910543E-15    0.55444519714192956994E-15
    0.87399296602402412049E+01   -0.78641711757071387962E-15   -0.15198587490516561581E-15
    0.87487174570470482848E+01   -0.14257596358757698940E-14   -0.22270735231610099958E-15
    0.87575052538538535885E+01   -0.11066390121802622036E-14    0.51185784310762306334E-15
    0.87662930506606606684E+01   -0.13882809916371191598E-15    0.12027637720309162431E-14
    0.87750808474674677484E+01    0.66509499678969328531E-15    0.81873392705001281177E-15
    0.87838686442742748284E+01    0.77511124557118051641E-15   -0.48517288135825708493E-15
    0.87926564410810819084E+01    0.29147383669148376785E-15   -0.13107060976883051069E-14
    0.88014442378878889883E+01   -0.30606843916206597726E-15   -0.68055563426580701331E-15
    0.88102320346946942919E+01   -0.51370304700115768181E-15    0.65139270002286220188E-15
    0.88190198315015013719E+01   -0.12948967147276346773E-15    0.11468031771276563094E-14
    0.88278076283083084519E+01    0.48486062789341236780E-15    0.41459721723308697030E-15
    0.88365954251151155319E+01    0.61255205082372006691E-15   -0.39596387140853700350E-15
    0.88453832219219226118E+01   -0.20731113257670380267E-16   -0.23130029531139882672E-15
    0.88541710187287296918E+01   -0.71803414784184774273E-15    0.49355840050151651539E-15
    0.88629588155355367718E+01   -0.52838311368530990574E-15    0.63739137571640160372E-15
    0.88717466123423420754E+01    0.52664488892749835972E-15   -0.58172243706335528024E-17
    0.88805344091491491554E+01    0.13349086987951822739E-14   -0.41726229262326319586E-15
    0.88893222059559562354E+01    0.10078316217647563470E-14    0.14407334307057974681E-15
    0.88981100027627633153E+01   -0.45760314099347460640E-16    0.95536746366324901007E-15
    0.89068977995695703953E+01   -0.69260672422518695756E-15    0.75624729810057667450E-15
    0.89156855963763774753E+01   -0.37598895181120118316E-15   -0.44566761973294853162E-15
    0.89244733931831827789E+01    0.44517417987883750330E-15   -0.11890458466506646453E-14
    0.89332611899899898589E+01    0.98850825304122867376E-15   -0.45315400899479334585E-15
    0.89420489867967969388E+01    0.86560206149259260365E-15    0.86814983877446163548E-15
    0.89508367836036040188E+01    0.21106626905120058062E-15    0.10773425888324085483E-14
    0.89596245804104110988E+01   -0.49159919211544351070E-15   -0.13629087715555200280E-15
    0.89684123772172181788E+01   -0.70272059055238969255E-15   -0.13177241252993296114E-14
    0.89772001740240252587E+01   -0.24137936141247369962E-15   -0.11807358924438964916E-14
    0.89859879708308305624E+01    0.46818950464638630674E-15   -0.19997195676535525246E-15
    0.89947757676376376423E+01    0.75860338655951857169E-15    0.23092317431286609428E-15
    0.90035635644444447223E+01    0.33493410236632643709E-15   -0.32669778913941370880E-15
    0.90123513612512518023E+01   -0.50698040433289379246E-15   -0.92233615791923422803E-15
    0.90211391580580588823E+01   -0.11699132693536918964E-14   -0.61639371632151099525E-15
    0.90299269548648659622E+01   -0.11232938089258710770E-14    0.32736857424098406235E-15
    0.90387147516716712659E+01   -0.23118377919296842477E-15    0.94711845168593555876E-15
    0.90475025484784783458E+01    0.99347415884745744397E-15    0.81298627963132132228E-15
    0.90562903452852854258E+01    0.16262906494218384454E-14    0.37808718098086749138E-15
    0.90650781420920925058E+01    0.11567254720496278610E-14    0.21342252572871098979E-15
    0.90738659388988995858E+01    0.68586313253318451295E-16    0.32624634906781504187E-15
    0.90826537357057066657E+01   -0.67232033424355544619E-15    0.36075150996460846450E-15
    0.90914415325125137457E+01   -0.58036900416827503930E-15    0.17440305252812222721E-15
    0.91002293293193190493E+01    0.48430277151526387886E-16   -0.10936793749223631261E-16
    0.91090171261261261293E+01    0.66111449332710043277E-15    0.68683233756729082028E-17
    0.91178049229329332093E+01    0.96101710422670934836E-15    0.10037427834977756866E-15
    0.91265927197397402892E+01    0.93505442779375530416E-15    0.24585175476272182145E-16
    0.91353805165465473692E+01    0.66297395566544231580E-15   -0.17024346434324780505E-15
    0.91441683133533544492E+01    0.24064129850106642593E-15   -0.14301198204557649673E-15
    0.91529561101601597528E+01   -0.14828707397016974639E-15    0.22707796980936057488E-15
    0.91617439069669668328E+01   -0.21572415604116702089E-15    0.50369370976065667155E-15
    0.91705317037737739128E+01    0.19948541877028940369E-15    0.16183697734188395921E-15
    0.91793195005805809927E+01    0.83090290189183175001E-15   -0.65185260225348970034E-15
    0.91881072973873880727E+01    0.10988503131003586877E-14   -0.11194298296821296420E-14
    0.91968950941941951527E+01    0.71531510933179936231E-15   -0.66536710957765317021E-15
    0.92056828910010004563E+01    0.90343177053933953801E-16    0.34181933383783426050E-15
    0.92144706878078075363E+01   -0.12121027250358998434E-15    0.10102432895694774086E-14
    0.92232584846146146162E+01    0.20407120528677030146E-15    0.80844712258003169175E-15
    0.92320462814214216962E+01    0.55145296875222702848E-15   -0.66440300671217975949E-16
    0.92408340782282287762E+01    0.46266251628037247473E-15   -0.95759359866102357866E-15
    0.92496218750350358562E+01    0.83591632751850421510E-16   -0.11524139879663049465E-14
    0.92584096718418411598E+01   -0.14076131894891882347E-15   -0.36574661002265820140E-15
    0.92671974686486482398E+01   -0.10213843556421890058E-15    0.82796840991921819021E-15
    0.92759852654554553197E+01   -0.12812729496228610562E-15    0.13113993847466134227E-14
    0.92847730622622623997E+01   -0.44169745802118804741E-15    0.59678438699596738765E-15
    0.92935608590690694797E+01   -0.76425881931219506943E-15   -0.43793342636102820147E-15
    0.93023486558758765597E+01   -0.66744986455199845043E-15   -0.54232951826882913054E-15
    0.93111364526826818633E+01   -0.19612538948029257904E-15    0.30616332789616251664E-15
    0.93199242494894889433E+01    0.10963805663636309027E-15    0.85075271712675743738E-15
    0.93287120462962960232E+01   -0.10487246702686846014E-15    0.30816082459891250944E-15
    0.93374998431031031032E+01   -0.52053091088218969150E-15   -0.41181292717095669509E-15
    0.93462876399099101832E+01   -0.56828265546025009941E-15    0.52389397924292742075E-16
    0.93550754367167172632E+01   -0.18415986408309182707E-15    0.14156086293496295350E-14
    0.93638632335235243431E+01    0.12088309755345128066E-15    0.17962334949388429308E-14
    0.93726510303303296467E+01   -0.13879395074532100269E-16    0.24340811308729771400E-15
    0.93814388271371367267E+01   -0.27586430276808079473E-15   -0.15707856722721093463E-14
    0.93902266239439438067E+01   -0.12958986997776432858E-15   -0.12922132226685345706E-14
    0.93990144207507508867E+01    0.38774346714036820600E-15    0.92255417590425331916E-15
    0.94078022175575579666E+01    0.62613118669812610746E-15    0.23318374420469257351E-14
    0.94165900143643650466E+01    0.14962276492890287427E-15    0.11012837488797649913E-14
    0.94253778111711703502E+01   -0.65904400633205398307E-15   -0.12032331734045016529E-14
    0.94341656079779774302E+01   -0.10461351189894297040E-14   -0.16986294032066620549E-14
    0.94429534047847845102E+01   -0.72501173032236239364E-15    0.97384620478708664460E-16
    0.94517412015915915902E+01   -0.85156744562451279678E-16    0.17960765063912792957E-14
    0.94605289983983986701E+01    0.32385246064128601109E-15    0.13725127982052597739E-14
    0.94693167952052057501E+01    0.27162074856219280504E-15   -0.36665659906788791710E-15
    0.94781045920120128301E+01   -0.11463782437675785067E-15   -0.12270894153472844703E-14
    0.94868923888188181337E+01   -0.51126292469809377575E-15   -0.50472235026051669528E-15
    0.94956801856256252137E+01   -0.60449591989409257014E-15    0.45458949187739877798E-15
    0.95044679824324322936E+01   -0.33246157574562230006E-15    0.33187650919998461953E-15
    0.95132557792392393736E+01    0.83801038835267890827E-17   -0.52426232037890304662E-15
    0.95220435760460464536E+01    0.57394082914875606048E-16   -0.88930726625372001944E-15
    0.95308313728528535336E+01   -0.19423444509177823830E-15   -0.34948123041259721563E-15
    0.95396191696596588372E+01   -0.40814167316391387359E-15    0.33011872408119068944E-15
    0.95484069664664659172E+01   -0.36753609537219696573E-15    0.32806422793365693402E-15
    0.95571947632732729971E+01   -0.28493344633295710393E-15   -0.30413332626297978557E-15
    0.95659825600800800771E+01   -0.45150709198520844910E-15   -0.91776206583485797506E-15
    0.95747703568868871571E+01   -0.68527768570143410095E-15   -0.10118331775059666832E-14
    0.95835581536936942371E+01   -0.43514472876962813451E-15   -0.57527931280822528838E-15
    0.95923459505005013170E+01    0.40148586617749815766E-15    0.37164355558647431219E-16
    0.96011337473073066207E+01    0.10198050570231430508E-14    0.34612543843118206101E-15
    0.96099215441141137006E+01    0.55708650285663078680E-15    0.11146113604919876808E-15
    0.96187093409209207806E+01   -0.67193695079407289507E-15   -0.32661184173694185712E-15
    0.96274971377277278606E+01   -0.12941389044486686256E-14   -0.29300901989853644550E-15
    0.96362849345345349406E+01   -0.46316755257700666626E-15    0.35754895367562698570E-15
    0.96450727313413420205E+01    0.10540038878555274407E-14    0.79098239521441066753E-15
    0.96538605281481491005E+01    0.17892729785855462057E-14    0.15181311373886481134E-15
    0.96626483249549544041E+01    0.11739857405543833901E-14   -0.10906146785462819287E-14
    0.96714361217617614841E+01   -0.79278259526023570909E-16   -0.13997044466206370603E-14
    0.96802239185685685641E+01   -0.93023837113360870362E-15   -0.13859400119052412219E-15
    0.96890117153753756440E+01   -0.88983149209462729014E-15    0.12467464127235180675E-14
    0.96977995121821827240E+01   -0.13797277080455459856E-15    0.89693739642072311947E-15
    0.97065873089889898040E+01    0.69928877073915852079E-15   -0.93798260338078039155E-15
    0.97153751057957951076E+01    0.93533993168132206713E-15   -0.19936063127421352733E-14
    0.97241629026026021876E+01    0.35648991407832984126E-15   -0.87054674224475745765E-15
    0.97329506994094092676E+01   -0.51221557612321849224E-15    0.10464340363832249882E-14
    0.97417384962162163475E+01   -0.92512678888638112636E-15    0.14029626259066222030E-14
    0.97505262930230234275E+01   -0.67239755438309646096E-15   -0.12266913646135956363E-15
    0.97593140898298305075E+01   -0.17778741956989791973E-15   -0.15588565820923400306E-14
    0.97681018866366375875E+01    0.10186131400806883430E-15   -0.12904488077933832011E-14
    0.97768896834434428911E+01    0.13584184184202163848E-15    0.26917250122957167591E-16
    0.97856774802502499710E+01    0.12090530085370276660E-15    0.68667361374903109509E-15
    0.97944652770570570510E+01    0.66912920635858501089E-16    0.18467466976408986289E-15
    0.98032530738638641310E+01   -0.20658275798998898792E-15   -0.43887400981913523522E-15
    0.98120408706706712110E+01   -0.64377326404629764562E-15   -0.27756719956461805538E-15
    0.98208286674774782909E+01   -0.73757719258902991390E-15    0.22931109258290102106E-15
    0.98296164642842835946E+01   -0.43980832020475226055E-16    0.11335700919874601892E-15
    0.98384042610910906745E+01    0.11182246145820196949E-14   -0.66490932818395661784E-15
    0.98471920578978977545E+01    0.17932978921624966654E-14   -0.11252680023381817571E-14
    0.98559798547047048345E+01    0.13636648811941449642E-14   -0.60066782417642946486E-15
    0.98647676515115119145E+01    0.22061772190653458107E-15    0.35080067115342506269E-15
    0.98735554483183189944E+01   -0.69076244637587652330E-15    0.68605776503193087819E-15
    0.98823432451251260744E+01   -0.71927270787653174729E-15    0.13567603154791617305E-15
    0.98911310419319313780E+01    0.95040357145136699573E-16   -0.62020009464312315522E-15
    0.98999188387387384580E+01    0.11094919156312934922E-14   -0.89636499794594555708E-15
    0.99087066355455455380E+01    0.14095997619184851804E-14   -0.70977722207547714205E-15
    0.99174944323523526180E+01    0.58646030559135539040E-15   -0.44810223861260480157E-15
    0.99262822291591596979E+01   -0.50572411988099994730E-15   -0.21638483392875765125E-15
    0.99350700259659667779E+01   -0.42398789345138646393E-15    0.14205793946675799428E-15
    0.99438578227727720815E+01    0.79227905038337249753E-15    0.35181074540121904974E-15
    0.99526456195795791615E+01    0.98116160290186828658E-15   -0.36535194129262151977E-15
    0.99614334163863862415E+01   -0.58837876730972490849E-15   -0.15131936598882483601E-14
    0.99702212131931933214E+01   -0.11886425648353252910E-15   -0.20967810373606968622E-15
    0.99790090100000004014E+01   -0.13062855219919000055E-14   -0.63376160513923251953E-16
