    0.11999999999999999556E+01    0.00000000000000000000E+00    0.00000000000000000000E+00
    0.12087877968068068135E+01    0.29680781995294353893E-12   -0.88647797806910428488E-18
    0.12175755936136136715E+01   -0.43227179247201267883E-12   -0.71851302376681286882E-17
    0.12263633904204203073E+01   -0.42520903288755024209E-12   -0.81605960991431418155E-17
    0.12351511872272271653E+01    0.92339723842034799252E-12    0.55385885828526158207E-17
    0.12439389840340340232E+01    0.93436707589387277022E-12    0.15714853466772605355E-16
    0.12527267808408408811E+01   -0.16918536591198683959E-11    0.67301121022487844251E-17
    0.12615145776476475170E+01   -0.39408341741415899547E-11   -0.11483048453940365292E-16
    0.12703023744544543749E+01   -0.23204195309320914826E-11   -0.18237007867773595685E-16
    0.12790901712612612329E+01    0.16250033962359963979E-11   -0.83308545416077157624E-17
    0.12878779680680680908E+01    0.24477134937187356376E-11    0.45362027716975055568E-17
    0.12966657648748749487E+01   -0.15972116733733539445E-11    0.70928804887995923496E-17
    0.13054535616816815846E+01   -0.46301456366564332163E-11    0.76090893970208663217E-18
    0.13142413584884884425E+01   -0.68343222677103793736E-12   -0.46267003058074775523E-17
    0.13230291552952953005E+01    0.62583444912443282955E-11   -0.36267152440536697231E-17
    0.13318169521021021584E+01    0.53639455561809320739E-11    0.15716644169052584333E-17
    0.13406047489089087943E+01   -0.53373334780219878685E-11    0.74279694446787958897E-17
    0.13493925457157156522E+01   -0.11606974650910586133E-10    0.13970159065023163388E-16
    0.13581803425225225102E+01   -0.63043877731540473942E-12    0.23110729445253643350E-16
    0.13669681393293293681E+01    0.16408104390930387104E-10    0.35144675550043692922E-16
    0.13757559361361360040E+01    0.13000327919461796198E-10    0.50016446928432170606E-16
    0.13845437329429428619E+01   -0.14443333147924620617E-10    0.72960290466066039569E-16
    0.13933315297497497198E+01   -0.29541606130134198141E-10    0.11257915078233927120E-15
    0.14021193265565565778E+01   -0.70842564274228716931E-12    0.15893362206768264324E-15
    0.14109071233633634357E+01    0.42524704835900996368E-10    0.16159624782719407566E-15
    0.14196949201701700716E+01    0.32672343950170385839E-10    0.58433795901398854786E-16
    0.14284827169769769295E+01   -0.38167204143981342532E-10   -0.14867876780757941310E-15
    0.14372705137837837874E+01   -0.75923765414613700005E-10   -0.36007002233856962187E-15
    0.14460583105905906454E+01   -0.38884045199462239860E-12   -0.46167782698488776865E-15
    0.14548461073973975033E+01    0.11064367817397604724E-09   -0.43613178648563114781E-15
    0.14636339042042041392E+01    0.83106271669343666285E-10   -0.36622470243805785707E-15
    0.14724217010110109971E+01   -0.10105638983586845250E-09   -0.33601373113529427963E-15
    0.14812094978178178550E+01   -0.19664879812520860223E-09   -0.35248920838343574242E-15
    0.14899972946246244909E+01    0.21743829927645348450E-11   -0.34945901935547277551E-15
    0.14987850914314313489E+01    0.28905162703814718058E-09   -0.22809209761293524184E-15
    0.15075728882382382068E+01    0.21052490513194181669E-09    0.61299226884024663725E-16
    0.15163606850450450647E+01   -0.27630597049929897468E-09    0.40444914136217710703E-15
    0.15251484818518519226E+01   -0.53216952012752681316E-09    0.51607345030860602701E-15
    0.15339362786586585585E+01   -0.38033841161787122675E-10    0.19995721631404624365E-15
    0.15427240754654654165E+01    0.62178852808794187077E-09   -0.35674490083193331214E-15
    0.15515118722722722744E+01    0.16824894243704551393E-09   -0.70548893994258211330E-15
    0.15602996690790791323E+01   -0.17088637200878216185E-08   -0.63734140057838666553E-15
    0.15690874658858859902E+01   -0.38336378065019416703E-08   -0.43972035455682515092E-15
    0.15778752626926926261E+01   -0.61185939154646308959E-08   -0.46043806693411683831E-15
    0.15866630594994994841E+01   -0.12922501712253993508E-07   -0.53426723650210841487E-15
    0.15954508563063063420E+01   -0.34218253368544823156E-07   -0.14610536282163083659E-15
    0.16042386531131129779E+01   -0.85062804075036732203E-07    0.74011525832114607334E-15
    0.16130264499199198358E+01   -0.19305352261731866008E-06    0.13007673149199705772E-14
    0.16218142467267266937E+01   -0.42503337203602874936E-06    0.71971921334381781912E-15
    0.16306020435335335517E+01   -0.92713473305356920347E-06   -0.69448328536870194786E-15
    0.16393898403403404096E+01   -0.20059196371352441741E-05   -0.16610223281804535636E-14
    0.16481776371471470455E+01   -0.42525248520692918378E-05   -0.12318580620961616093E-14
    0.16569654339539539034E+01   -0.87955705983370187167E-05    0.31283298156143326548E-15
    0.16657532307607607613E+01   -0.17840889665220845876E-04    0.18570123389172376721E-14
    0.16745410275675676193E+01   -0.35434713092493352014E-04    0.22731926324165567436E-14
    0.16833288243743744772E+01   -0.68995220203066622770E-04    0.10803503523615119463E-14
    0.16921166211811811131E+01   -0.13159363524317980727E-03   -0.10880171145851449564E-14
    0.17009044179879879710E+01   -0.24552735945023628156E-03   -0.25845883058861325493E-14
    0.17096922147947948289E+01   -0.44865186374186557215E-03   -0.20994913909674750569E-14
    0.17184800116016014648E+01   -0.80249943290080171486E-03   -0.15126783006570859997E-15
    0.17272678084084085448E+01   -0.14054985773976548958E-02    0.13062190246794691801E-14
    0.17360556052152151807E+01   -0.24109658798959847890E-02    0.94034372981346351538E-15
    0.17448434020220220386E+01   -0.40502234122180421835E-02   -0.67347608687066832988E-15
    0.17536311988288288966E+01   -0.66660486523223540581E-02   -0.19833434177191524374E-14
    0.17624189956356355324E+01   -0.10750874216396932165E-01   -0.20042481340116796757E-14
    0.17712067924424426124E+01   -0.16992074469761146022E-01   -0.85477964417207857070E-15
    0.17799945892492492483E+01   -0.26323217581531929699E-01    0.62779403920785166841E-15
    0.17887823860560561062E+01   -0.39970680057541160823E-01    0.14229899969718882669E-14
    0.17975701828628629642E+01   -0.59488101002233575998E-01    0.94758426687375461338E-15
    0.18063579796696696000E+01   -0.86776823046366233227E-01   -0.42476211236218914330E-15
    0.18151457764764764580E+01   -0.12404624689965407236E+00   -0.16409044962435063723E-14
    0.18239335732832833159E+01   -0.17371809392266651662E+00   -0.19298800443327732677E-14
    0.18327213700900899518E+01   -0.23825865060166259712E+00   -0.14090860532497763054E-14
    0.18415091668968970318E+01   -0.31986516476318543889E+00   -0.71267040029167296657E-15
    0.18502969637037036676E+01   -0.42008386300614158904E+00   -0.35067565211270149543E-15
    0.18590847605105105256E+01   -0.53931609257947432656E+00   -0.46502702085871072151E-15
    0.18678725573173173835E+01   -0.67623016488253384626E+00   -0.94203469560068364677E-15
    0.18766603541241240194E+01   -0.82720975302751553748E+00   -0.15665121460144852773E-14
    0.18854481509309310994E+01   -0.98590856685731176334E+00   -0.21737962442232006076E-14
    0.18942359477377377353E+01   -0.11429198696879214747E+01   -0.27828088566646485239E-14
    0.19030237445445445932E+01   -0.12859183430510194857E+01   -0.36199619429775943405E-14
    0.19118115413513514511E+01   -0.14002285156849925141E+01   -0.50426985729213743304E-14
    0.19205993381581580870E+01   -0.14698038813128004865E+01   -0.73355572191629256250E-14
    0.19293871349649649449E+01   -0.14789960263289219089E+01   -0.10254082341716546282E-13
    0.19381749317717718029E+01   -0.14146204694065760421E+01   -0.12663827268254610759E-13
    0.19469627285785784387E+01   -0.12682096293434079737E+01   -0.13244984914464054228E-13
    0.19557505253853855187E+01   -0.10383932786646199453E+01   -0.12056675190480885062E-13
    0.19645383221921921546E+01   -0.73276004393870142195E+00   -0.11022791408350322174E-13
    0.19733261189989990125E+01   -0.36855787525126998405E+00   -0.11863363550745616842E-13
    0.19821139158058058705E+01    0.27311196598566046811E-01   -0.13702903887011913572E-13
    0.19909017126126125063E+01    0.42017177576620678980E+00   -0.13765409772105669154E-13
    0.19996895094194195863E+01    0.77107205851603366487E+00   -0.10627655360304377703E-13
    0.20084773062262262222E+01    0.10410261648831244941E+01   -0.59361235464399575686E-14
    0.20172651030330328581E+01    0.11964571854472698664E+01   -0.21910657718808892373E-14
    0.20260528998398399381E+01    0.12147838674693975936E+01    0.23058673353139191337E-15
    0.20348406966466465740E+01    0.10885478849420104908E+01    0.29550202500414234781E-14
    0.20436284934534532098E+01    0.82820472867611749646E+00    0.69182517687609705225E-14
    0.20524162902602602898E+01    0.46291105316452291207E+00    0.10804547523957430056E-13
    0.20612040870670673698E+01    0.37365362901676968388E-01    0.12516547783035692793E-13
    0.20699918838738740057E+01   -0.39303640878241702383E+00    0.11312098964064811253E-13
    0.20787796806806806416E+01   -0.76933349525921856937E+00    0.80935273048244043802E-14
    0.20875674774874877215E+01   -0.10379672783025433169E+01    0.41528906262758233680E-14
    0.20963552742942943574E+01   -0.11590150275091761767E+01    0.22056403235822837571E-15
    0.21051430711011009933E+01   -0.11124346114423133702E+01   -0.34799269175979917986E-14
    0.21139308679079080733E+01   -0.90282629010792658786E+00   -0.68727403956264206974E-14
    0.21227186647147147092E+01   -0.55941996970240059905E+00   -0.97877060987882226341E-14
    0.21315064615215213450E+01   -0.13202537441715561650E+00   -0.11831177752161314311E-13
    0.21402942583283284250E+01    0.31527044898516765059E+00   -0.12425832275336509711E-13
    0.21490820551351350609E+01    0.71417363926750287995E+00   -0.11176652392478630400E-13
    0.21578698519419421409E+01    0.10031547345497351387E+01   -0.82529175362675658183E-14
    0.21666576487487487768E+01    0.11367138342610187962E+01   -0.42742496078255779393E-14
    0.21754454455555558567E+01    0.10930572327428951240E+01    0.19721312516566898263E-15
    0.21842332423623624926E+01    0.87859895757006378769E+00    0.49133419509720966544E-14
    0.21930210391691691285E+01    0.52624361842657996213E+00    0.95875920180339784574E-14
    0.22018088359759762085E+01    0.90983354063782287402E-01    0.13462838111124619446E-13
    0.22105966327827828444E+01   -0.35849305344007115215E+00    0.15507775165200355489E-13
    0.22193844295895894803E+01   -0.75134810110321215149E+00    0.15108380339830053642E-13
    0.22281722263963965602E+01   -0.10256654054037874779E+01    0.12432562915156201249E-13
    0.22369600232032031961E+01   -0.11378274805096679767E+01    0.80153676019249716361E-14
    0.22457478200100098320E+01   -0.10703574205904458072E+01    0.22268695239718629103E-14
    0.22545356168168169120E+01   -0.83423008149926292099E+00   -0.45610162870963591881E-14
    0.22633234136236239920E+01   -0.46660536403420793672E+00   -0.11275491762085384777E-13
    0.22721112104304301837E+01   -0.25698785590568470893E-01   -0.16050644031280142272E-13
    0.22808990072372372637E+01    0.41916510752530666828E+00   -0.17481142070567720638E-13
    0.22896868040440443437E+01    0.79881413229006759114E+00   -0.15951401359269339055E-13
    0.22984746008508509796E+01    0.10545085773160314258E+01   -0.13101505709984253700E-13
    0.23072623976576576155E+01    0.11472463044612200012E+01   -0.98643032015866564368E-14
    0.23160501944644646954E+01    0.10640952537234449338E+01   -0.55777130243777243467E-14
    0.23248379912712713313E+01    0.81874366497010953037E+00    0.43816285601428420309E-15
    0.23336257880780779672E+01    0.44947969760892814151E+00    0.70125230635212660793E-14
    0.23424135848848850472E+01    0.12899677797141852545E-01    0.11766361756642231147E-13
    0.23512013816916916831E+01   -0.42571332452180693506E+00    0.13663661011895677583E-13
    0.23599891784984983190E+01   -0.80208884841135874577E+00    0.14093895945466825451E-13
    0.23687769753053053989E+01   -0.10621212491483669194E+01    0.14633512370908547063E-13
    0.23775647721121124789E+01   -0.11700832821398396977E+01    0.14451027170809463363E-13
    0.23863525689189186707E+01   -0.11127268980065538884E+01    0.11199640031430268608E-13
    0.23951403657257257507E+01   -0.90004248805705122649E+00    0.45298536374148816839E-14
    0.24039281625325328307E+01   -0.56359390506800499665E+00   -0.24877265603251409782E-14
    0.24127159593393394665E+01   -0.15074734087456542753E+00   -0.65948076808882415943E-14
    0.24215037561461461024E+01    0.28242210591244298890E+00   -0.81020755658784637839E-14
    0.24302915529529531824E+01    0.67867132194937462852E+00   -0.10012204860940164803E-13
    0.24390793497597598183E+01    0.98737238443588726255E+00   -0.13669783208450828296E-13
    0.24478671465665664542E+01    0.11709156519808550101E+01   -0.16722457673074283634E-13
    0.24566549433733735341E+01    0.12083581180088018847E+01   -0.16291117582815662285E-13
    0.24654427401801801700E+01    0.10976659449505479227E+01   -0.12821098098566173088E-13
    0.24742305369869868059E+01    0.85491217483616666062E+00   -0.93756486839411753619E-14
    0.24830183337937938859E+01    0.51110115807228706508E+00   -0.75396741321531490502E-14
    0.24918061306006009659E+01    0.10800505268059225339E+00   -0.55099643934208259943E-14
    0.25005939274074071577E+01   -0.30744814531080449926E+00   -0.10793750549144136225E-14
    0.25093817242142142376E+01   -0.68903610392407688146E+00    0.47800674402224722404E-14
    0.25181695210210213176E+01   -0.99618271365178623356E+00    0.87082765872755436288E-14
    0.25269573178278279535E+01   -0.11981179608596497221E+01    0.89703852930974373643E-14
    0.25357451146346345894E+01   -0.12767838769977049029E+01    0.74202531040332218319E-14
    0.25445329114414416694E+01   -0.12274790603431948721E+01    0.69164691807461238755E-14
    0.25533207082482483052E+01   -0.10585392618641669138E+01    0.80470347732093891407E-14
    0.25621085050550549411E+01   -0.78947403927814951974E+00    0.91200395494059173971E-14
    0.25708963018618620211E+01   -0.44794174530953934088E+00    0.85782782583308923510E-14
    0.25796840986686686570E+01   -0.66507559935967922038E-01    0.65179326611797155539E-14
    0.25884718954754752929E+01    0.32079156631048461046E+00    0.40491968274022196901E-14
    0.25972596922822823728E+01    0.68177629364375591514E+00    0.21477741836820286154E-14
    0.26060474890890894528E+01    0.98863756342790665155E+00    0.10936421533893546502E-14
    0.26148352858958960887E+01    0.12198013427994345292E+01    0.38122211490793709629E-15
    0.26236230827027027246E+01    0.13611567715506476262E+01   -0.98691270914257012387E-15
    0.26324108795095098046E+01    0.14062022370002966731E+01   -0.35730757893092402994E-14
    0.26411986763163164404E+01    0.13557629127799319946E+01   -0.66781432677484358536E-14
    0.26499864731231230763E+01    0.12171173400778036999E+01   -0.89271580807719525034E-14
    0.26587742699299301563E+01    0.10026864726985258436E+01   -0.98404936952444766827E-14
    0.26675620667367367922E+01    0.72861410370253931745E+00   -0.10448247124873075287E-13
    0.26763498635435434281E+01    0.41322366549427419491E+00   -0.11945179298243963185E-13
    0.26851376603503505081E+01    0.75489021064639644232E-01   -0.14160334220419749256E-13
    0.26939254571571571439E+01   -0.26625174284837688221E+00   -0.15864305862722326616E-13
    0.27027132539639637798E+01   -0.59538990889800991191E+00   -0.16375663024511691336E-13
    0.27115010507707708598E+01   -0.89790985956534774548E+00   -0.16318397227629302560E-13
    0.27202888475775779398E+01   -0.11628607635830612299E+01   -0.16583863343356283502E-13
    0.27290766443843845757E+01   -0.13826519678045836592E+01   -0.17087117982640987422E-13
    0.27378644411911912115E+01   -0.15530248643915971485E+01   -0.16989716840207539123E-13
    0.27466522379979982915E+01   -0.16727849734109343505E+01   -0.15946044080117521266E-13
    0.27554400348048049274E+01   -0.17434207612485226324E+01   -0.14616212322984537387E-13
    0.27642278316116115633E+01   -0.17685562572664736969E+01   -0.13662613137237771970E-13
    0.27730156284184186433E+01   -0.17533641430515485293E+01   -0.12656991412951020119E-13
    0.27818034252252252791E+01   -0.17040115369905710629E+01   -0.10600638809541487654E-13
    0.27905912220320319150E+01   -0.16271343891008136495E+01   -0.75355227756972482378E-14
    0.27993790188388389950E+01   -0.15293807791947684471E+01   -0.50185562162342998287E-14
    0.28081668156456460750E+01   -0.14170747746329634964E+01   -0.43547834050106657070E-14
    0.28169546124524522668E+01   -0.12959381201364985614E+01   -0.47698452786848434946E-14
    0.28257424092592593468E+01   -0.11709299283505525402E+01   -0.42552705405439220802E-14
    0.28345302060660664267E+01   -0.10461731343802609384E+01   -0.22136710054837276859E-14
    0.28433180028728730626E+01   -0.92493235925824557331E+00   -0.42053285448764749396E-15
    0.28521057996796796985E+01   -0.80966996598670759600E+00   -0.67028076863981139309E-15
    0.28608935964864867785E+01   -0.70212630042475510095E+00   -0.22330690654732648600E-14
    0.28696813932932934144E+01   -0.60341343555768589546E+00   -0.27100539489445510531E-14
    0.28784691901001000502E+01   -0.51411792576512704844E+00   -0.11707493303798470423E-14
    0.28872569869069071302E+01   -0.43440062934549139584E+00    0.60524854654503850388E-15
    0.28960447837137137661E+01   -0.36408981468910589507E+00    0.62293808598547380758E-15
    0.29048325805205204020E+01   -0.30276928417552056994E+00   -0.58300524837324816562E-15
    0.29136203773273274820E+01   -0.24985161594017982201E+00   -0.77128513069255335913E-15
    0.29224081741341345619E+01   -0.20464040022881449521E+00    0.81128462515784494999E-15
    0.29311959709409407537E+01   -0.16638288713720286727E+00    0.22241268289640089824E-14
    0.29399837677477478337E+01   -0.13430741881065116905E+00    0.15022065338330000411E-14
    0.29487715645545549137E+01   -0.10765470810253079115E+00   -0.47874608535737317323E-15
    0.29575593613613615496E+01   -0.85699430804880294410E-01   -0.10474938182052492326E-14
    0.29663471581681681855E+01   -0.67764898952733049198E-01    0.65289241558818366808E-15
    0.29751349549749752654E+01   -0.53233680043985195929E-01    0.23267709432437443411E-14
    0.29839227517817819013E+01   -0.41552184831845737079E-01    0.15446362030225896662E-14
    0.29927105485885885372E+01   -0.32232882278173113910E-01   -0.99323180665029803892E-15
    0.30014983453953956172E+01   -0.24852945848840048149E-01   -0.23778885415085173480E-14
    0.30102861422022022531E+01   -0.19050419441552730870E-01   -0.11569014631218624607E-14
    0.30190739390090088889E+01   -0.14519567130971251789E-01    0.10205584298272821078E-14
    0.30278617358158159689E+01   -0.11005183875998589618E-01    0.16659279653263140944E-14
    0.30366495326226230489E+01   -0.82966534894822717427E-02    0.17530590925605094752E-15
    0.30454373294294292407E+01   -0.62220963788034988617E-02   -0.20105996249551245043E-14
    0.30542251262362363207E+01   -0.46426115362007865095E-02   -0.29860924388768809086E-14
    0.30630129230430434006E+01   -0.34469455480778351565E-02   -0.17503848244017028187E-14
    0.30718007198498500365E+01   -0.25468828567333156795E-02    0.10458100317022814902E-14
    0.30805885166566566724E+01   -0.18729850595822022073E-02    0.29651989593409453016E-14
    0.30893763134634637524E+01   -0.13710596900339357997E-02    0.16762971190967278064E-14
    0.30981641102702703883E+01   -0.99914646116995445638E-03   -0.19918211452161284443E-14
    0.31069519070770770242E+01   -0.72491525530977139226E-03   -0.38188483317750526295E-14
    0.31157397038838841041E+01   -0.52369071425880969924E-03   -0.91127601589730424953E-15
    0.31245275006906907400E+01   -0.37672700002118638101E-03    0.39121454773430678604E-14
    0.31333152974974973759E+01   -0.26988030372989476203E-03    0.48955456816387966361E-14
    0.31421030943043044559E+01   -0.19255708363221358767E-03    0.56152099582826206148E-15
    0.31508908911111115358E+01   -0.13683821671572985465E-03   -0.39317692713500941445E-14
    0.31596786879179177276E+01   -0.96860956366727650533E-04   -0.32204736258216086766E-14
    0.31684664847247248076E+01   -0.68297651627977868185E-04    0.15449074601261733281E-14
    0.31772542815315318876E+01   -0.47972134160248673207E-04    0.45741077132276521103E-14
    0.31860420783383385235E+01   -0.33570185851697372892E-04    0.27207138834751165650E-14
    0.31948298751451451594E+01   -0.23404431804457050164E-04   -0.12772362004222469870E-14
    0.32036176719519522393E+01   -0.16257178227451203303E-04   -0.30381218989459640987E-14
    0.32124054687587593193E+01   -0.11251340348218322315E-04   -0.15236611898608746910E-14
    0.32211932655655655111E+01   -0.77583455638298713290E-05    0.95218974276448715829E-15
    0.32299810623723725911E+01   -0.53310104769366360784E-05    0.19099416022400878217E-14
    0.32387688591791796711E+01   -0.36501340726791877934E-05    0.75914163360807341890E-15
    0.32475566559859858629E+01   -0.24904196944312655387E-05   -0.14533311505575046478E-14
    0.32563444527927929428E+01   -0.16931195389290158647E-05   -0.29391194769826090256E-14
    0.32651322495996000228E+01   -0.11469138983615627860E-05   -0.23628733339482108344E-14
    0.32739200464064062146E+01   -0.77429686740551417358E-06   -0.12775499620309326358E-15
    0.32827078432132132946E+01   -0.52094732028996678287E-06    0.16308664522635486669E-14
    0.32914956400200203745E+01   -0.34926700308258887317E-06    0.11705969462594727282E-14
    0.33002834368268265663E+01   -0.23331046992209843309E-06   -0.86203085885380164141E-15
    0.33090712336336336463E+01   -0.15527089680093686612E-06   -0.22298335819081172021E-14
    0.33178590304404407263E+01   -0.10299811486592757571E-06   -0.16042855473377053738E-14
    0.33266468272472478063E+01   -0.68101478174293554958E-07    0.25249724778256545357E-15
    0.33354346240540539981E+01   -0.44869188728610955047E-07    0.16612697263069199862E-14
    0.33442224208608610780E+01   -0.29444490390802194598E-07    0.15460436702887178679E-14
    0.33530102176676681580E+01   -0.19245079598335345512E-07   -0.15524243702729008634E-16
    0.33617980144744743498E+01   -0.12543470784814543616E-07   -0.19024347526038968901E-14
    0.33705858112812814298E+01   -0.81558860630992549594E-08   -0.25499695396739815199E-14
    0.33793736080880885098E+01   -0.52853755020874486072E-08   -0.12450862679685989233E-14
    0.33881614048948947016E+01   -0.34084546839644594526E-08    0.88299377325727135269E-15
    0.33969492017017017815E+01   -0.21878047213743359465E-08    0.18579790534005096141E-14
    0.34057369985085088615E+01   -0.14026266647369626412E-08    0.99461023548788637124E-15
    0.34145247953153150533E+01   -0.89973777124485329253E-09   -0.39553730586756876849E-15
    0.34233125921221221333E+01   -0.57552512754939305820E-09   -0.71439260596425799673E-15
    0.34321003889289292133E+01   -0.36500513363498784986E-09    0.13153580538141928116E-15
    0.34408881857357362932E+01   -0.22970662407359370697E-09    0.10085427390504427200E-14
    0.34496759825425424850E+01   -0.14510491671808649125E-09    0.10713205375999330217E-14
    0.34584637793493495650E+01   -0.92639096285543210575E-10    0.51798774960118286216E-15
    0.34672515761561566450E+01   -0.59011229981035486135E-10   -0.33204003267733765170E-17
    0.34760393729629628368E+01   -0.36696271554666605251E-10   -0.15088094061009878884E-15
    0.34848271697697699167E+01   -0.22332184867156538382E-10   -0.16571224713590172233E-17
    0.34936149665765769967E+01   -0.13882115533465109979E-10    0.23141783543716700873E-15
    0.35024027633833831885E+01   -0.90636561518108352547E-11    0.39723094138437967054E-15
    0.35111905601901902685E+01   -0.59015969708611562519E-11    0.42461056048002551800E-15
    0.35199783569969973485E+01   -0.35255591141777339919E-11    0.30135341407474625947E-15
    0.35287661538038035403E+01   -0.19360694096811049018E-11    0.65727994669493782723E-16
    0.35375539506106106202E+01   -0.11674483209299602654E-11   -0.19469487698221876833E-15
    0.35463417474174177002E+01   -0.87336269029827634516E-12   -0.35312836252943701535E-15
    0.35551295442242247802E+01   -0.63564770934132057503E-12   -0.26874344624621906392E-15
    0.35639173410310309720E+01   -0.33681053783949535348E-12    0.16018724521269307047E-15
    0.35727051378378380520E+01   -0.11215298505122188034E-12    0.84455026014490165870E-15
    0.35814929346446451319E+01   -0.57668661314613130734E-13    0.13235882375948041193E-14
    0.35902807314514513237E+01   -0.93589551663859300534E-13    0.96247464436649419640E-15
    0.35990685282582584037E+01   -0.93937482241669470002E-13   -0.27234907133360229305E-15
    0.36078563250650654837E+01   -0.36029553226308110950E-13   -0.12794133012941436844E-14
    0.36166441218718716755E+01    0.14396492595338508191E-13   -0.78223444857409238001E-15
    0.36254319186786787554E+01    0.12607739858195543060E-13    0.93978790990853612801E-15
    0.36342197154854858354E+01   -0.15380232656465498226E-13    0.18892836309800302446E-14
    0.36430075122922929154E+01   -0.24067110239460045090E-13    0.64626521987842383434E-15
    0.36517953090990991072E+01   -0.66343133964912876026E-14   -0.16101635130233173834E-14
    0.36605831059059061872E+01    0.10409094349723708273E-13   -0.23696288113591198037E-14
    0.36693709027127132671E+01    0.87604270290850735860E-14   -0.84710826741147451208E-15
    0.36781586995195194589E+01   -0.28084923705445940444E-14    0.10861911396662110571E-14
    0.36869464963263265389E+01   -0.75680340644161444131E-14    0.13560308784834601776E-14
    0.36957342931331336189E+01   -0.25415196097355994630E-14    0.11254820412236887533E-15
    0.37045220899399398107E+01    0.30942127644389804041E-14   -0.92353328804919514132E-15
    0.37133098867467468907E+01    0.27690820472187498366E-14   -0.81834425460224235334E-15
    0.37220976835535539706E+01   -0.76993883462240774042E-15   -0.32864163448838579136E-15
    0.37308854803603601624E+01   -0.21276883863794759005E-14   -0.46297667681063160081E-15
    0.37396732771671672424E+01   -0.73095506112602336076E-15   -0.10199020035795688703E-14
    0.37484610739739743224E+01    0.14552569082401750919E-15   -0.10588911608361678321E-14
    0.37572488707807814023E+01   -0.99258982253831443686E-15   -0.40968293966818380031E-15
    0.37660366675875875941E+01   -0.18726653777256175334E-14   -0.49211048496530996232E-16
    0.37748244643943946741E+01   -0.31266741398815704086E-15   -0.70535092061977078427E-15
    0.37836122612012017541E+01    0.21005793778174837970E-14   -0.16121895469756237993E-14
    0.37924000580080079459E+01    0.19621666782327897556E-14   -0.13453661913687518701E-14
    0.38011878548148150259E+01   -0.10594918152254919984E-14    0.26059269665221909121E-15
    0.38099756516216221058E+01   -0.31774389006053000893E-14    0.16621550188360766404E-14
    0.38187634484284282976E+01   -0.13436433434325182617E-14    0.14061954357942232720E-14
    0.38275512452352353776E+01    0.24018423899800153519E-14   -0.16879990906836800912E-15
    0.38363390420420424576E+01    0.34010689614154105765E-14   -0.14680535435524378866E-14
    0.38451268388488486494E+01    0.39239106169161997228E-15   -0.13869212660482890865E-14
    0.38539146356556557294E+01   -0.28414631609566970294E-14   -0.17531809567908534375E-15
    0.38627024324624628093E+01   -0.24856885976405417069E-14    0.10986502028775357908E-14
    0.38714902292692698893E+01    0.56604865740284649706E-15    0.13565443794593525520E-14
    0.38802780260760760811E+01    0.23992974177864297042E-14    0.19988168162641380514E-15
    0.38890658228828831611E+01    0.11474321134417453086E-14   -0.15501262213219375041E-14
    0.38978536196896902410E+01   -0.11818887687019881375E-14   -0.22292462543663332480E-14
    0.39066414164964964328E+01   -0.18546320529595252324E-14   -0.99763641291946557558E-15
    0.39154292133033035128E+01   -0.62394844118166452625E-15    0.89337337740844356383E-15
    0.39242170101101105928E+01    0.76945471815283845580E-15    0.13511770987198863468E-14
    0.39330048069169167846E+01    0.10740733290867965802E-14   -0.61055749379766483750E-16
    0.39417926037237238646E+01    0.62557548908617467663E-15   -0.15592816566865057933E-14
    0.39505804005305309445E+01    0.29776524572319313869E-15   -0.14304105006841725690E-14
    0.39593681973373371363E+01    0.33183105123683506345E-15   -0.12664688775053526213E-15
    0.39681559941441442163E+01    0.39108141593805208234E-15    0.59427924493765711435E-15
    0.39769437909509512963E+01    0.26432367182542413823E-15    0.34018724132295421705E-16
    0.39857315877577583763E+01    0.14078563198227535902E-15   -0.71927766057986774117E-15
    0.39945193845645645681E+01    0.22273749684327985717E-15   -0.50457288486376747463E-15
    0.40033071813713716480E+01    0.35578878747125591072E-15    0.30890403137782156242E-15
    0.40120949781781787280E+01    0.22947511869844732334E-15    0.48539738809993752981E-15
    0.40208827749849849198E+01   -0.14278525749339601633E-15   -0.27876658976367769878E-15
    0.40296705717917919998E+01   -0.34661463372921058618E-15   -0.89077148792934307485E-15
    0.40384583685985990797E+01   -0.74834104991603217208E-16   -0.35609477648861539788E-15
    0.40472461654054052715E+01    0.43649745191113797272E-15    0.86362943632857083855E-15
    0.40560339622122123515E+01    0.67032263204088564852E-15    0.14531927903402541909E-14
    0.40648217590190194315E+01    0.43385822901550468328E-15    0.82882780800688918179E-15
    0.40736095558258256233E+01    0.29169043643430161820E-16   -0.29441958223958398510E-15
    0.40823973526326327033E+01   -0.20584407353183845990E-15   -0.82905708725099224674E-15
    0.40911851494394397832E+01   -0.31041192104232117316E-15   -0.32073850141202348564E-15
    0.40999729462462468632E+01   -0.48766020615747320517E-15    0.85848722943428839811E-15
    0.41087607430530530550E+01   -0.59987364700514465230E-15    0.17849298086236535036E-14
    0.41175485398598601350E+01   -0.18675374980634270177E-15    0.15211961050653739472E-14
    0.41263363366666672150E+01    0.78094635408155376648E-15   -0.34036610853830627442E-16
    0.41351241334734734068E+01    0.13916766897364979451E-14   -0.16545830537838945920E-14
    0.41439119302802804867E+01    0.67455435999090077514E-15   -0.17871324632791861791E-14
    0.41526997270870875667E+01   -0.91657166184520079759E-15   -0.22614610309161077014E-15
    0.41614875238938937585E+01   -0.15544944533805108926E-14    0.15555136609722460575E-14
    0.41702753207007008385E+01   -0.21126091077614465396E-15    0.19536722845955684033E-14
    0.41790631175075079184E+01    0.16633644729299032177E-14    0.71432089231124557924E-15
    0.41878509143143141102E+01    0.16878298446107741398E-14   -0.11368063571518087204E-14
    0.41966387111211211902E+01   -0.42435326584985561724E-15   -0.21909467709974546849E-14
    0.42054265079279282702E+01   -0.23201968168943357650E-14   -0.15201465525892636442E-14
    0.42142143047347353502E+01   -0.19106034528871840691E-14    0.58255801856505649671E-15
    0.42230021015415415420E+01    0.10133985727758247918E-15    0.23620883463082903053E-14
    0.42317898983483486219E+01    0.13713930582352578330E-14    0.20060902105857092892E-14
    0.42405776951551557019E+01    0.81941035028888813382E-15   -0.27539229515604181965E-15
    0.42493654919619618937E+01   -0.43122893370420677516E-15   -0.21505273784991400024E-14
    0.42581532887687689737E+01   -0.86997029084189874655E-15   -0.17461322333739867164E-14
    0.42669410855755760537E+01   -0.34545211699053482883E-15    0.19564284893861500533E-15
    0.42757288823823822455E+01    0.29112778886800152502E-15    0.14272400108919588067E-14
    0.42845166791891893254E+01    0.55257485574520863351E-15    0.84503639563885030637E-15
    0.42933044759959964054E+01    0.74243036862236659401E-15   -0.59940968419521344172E-15
    0.43020922728028034854E+01    0.10672612834947698491E-14   -0.14019063214422134611E-14
    0.43108800696096096772E+01    0.93099864903209388734E-15   -0.10438985538064910456E-14
    0.43196678664164167571E+01   -0.28127298485693039944E-15   -0.53586376410697324845E-16
    0.43284556632232238371E+01   -0.18103956142380514729E-14    0.69148057674676024831E-15
    0.43372434600300300289E+01   -0.17649772095732978849E-14    0.56687011433050258335E-15
    0.43460312568368371089E+01    0.47250738800443803019E-15   -0.38558453946884991127E-15
    0.43548190536436441889E+01    0.25989136632491216350E-14   -0.13312915421145715374E-14
    0.43636068504504503807E+01    0.17043617349937218831E-14   -0.13586794211966762836E-14
    0.43723946472572574606E+01   -0.17623804782432416379E-14   -0.52424571298940109340E-15
    0.43811824440640645406E+01   -0.38091637992160259506E-14    0.11578883606885147078E-15
    0.43899702408708707324E+01   -0.17084428303691996165E-14   -0.19661262163183771837E-15
    0.43987580376776778124E+01    0.22180060091885680613E-14   -0.90544716151016994450E-15
    0.44075458344844848924E+01    0.33999972378094493588E-14   -0.91041068714494693077E-15
    0.44163336312912919723E+01    0.71330817779709959235E-15   -0.10968312795539189119E-15
    0.44251214280980981641E+01   -0.23066018873607645764E-14    0.38343194534731084938E-15
    0.44339092249049052441E+01   -0.21944635048342105527E-14   -0.22634388668105774392E-15
    0.44426970217117123241E+01    0.33249978911372933491E-15   -0.11952497387452318229E-14
    0.44514848185185185159E+01    0.20033919659904452778E-14   -0.11398287902940438062E-14
    0.44602726153253255958E+01    0.12228989515785333547E-14    0.14742733162596447482E-15
    0.44690604121321326758E+01   -0.55910891060789988816E-15    0.13584482858811275842E-14
    0.44778482089389388676E+01   -0.12956987728104112005E-14    0.12659295231610493953E-14
    0.44866360057457459476E+01   -0.68119275589651549884E-15    0.10753315932603379346E-15
    0.44954238025525530276E+01    0.19953665848585586131E-15   -0.90498217931527599865E-15
    0.45042115993593592194E+01    0.47351174445158099792E-15   -0.93583792966068017434E-15
    0.45129993961661662993E+01    0.19203858888868183910E-15   -0.13108404276071787733E-15
    0.45217871929729733793E+01   -0.16752167347054819658E-15    0.77712558303218043150E-15
    0.45305749897797804593E+01   -0.28348723361492527266E-15    0.10320679132626182702E-14
    0.45393627865865866511E+01   -0.11794964871838912356E-15    0.35168018143529144006E-15
    0.45481505833933937311E+01    0.18336738168585892554E-15   -0.68040507186793411976E-15
    0.45569383802002008110E+01    0.41872795890311200977E-15   -0.94190352326439274562E-15
    0.45657261770070070028E+01    0.47516497563473356302E-15    0.23701832717865239787E-16
    0.45745139738138140828E+01    0.41790695252596311542E-15    0.12195651201313416982E-14
    0.45833017706206211628E+01    0.39233065081168791533E-15    0.12578172271582042221E-14
    0.45920895674274273546E+01    0.44891248371383662227E-15    0.14721585058016409118E-15
    0.46008773642342344345E+01    0.50577399451408880250E-15   -0.60185629773807965884E-15
    0.46096651610410415145E+01    0.48574356525176607168E-15    0.12945939852923552872E-16
    0.46184529578478477063E+01    0.42700025668531153180E-15    0.98715522475609576793E-15
    0.46272407546546547863E+01    0.40970839371850171965E-15    0.64590567070280315045E-15
    0.46360285514614618663E+01    0.41015697952384448881E-15   -0.89548034010762256408E-15
    0.46448163482682689462E+01    0.30990913649403604255E-15   -0.15896562762881664313E-14
    0.46536041450750751380E+01    0.97238331838384585210E-16   -0.20879040364681915102E-15
    0.46623919418818822180E+01   -0.15691900671098882301E-16    0.16330736944617855016E-14
    0.46711797386886892980E+01    0.15145948155798738976E-15    0.13763871409769939655E-14
    0.46799675354954954898E+01    0.36782216080574285878E-15   -0.10426068435286248940E-14
    0.46887553323023025698E+01    0.11611767151170781174E-15   -0.28355054278393303275E-14
    0.46975431291091096497E+01   -0.67122259992504067584E-15   -0.18271616110019085694E-14
    0.47063309259159158415E+01   -0.11787860549527151758E-14    0.80987247454488783411E-15
    0.47151187227227229215E+01   -0.55413505911180777030E-15    0.22015516218635956872E-14
    0.47239065195295300015E+01    0.79491538912751328047E-15    0.12227796305194465547E-14
    0.47326943163363361933E+01    0.13183678208714224576E-14   -0.59543603526183722474E-15
    0.47414821131431432732E+01    0.15709791535447369571E-15   -0.13229718389087972498E-14
    0.47502699099499503532E+01   -0.15502116681819967732E-14   -0.66578682778461539068E-15
    0.47590577067567574332E+01   -0.19072979507201542998E-14    0.39048584518025113684E-15
    0.47678455035635636250E+01   -0.49813135275489044812E-15    0.97871865905560698367E-15
    0.47766333003703707050E+01    0.11877220612591160015E-14    0.96696265627509854978E-15
    0.47854210971771777849E+01    0.15435797639781521535E-14    0.57981903802912618270E-15
    0.47942088939839839767E+01    0.42285623634791851300E-15   -0.65971377735433809531E-17
    0.48029966907907910567E+01   -0.10994197320484594434E-14   -0.62399486340197855055E-15
    0.48117844875975981367E+01   -0.17855324670678923622E-14   -0.90511527282036752320E-15
    0.48205722844044043285E+01   -0.10376957994685387352E-14   -0.45036186076261397033E-15
    0.48293600812112114085E+01    0.66450143796006386501E-15    0.56447791833980587201E-15
    0.48381478780180184884E+01    0.17985798963915030583E-14    0.11093897465158689170E-14
    0.48469356748248246802E+01    0.10705540238839654206E-14    0.24362028926770673219E-15
    0.48557234716316317602E+01   -0.95822282329473959823E-15   -0.15477059363701352332E-14
    0.48645112684384388402E+01   -0.21167095304413090253E-14   -0.25100449364890624802E-14
    0.48732990652452459202E+01   -0.10593448849734586572E-14   -0.15295093246400269934E-14
    0.48820868620520521119E+01    0.10071619141142683868E-14    0.47565524450940985886E-15
    0.48908746588588591919E+01    0.18284445338172436461E-14    0.16058505128789780075E-14
    0.48996624556656662719E+01    0.82453306065628952730E-15    0.98851908762641821829E-15
    0.49084502524724724637E+01   -0.45333700619393647698E-15   -0.60604725713932594851E-15
    0.49172380492792795437E+01   -0.54597333179405514678E-15   -0.18183313273749409573E-14
    0.49260258460860866236E+01    0.15534010836274988849E-15   -0.17981003443922683700E-14
    0.49348136428928928154E+01    0.36068018022811736596E-15   -0.60560000790741896675E-15
    0.49436014396996998954E+01   -0.14185452279373595900E-15    0.77725743974989125530E-15
    0.49523892365065069754E+01   -0.26054681523366587078E-15    0.10465227666797877785E-14
    0.49611770333133140554E+01    0.57625649308217240656E-15   -0.16191676285536122128E-15
    0.49699648301201202472E+01    0.11870655258724221765E-14   -0.15779280202408099932E-14
    0.49787526269269273271E+01    0.13567767141284154226E-15   -0.15907843089409662641E-14
    0.49875404237337344071E+01   -0.18616483688778438688E-14   -0.20849066026617369083E-15
    0.49963282205405405989E+01   -0.22074097912670645874E-14    0.89322540234226130688E-15
    0.50051160173473476789E+01    0.24623399110705315888E-15    0.51252209771480269357E-15
    0.50139038141541547589E+01    0.30398835431256366686E-14   -0.53675447879228341513E-15
    0.50226916109609609506E+01    0.28197116171613951867E-14   -0.67204071152171361385E-15
    0.50314794077677680306E+01   -0.28998983769278373544E-15    0.21947894216564023232E-15
    0.50402672045745751106E+01   -0.25365077298799983678E-14    0.62273226560409651739E-15
    0.50490550013813813024E+01   -0.11959159814052664128E-14   -0.38735387640965762302E-15
    0.50578427981881883824E+01    0.20189975233465904593E-14   -0.16030046430848636128E-14
    0.50666305949949954623E+01    0.33944987799901045880E-14   -0.11945423728444887015E-14
    0.50754183918018025423E+01    0.17819061423923994732E-14    0.73006218767917129046E-15
    0.50842061886086087341E+01   -0.51626806421991749832E-15    0.20145655346661820014E-14
    0.50929939854154158141E+01   -0.10605435700489772385E-14    0.11103886374106647887E-14
    0.51017817822222228941E+01    0.19680891886783806702E-16   -0.97325336426646326454E-15
    0.51105695790290290859E+01    0.97843074210163339750E-15   -0.19984017651477043132E-14
    0.51193573758358361658E+01    0.80746969972449776279E-15   -0.10333550364123631531E-14
    0.51281451726426432458E+01   -0.15587870761009329033E-16    0.85794932598898416000E-15
    0.51369329694494494376E+01   -0.62424942254095345982E-15    0.20287247465745102517E-14
    0.51457207662562565176E+01   -0.76398264885823887300E-15    0.16297936163496456976E-14
    0.51545085630630635976E+01   -0.69381932547826469739E-15   -0.44680463441021150817E-16
    0.51632963598698697893E+01   -0.64913438858969099766E-15   -0.17334808019017201696E-14
    0.51720841566766768693E+01   -0.60741664655227811772E-15   -0.19657041681490779196E-14
    0.51808719534834839493E+01   -0.40982535296995426419E-15   -0.40759508493739689013E-15
    0.51896597502902910293E+01    0.59298540357126737742E-16    0.14502134319298684562E-14
    0.51984475470970972211E+01    0.68737397839329261810E-15    0.17086362670927856362E-14
    0.52072353439039043010E+01    0.10022027578464313151E-14    0.13907886108284874773E-15
    0.52160231407107113810E+01    0.48078691555169986510E-15   -0.16232961093963213132E-14
    0.52248109375175184610E+01   -0.68201883114891782906E-15   -0.19548154780595620224E-14
    0.52335987343243246528E+01   -0.12737237610961987777E-14   -0.76355636592172844205E-15
    0.52423865311311317328E+01   -0.26036311419734875665E-15    0.86413509806788239895E-15
    0.52511743279379388127E+01    0.16338956159872300234E-14    0.17638132078748073146E-14
    0.52599621247447450045E+01    0.23117562864050044597E-14    0.14012106528570404426E-14
    0.52687499215515520845E+01    0.78845411649539320132E-15    0.11174098645267970255E-15
    0.52775377183583591645E+01   -0.12607235640244842037E-14   -0.10050773095405688343E-14
    0.52863255151651653563E+01   -0.14113118066379522489E-14   -0.93970035500856939632E-15
    0.52951133119719724363E+01    0.51013857981766781970E-15    0.20020534927679384541E-15
    0.53039011087787795162E+01    0.22509074379394828848E-14    0.12531147909295350085E-14
    0.53126889055855857080E+01    0.19928333618964384465E-14    0.12277097131955345558E-14
    0.53214767023923927880E+01    0.43124916241619694872E-15    0.22795882290860162436E-15
    0.53302644991991998680E+01   -0.52351560117656422651E-15   -0.91346538060110064469E-15
    0.53390522960060069479E+01   -0.19150744092956829656E-15   -0.14825608535033299189E-14
    0.53478400928128131397E+01    0.42694411271960274439E-15   -0.12890884863920936544E-14
    0.53566278896196202197E+01    0.34667370772253745801E-15   -0.57905236030758986457E-15
    0.53654156864264272997E+01   -0.12664933369335697046E-15    0.15651128731560316488E-15
    0.53742034832332334915E+01   -0.11799564104039166074E-15    0.45233711053676097498E-15
    0.53829912800400405715E+01    0.43926897975069709954E-15    0.14667975035227187177E-15
    0.53917790768468476514E+01    0.69801988906892992713E-15   -0.53472200123996181810E-15
    0.54005668736536538432E+01    0.13822694962025220792E-15   -0.11015843618683942250E-14
    0.54093546704604609232E+01   -0.60526449212725215624E-15   -0.10249298516161658610E-14
    0.54181424672672680032E+01   -0.54884718917334737940E-15   -0.15483122494838324807E-15
    0.54269302640740750832E+01    0.33059047123771011674E-15    0.88429110404292251002E-15
    0.54357180608808812750E+01    0.10179199772283391676E-14    0.10485233401677091823E-14
    0.54445058576876883549E+01    0.67016802511682700874E-15   -0.11266265344357739344E-16
    0.54532936544944954349E+01   -0.47625446750245610101E-15   -0.13263686411227793596E-14
    0.54620814513013016267E+01   -0.14984765865718460477E-14   -0.15779803456942792360E-14
    0.54708692481081087067E+01   -0.16528293690410756657E-14   -0.53677293509065136662E-15
    0.54796570449149157866E+01   -0.84051949184355816534E-15    0.76899026280657318946E-15
    0.54884448417217219784E+01    0.36746226551491909093E-15    0.12054161807868761996E-14
    0.54972326385285290584E+01    0.97205576360318513228E-15    0.50557294695918862729E-15
    0.55060204353353361384E+01    0.31666383831534326312E-15   -0.72899693462824394665E-15
    0.55148082321421423302E+01   -0.10848704745953580670E-14   -0.14509980394227818658E-14
    0.55235960289489494102E+01   -0.18446356594302901032E-14   -0.83861615461774858304E-15
    0.55323838257557564901E+01   -0.11259816045147238461E-14    0.82211789317453801961E-15
    0.55411716225625635701E+01    0.42636139846125894683E-15    0.19130280599503670419E-14
    0.55499594193693697619E+01    0.14584462399143679162E-14    0.10407072097692228966E-14
    0.55587472161761768419E+01    0.12346796220385008368E-14   -0.10356080085855059778E-14
    0.55675350129829839219E+01    0.91933589250890292698E-16   -0.18994524719750435168E-14
    0.55763228097897901137E+01   -0.10159034004481991922E-14   -0.38754159811566909723E-15
    0.55851106065965971936E+01   -0.11297136135971510116E-14    0.16901396327001146398E-14
    0.55938984034034042736E+01    0.34618003427458020607E-16    0.17620253946576479739E-14
    0.56026862002102104654E+01    0.15385178848639029429E-14   -0.20757272321021942708E-15
    0.56114739970170175454E+01    0.18052570296664954591E-14   -0.17102451729006036977E-14
    0.56202617938238246253E+01    0.30112300689659250456E-15   -0.97438083765881438039E-15
    0.56290495906306308171E+01   -0.15688692491455462256E-14    0.84282241443414831325E-15
    0.56378373874374378971E+01   -0.19509976852779519577E-14    0.14029330438929896622E-14
    0.56466251842442449771E+01   -0.67101413583005273329E-15    0.11248463146860584051E-15
    0.56554129810510520571E+01    0.69281097465029069596E-15   -0.14694449757389784320E-14
    0.56642007778578582489E+01    0.77519402868597234584E-15   -0.17446894674745799963E-14
    0.56729885746646653288E+01   -0.16703935568680909221E-15   -0.70440889319953073418E-15
    0.56817763714714724088E+01   -0.95842868866562927041E-15    0.54470517862438475798E-15
    0.56905641682782786006E+01   -0.88937701983291000301E-15    0.98668613052736827874E-15
    0.56993519650850856806E+01   -0.16004516398988788335E-15    0.34667392103808302421E-15
    0.57081397618918927606E+01    0.62483023116908682905E-15   -0.84445173455370670438E-15
    0.57169275586986989524E+01    0.97351939524480602232E-15   -0.15103648510026732398E-14
    0.57257153555055060323E+01    0.73031422917704418755E-15   -0.89765809147260966944E-15
    0.57345031523123131123E+01    0.14852387421456416901E-15    0.50520028135626060300E-15
    0.57432909491191193041E+01   -0.29191355372882258080E-15    0.12992590527269861538E-14
    0.57520787459259263841E+01   -0.30302642843541047281E-15    0.70006133139538877773E-15
    0.57608665427327334640E+01   -0.39215215061563818531E-16   -0.54234259450097278323E-15
    0.57696543395395405440E+01    0.14654352716798879932E-15   -0.11162707304157044136E-14
    0.57784421363463467358E+01    0.90103033442240470662E-16   -0.64520976931195830737E-15
    0.57872299331531538158E+01   -0.93293550699391553071E-16    0.13038980472586306543E-15
    0.57960177299599608958E+01   -0.20879762049721512895E-15    0.44497746258748610227E-15
    0.58048055267667670876E+01   -0.16190193050326165432E-15    0.30297717003956814032E-15
    0.58135933235735741675E+01    0.56201005996326766501E-17    0.13003268910878993761E-15
    0.58223811203803812475E+01    0.14574613985822614645E-15    0.84294893219403173454E-16
    0.58311689171871874393E+01    0.11413769243290542088E-15   -0.30781789377012879680E-16
    0.58399567139939945193E+01   -0.51349092398310894628E-16   -0.27682602262474970433E-15
    0.58487445108008015993E+01   -0.82988399872757966817E-16   -0.31309755195264136317E-15
    0.58575323076076077911E+01    0.22596068669294027291E-15    0.14794193184876955266E-15
    0.58663201044144148710E+01    0.67478993223221315687E-15    0.74063484677812963777E-15
    0.58751079012212219510E+01    0.77573118319084589345E-15    0.67313969191474388210E-15
    0.58838956980280290310E+01    0.30805468413814992776E-15   -0.27866317236741244666E-15
    0.58926834948348352228E+01   -0.36169455864488702948E-15   -0.12606254734945904673E-14
    0.59014712916416423027E+01   -0.65677501478685156340E-15   -0.12299086275870493731E-14
    0.59102590884484493827E+01   -0.36032062490177990641E-15   -0.17392609366884841078E-15
    0.59190468852552555745E+01    0.23369615221990200182E-15    0.89451803354188345320E-15
    0.59278346820620626545E+01    0.57254241285613588065E-15    0.10861813681241346996E-14
    0.59366224788688697345E+01    0.18474836661189816686E-15    0.45702999363511449297E-15
    0.59454102756756759263E+01   -0.89613754726353899405E-15   -0.30070935213301049559E-15
    0.59541980724824830062E+01   -0.18139853767244264336E-14   -0.53553402684475587324E-15
    0.59629858692892900862E+01   -0.14613969889548387701E-14   -0.25740820918824753720E-16
    0.59717736660960962780E+01    0.16306640438285132226E-15    0.92024200910137597618E-15
    0.59805614629029033580E+01    0.14324635149873703048E-14    0.15824682602206562014E-14
    0.59893492597097104380E+01    0.76891063544500313088E-15    0.13753774801771477258E-14
    0.59981370565165175179E+01   -0.12737730514638604193E-14    0.44000737157556250589E-15
    0.60069248533233237097E+01   -0.24306431214909895322E-14   -0.45802145761708769503E-15
    0.60157126501301307897E+01   -0.14135112518952731715E-14   -0.66204549532557906953E-15
    0.60245004469369378697E+01    0.51677396723057401365E-15   -0.15604032903917065384E-15
    0.60332882437437440615E+01    0.12475766308191688090E-14    0.56122547818353907615E-15
    0.60420760405505511415E+01    0.31884621101093544238E-15    0.84277681291703155617E-15
    0.60508638373573582214E+01   -0.87718607654689833046E-15    0.29541078464496734031E-15
    0.60596516341641644132E+01   -0.99792410063176073894E-15   -0.81065943185538225837E-15
    0.60684394309709714932E+01   -0.10117660898784245632E-15   -0.15172482924066460666E-14
    0.60772272277777785732E+01    0.88528025234357629212E-15   -0.10437436446317057024E-14
    0.60860150245845856531E+01    0.12544047355399440966E-14    0.23117499426000617356E-15
    0.60948028213913918449E+01    0.94255827742004676878E-15    0.10404271682148814745E-14
    0.61035906181981989249E+01    0.32739101379567109807E-15    0.60948509423572529112E-15
    0.61123784150050060049E+01   -0.74167260690780145654E-16   -0.51779750918552666199E-15
    0.61211662118118121967E+01    0.41501963118058079931E-16   -0.12371479120966064880E-14
    0.61299540086186192767E+01    0.47083830053409983908E-15   -0.10500380037084338972E-14
    0.61387418054254263566E+01    0.68479998999114888846E-15   -0.31252710156866416042E-15
    0.61475296022322325484E+01    0.42153473406066111982E-15    0.34589731400975094245E-15
    0.61563173990390396284E+01   -0.51724877958786644203E-17    0.53610735913739058956E-15
    0.61651051958458467084E+01   -0.15485083224252242178E-15    0.23955683843960741125E-15
    0.61738929926526529002E+01   -0.61358429910790825674E-16   -0.22446879659655660116E-15
    0.61826807894594599802E+01   -0.15014981025943627914E-15   -0.41429711195440316369E-15
    0.61914685862662670601E+01   -0.56082507666189621052E-15   -0.13071673758332082276E-15
    0.62002563830730741401E+01   -0.81354393783019645080E-15    0.39090842340223122561E-15
    0.62090441798798803319E+01   -0.40791532949882876124E-15    0.71660062997814493766E-15
    0.62178319766866874119E+01    0.41250999136976843545E-15    0.56781004559485342659E-15
    0.62266197734934944918E+01    0.84107480589884399174E-15   -0.22355011678847777874E-17
    0.62354075703003006836E+01    0.50172084063036301393E-15   -0.59986657598281808519E-15
    0.62441953671071077636E+01   -0.32442576670143966883E-16   -0.65523254819513282499E-15
    0.62529831639139148436E+01    0.78939358032594431901E-17    0.74756046550868901977E-16
    0.62617709607207210354E+01    0.58334266843258667011E-15    0.10327761504487864143E-14
    0.62705587575275281154E+01    0.93321254176219335211E-15    0.12590310866157432013E-14
    0.62793465543343351953E+01    0.59952371756018283805E-15    0.51620926512284713420E-15
    0.62881343511411413871E+01    0.70561565230163048856E-17   -0.23361578189838771221E-15
    0.62969221479479484671E+01   -0.17742784668404961015E-15    0.33315679437335326210E-16
    0.63057099447547555471E+01    0.62886095253886831370E-16    0.10069034369373430117E-14
    0.63144977415615626271E+01    0.16117664682512707986E-15    0.13576767966440484368E-14
    0.63232855383683688189E+01   -0.15428511566095384477E-15    0.49150831282202700565E-15
    0.63320733351751758988E+01   -0.41086269448867672262E-15   -0.55657078144664985656E-15
    0.63408611319819829788E+01   -0.85119588499104443990E-16   -0.47177213826099989795E-15
    0.63496489287887891706E+01    0.51667034646284227377E-15    0.57835863233390498572E-15
    0.63584367255955962506E+01    0.52734880011353581892E-15    0.11679690131788214206E-14
    0.63672245224024033305E+01   -0.25892487354170150953E-15    0.50311158946224112784E-15
    0.63760123192092095223E+01   -0.85017085480458417693E-15   -0.54329018365505749892E-15
    0.63848001160160166023E+01   -0.23777094541102245913E-15   -0.65886050386284273564E-15
    0.63935879128228236823E+01    0.11588546898170272926E-14    0.22839529053322444847E-15
    0.64023757096296298741E+01    0.18258627717361514540E-14    0.99797888585450330412E-15
    0.64111635064364369541E+01    0.96032359342593272234E-15    0.83000761029799535050E-15
    0.64199513032432440340E+01   -0.54494914847199216961E-15    0.10919271733321003850E-15
    0.64287391000500511140E+01   -0.12311986299122607393E-14   -0.28476483063121458163E-15
    0.64375268968568573058E+01   -0.65471871808726952350E-15   -0.54061333964615862293E-16
    0.64463146936636643858E+01    0.42699153180552081208E-15    0.37208364324624260446E-15
    0.64551024904704714658E+01    0.10406310920507144387E-14    0.47528093072702726022E-15
    0.64638902872772776576E+01    0.78276687848231047168E-15    0.12887178403631192409E-15
    0.64726780840840847375E+01   -0.99249850950803079369E-16   -0.44169611658511907553E-15
    0.64814658808908918175E+01   -0.90155525020321398880E-15   -0.86912527648141939374E-15
    0.64902536776976980093E+01   -0.92338434759601150585E-15   -0.86428456471744854305E-15
    0.64990414745045050893E+01   -0.11734163041420907103E-15   -0.43180369231429495575E-15
    0.65078292713113121692E+01    0.71454587937843666986E-15    0.78809140353781423635E-16
    0.65166170681181183610E+01    0.72192487198547140556E-15    0.26597320184503820124E-15
    0.65254048649249254410E+01   -0.57196029387004981455E-16    0.24151758397815559630E-16
    0.65341926617317325210E+01   -0.80351582266949421213E-15   -0.41973691039652868161E-15
    0.65429804585385396010E+01   -0.86777438772980809606E-15   -0.72775503478045293315E-15
    0.65517682553453457928E+01   -0.36085418657911934879E-15   -0.66648606354444624537E-15
    0.65605560521521528727E+01    0.20101636551487910900E-15   -0.25060301359315381280E-15
    0.65693438489589599527E+01    0.47541775003697100482E-15    0.19016160450029729175E-15
    0.65781316457657661445E+01    0.44646938199418854861E-15    0.24409713467258745789E-15
    0.65869194425725732245E+01    0.22730374927941355752E-15   -0.12290527618235980887E-15
    0.65957072393793803045E+01   -0.82605913290248237053E-16   -0.42229289938577261102E-15
    0.66044950361861864963E+01   -0.34861037153623634624E-15   -0.19566059466471035046E-15
    0.66132828329929935762E+01   -0.33297788117493680433E-15    0.36026875532322349123E-15
    0.66220706297998006562E+01    0.14474356661429804666E-15    0.58535566910903268691E-15
    0.66308584266066068480E+01    0.87823690418938262009E-15    0.18702584380667626679E-15
    0.66396462234134139280E+01    0.12393954444486103028E-14   -0.35406046179554050044E-15
    0.66484340202202210079E+01    0.78023740938753993650E-15   -0.38616076789636662031E-15
    0.66572218170270280879E+01   -0.13434865917669131259E-15    0.14007111021355613337E-15
    0.66660096138338342797E+01   -0.61231861903355182260E-15    0.68104584616218089917E-15
    0.66747974106406413597E+01   -0.22928849240643542638E-15    0.73052615619753982493E-15
    0.66835852074474484397E+01    0.48284889443264152268E-15    0.26027436262258187547E-15
    0.66923730042542546315E+01    0.72247202272319706444E-15   -0.35682152343511223618E-15
    0.67011608010610617114E+01    0.30808320223052204223E-15   -0.59939336926191545610E-15
    0.67099485978678687914E+01   -0.29659938718149996291E-15   -0.13617363531699962629E-15
    0.67187363946746749832E+01   -0.63493578253903046026E-15    0.79229930005766218621E-15
    0.67275241914814820632E+01   -0.66485660687993180024E-15    0.13780276514333037225E-14
    0.67363119882882891432E+01   -0.53367979106079128247E-15    0.10303569000176949479E-14
    0.67450997850950962231E+01   -0.23955980937203445144E-15    0.17656193432665862869E-15
    0.67538875819019024149E+01    0.27754830096625600531E-15   -0.13171892333284282965E-15
    0.67626753787087094949E+01    0.72697938953249060035E-15    0.48901528220457836317E-15
    0.67714631755155165749E+01    0.45339238003074459434E-15    0.11896587221665438819E-14
    0.67802509723223227667E+01   -0.73058239858075156232E-15    0.95206383087107030257E-15
    0.67890387691291298466E+01   -0.17625017296473464653E-14   -0.12540826373882580265E-15
    0.67978265659359369266E+01   -0.11766291046378161251E-14   -0.97946333998605011359E-15
    0.68066143627427431184E+01    0.86608225618562702926E-15   -0.82936667461026318311E-15
    0.68154021595495501984E+01    0.20351661205430670363E-14    0.81452118110794683849E-16
    0.68241899563563572784E+01    0.44362875782520514652E-15    0.95920111022308324131E-15
    0.68329777531631634702E+01   -0.25533080034506429000E-14    0.12123463437535476412E-14
    0.68417655499699705501E+01   -0.35490404532015692033E-14    0.75455816417635132804E-15
    0.68505533467767776301E+01   -0.12278061875079404993E-14   -0.53736123204217049152E-16
    0.68593411435835847101E+01    0.18053686142766743468E-14   -0.61364871463034733004E-15
    0.68681289403903909019E+01    0.22741895360284695825E-14   -0.51539613118892526414E-15
    0.68769167371971979819E+01    0.15250628031562336295E-15    0.73948930869562220372E-16
    0.68857045340040050618E+01   -0.17559135597749250852E-14    0.56712309183714411225E-15
    0.68944923308108112536E+01   -0.14769916494221002852E-14    0.51732374462429810027E-15
    0.69032801276176183336E+01    0.11010978381582843880E-15   -0.25217269500897924884E-16
    0.69120679244244254136E+01    0.10293521228462352568E-14   -0.62887377047023989950E-15
    0.69208557212312316054E+01    0.63893898399369843164E-15   -0.75326963697529880993E-15
    0.69296435180380386853E+01   -0.18073625942040502165E-15   -0.11503594330590415392E-15
    0.69384313148448457653E+01   -0.51891824331715564991E-15    0.90657182799492040968E-15
    0.69472191116516519571E+01   -0.36387832647960641113E-15    0.13317843902256287306E-14
    0.69560069084584590371E+01   -0.14013370887626711670E-15    0.54097174648294320381E-15
    0.69647947052652661171E+01    0.19317862352796698568E-16   -0.79561601688908533443E-15
    0.69735825020720731970E+01    0.28729785968813591571E-15   -0.12744978882613670200E-14
    0.69823702988788793888E+01    0.63555780567722892049E-15   -0.37529467440650683522E-15
    0.69911580956856864688E+01    0.65081065479165562164E-15    0.85968035450865782118E-15
    0.69999458924924935488E+01    0.57133559066024288955E-16    0.11127952908252162676E-14
    0.70087336892992997406E+01   -0.73150362021810021355E-15    0.31506099369493963319E-15
    0.70175214861061068206E+01   -0.93123982563557433882E-15   -0.49170852614371225980E-15
    0.70263092829129139005E+01   -0.32309817245692385384E-15   -0.49899136846753918124E-15
    0.70350970797197200923E+01    0.38827204101626275565E-15    0.94894805623831151941E-16
    0.70438848765265271723E+01    0.40568631148000015220E-15    0.59942963652183291501E-15
    0.70526726733333342523E+01   -0.21316683071463483752E-15    0.60009003633043486917E-15
    0.70614604701401404441E+01   -0.71957088005895159022E-15    0.15842213822339575784E-15
    0.70702482669469475240E+01   -0.63015834225979616441E-15   -0.41162379513724437167E-15
    0.70790360637537546040E+01   -0.21511223409973435883E-15   -0.77476066174365522161E-15
    0.70878238605605616840E+01    0.22957605847630707656E-16   -0.74344115681446113364E-15
    0.70966116573673678758E+01    0.78789731288593953282E-17   -0.39286155990330937114E-15
    0.71053994541741749558E+01    0.22277030893369281313E-16    0.39646412648220808477E-17
    0.71141872509809820357E+01    0.13030310835826395070E-15    0.16998746936981566952E-15
    0.71229750477877882275E+01   -0.26056178680519876344E-16   -0.10480030167508530830E-16
    0.71317628445945953075E+01   -0.65655263352352908633E-15   -0.40175490153236662316E-15
    0.71405506414014023875E+01   -0.12420793794340309283E-14   -0.61104989804771998884E-15
    0.71493384382082085793E+01   -0.96015980162262874576E-15   -0.29057115870904598503E-15
    0.71581262350150156593E+01    0.21016341199216201532E-15    0.36855182136729435807E-15
    0.71669140318218227392E+01    0.11546962366656745707E-14    0.60791203450276862584E-15
    0.71757018286286289310E+01    0.80907783197979969847E-15   -0.47991406852587448436E-16
    0.71844896254354360110E+01   -0.56114007792705208822E-15   -0.98187997223848185896E-15
    0.71932774222422430910E+01   -0.16509438938589009173E-14   -0.10420639219630782921E-14
    0.72020652190490501710E+01   -0.14975474480043281581E-14   -0.17336184104958932948E-16
    0.72108530158558563627E+01   -0.29078829660314748686E-15    0.88407806898195420839E-15
    0.72196408126626634427E+01    0.10303537285357520718E-14    0.50268498534324472505E-15
    0.72284286094694705227E+01    0.14916005513819777302E-14   -0.70976642281396106634E-15
    0.72372164062762767145E+01    0.68914726540763516151E-15   -0.12267174834682066596E-14
    0.72460042030830837945E+01   -0.73193086168884784380E-15   -0.40251071921705187885E-15
    0.72547919998898908744E+01   -0.12991202796215195702E-14    0.70112718330509953814E-15
    0.72635797966966970662E+01   -0.16014683545993689712E-15    0.73677296750306245395E-15
    0.72723675935035041462E+01    0.16138587976796790239E-14   -0.28620201325952423192E-15
    0.72811553903103112262E+01    0.19807909201451533836E-14   -0.12003220944123971990E-14
    0.72899431871171174180E+01    0.36268665575505791314E-15   -0.11353827722679471137E-14
    0.72987309839239244980E+01   -0.14795495167235954444E-14   -0.32444667614983486324E-15
    0.73075187807307315779E+01   -0.15679896049095680789E-14    0.44098175135572949779E-15
    0.73163065775375386579E+01   -0.43041648025631516282E-16    0.60781466355894100323E-15
    0.73250943743443448497E+01    0.12698039899207505565E-14    0.13835800082616905540E-15
    0.73338821711511519297E+01    0.11517546121662800729E-14   -0.58757516440590733116E-15
    0.73426699679579590097E+01    0.15003336318741088362E-15   -0.99779819940641440483E-15
    0.73514577647647652014E+01   -0.53902780090906950828E-15   -0.71667592603027747341E-15
    0.73602455615715722814E+01   -0.50022606252207032059E-15    0.10054586673642305460E-15
    0.73690333583783793614E+01   -0.17570203712701130775E-15    0.88770950049479098736E-15
    0.73778211551851855532E+01   -0.25121707439597789034E-16    0.10957330217349985937E-14
    0.73866089519919926332E+01   -0.41649841211514847905E-16    0.54264979355225317007E-15
    0.73953967487987997131E+01   -0.26053496319822185010E-16   -0.42086587552121630213E-15
    0.74041845456056067931E+01    0.27669542870426318757E-16   -0.92991015392300896014E-15
    0.74129723424124129849E+01   -0.48998734298719234580E-16   -0.24331274502405074421E-15
    0.74217601392192200649E+01   -0.31257379582079017448E-15    0.12617663746196842927E-14
    0.74305479360260271449E+01   -0.57428218648725074187E-15    0.20384040073425380569E-14
    0.74393357328328333367E+01   -0.57073306854857299271E-15    0.99136781846185117266E-15
    0.74481235296396404166E+01   -0.18824725126366724101E-15   -0.98664468861100757829E-15
    0.74569113264464474966E+01    0.42910032080437548454E-15   -0.18432877908330513398E-14
    0.74656991232532536884E+01    0.86605735782795807264E-15   -0.70288977155313637931E-15
    0.74744869200600607684E+01    0.63675321361223624645E-15    0.11585510750855210667E-14
    0.74832747168668678484E+01   -0.26638207166962758051E-15    0.18798511595344037978E-14
    0.74920625136736740401E+01   -0.98279272775148692704E-15    0.87106159089168360702E-15
    0.75008503104804811201E+01   -0.51127928057878747172E-15   -0.97459845668834316611E-15
    0.75096381072872882001E+01    0.89890298509799893575E-15   -0.21820563072524645947E-14
    0.75184259040940952801E+01    0.15615333335597765913E-14   -0.16512852980030438945E-14
    0.75272137009009014719E+01    0.29172278401266743660E-15    0.45698855694094662217E-15
    0.75360014977077085518E+01   -0.17709237630797341787E-14    0.22816399646100480499E-14
    0.75447892945145156318E+01   -0.22629512292872286696E-14    0.17210541435136364412E-14
    0.75535770913213218236E+01   -0.50574120551576563160E-15   -0.10015863874535801018E-14
    0.75623648881281289036E+01    0.15050094053672223278E-14   -0.29195760687635768099E-14
    0.75711526849349359836E+01    0.15711330914326461368E-14   -0.16432179256211487663E-14
    0.75799404817417421754E+01   -0.89139327492182514359E-16    0.14505309301465770173E-14
    0.75887282785485492553E+01   -0.14273146957272160178E-14    0.27639103457139655801E-14
    0.75975160753553563353E+01   -0.11669448649939029902E-14    0.94138599355098008719E-15
    0.76063038721621625271E+01   -0.24805406772219026912E-16   -0.14986742890664645400E-14
    0.76150916689689696071E+01    0.63346436783139420000E-15   -0.16208632053636383407E-14
    0.76238794657757766871E+01    0.41184215147159695444E-15    0.24810265592445331886E-15
    0.76326672625825837670E+01   -0.10225855733732089212E-15    0.14209049529789075657E-14
    0.76414550593893899588E+01   -0.34255709241389466847E-15    0.58370649962277786950E-15
    0.76502428561961970388E+01   -0.30901115671099246997E-15   -0.70344889753421656893E-15
    0.76590306530030041188E+01   -0.22195388951055344756E-15   -0.55027756720805488924E-15
    0.76678184498098103106E+01   -0.77890043295000744516E-16    0.55254304427396964251E-15
    0.76766062466166173905E+01    0.26629660018036415067E-15    0.62094160860633471739E-15
    0.76853940434234244705E+01    0.69103712794307754036E-15   -0.76265856103912171703E-15
    0.76941818402302306623E+01    0.74953890955615297959E-15   -0.15372164010334135217E-14
    0.77029696370370377423E+01    0.19283669789319938266E-15   -0.23056237858691721009E-16
    0.77117574338438448223E+01   -0.55573063929317228959E-15    0.23067040289860430154E-14
    0.77205452306506510141E+01   -0.75876149946986590161E-15    0.23807402517349635438E-14
    0.77293330274574580940E+01   -0.21372337465255992926E-15   -0.36281194654825900692E-15
    0.77381208242642651740E+01    0.46772713480352485611E-15   -0.28008151099109014296E-14
    0.77469086210710722540E+01    0.56083431828480438080E-15   -0.19952441862014955963E-14
    0.77556964178778784458E+01   -0.19668756725042099179E-16    0.96580451612338191874E-15
    0.77644842146846855258E+01   -0.75536166672558196154E-15    0.24253723083900983675E-14
    0.77732720114914926057E+01   -0.10526560022465355995E-14    0.76645679914692800481E-15
    0.77820598082982987975E+01   -0.65257989690747460751E-15   -0.18041278904074316467E-14
    0.77908476051051058775E+01    0.21320970873179212457E-15   -0.23752405962045328266E-14
    0.77996354019119129575E+01    0.84632037734259665621E-15   -0.72305613521963451996E-15
    0.78084231987187191493E+01    0.60171436170459803068E-15    0.10891430089514116058E-14
    0.78172109955255262292E+01   -0.33866865488516609434E-15    0.14045131266786094762E-14
    0.78259987923323333092E+01   -0.92758009613794029665E-15    0.40550796807526229755E-15
    0.78347865891391395010E+01   -0.40502636095502356962E-15   -0.73144171153637938242E-15
    0.78435743859459465810E+01    0.66394611426439734318E-15   -0.10524928990194109288E-14
    0.78523621827527536610E+01    0.99880282243052922440E-15   -0.33383604915973034944E-15
    0.78611499795595607409E+01    0.15897259001811998683E-15    0.88443690991273797637E-15
    0.78699377763663669327E+01   -0.92940970932147736789E-15    0.16116051317036469476E-14
    0.78787255731731740127E+01   -0.11708912867512822006E-14    0.12041099385234752063E-14
    0.78875133699799810927E+01   -0.54454273217053970798E-15    0.25859656718079215247E-16
    0.78963011667867872845E+01    0.12600293609572125518E-15   -0.92164288766680621250E-15
    0.79050889635935943645E+01    0.26725128651456473797E-15   -0.96681354491328128846E-15
    0.79138767604004014444E+01    0.62163567945324116592E-16   -0.25918246332835315900E-15
    0.79226645572072076362E+01   -0.58459839113803935530E-16    0.55083329736682875882E-15
    0.79314523540140147162E+01   -0.42158424328424588295E-17    0.80171287922823789095E-15
    0.79402401508208217962E+01    0.23908512523770585026E-16    0.23012016905436664610E-15
    0.79490279476276279880E+01   -0.49115843872455365243E-16   -0.71224058907062492743E-15
    0.79578157444344350679E+01   -0.36342544099747399174E-16   -0.10556393114045639404E-14
    0.79666035412412421479E+01    0.17341758425659378443E-15   -0.28509700118938056121E-15
    0.79753913380480492279E+01    0.31425988602154368625E-15    0.87404847824859946734E-15
    0.79841791348548554197E+01    0.26775852730537523165E-16    0.11401196571438292405E-14
    0.79929669316616624997E+01   -0.54884537563760755401E-15    0.16329306212410615426E-15
    0.80017547284684695796E+01   -0.73088020647204868432E-15   -0.10356001538151739894E-14
    0.80105425252752748833E+01   -0.12551402163177991728E-15   -0.13138015706746088818E-14
    0.80193303220820819632E+01    0.67148691800598342524E-15   -0.66440251021885501237E-15
    0.80281181188888890432E+01    0.67149729643971883808E-15    0.22182925181519945894E-16
    0.80369059156956961232E+01   -0.21548597272865228235E-15    0.53047617084781279421E-16
    0.80456937125025032032E+01   -0.91143004222267564655E-15   -0.49577752405938187337E-15
    0.80544815093093102831E+01   -0.51620598777085134213E-15   -0.10937909166745854526E-14
    0.80632693061161173631E+01    0.46188348828467381541E-15   -0.12317128253753711149E-14
    0.80720571029229226667E+01    0.76629999884843509710E-15   -0.74258040131121280142E-15
    0.80808448997297297467E+01    0.74594748361019100197E-16    0.30096973069226344929E-17
    0.80896326965365368267E+01   -0.54668244479299401808E-15    0.28751177069301064556E-15
    0.80984204933433439066E+01   -0.12855019710185413804E-15   -0.20329850360715739944E-15
    0.81072082901501509866E+01    0.81499060944720990625E-15   -0.81765891312602991363E-15
    0.81159960869569580666E+01    0.98763129985166575043E-15   -0.59292825755854094468E-15
    0.81247838837637633702E+01    0.12626040926272066795E-15    0.46340501198015040695E-15
    0.81335716805705704502E+01   -0.53958442784691792752E-15    0.11646398423702936723E-14
    0.81423594773773775302E+01    0.50142537849515984164E-16    0.58522253103602740534E-15
    0.81511472741841846101E+01    0.12569066162177886046E-14   -0.65343366662820316998E-15
    0.81599350709909916901E+01    0.15393131466275135134E-14   -0.11013734668622161681E-14
    0.81687228677977987701E+01    0.48127041954976143678E-15   -0.26343708922361678233E-15
    0.81775106646046058501E+01   -0.63806934103708550777E-15    0.84293350933833535413E-15
    0.81862984614114111537E+01   -0.53768797645325024494E-15    0.10362266492381464278E-14
    0.81950862582182182337E+01    0.45030678393033597129E-15    0.31679739299591096561E-15
    0.82038740550250253136E+01    0.95908632335891928930E-15   -0.39279508938314285840E-15
    0.82126618518318323936E+01    0.33951098448196173789E-15   -0.38863896691034789964E-15
    0.82214496486386394736E+01   -0.68493344603247312355E-15    0.23190538822953254788E-15
    0.82302374454454465535E+01   -0.10766366451419181380E-14    0.89002670152167441769E-15
    0.82390252422522518572E+01   -0.60720947335086483635E-15    0.10079569863265897798E-14
    0.82478130390590589371E+01    0.17973823035201481781E-15    0.36536889485325906311E-15
    0.82566008358658660171E+01    0.65172502613051562658E-15   -0.65487317435470433443E-15
    0.82653886326726730971E+01    0.53884424970881775261E-15   -0.12409860890846754126E-14
    0.82741764294794801771E+01   -0.14440040800355196337E-16   -0.91719374012770724964E-15
    0.82829642262862872570E+01   -0.54669281316616286179E-15   -0.14398024362994282014E-15
    0.82917520230930943370E+01   -0.61332084778852806521E-15    0.17179953634147863843E-15
    0.83005398198998996406E+01   -0.21808922389719959759E-15   -0.27972845856734773077E-15
    0.83093276167067067206E+01    0.15356729570468443494E-15   -0.89505943423303678555E-15
    0.83181154135135138006E+01    0.77408639372070363427E-16   -0.93094007854055810256E-15
    0.83269032103203208806E+01   -0.32526882179814056529E-15   -0.28650929643603980249E-15
    0.83356910071271279605E+01   -0.57357472504700704499E-15    0.54146938628727645144E-15
    0.83444788039339350405E+01   -0.36497287400511383768E-15    0.95930059906630119405E-15
    0.83532666007407403441E+01    0.16319913059155989344E-15    0.66917866813167968214E-15
    0.83620543975475474241E+01    0.59783934895340293942E-15   -0.13692613486049191527E-15
    0.83708421943543545041E+01    0.51482975258763600845E-15   -0.77235428407330353411E-15
    0.83796299911611615840E+01   -0.21597672922830784689E-15   -0.58961639321878093101E-15
    0.83884177879679686640E+01   -0.11474273325591926487E-14    0.25619670244078623079E-15
    0.83972055847747757440E+01   -0.14455757929908954028E-14    0.80478738828098411427E-15
    0.84059933815815828240E+01   -0.73696767333899296383E-15    0.37046624270784110279E-15
    0.84147811783883881276E+01    0.27004219035350227422E-15   -0.56017629812137463095E-15
    0.84235689751951952076E+01    0.48013663999752412220E-15   -0.90964903801098926193E-15
    0.84323567720020022875E+01   -0.26723777272566656622E-15   -0.32065135400417433312E-15
    0.84411445688088093675E+01   -0.94306741657410511062E-15    0.46468812367123549869E-15
    0.84499323656156164475E+01   -0.60735932362668979534E-15    0.58290880053489212511E-15
    0.84587201624224235275E+01    0.44219232945402884226E-15   -0.18712790162990608195E-17
    0.84675079592292288311E+01    0.11240995281248665346E-14   -0.65943104330849551340E-15
    0.84762957560360359111E+01    0.83397049994609469828E-15   -0.83206726533160145708E-15
    0.84850835528428429910E+01   -0.34690591813397039220E-16   -0.44787285313872065519E-15
    0.84938713496496500710E+01   -0.66011093579226121236E-15    0.16655196703167537391E-15
    0.85026591464564571510E+01   -0.48559333733221742904E-15    0.51066146694034463363E-15
    0.85114469432632642309E+01    0.43883356706749105600E-15    0.25923316288087126128E-15
    0.85202347400700713109E+01    0.13562995636062096388E-14   -0.36576240155234579505E-15
    0.85290225368768766145E+01    0.12292656492551779935E-14   -0.68807235821236075027E-15
    0.85378103336836836945E+01   -0.14736200579883970107E-15   -0.30126560687170065304E-15
    0.85465981304904907745E+01   -0.14483338539428302494E-14    0.37475591383451791217E-15
    0.85553859272972978545E+01   -0.10704263917407884123E-14    0.57617093204984903018E-15
    0.85641737241041049344E+01    0.76114422449255911620E-15    0.15915130794744498089E-15
    0.85729615209109120144E+01    0.18737363410910914855E-14   -0.22248977494645945170E-15
    0.85817493177177173180E+01    0.76983749705072917869E-15   -0.37390426473015007818E-16
    0.85905371145245243980E+01   -0.12564276630434997360E-14    0.35229807063793108463E-15
    0.85993249113313314780E+01   -0.16772488067990160370E-14    0.20431674222260781556E-15
    0.86081127081381385580E+01    0.97454672872557547521E-17   -0.50078234094114261142E-15
    0.86169005049449456379E+01    0.16043465935687664544E-14   -0.91387327043057448200E-15
    0.86256883017517527179E+01    0.11087269452626136988E-14   -0.49343146379911048229E-15
    0.86344760985585597979E+01   -0.73714274039110942995E-15    0.69311894698924483514E-16
    0.86432638953653651015E+01   -0.16414691539574946578E-14   -0.30582202134901287910E-15
    0.86520516921721721815E+01   -0.70235057412053206840E-15   -0.14628766009829548449E-14
    0.86608394889789792614E+01    0.72169931726643652577E-15   -0.19055794658150445707E-14
    0.86696272857857863414E+01    0.10216766692635226893E-14   -0.75937741165249606069E-15
    0.86784150825925934214E+01    0.22065084937876443533E-15    0.72176898638960636805E-15
    0.86872028793994005014E+01   -0.50609434862199529958E-15    0.58660322855109869883E-15
    0.86959906762062058050E+01   -0.44418265407704779511E-15   -0.10953532541353131394E-14
    0.87047784730130128850E+01    0.47719295874588680953E-16   -0.19721000638428757757E-14
    0.87135662698198199649E+01    0.32797945911524709123E-15   -0.45640661782317478947E-15
    0.87223540666266270449E+01    0.27185335352763929732E-15    0.18596040440133714148E-14
    0.87311418634334341249E+01    0.18519797650981538341E-15    0.20996642917405804686E-14
    0.87399296602402412049E+01    0.28934781837332986951E-15   -0.95319605387886282810E-16
    0.87487174570470482848E+01    0.49982297394575382349E-15   -0.19376485152610022344E-14
    0.87575052538538535885E+01    0.62034392393453204102E-15   -0.11180809409848924901E-14
    0.87662930506606606684E+01    0.56073744000933112379E-15    0.11677376177532657204E-14
    0.87750808474674677484E+01    0.36812872804420832777E-15    0.19319939292346823974E-14
    0.87838686442742748284E+01    0.16088882137205132912E-15    0.24028829085309752127E-15
    0.87926564410810819084E+01    0.48595633733770722023E-16   -0.18089842340500782400E-14
    0.88014442378878889883E+01    0.42496829406122009041E-16   -0.19499756090875279306E-14
    0.88102320346946942919E+01    0.18136457273747805728E-16   -0.34324881067716433801E-15
    0.88190198315015013719E+01   -0.14300335799043484296E-15    0.11505820925898773587E-14
    0.88278076283083084519E+01   -0.34639397757492070158E-15    0.12483075643493771168E-14
    0.88365954251151155319E+01   -0.32055408776018575813E-15    0.23350011177998597109E-15
    0.88453832219219226118E+01    0.34385566498854597079E-16   -0.81605736118145427208E-15
    0.88541710187287296918E+01    0.40742703132361791766E-15   -0.99655880809684741180E-15
    0.88629588155355367718E+01    0.38917097812234729987E-15   -0.10246138228004973091E-15
    0.88717466123423420754E+01    0.82326267853684069425E-17    0.11423368572013154830E-14
    0.88805344091491491554E+01   -0.23856498318128755800E-15    0.15115873245053002615E-14
    0.88893222059559562354E+01   -0.85692540227603107882E-17    0.50473279325374132011E-15
    0.88981100027627633153E+01    0.40550028391020367749E-15   -0.84763822768147629529E-15
    0.89068977995695703953E+01    0.44778048738228909635E-15   -0.10367399545007381850E-14
    0.89156855963763774753E+01    0.31622896804725052393E-16    0.11357899995715634424E-15
    0.89244733931831827789E+01   -0.33577452730919254730E-15    0.12028491921569555119E-14
    0.89332611899899898589E+01   -0.21240333109968157027E-15    0.10180196156636166089E-14
    0.89420489867967969388E+01    0.23178002053395498699E-15   -0.14498171789157667064E-16
    0.89508367836036040188E+01    0.49350949035110177393E-15   -0.57023980312293694021E-15
    0.89596245804104110988E+01    0.37216062416611451609E-15   -0.11703997478997752248E-15
    0.89684123772172181788E+01    0.14351932939717701045E-15    0.62705245877239788521E-15
    0.89772001740240252587E+01    0.13656243451118771395E-15    0.82695287651340068780E-15
    0.89859879708308305624E+01    0.35258879648827996847E-15    0.52987653108548855769E-15
    0.89947757676376376423E+01    0.56562955024850416690E-15    0.31511349940422544045E-15
    0.90035635644444447223E+01    0.63609109037995934065E-15    0.36495026496223342769E-15
    0.90123513612512518023E+01    0.62293518909214307525E-15    0.27566197827432817977E-15
    0.90211391580580588823E+01    0.63392031830144638843E-15   -0.18792924444480932563E-15
    0.90299269548648659622E+01    0.67747947762368679453E-15   -0.53389973997016035561E-15
    0.90387147516716712659E+01    0.66860168280638889225E-15   -0.13972579157366772927E-15
    0.90475025484784783458E+01    0.50962744795288162019E-15    0.71328424514300524816E-15
    0.90562903452852854258E+01    0.17417823461837983452E-15    0.90364392646722893319E-15
    0.90650781420920925058E+01   -0.21212406196801482782E-15   -0.11159288692138149874E-15
    0.90738659388988995858E+01   -0.37056158946541367568E-15   -0.13095650373788222916E-14
    0.90826537357057066657E+01   -0.11541594128367035940E-15   -0.12179017213242689027E-14
    0.90914415325125137457E+01    0.32848688080941729787E-15    0.15927360334919351956E-15
    0.91002293293193190493E+01    0.42942102251646342615E-15    0.11936919112069164875E-14
    0.91090171261261261293E+01   -0.40201165549943414650E-16    0.67112717363765835541E-15
    0.91178049229329332093E+01   -0.60193276693769037766E-15   -0.64485558304887373637E-15
    0.91265927197397402892E+01   -0.59377718707917393639E-15   -0.11105230288990749847E-14
    0.91353805165465473692E+01   -0.38176732689954058977E-16   -0.35978673623532143914E-15
    0.91441683133533544492E+01    0.31635109378970021724E-15    0.33934941369287689480E-15
    0.91529561101601597528E+01   -0.43025282477118533465E-16   -0.61849600680832759263E-16
    0.91617439069669668328E+01   -0.67289991302926617207E-15   -0.94080201713030196862E-15
    0.91705317037737739128E+01   -0.72892596579632878578E-15   -0.96295505337101630725E-15
    0.91793195005805809927E+01   -0.23155851098087250979E-16    0.16307515730120976460E-16
    0.91881072973873880727E+01    0.77613965400431395393E-15    0.72773466840260887123E-15
    0.91968950941941951527E+01    0.98799605108207932263E-15    0.29708821047065900733E-15
    0.92056828910010004563E+01    0.63302191490782725321E-15   -0.42033865006620415473E-15
    0.92144706878078075363E+01    0.20893645388216969698E-15   -0.98044086237074997738E-17
    0.92232584846146146162E+01    0.70873133142330136447E-16    0.13989321149122025901E-14
    0.92320462814214216962E+01    0.17615839316000637349E-15    0.20440977035013218978E-14
    0.92408340782282287762E+01    0.28180734991214438521E-15    0.84928175104242885165E-15
    0.92496218750350358562E+01    0.18359947509777261509E-15   -0.91198659337715147661E-15
    0.92584096718418411598E+01   -0.15199105600442238658E-15   -0.11481268528305324792E-14
    0.92671974686486482398E+01   -0.52627305797339169402E-15    0.32933887331531772127E-15
    0.92759852654554553197E+01   -0.62528222465549139653E-15    0.15284852268914115463E-14
    0.92847730622622623997E+01   -0.33670342195423693999E-15    0.89433303227465668166E-15
    0.92935608590690694797E+01    0.57673848528337807215E-16   -0.69807327770823238172E-15
    0.93023486558758765597E+01    0.16065743477355395175E-15   -0.12640953994713661742E-14
    0.93111364526826818633E+01   -0.92600922487057896224E-16   -0.29419369927329899547E-15
    0.93199242494894889433E+01   -0.37780936519451844199E-15    0.77769991391551998958E-15
    0.93287120462962960232E+01   -0.38299595538877515802E-15    0.60567517589657453095E-15
    0.93374998431031031032E+01   -0.13860211921288626084E-15   -0.43774229241906175770E-15
    0.93462876399099101832E+01    0.88491601296346642500E-16   -0.10445281013273586401E-14
    0.93550754367167172632E+01    0.82710834185879795222E-16   -0.69089249337923884132E-15
    0.93638632335235243431E+01   -0.16319601354238260448E-15   -0.53390290045999268593E-16
    0.93726510303303296467E+01   -0.45318582384231194752E-15    0.11022754643118694481E-15
    0.93814388271371367267E+01   -0.47942427365449263777E-15   -0.11405336041358713696E-15
    0.93902266239439438067E+01   -0.88160528090241361510E-16   -0.17908477144172046189E-15
    0.93990144207507508867E+01    0.43126453652953054686E-15    0.43507828861004549880E-16
    0.94078022175575579666E+01    0.51226453711483426213E-15    0.12009365447954073730E-15
    0.94165900143643650466E+01   -0.15717537001328603727E-16   -0.23362547858773332088E-15
    0.94253778111711703502E+01   -0.53665245374754260493E-15   -0.64250092405964360261E-15
    0.94341656079779774302E+01   -0.31474220201444231802E-15   -0.54746411503627751818E-15
    0.94429534047847845102E+01    0.49866306494738647001E-15   -0.18845179059786003779E-16
    0.94517412015915915902E+01    0.91638574048806396724E-15    0.24805283416560450499E-15
    0.94605289983983986701E+01    0.35917264895976491179E-15   -0.13714128571864615746E-15
    0.94693167952052057501E+01   -0.49842519067542830181E-15   -0.63402455841586747523E-15
    0.94781045920120128301E+01   -0.57361747977243936610E-15   -0.44475988706689630578E-15
    0.94868923888188181337E+01    0.19938941226956204850E-15    0.37608988210563200049E-15
    0.94956801856256252137E+01    0.77273647339892579009E-15    0.90308145052089886681E-15
    0.95044679824324322936E+01    0.38239585614361522222E-15    0.54484467686510861155E-15
    0.95132557792392393736E+01   -0.43879903018781952611E-15   -0.12514799294339447102E-15
    0.95220435760460464536E+01   -0.61605157575785042233E-15   -0.15383397244821682985E-15
    0.95308313728528535336E+01    0.87402521454514533984E-16    0.46292046533921970633E-15
    0.95396191696596588372E+01    0.85096770936453173611E-15    0.73745396755221101331E-15
    0.95484069664664659172E+01    0.87982963514737756520E-15    0.76187444192813279610E-16
    0.95571947632732729971E+01    0.26931588936473623588E-15   -0.77548922391907187087E-15
    0.95659825600800800771E+01   -0.32383348524909721967E-15   -0.66164802924178098940E-15
    0.95747703568868871571E+01   -0.46317206141705935581E-15    0.43149921841339542153E-15
    0.95835581536936942371E+01   -0.22449538038515038465E-15    0.12786260923113535246E-14
    0.95923459505005013170E+01    0.69963191874312901238E-16    0.92453480055239923825E-15
    0.96011337473073066207E+01    0.15178506362291147460E-15   -0.19395792463986500811E-15
    0.96099215441141137006E+01   -0.40210390643178019181E-16   -0.90269079967369314467E-15
    0.96187093409209207806E+01   -0.29651834557455307121E-15   -0.59260371420670404683E-15
    0.96274971377277278606E+01   -0.28534637219747653119E-15    0.34984572233972460170E-15
    0.96362849345345349406E+01    0.80065636500444771277E-16    0.10889116112105398796E-14
    0.96450727313413420205E+01    0.44721581980361086967E-15    0.96869297165738732175E-15
    0.96538605281481491005E+01    0.40031030587542456965E-15   -0.45699718904805746704E-16
    0.96626483249549544041E+01    0.41481876722933206807E-17   -0.11086680992425965745E-14
    0.96714361217617614841E+01   -0.21939066526477776567E-15   -0.10226359816255643724E-14
    0.96802239185685685641E+01    0.76103308929756134479E-16    0.42059802475861584181E-15
    0.96890117153753756440E+01    0.62361240412549281264E-15    0.17656046467017844729E-14
    0.96977995121821827240E+01    0.89001296887342645741E-15    0.13786581874625747955E-14
    0.97065873089889898040E+01    0.68866098207172993191E-15   -0.45333619095169795010E-15
    0.97153751057957951076E+01    0.30294817380995866062E-15   -0.16532392869900356904E-14
    0.97241629026026021876E+01    0.80985216196054729673E-16   -0.85085882431950264905E-15
    0.97329506994094092676E+01    0.97110835745302187037E-16    0.91363046637681681803E-15
    0.97417384962162163475E+01    0.21028551805239719117E-15    0.15993369809143750084E-14
    0.97505262930230234275E+01    0.27283074542222271442E-15    0.60084442949910212677E-15
    0.97593140898298305075E+01    0.22937005555813102956E-15   -0.82763839161769336142E-15
    0.97681018866366375875E+01    0.93420446007423389197E-16   -0.12984894648454763691E-14
    0.97768896834434428911E+01   -0.81334024370904971209E-16   -0.69038168235880196549E-15
    0.97856774802502499710E+01   -0.19506464031297712389E-15    0.18737084361630439275E-15
    0.97944652770570570510E+01   -0.97054627489191581916E-16    0.57862058478466356995E-15
    0.98032530738638641310E+01    0.30285890088754667044E-15    0.27237364888752050457E-15
    0.98120408706706712110E+01    0.80869854096189919447E-15   -0.45123783551757204143E-15
    0.98208286674774782909E+01    0.90363515807820419026E-15   -0.10234476748698808644E-14
    0.98296164642842835946E+01    0.26585804856833687192E-15   -0.96871804660724596352E-15
    0.98384042610910906745E+01   -0.61470630220605234088E-15   -0.30358224626052472040E-15
    0.98471920578978977545E+01   -0.73159691170487983811E-15    0.47770878453163094390E-15
    0.98559798547047048345E+01    0.21744379742228050735E-15    0.84273847216124177110E-15
    0.98647676515115119145E+01    0.11677919985240049830E-14    0.59953220060192936814E-15
    0.98735554483183189944E+01    0.84596970432146708304E-15   -0.48417152925880347059E-16
    0.98823432451251260744E+01   -0.57514419150615274856E-15   -0.60432987258432738080E-15
    0.98911310419319313780E+01   -0.15555692641244802455E-14   -0.57488307133708454893E-15
    0.98999188387387384580E+01   -0.10404996238803690414E-14    0.51443921975860279522E-16
    0.99087066355455455380E+01    0.28515930943137269960E-15    0.62130563803420115218E-15
    0.99174944323523526180E+01    0.96403736323830681701E-15    0.46948993249091614337E-15
    0.99262822291591596979E+01    0.44327582746042047052E-15   -0.23112032444920290668E-15
    0.99350700259659667779E+01   -0.53595579324988447533E-15   -0.60999921353928479550E-15
    0.99438578227727720815E+01   -0.88446731561860632489E-15   -0.23234375065677784150E-15
    0.99526456195795791615E+01   -0.15424031263256325383E-15    0.27407009169352409450E-15
    0.99614334163863862415E+01    0.85583495063699624836E-15    0.26112091110581863468E-15
    0.99702212131931933214E+01    0.23035143492877983679E-15    0.24032039206866343593E-15
    0.99790090100000004014E+01   -0.75654649334328183304E-15   -0.67428089839826488791E-15
