    0.11999999999999999556E+01    0.00000000000000000000E+00    0.00000000000000000000E+00
    0.12087877968068068135E+01    0.15143365308870866277E-11   -0.74190313639924709115E-17
    0.12175755936136136715E+01   -0.22556718896961226214E-11   -0.20490060334284501270E-16
    0.12263633904204203073E+01   -0.21592440306498765284E-11   -0.20250503650060741415E-16
    0.12351511872272271653E+01    0.48386412771113433727E-11    0.10382144108248374440E-16
    0.12439389840340340232E+01    0.48092233088662661230E-11    0.27163297113667612689E-16
    0.12527267808408408811E+01   -0.89221714880248252864E-11   -0.24522695436368935929E-17
    0.12615145776476475170E+01   -0.20592573793526125404E-10   -0.45982358213185131489E-16
    0.12703023744544543749E+01   -0.12034203176942069800E-10   -0.49188743328887352506E-16
    0.12790901712612612329E+01    0.85875942721425863712E-11   -0.72377047923401770011E-17
    0.12878779680680680908E+01    0.12771184826877491248E-10    0.31437113123810836499E-16
    0.12966657648748749487E+01   -0.85076813709912322753E-11    0.27928628835810334493E-16
    0.13054535616816815846E+01   -0.24323179049671830250E-10   -0.35197404331011348294E-17
    0.13142413584884884425E+01   -0.34199330642497831529E-11   -0.22949158536432700236E-16
    0.13230291552952953005E+01    0.33071355652490415517E-10   -0.13836123072513181624E-16
    0.13318169521021021584E+01    0.28110012780073020019E-10    0.65387767101708847554E-17
    0.13406047489089087943E+01   -0.28461670514106999204E-10    0.15208843998951550322E-16
    0.13493925457157156522E+01   -0.61299803524906722254E-10    0.65546146294526157468E-17
    0.13581803425225225102E+01   -0.28724363205636321883E-11   -0.10324101583798919463E-16
    0.13669681393293293681E+01    0.87212389011164396509E-10   -0.23318524383890986093E-16
    0.13757559361361360040E+01    0.68471631633678085552E-10   -0.24277064360004865354E-16
    0.13845437329429428619E+01   -0.77526841050046838972E-10   -0.10977572795548481865E-16
    0.13933315297497497198E+01   -0.15698850152369810076E-09    0.12789475765503924315E-16
    0.14021193265565565778E+01   -0.24108260140326968691E-11    0.40116084989823313642E-16
    0.14109071233633634357E+01    0.22768300024056954087E-09    0.64372169524722745586E-16
    0.14196949201701700716E+01    0.17321006198678642213E-09    0.78398236703361874111E-16
    0.14284827169769769295E+01   -0.20615061772096666149E-09    0.70002926465711506676E-16
    0.14372705137837837874E+01   -0.40508462681055379762E-09    0.26002447537750895800E-16
    0.14460583105905906454E+01    0.61245893311636671387E-11   -0.41799271638421826666E-16
    0.14548461073973975033E+01    0.61019213284819565755E-09   -0.71158750648410566309E-16
    0.14636339042042041392E+01    0.48289077845615965322E-09    0.17738537737344633913E-16
    0.14724217010110109971E+01   -0.43705533483348015727E-09    0.23584941388458384505E-15
    0.14812094978178178550E+01   -0.73430851227338101059E-09    0.48309468885164854440E-15
    0.14899972946246244909E+01    0.94888493179211717000E-09    0.62980282968542552429E-15
    0.14987850914314313489E+01    0.41023786454914562452E-08    0.62804503128443005778E-15
    0.15075728882382382068E+01    0.79660773363237487950E-08    0.51823838504953081200E-15
    0.15163606850450450647E+01    0.16395226119146474860E-07    0.33795971580994175866E-15
    0.15251484818518519226E+01    0.42936054797990221495E-07    0.73981826507255097157E-16
    0.15339362786586585585E+01    0.11542177636411406054E-06   -0.25216616759352006499E-15
    0.15427240754654654165E+01    0.28621863781246665463E-06   -0.47960313067169284622E-15
    0.15515118722722722744E+01    0.68057943267737756949E-06   -0.39898375284882723353E-15
    0.15602996690790791323E+01    0.15842919654390165298E-05   -0.19615274558954877311E-16
    0.15690874658858859902E+01    0.36214222650065280258E-05    0.32080928461495542540E-15
    0.15778752626926926261E+01    0.81338195382408897018E-05    0.27206738829611662930E-15
    0.15866630594994994841E+01    0.17768503783537103661E-04   -0.12528683236006082235E-15
    0.15954508563063063420E+01    0.37936422593933158377E-04   -0.46980980835559219837E-15
    0.16042386531131129779E+01    0.79151506344282218999E-04   -0.42678558649162536864E-15
    0.16130264499199198358E+01    0.16120867786436645069E-03   -0.28376308027354973407E-16
    0.16218142467267266937E+01    0.32141445447278672474E-03    0.44367869235670783620E-15
    0.16306020435335335517E+01    0.62588141342110573291E-03    0.71131100677383059231E-15
    0.16393898403403404096E+01    0.11911114535251795567E-02    0.66323193660149578839E-15
    0.16481776371471470455E+01    0.22154265404304980362E-02    0.42626309749952646918E-15
    0.16569654339539539034E+01    0.40218895950633812286E-02    0.32425945845264397608E-15
    0.16657532307607607613E+01    0.71250067424127559723E-02    0.60352071144186395229E-15
    0.16745410275675676193E+01    0.12307967013622656341E-01    0.11352194944737797104E-14
    0.16833288243743744772E+01    0.20713027430205178947E-01    0.14981300767178782696E-14
    0.16921166211811811131E+01    0.33942095032742286564E-01    0.14017675142416277318E-14
    0.17009044179879879710E+01    0.54125936372263400154E-01    0.98725673683905130154E-15
    0.17096922147947948289E+01    0.83918172129980719842E-01    0.74945785579892089912E-15
    0.17184800116016014648E+01    0.12642985187927166524E+00    0.13064706053454908992E-14
    0.17272678084084085448E+01    0.18495798712622990578E+00    0.30494801076630058631E-14
    0.17360556052152151807E+01    0.26252293375724877755E+00    0.57074229771316546293E-14
    0.17448434020220220386E+01    0.36124223819337170083E+00    0.83031499959305040726E-14
    0.17536311988288288966E+01    0.48138608663900939177E+00    0.10023274785605983222E-13
    0.17624189956356355324E+01    0.62034037585912704671E+00    0.11196721899013121488E-13
    0.17712067924424426124E+01    0.77168566401395710663E+00    0.12971867857853063267E-13
    0.17799945892492492483E+01    0.92440841569506337905E+00    0.15860526810491958477E-13
    0.17887823860560561062E+01    0.10626771322798520547E+01    0.18922115782948576556E-13
    0.17975701828628629642E+01    0.11668571982444098101E+01    0.20701671907089664779E-13
    0.18063579796696696000E+01    0.12151923821859469399E+01    0.20586051185422568221E-13
    0.18151457764764764580E+01    0.11869474822909413803E+01    0.19007987440698951590E-13
    0.18239335732832833159E+01    0.10668223026567011935E+01    0.16628961839009012414E-13
    0.18327213700900899518E+01    0.84935154326153261550E+00    0.13688438416643101729E-13
    0.18415091668968970318E+01    0.54292632298397147661E+00    0.99998983512070259615E-14
    0.18502969637037036676E+01    0.17302086497014065869E+00    0.51938031887055095519E-14
    0.18590847605105105256E+01   -0.21861120858463981009E+00   -0.88530970502730172327E-15
    0.18678725573173173835E+01   -0.57837285258420556566E+00   -0.76708866970704404827E-14
    0.18766603541241240194E+01   -0.84789732709872955851E+00   -0.13727826866189442336E-13
    0.18854481509309310994E+01   -0.97599482775084156483E+00   -0.17433997990616430957E-13
    0.18942359477377377353E+01   -0.93163412489706587394E+00   -0.17841330456060239176E-13
    0.19030237445445445932E+01   -0.71322993100878473438E+00   -0.14930892578577462373E-13
    0.19118115413513514511E+01   -0.35439281421552087936E+00   -0.93382431616352694916E-14
    0.19205993381581580870E+01    0.76618202761664713774E-01   -0.20875975345366241803E-14
    0.19293871349649649449E+01    0.49033190968378748131E+00    0.55181261359364223664E-14
    0.19381749317717718029E+01    0.79425438313909690891E+00    0.11988428667431145538E-13
    0.19469627285785784387E+01    0.91359018572718397877E+00    0.15935235745583446009E-13
    0.19557505253853855187E+01    0.81361257697242250764E+00    0.16524539106436971142E-13
    0.19645383221921921546E+01    0.51386313425523477694E+00    0.13731958942807706815E-13
    0.19733261189989990125E+01    0.84182667089777854508E-01    0.81323272109738786286E-14
    0.19821139158058058705E+01   -0.36751954263533997969E+00    0.60497915126805749580E-15
    0.19909017126126125063E+01   -0.72052840613663660108E+00   -0.75466945761445530918E-14
    0.19996895094194195863E+01   -0.87713497192149170179E+00   -0.14155883473612209222E-13
    0.20084773062262262222E+01   -0.79172350940452473900E+00   -0.16448309870750795276E-13
    0.20172651030330328581E+01   -0.48275656501009134303E+00   -0.12868952604991737194E-13
    0.20260528998398399381E+01   -0.35050326916900985397E-01   -0.49586524675425418606E-14
    0.20348406966466465740E+01    0.42161837127511730960E+00    0.34805689880745134527E-14
    0.20436284934534532098E+01    0.75349755579380761628E+00    0.94426809199246973773E-14
    0.20524162902602602898E+01    0.86122486126323805067E+00    0.12490542401421042189E-13
    0.20612040870670673698E+01    0.70781932494294630409E+00    0.13257981976678752575E-13
    0.20699918838738740057E+01    0.33782277323934389868E+00    0.11321220696712968523E-13
    0.20787796806806806416E+01   -0.13494497924424461721E+00    0.55721548140220518507E-14
    0.20875674774874877215E+01   -0.56578850583979334310E+00   -0.33723628908916933702E-14
    0.20963552742942943574E+01   -0.82022914911432132090E+00   -0.12108847263489856776E-13
    0.21051430711011009933E+01   -0.81451717745406471138E+00   -0.16708524240690618939E-13
    0.21139308679079080733E+01   -0.54975431474792557651E+00   -0.15608367137680168108E-13
    0.21227186647147147092E+01   -0.11080097748913171618E+00   -0.99848026556875407670E-14
    0.21315064615215213450E+01    0.36424980813794044510E+00   -0.20506343889653773214E-14
    0.21402942583283284250E+01    0.72267023151407994153E+00    0.62274177411171754867E-14
    0.21490820551351350609E+01    0.84567761565150634251E+00    0.13050894363666713991E-13
    0.21578698519419421409E+01    0.69390455953410090650E+00    0.16439573462135290267E-13
    0.21666576487487487768E+01    0.31747492562895412993E+00    0.14796270537432311420E-13
    0.21754454455555558567E+01   -0.16357193441857981187E+00    0.81901033569210992466E-14
    0.21842332423623624926E+01   -0.59174601012559657764E+00   -0.10782584311489332893E-14
    0.21930210391691691285E+01   -0.82446573640817077955E+00   -0.95607429744381609200E-14
    0.22018088359759762085E+01   -0.78686740210872307966E+00   -0.14190888327839718650E-13
    0.22105966327827828444E+01   -0.49211543894810799715E+00   -0.13382892105849200517E-13
    0.22193844295895894803E+01   -0.34378433510691468189E-01   -0.77279360661760218287E-14
    0.22281722263963965602E+01    0.43503802532310092976E+00    0.11692017309246952403E-15
    0.22369600232032031961E+01    0.75997681835361674541E+00    0.71033578919860668860E-14
    0.22457478200100098320E+01    0.83569252022751772113E+00    0.11616191064841242268E-13
    0.22545356168168169120E+01    0.63800096461049549124E+00    0.13425738509157679360E-13
    0.22633234136236239920E+01    0.22942644243393595094E+00    0.12184018049273765857E-13
    0.22721112104304301837E+01   -0.25443113634957786884E+00    0.69220599152740206240E-14
    0.22808990072372372637E+01   -0.65367297941982593912E+00   -0.21069586830525991001E-14
    0.22896868040440443437E+01   -0.84012821089041189726E+00   -0.11500214215601358129E-13
    0.22984746008508509796E+01   -0.75347197550514732889E+00   -0.16282043912246954218E-13
    0.23072623976576576155E+01   -0.42012101002396307070E+00   -0.14153350785573290638E-13
    0.23160501944644646954E+01    0.49265495826928851208E-01   -0.74754665723029837546E-14
    0.23248379912712713313E+01    0.50165434888963833515E+00   -0.13092110115885753964E-15
    0.23336257880780779672E+01    0.79351182604849668234E+00    0.63974626624464224807E-14
    0.23424135848848850472E+01    0.83139181776506665411E+00    0.12676073370739468242E-13
    0.23512013816916916831E+01    0.60220058219855143733E+00    0.17707136177692145539E-13
    0.23599891784984983190E+01    0.18212523249327128294E+00    0.17630594440963883883E-13
    0.23687769753053053989E+01   -0.29482181165147269830E+00    0.97134139917984950570E-14
    0.23775647721121124789E+01   -0.68025380657527623196E+00   -0.31842152033231996024E-14
    0.23863525689189186707E+01   -0.85328260054278293190E+00   -0.14177357176085464131E-13
    0.23951403657257257507E+01   -0.75981566056927463126E+00   -0.18502439962484643009E-13
    0.24039281625325328307E+01   -0.43247289766257734911E+00   -0.16868697939788060815E-13
    0.24127159593393394665E+01    0.27265922065329153273E-01   -0.12361317638230742662E-13
    0.24215037561461461024E+01    0.47989778240380265295E+00   -0.62138480130528003434E-14
    0.24302915529529531824E+01    0.78717083618432115433E+00    0.21335116205318953186E-14
    0.24390793497597598183E+01    0.85676505328795427019E+00    0.11735721173096035596E-13
    0.24478671465665664542E+01    0.67148112081986588429E+00    0.18720343029083117473E-13
    0.24566549433733735341E+01    0.28700144344518124795E+00    0.19177015894860471127E-13
    0.24654427401801801700E+01   -0.18304026605257942006E+00    0.12666531745237243639E-13
    0.24742305369869868059E+01   -0.59926575618223376640E+00    0.22483203947452777460E-14
    0.24830183337937938859E+01   -0.84123084988952900876E+00   -0.81435290548134582493E-14
    0.24918061306006009659E+01   -0.84222988408472965194E+00   -0.15682878600462842051E-13
    0.25005939274074071577E+01   -0.60247213665618171152E+00   -0.18871813724620050074E-13
    0.25093817242142142376E+01   -0.19141977912560309560E+00   -0.17266883610045166616E-13
    0.25181695210210213176E+01    0.27282766800827035203E+00   -0.11343962883334310054E-13
    0.25269573178278279535E+01    0.66125770438249076300E+00   -0.24702996897229405960E-14
    0.25357451146346345894E+01    0.86855851307712339526E+00    0.72478561320057452210E-14
    0.25445329114414416694E+01    0.83843169153835062080E+00    0.15377351537714796382E-13
    0.25533207082482483052E+01    0.58154746598044881889E+00    0.19670292384070665010E-13
    0.25621085050550549411E+01    0.16982264950200337550E+00    0.18699116197339090047E-13
    0.25708963018618620211E+01   -0.28726333701674761079E+00    0.12553224369918120273E-13
    0.25796840986686686570E+01   -0.66994779637854839915E+00    0.30459314119837038667E-14
    0.25884718954754752929E+01   -0.87889517437843278636E+00   -0.70213712711130666740E-14
    0.25972596922822823728E+01   -0.86321131037437059952E+00   -0.14833949323125776633E-13
    0.26060474890890894528E+01   -0.62980823143518771534E+00   -0.18365344119953640619E-13
    0.26148352858958960887E+01   -0.23834860896481988024E+00   -0.17014392992794786884E-13
    0.26236230827027027246E+01    0.21227980672927654338E+00   -0.11733898666501789476E-13
    0.26324108795095098046E+01    0.61078584580193584497E+00   -0.42331137187985182900E-14
    0.26411986763163164404E+01    0.86232700724607991294E+00    0.39295909318347380686E-14
    0.26499864731231230763E+01    0.90844162808844253210E+00    0.11474424554197565916E-13
    0.26587742699299301563E+01    0.73973128461296711045E+00    0.16972671731688133378E-13
    0.26675620667367367922E+01    0.39875593453092317286E+00    0.18814202643521498583E-13
    0.26763498635435434281E+01   -0.34046623620019624001E-01    0.16010166175723889024E-13
    0.26851376603503505081E+01   -0.45969303863045457570E+00    0.90381007623749443832E-14
    0.26939254571571571439E+01   -0.78211655510282040993E+00   -0.27726636902851792327E-15
    0.27027132539639637798E+01   -0.93067414791169422728E+00   -0.95864607368314027568E-14
    0.27115010507707708598E+01   -0.87573356699163651395E+00   -0.16749471790296147912E-13
    0.27202888475775779398E+01   -0.63125398244065522579E+00   -0.20282382567037787830E-13
    0.27290766443843845757E+01   -0.25171727253975439975E+00   -0.19662168201415168438E-13
    0.27378644411911912115E+01    0.18069634234827605668E+00   -0.15332996503752651862E-13
    0.27466522379979982915E+01    0.57585334079326155887E+00   -0.84885055417116447234E-14
    0.27554400348048049274E+01    0.85403261046757328323E+00   -0.71087616584624582920E-15
    0.27642278316116115633E+01    0.96054785647480289690E+00    0.66121105158121086160E-14
    0.27730156284184186433E+01    0.87720944037879811095E+00    0.12771825321823390413E-13
    0.27818034252252252791E+01    0.62351838184807362175E+00    0.17447907888003267166E-13
    0.27905912220320319150E+01    0.25028266426555673130E+00    0.19903596250396525778E-13
    0.27993790188388389950E+01   -0.17026081994028213762E+00    0.18861257318133683312E-13
    0.28081668156456460750E+01   -0.55938107846450091376E+00    0.13695015475228932022E-13
    0.28169546124524522668E+01   -0.84729064946854470985E+00    0.56215071106715673835E-14
    0.28257424092592593468E+01   -0.98430829085093773934E+00   -0.28603807663412445903E-14
    0.28345302060660664267E+01   -0.94866572028009166218E+00   -0.97283706386272303990E-14
    0.28433180028728730626E+01   -0.74978701968227279284E+00   -0.14400411216284609313E-13
    0.28521057996796796985E+01   -0.42397132940179454996E+00   -0.17072419513199637118E-13
    0.28608935964864867785E+01   -0.27393945859894554273E-01   -0.17776449144861926189E-13
    0.28696813932932934144E+01    0.37378003354238298339E+00   -0.16218612433073977791E-13
    0.28784691901001000502E+01    0.71517780163860955600E+00   -0.12170819673111604341E-13
    0.28872569869069071302E+01    0.94436073941210807448E+00   -0.58326382714431590678E-14
    0.28960447837137137661E+01    0.10277246785503741933E+01    0.19509616665267840259E-14
    0.29048325805205204020E+01    0.95544639307388301575E+00    0.96351950326583833151E-14
    0.29136203773273274820E+01    0.74136589427228816174E+00    0.15505492188519185648E-13
    0.29224081741341345619E+01    0.41922964748561336590E+00    0.18581177352279942923E-13
    0.29311959709409407537E+01    0.37197130155980605293E-01    0.19015194712323702992E-13
    0.29399837677477478337E+01   -0.35013945979959326671E+00    0.17546416963151300333E-13
    0.29487715645545549137E+01   -0.69005370383534025969E+00    0.14790676306817497502E-13
    0.29575593613613615496E+01   -0.93836931317373073469E+00    0.10960623443390915029E-13
    0.29663471581681681855E+01   -0.10648775071374276813E+01    0.59035791681489242065E-14
    0.29751349549749752654E+01   -0.10566712550770045453E+01   -0.59660255268107444707E-15
    0.29839227517817819013E+01   -0.91802627227973743196E+00   -0.81088146310929400340E-14
    0.29927105485885885372E+01   -0.66891772669115467931E+00   -0.15025575092466670224E-13
    0.30014983453953956172E+01   -0.34146752528774410029E+00   -0.19368207078428751338E-13
    0.30102861422022022531E+01    0.25013308737788557401E-01   -0.20432023437749335282E-13
    0.30190739390090088889E+01    0.38896753333661027163E+00   -0.19330063628109691383E-13
    0.30278617358158159689E+01    0.71129208017572820300E+00   -0.17507100955360996813E-13
    0.30366495326226230489E+01    0.95962124215214394951E+00   -0.15145824400327069274E-13
    0.30454373294294292407E+01    0.11109990496387256442E+01   -0.11506686796995973306E-13
    0.30542251262362363207E+01    0.11533860722075954808E+01   -0.65171201660051678002E-14
    0.30630129230430434006E+01    0.10861232322646063864E+01   -0.13509365918968326526E-14
    0.30718007198498500365E+01    0.91877564865252403514E+00    0.29042706875397866251E-14
    0.30805885166566566724E+01    0.66941007307230648848E+00    0.66222936558681926095E-14
    0.30893763134634637524E+01    0.36221473511368884601E+00    0.10967148759840408865E-13
    0.30981641102702703883E+01    0.24692490608566722288E-01    0.15935679347874360206E-13
    0.31069519070770770242E+01   -0.31499903773024034992E+00    0.19767476715621112490E-13
    0.31157397038838841041E+01   -0.63039324157032705642E+00    0.20857951877114720828E-13
    0.31245275006906907400E+01   -0.89880834769178508115E+00    0.19718615970561736869E-13
    0.31333152974974973759E+01   -0.11026770710215134663E+01    0.18276759611898255002E-13
    0.31421030943043044559E+01   -0.12303345681096824471E+01    0.17492700136888366177E-13
    0.31508908911111115358E+01   -0.12763403527517900304E+01    0.16356854274483966590E-13
    0.31596786879179177276E+01   -0.12410906089631332794E+01    0.13443701136726847394E-13
    0.31684664847247248076E+01   -0.11301749747068730034E+01    0.86862396571923972755E-14
    0.31772542815315318876E+01   -0.95340213604854395779E+00    0.32504935565217255457E-14
    0.31860420783383385235E+01   -0.72360935388217506592E+00   -0.18095318643412823105E-14
    0.31948298751451451594E+01   -0.45547888434504146815E+00   -0.63059441714080245265E-14
    0.32036176719519522393E+01   -0.16439665490660304581E+00   -0.10517326541243545231E-13
    0.32124054687587593193E+01    0.13462106226578943180E+00   -0.14609146205301640141E-13
    0.32211932655655655111E+01    0.42775022360095799057E+00   -0.18538077719781900168E-13
    0.32299810623723725911E+01    0.70300399096373555885E+00   -0.22265963514926116450E-13
    0.32387688591791796711E+01    0.95069184095798831002E+00   -0.25833145748790536294E-13
    0.32475566559859858629E+01    0.11635946951965541185E+01   -0.29158567716564117543E-13
    0.32563444527927929428E+01    0.13370253479424067944E+01   -0.31859188344299475354E-13
    0.32651322495996000228E+01    0.14686989528756972945E+01   -0.33447852551426622313E-13
    0.32739200464064062146E+01    0.15584771518816904479E+01   -0.33756464377126762168E-13
    0.32827078432132132946E+01    0.16080581862101070989E+01   -0.33079727655505302136E-13
    0.32914956400200203745E+01    0.16205953355909947788E+01   -0.31832613979624781121E-13
    0.33002834368268265663E+01    0.16003036692904220040E+01   -0.30183291359586767425E-13
    0.33090712336336336463E+01    0.15520925164323513545E+01   -0.28095159893157738002E-13
    0.33178590304404407263E+01    0.14812178171274712479E+01   -0.25620634483229784237E-13
    0.33266468272472478063E+01    0.13929765207374218416E+01   -0.23031562285203970498E-13
    0.33354346240540539981E+01    0.12924669230350227522E+01   -0.20652302307195961888E-13
    0.33442224208608610780E+01    0.11843819216420690132E+01   -0.18652621903189786891E-13
    0.33530102176676681580E+01    0.10728735297847138419E+01   -0.16978318490992856022E-13
    0.33617980144744743498E+01    0.96146581004087428024E+00   -0.15378409072704260071E-13
    0.33705858112812814298E+01    0.85301029893087576550E+00   -0.13539185174454383464E-13
    0.33793736080880885098E+01    0.74970372509375882153E+00   -0.11375945829384365607E-13
    0.33881614048948947016E+01    0.65312677213372494212E+00   -0.92387263131373321820E-14
    0.33969492017017017815E+01    0.56430792413187202961E+00   -0.75969544469710026038E-14
    0.34057369985085088615E+01    0.48380311364827965903E+00   -0.64357760695161534886E-14
    0.34145247953153150533E+01    0.41177721507907877330E+00   -0.51770046888650147906E-14
    0.34233125921221221333E+01    0.34808647722076657693E+00   -0.34669869971180036776E-14
    0.34321003889289292133E+01    0.29235862625836273043E+00   -0.18709322740077697647E-14
    0.34408881857357362932E+01    0.24406235530349193463E+00   -0.13161060573489778273E-14
    0.34496759825425424850E+01    0.20256935119545640966E+00   -0.18271364972884998680E-14
    0.34584637793493495650E+01    0.16720571690874463933E+00   -0.22274161320686561023E-14
    0.34672515761561566450E+01    0.13728751343999004431E+00   -0.14449171625303681241E-14
    0.34760393729629628368E+01    0.11214984693233615021E+00    0.21204698168595741250E-15
    0.34848271697697699167E+01    0.91164889726121550728E-01    0.14668348010984274147E-14
    0.34936149665765769967E+01    0.73752777029951671617E-01    0.14774039800229201358E-14
    0.35024027633833831885E+01    0.59388570356059766642E-01    0.51755273789966789617E-15
    0.35111905601901902685E+01    0.47603904198436165773E-01   -0.58633649044023005922E-15
    0.35199783569969973485E+01    0.37986791307255275696E-01   -0.11929141331736206896E-14
    0.35287661538038035403E+01    0.30179009728841032362E-01   -0.11044844429331317136E-14
    0.35375539506106106202E+01    0.23871989953437075527E-01   -0.52018518363905071466E-15
    0.35463417474174177002E+01    0.18802343715049709555E-01    0.12300870042508498432E-15
    0.35551295442242247802E+01    0.14747013067674249673E-01    0.44638140306071139756E-15
    0.35639173410310309720E+01    0.11518420384317908794E-01    0.38186139612054230646E-15
    0.35727051378378380520E+01    0.89599775140772105336E-02    0.11990139068679759519E-15
    0.35814929346446451319E+01    0.69418418600700575183E-02   -0.12056504921763234067E-15
    0.35902807314514513237E+01    0.53570157174427516025E-02   -0.23191962163804388296E-15
    0.35990685282582584037E+01    0.41179468350567727947E-02   -0.19904927999924982441E-15
    0.36078563250650654837E+01    0.31533698659998218167E-02   -0.53609391235417076459E-16
    0.36166441218718716755E+01    0.24056492188803211413E-02    0.13366703179276416217E-15
    0.36254319186786787554E+01    0.18284464017250098757E-02    0.24168499329608721925E-15
    0.36342197154854858354E+01    0.13846752734166813646E-02    0.13918171481234782619E-15
    0.36430075122922929154E+01    0.10448606268789037074E-02   -0.19553151150965935342E-15
    0.36517953090990991072E+01    0.78566518031330579742E-03   -0.58589268682504839089E-15
    0.36605831059059061872E+01    0.58871926047344806665E-03   -0.76260996400192764816E-15
    0.36693709027127132671E+01    0.43964243136073111401E-03   -0.57638871631517708685E-15
    0.36781586995195194589E+01    0.32721170692464739572E-03   -0.10590526492592771750E-15
    0.36869464963263265389E+01    0.24273047770356661994E-03    0.40402296868380245485E-15
    0.36957342931331336189E+01    0.17947632686787998581E-03    0.65726055755267259079E-15
    0.37045220899399398107E+01    0.13228056192347926513E-03    0.47883754756620875508E-15
    0.37133098867467468907E+01    0.97190030266540802404E-04    0.23714638066129206737E-17
    0.37220976835535539706E+01    0.71186245945806071798E-04   -0.36500741781259240558E-15
    0.37308854803603601624E+01    0.51981587822690523016E-04   -0.30926887304955068077E-15
    0.37396732771671672424E+01    0.37844561601583433003E-04    0.75785253852695119614E-16
    0.37484610739739743224E+01    0.27471063097231339671E-04    0.46072497056449260602E-15
    0.37572488707807814023E+01    0.19884017642588810673E-04    0.71061429367677895633E-15
    0.37660366675875875941E+01    0.14351592386327739138E-04    0.99191442325900939489E-15
    0.37748244643943946741E+01    0.10330010640621771991E-04    0.13776294030867868606E-14
    0.37836122612012017541E+01    0.74153513291345555524E-05    0.15155817821688002411E-14
    0.37924000580080079459E+01    0.53089801983603708758E-05    0.96289742460618051779E-15
    0.38011878548148150259E+01    0.37912933512826732543E-05   -0.14311972078823329002E-15
    0.38099756516216221058E+01    0.27006520186317765115E-05   -0.99986476800740161557E-15
    0.38187634484284282976E+01    0.19191018660451703264E-05   -0.94203190911276389661E-15
    0.38275512452352353776E+01    0.13605105179063174919E-05   -0.16923952992458780706E-15
    0.38363390420420424576E+01    0.96225883270599840154E-06    0.54635199168234491186E-15
    0.38451268388488486494E+01    0.67907555787354088953E-06    0.69841916950016606386E-15
    0.38539146356556557294E+01    0.47815918511933635084E-06    0.41284476178765140379E-15
    0.38627024324624628093E+01    0.33596103812176019744E-06    0.76286058257902821236E-16
    0.38714902292692698893E+01    0.23554774056637704634E-06   -0.91104794000016352508E-16
    0.38802780260760760811E+01    0.16479132576972284471E-06   -0.73722680384592904507E-16
    0.38890658228828831611E+01    0.11505340398635632519E-06    0.11332500322047450109E-15
    0.38978536196896902410E+01    0.80157710014995728077E-07    0.47635536222557142384E-15
    0.39066414164964964328E+01    0.55730655698626028833E-07    0.90132339022042805178E-15
    0.39154292133033035128E+01    0.38667357114413494223E-07    0.10602027880705503963E-14
    0.39242170101101105928E+01    0.26771539028457211783E-07    0.65075546368549186188E-15
    0.39330048069169167846E+01    0.18498198196597000390E-07   -0.20889859225818870106E-15
    0.39417926037237238646E+01    0.12754867785862685872E-07   -0.95775521110489858277E-15
    0.39505804005305309445E+01    0.87768757334332439396E-08   -0.11111270597554108255E-14
    0.39593681973373371363E+01    0.60273528100911037923E-08   -0.72343218854894115112E-15
    0.39681559941441442163E+01    0.41306902112193877170E-08   -0.22099568840820109366E-15
    0.39769437909509512963E+01    0.28255814381569587543E-08    0.91053220110609029862E-16
    0.39857315877577583763E+01    0.19291069192988255686E-08    0.22772399582140151729E-15
    0.39945193845645645681E+01    0.13146368670542560208E-08    0.27927923858262650728E-15
    0.40033071813713716480E+01    0.89426522279864593093E-09    0.17085339352454356390E-15
    0.40120949781781787280E+01    0.60720701018505894898E-09   -0.22251711320210360207E-15
    0.40208827749849849198E+01    0.41165958579777689074E-09   -0.78671072130167412292E-15
    0.40296705717917919998E+01    0.27864583951121188489E-09   -0.11303797426647049730E-14
    0.40384583685985990797E+01    0.18832339869572712375E-09   -0.91220685520075924344E-15
    0.40472461654054052715E+01    0.12707972521768995395E-09   -0.15734420752286044016E-15
    0.40560339622122123515E+01    0.85618147560297645008E-10    0.73867935146127235590E-15
    0.40648217590190194315E+01    0.57615838828763479454E-10    0.11898672591212805860E-14
    0.40736095558258256233E+01    0.38723683851766911351E-10    0.72799845659024209665E-15
    0.40823973526326327033E+01    0.25990515746636293643E-10   -0.53309532644334732118E-15
    0.40911851494394397832E+01    0.17415985106657429458E-10   -0.16635875855724739143E-14
    0.40999729462462468632E+01    0.11651904039673026863E-10   -0.16211778729424902606E-14
    0.41087607430530530550E+01    0.77892010069055708726E-11   -0.37302735966381657253E-15
    0.41175485398598601350E+01    0.52031097333652830611E-11    0.94488744376845650862E-15
    0.41263363366666672150E+01    0.34710764747716817659E-11    0.12191302783940871611E-14
    0.41351241334734734068E+01    0.23105251190156603428E-11    0.44050833045099467660E-15
    0.41439119302802804867E+01    0.15346324925716342853E-11   -0.57272430899743921845E-15
    0.41526997270870875667E+01    0.10186648117714178368E-11   -0.11352677050490577065E-14
    0.41614875238938937585E+01    0.67632970644591502097E-12   -0.11425516404131782235E-14
    0.41702753207007008385E+01    0.44888237925587021159E-12   -0.76511637445876032227E-15
    0.41790631175075079184E+01    0.29730595502587100249E-12   -0.10707235585250831316E-15
    0.41878509143143141102E+01    0.19628197169484244560E-12    0.73087075865628849478E-15
    0.41966387111211211902E+01    0.12924339631871586777E-12    0.14042073880850654654E-14
    0.42054265079279282702E+01    0.84904879261390899213E-13    0.14117570236980677400E-14
    0.42142143047347353502E+01    0.55697640455173916893E-13    0.64294478107452832225E-15
    0.42230021015415415420E+01    0.36638779272340729642E-13   -0.25328164710374540017E-15
    0.42317898983483486219E+01    0.24393594815123814445E-13   -0.43558480405524493766E-15
    0.42405776951551557019E+01    0.16483072164481804612E-13    0.15241316391543935969E-15
    0.42493654919619618937E+01    0.10954030453186785212E-13    0.66811253208257431241E-15
    0.42581532887687689737E+01    0.66512903034430126053E-14    0.43358632954044058080E-15
    0.42669410855755760537E+01    0.34055055607566548733E-14   -0.18503757352830505235E-15
    0.42757288823823822455E+01    0.15244738130499758798E-14   -0.32699837670759748877E-15
    0.42845166791891893254E+01    0.97452064787344674139E-15    0.16078212697698421701E-15
    0.42933044759959964054E+01    0.11173978263216344574E-14    0.48769753665542861976E-15
    0.43020922728028034854E+01    0.12043785926840563517E-14    0.51871695745657488364E-17
    0.43108800696096096772E+01    0.88486464150782547846E-15   -0.86800159683475479368E-15
    0.43196678664164167571E+01    0.26284630610425868325E-15   -0.11415467448026431492E-14
    0.43284556632232238371E+01   -0.28811700402914995158E-15   -0.40969352604793575750E-15
    0.43372434600300300289E+01   -0.37327715241452390660E-15    0.76359001430219459372E-15
    0.43460312568368371089E+01    0.11385697647468845844E-15    0.15183289629761244459E-14
    0.43548190536436441889E+01    0.81160028868540674919E-15    0.14070115761893944515E-14
    0.43636068504504503807E+01    0.11859072680971364223E-14    0.53295095531729103622E-15
    0.43723946472572574606E+01    0.10324183235281709597E-14   -0.61508134776018928412E-15
    0.43811824440640645406E+01    0.60373537909056029380E-15   -0.14263478872545733228E-14
    0.43899702408708707324E+01    0.23692137708025156018E-15   -0.15330091329632477144E-14
    0.43987580376776778124E+01    0.14709916020548304809E-16   -0.10613937996148605368E-14
    0.44075458344844848924E+01   -0.14316109930105098794E-15   -0.44009767114731271134E-15
    0.44163336312912919723E+01   -0.19619926205044840715E-15   -0.60886439547261434706E-17
    0.44251214280980981641E+01    0.39791415837484078502E-16    0.16057594452605419588E-15
    0.44339092249049052441E+01    0.56971233620491217729E-15    0.94097832145861319623E-16
    0.44426970217117123241E+01    0.10033786165607551867E-14   -0.19558990102093301790E-15
    0.44514848185185185159E+01    0.90909794643937680445E-15   -0.65593910746241060832E-15
    0.44602726153253255958E+01    0.39217637409669559842E-15   -0.10441491798776275242E-14
    0.44690604121321326758E+01    0.75256381926836814098E-16   -0.10006703803823934986E-14
    0.44778482089389388676E+01    0.30813878725305516481E-15   -0.40673139539215611704E-15
    0.44866360057457459476E+01    0.60310697670926239901E-15    0.36761215811493445802E-15
    0.44954238025525530276E+01    0.27757463562988605223E-15    0.74664597582419866784E-15
    0.45042115993593592194E+01   -0.42469094333984255218E-15    0.46241154850999732421E-15
    0.45129993961661662993E+01   -0.39616710568354848219E-15   -0.26558766663448337878E-15
    0.45217871929729733793E+01    0.76070275784540670344E-15   -0.98791935134224644213E-15
    0.45305749897797804593E+01    0.16597592763963125042E-14   -0.13193415014396358340E-14
    0.45393627865865866511E+01    0.57918002678186015068E-15   -0.10898671788975532896E-14
    0.45481505833933937311E+01   -0.20940839007495148779E-14   -0.41320044471412652848E-15
    0.45569383802002008110E+01   -0.37817668291824400351E-14    0.35299533739463876948E-15
    0.45657261770070070028E+01   -0.26301626513858614134E-14    0.77685973195808708514E-15
    0.45745139738138140828E+01    0.19129161475302762193E-15    0.55167273251406474894E-15
    0.45833017706206211628E+01    0.19266503673470905467E-14   -0.28626746616399402369E-15
    0.45920895674274273546E+01    0.12766771787087461100E-14   -0.11790180984773780764E-14
    0.46008773642342344345E+01   -0.64732535443592398156E-15   -0.13153405864909876232E-14
    0.46096651610410415145E+01   -0.20589420021612066441E-14   -0.44063569224383278774E-15
    0.46184529578478477063E+01   -0.22012189642241502613E-14    0.64112023653393303891E-15
    0.46272407546546547863E+01   -0.14095879644015396139E-14    0.85379742023559721486E-15
    0.46360285514614618663E+01   -0.39710891083186112834E-15    0.13252837366706961965E-15
    0.46448163482682689462E+01    0.26854628634504809866E-15   -0.47054875337527899221E-15
    0.46536041450750751380E+01    0.39764691560898797346E-15   -0.14697657634038334297E-15
    0.46623919418818822180E+01    0.23749220870117856833E-15    0.61288424181119874144E-15
    0.46711797386886892980E+01    0.14968945118780285151E-15    0.74966669754418470539E-15
    0.46799675354954954898E+01    0.15475986153677361840E-15    0.89161830297999165314E-16
    0.46887553323023025698E+01   -0.64765357724622756790E-16   -0.42272873056415441868E-15
    0.46975431291091096497E+01   -0.60158270847550254660E-15   -0.38787823059180211567E-17
    0.47063309259159158415E+01   -0.94673763683576561694E-15    0.92819268841424828596E-15
    0.47151187227227229215E+01   -0.49956486371522453438E-15    0.13291799652199583245E-14
    0.47239065195295300015E+01    0.59103891865150976250E-15    0.77021616603149314204E-15
    0.47326943163363361933E+01    0.14022760413684893758E-14   -0.19386559442063909126E-15
    0.47414821131431432732E+01    0.12104021282251774635E-14   -0.74871549786714196722E-15
    0.47502699099499503532E+01    0.26618288439722881021E-15   -0.54128934625300633429E-15
    0.47590577067567574332E+01   -0.57669504711738992554E-15    0.19947813836985695634E-15
    0.47678455035635636250E+01   -0.71889738796273593008E-15    0.84826403160717666032E-15
    0.47766333003703707050E+01   -0.17742532792612669540E-15    0.76752595367684321765E-15
    0.47854210971771777849E+01    0.67357824747286615469E-15   -0.99133828033449496166E-16
    0.47942088939839839767E+01    0.14157287708093946155E-14   -0.93601777234950326535E-15
    0.48029966907907910567E+01    0.17347043239114630407E-14   -0.79789168162130058475E-15
    0.48117844875975981367E+01    0.14891475734008584389E-14    0.28478796597774557356E-15
    0.48205722844044043285E+01    0.76112906387055340351E-15    0.12524315144617651781E-14
    0.48293600812112114085E+01   -0.11332466289292307164E-15    0.12184881207161231458E-14
    0.48381478780180184884E+01   -0.61399309937492178240E-15    0.41738007781191582455E-15
    0.48469356748248246802E+01   -0.39891529121796484326E-15   -0.26650363619722045027E-15
    0.48557234716316317602E+01    0.26336596617969505411E-15   -0.34502266020531687498E-15
    0.48645112684384388402E+01    0.62866743308798071646E-15   -0.61725259567353042472E-16
    0.48732990652452459202E+01    0.27176290369977009252E-15    0.13666210442935441631E-15
    0.48820868620520521119E+01   -0.37350682127604341388E-15    0.10282325707650324512E-15
    0.48908746588588591919E+01   -0.57061015319302957869E-15   -0.24694703546602610344E-16
    0.48996624556656662719E+01   -0.23867749293867383776E-15   -0.62782635689408619680E-16
    0.49084502524724724637E+01   -0.47631963581917179720E-16    0.54995882865203127103E-16
    0.49172380492792795437E+01   -0.49686138732360281133E-15    0.22565748329528446375E-15
    0.49260258460860866236E+01   -0.12146386466839843318E-14    0.21561511108096158732E-15
    0.49348136428928928154E+01   -0.14172604118919071662E-14   -0.83151047194929173023E-16
    0.49436014396996998954E+01   -0.81654685474596982800E-15   -0.35613249396309048530E-15
    0.49523892365065069754E+01    0.13833206912359310476E-15   -0.57536809021883587550E-16
    0.49611770333133140554E+01    0.80733520722708952202E-15    0.84613934597314975711E-15
    0.49699648301201202472E+01    0.87793557843298237178E-15    0.14741264908294994640E-14
    0.49787526269269273271E+01    0.41698092663698390564E-15    0.90093575235716783667E-15
    0.49875404237337344071E+01   -0.28620282943816259349E-15   -0.56566268075285454835E-15
    0.49963282205405405989E+01   -0.86393061262044881164E-15   -0.14735362009348573375E-14
    0.50051160173473476789E+01   -0.98833798840990822899E-15   -0.87749860473323190840E-15
    0.50139038141541547589E+01   -0.48739730730399033398E-15    0.48078311856074943411E-15
    0.50226916109609609506E+01    0.53306441208207433363E-15    0.11087432177955364428E-14
    0.50314794077677680306E+01    0.15982730972788070211E-14    0.48056256853972951427E-15
    0.50402672045745751106E+01    0.20504671508040678633E-14   -0.58051862944058319828E-15
    0.50490550013813813024E+01    0.15407433719603943408E-14   -0.10614836907547897761E-14
    0.50578427981881883824E+01    0.37068325391041426976E-15   -0.76298498803724870467E-15
    0.50666305949949954623E+01   -0.74153838054065608790E-15   -0.13341692458455416276E-15
    0.50754183918018025423E+01   -0.11343138096474675183E-14    0.37099918110369427028E-15
    0.50842061886086087341E+01   -0.55411493905608487788E-15    0.57634035074154093541E-15
    0.50929939854154158141E+01    0.64905080589297172898E-15    0.46608780429375013460E-15
    0.51017817822222228941E+01    0.15698262842952985126E-14    0.61321412476631852544E-16
    0.51105695790290290859E+01    0.14186635519006572210E-14   -0.49460816078280600387E-15
    0.51193573758358361658E+01    0.35214252545049714186E-15   -0.80456649427743300918E-15
    0.51281451726426432458E+01   -0.60831636903311335882E-15   -0.43046591586838870203E-15
    0.51369329694494494376E+01   -0.66506403806866474692E-15    0.52118308060912304814E-15
    0.51457207662562565176E+01   -0.42961373438833296870E-16    0.11412955050248398967E-14
    0.51545085630630635976E+01    0.48222890306404811868E-15    0.55211078561154535472E-15
    0.51632963598698697893E+01    0.51962242671730661394E-15   -0.94451378199363821926E-15
    0.51720841566766768693E+01    0.31045803101625580968E-15   -0.19823375667564794933E-14
    0.51808719534834839493E+01    0.20022736554008258226E-15   -0.16319467523366929889E-14
    0.51896597502902910293E+01    0.19263078394560882764E-15   -0.45294301899063459274E-15
    0.51984475470970972211E+01    0.72988693469730741301E-16    0.31844623210219811913E-15
    0.52072353439039043010E+01   -0.25209054676667299955E-15    0.23066088781690319764E-15
    0.52160231407107113810E+01   -0.63829844975986928246E-15   -0.11526327612230501467E-15
    0.52248109375175184610E+01   -0.84095819147729468221E-15   -0.11675194706173828419E-15
    0.52335987343243246528E+01   -0.67568146130315394043E-15    0.37897084974834497014E-16
    0.52423865311311317328E+01   -0.13431338412678473309E-15   -0.13893952066493520384E-15
    0.52511743279379388127E+01    0.54139134555722852750E-15   -0.51594548080146153578E-15
    0.52599621247447450045E+01    0.96642846359855220371E-15   -0.35386646878142793655E-15
    0.52687499215515520845E+01    0.90788333190476940612E-15    0.67538993092940636425E-15
    0.52775377183583591645E+01    0.47957096296519901158E-15    0.18276299253589684855E-14
    0.52863255151651653563E+01   -0.19066028200623538646E-16    0.20320253227592828629E-14
    0.52951133119719724363E+01   -0.38734105194392234030E-15    0.10942754908483129418E-14
    0.53039011087787795162E+01   -0.60359608627776701757E-15   -0.13895395653827723441E-15
    0.53126889055855857080E+01   -0.68373734639344945259E-15   -0.73879571442270426983E-15
    0.53214767023923927880E+01   -0.58635570069866325103E-15   -0.49034431073352340656E-15
    0.53302644991991998680E+01   -0.33587514207585210574E-15    0.21692002295238577412E-15
    0.53390522960060069479E+01   -0.19345504455788620576E-15    0.85649236188779927676E-15
    0.53478400928128131397E+01   -0.49908727925107358760E-15    0.10783156854668852809E-14
    0.53566278896196202197E+01   -0.11741386449109595261E-14    0.83899754642067515854E-15
    0.53654156864264272997E+01   -0.15087440477141721851E-14    0.40216261345424123960E-15
    0.53742034832332334915E+01   -0.85261319743816087827E-15    0.63700352259586001441E-16
    0.53829912800400405715E+01    0.46439415196214416310E-15   -0.18181746292615797228E-15
    0.53917790768468476514E+01    0.12904133211872214552E-14   -0.56314955705847176157E-15
    0.54005668736536538432E+01    0.93323449511719806682E-15   -0.10304770936046804456E-14
    0.54093546704604609232E+01   -0.56596548533201196673E-17   -0.10212317808376208964E-14
    0.54181424672672680032E+01   -0.43479104438118537960E-15   -0.10694976871593202825E-15
    0.54269302640740750832E+01   -0.90340123534437404459E-16    0.11517614024393154426E-14
    0.54357180608808812750E+01    0.30848360849351028443E-15    0.14835368807076378267E-14
    0.54445058576876883549E+01    0.12180032367316365904E-15    0.34815737782378864889E-15
    0.54532936544944954349E+01   -0.42560461243208017180E-15   -0.12000009954644144380E-14
    0.54620814513013016267E+01   -0.66265360187502334243E-15   -0.16263817132631121896E-14
    0.54708692481081087067E+01   -0.29764453655331540336E-15   -0.62571321980088675171E-15
    0.54796570449149157866E+01    0.34979507396606938033E-15    0.68783137112935656942E-15
    0.54884448417217219784E+01    0.74455118257509119959E-15    0.11657471919082584476E-14
    0.54972326385285290584E+01    0.54483369526730447792E-15    0.70295781282002478372E-15
    0.55060204353353361384E+01   -0.19405943492432395217E-15   -0.86723371180101664567E-16
    0.55148082321421423302E+01   -0.95064460358718577587E-15   -0.68780996809483655641E-15
    0.55235960289489494102E+01   -0.10477407638569805848E-14   -0.98785217005753307770E-15
    0.55323838257557564901E+01   -0.33100643416035344214E-15   -0.10409402661693348909E-14
    0.55411716225625635701E+01    0.50124675368011688584E-15   -0.85443957998426312506E-15
    0.55499594193693697619E+01    0.60772460238477128692E-15   -0.43737750335123458442E-15
    0.55587472161761768419E+01   -0.12150614709162448190E-16    0.68625078999586325220E-16
    0.55675350129829839219E+01   -0.53550785762102101491E-15    0.41367377262775147384E-15
    0.55763228097897901137E+01   -0.34209174233019294228E-15    0.42202706138654877879E-15
    0.55851106065965971936E+01    0.28212127094871351473E-15    0.12582256973083382772E-15
    0.55938984034034042736E+01    0.63587509461051155005E-15   -0.28376817823387143983E-15
    0.56026862002102104654E+01    0.46661173922151891225E-15   -0.57604402789539962059E-15
    0.56114739970170175454E+01    0.14131588027248441327E-15   -0.59135696504386358812E-15
    0.56202617938238246253E+01    0.11277124310883407496E-15   -0.33713988641126531870E-15
    0.56290495906306308171E+01    0.46329149770896659834E-15   -0.92434344007209912689E-17
    0.56378373874374378971E+01    0.89709620425748823865E-15    0.17111792446836369660E-15
    0.56466251842442449771E+01    0.92826884211544037271E-15    0.16211616121980275997E-15
    0.56554129810510520571E+01    0.21269108154821312592E-15    0.93770278413835730725E-16
    0.56642007778578582489E+01   -0.99890547486604443789E-15    0.51936491211329609531E-16
    0.56729885746646653288E+01   -0.17672665048682003332E-14   -0.49995388100450337762E-16
    0.56817763714714724088E+01   -0.13166362282449983865E-14   -0.30598700405429295280E-15
    0.56905641682782786006E+01   -0.64385419837294599190E-16   -0.58236818107460226705E-15
    0.56993519650850856806E+01    0.65381722898309020257E-15   -0.58521992619025392841E-15
    0.57081397618918927606E+01    0.12109190722748182562E-15   -0.22063070548834137923E-15
    0.57169275586986989524E+01   -0.84834092839367056873E-15    0.20914897248453854235E-15
    0.57257153555055060323E+01   -0.98529804554329364635E-15    0.31855215372120911717E-15
    0.57345031523123131123E+01   -0.17328963339134243551E-15    0.80361667744110156156E-16
    0.57432909491191193041E+01    0.52043982765859236340E-15   -0.18591046114968207562E-15
    0.57520787459259263841E+01    0.34456073352959550527E-15   -0.26402559965448905669E-15
    0.57608665427327334640E+01   -0.18221542972605216515E-15   -0.31354133604988217852E-15
    0.57696543395395405440E+01   -0.17620860923873917985E-15   -0.55752444433644484115E-15
    0.57784421363463467358E+01    0.22340816517431390454E-15   -0.83102457310385922513E-15
    0.57872299331531538158E+01   -0.24588458168222603814E-16   -0.68975356323430966079E-15
    0.57960177299599608958E+01   -0.13000397102229352197E-14   -0.50405666967465985488E-16
    0.58048055267667670876E+01   -0.24482091851719718217E-14    0.48974694585516838998E-15
    0.58135933235735741675E+01   -0.20668597809926511526E-14    0.29138886826794716185E-15
    0.58223811203803812475E+01   -0.32146909900775575496E-15   -0.47309285785288089257E-15
    0.58311689171871874393E+01    0.11403340663055537453E-14   -0.93672311765796682736E-15
    0.58399567139939945193E+01    0.10816522100029096452E-14   -0.57290491267312213607E-15
    0.58487445108008015993E+01   -0.54557719325661782560E-16    0.16960921917451950732E-15
    0.58575323076076077911E+01   -0.96783687116441286751E-15    0.49513556629813590278E-15
    0.58663201044144148710E+01   -0.94331280714871750355E-15    0.22570224647039988690E-15
    0.58751079012212219510E+01   -0.25203578911340422605E-15   -0.12161450004485822666E-15
    0.58838956980280290310E+01    0.45450430680812481300E-15   -0.98100201094977758317E-16
    0.58926834948348352228E+01    0.71074890707623522390E-15    0.15192063608643086995E-15
    0.59014712916416423027E+01    0.39240424417756088642E-15    0.20372816960659027754E-15
    0.59102590884484493827E+01   -0.29720456817979515947E-15   -0.93403428356690590805E-16
    0.59190468852552555745E+01   -0.95607247670188074762E-15   -0.49963525746548875078E-15
    0.59278346820620626545E+01   -0.12133082562954335626E-14   -0.68489205379041827178E-15
    0.59366224788688697345E+01   -0.91852312231548347591E-15   -0.49474566702044444859E-15
    0.59454102756756759263E+01   -0.20393120057077747145E-15   -0.56525683293368536220E-17
    0.59541980724824830062E+01    0.52862878305306623468E-15    0.51278308544466290499E-15
    0.59629858692892900862E+01    0.80712681576803778179E-15    0.74043922394608922528E-15
    0.59717736660960962780E+01    0.45215545681456326034E-15    0.53900402473300839682E-15
    0.59805614629029033580E+01   -0.23077061317852242650E-15    0.74621833947527659928E-16
    0.59893492597097104380E+01   -0.70939561494084386374E-15   -0.34453438913966089912E-15
    0.59981370565165175179E+01   -0.61620914863918571475E-15   -0.50764309764190388475E-15
    0.60069248533233237097E+01    0.48877870926767343972E-16   -0.37349626447017437896E-15
    0.60157126501301307897E+01    0.90090617475251912706E-15    0.12016881044170309264E-16
    0.60245004469369378697E+01    0.13125785804520139273E-14    0.56596513107490462424E-15
    0.60332882437437440615E+01    0.87530628335606396260E-15    0.10972137530353695741E-14
    0.60420760405505511415E+01   -0.12727216897507209818E-15    0.12390484402187789096E-14
    0.60508638373573582214E+01   -0.89051377851976390285E-15    0.68181611446299212201E-15
    0.60596516341641644132E+01   -0.83675914499107864276E-15   -0.33776957794935572261E-15
    0.60684394309709714932E+01   -0.10422236220063099813E-15   -0.92169828626149989734E-15
    0.60772272277777785732E+01    0.72932335705705950577E-15   -0.33334128142105647554E-15
    0.60860150245845856531E+01    0.11557772641841219077E-14    0.10404200258013677509E-14
    0.60948028213913918449E+01    0.10060550242129325020E-14    0.19392432014161210390E-14
    0.61035906181981989249E+01    0.48910593093044301491E-15    0.15554172499076668303E-14
    0.61123784150050060049E+01    0.84881422569053026602E-16    0.34495212289768526986E-15
    0.61211662118118121967E+01    0.16920663060347781121E-15   -0.64383242627209018454E-15
    0.61299540086186192767E+01    0.62651881916482920047E-15   -0.83436704451816723694E-15
    0.61387418054254263566E+01    0.97222766352554111696E-15   -0.39292060506056067655E-15
    0.61475296022322325484E+01    0.92021634978281876192E-15    0.21951356053760529633E-15
    0.61563173990390396284E+01    0.70142562865305849938E-15    0.64936567810902125549E-15
    0.61651051958458467084E+01    0.69534960740173920974E-15    0.74850167567499458095E-15
    0.61738929926526529002E+01    0.90757043074229108855E-15    0.55792174746432246669E-15
    0.61826807894594599802E+01    0.96899601026320826932E-15    0.23846253196717585394E-15
    0.61914685862662670601E+01    0.59596127309906875390E-15   -0.40882111127954374264E-16
    0.62002563830730741401E+01   -0.83926996657068449034E-16   -0.18405161245008264059E-15
    0.62090441798798803319E+01   -0.63276095228774068073E-15   -0.16884689026864243017E-15
    0.62178319766866874119E+01   -0.56494264698324816617E-15   -0.22238671707519625787E-16
    0.62266197734934944918E+01    0.30010095356073073407E-15    0.19240956572004985934E-15
    0.62354075703003006836E+01    0.14332750049518406361E-14    0.37787661660425214641E-15
    0.62441953671071077636E+01    0.16702638301815631892E-14    0.42511887011663278880E-15
    0.62529831639139148436E+01    0.36250074504243725315E-15    0.28127812841016409498E-15
    0.62617709607207210354E+01   -0.14290604595044994154E-14    0.18438698311626180659E-16
    0.62705587575275281154E+01   -0.16919528704406398412E-14   -0.18746999351655869672E-15
    0.62793465543343351953E+01    0.14224225874855003178E-15   -0.15642637038711297644E-15
    0.62881343511411413871E+01    0.21165839497699565731E-14    0.18831250226840420899E-15
    0.62969221479479484671E+01    0.19847367748552157935E-14    0.71693788316505791976E-15
    0.63057099447547555471E+01    0.29709802294807946224E-16    0.10402492704066353391E-14
    0.63144977415615626271E+01   -0.13148150758677217856E-14    0.74917541452912903881E-15
    0.63232855383683688189E+01   -0.55227824851213624313E-15   -0.11066102457423084777E-15
    0.63320733351751758988E+01    0.11219758906412120690E-14   -0.88941923050531619781E-15
    0.63408611319819829788E+01    0.16623300525798385667E-14   -0.95143633355164704299E-15
    0.63496489287887891706E+01    0.77755367379394114230E-15   -0.40419000321870707707E-15
    0.63584367255955962506E+01   -0.51056400556516481510E-16    0.33611737207009023886E-16
    0.63672245224024033305E+01    0.26061347377894135841E-15   -0.11478166422286808524E-15
    0.63760123192092095223E+01    0.10971079513540635400E-14   -0.58556919654807209316E-15
    0.63848001160160166023E+01    0.12601388779790296775E-14   -0.82161139430236809592E-15
    0.63935879128228236823E+01    0.60631178248248340257E-15   -0.63406345714324146312E-15
    0.64023757096296298741E+01    0.54448074239264430280E-16   -0.28921927287025208954E-15
    0.64111635064364369541E+01    0.22755834731970361714E-15   -0.10811108383009973838E-15
    0.64199513032432440340E+01    0.66619720472053810465E-15   -0.16584277640576752963E-15
    0.64287391000500511140E+01    0.59758298906876064040E-15   -0.32372125059853660995E-15
    0.64375268968568573058E+01    0.17589852898637600333E-16   -0.37114410025436741333E-15
    0.64463146936636643858E+01   -0.36370107151791163679E-15   -0.17149121642278157113E-15
    0.64551024904704714658E+01   -0.11566164808215986233E-15    0.19839347191856520964E-15
    0.64638902872772776576E+01    0.35492226301522349047E-15    0.44794863491008944117E-15
    0.64726780840840847375E+01    0.39369184770063223275E-15    0.36561784962768280313E-15
    0.64814658808908918175E+01   -0.80471074119084889630E-16    0.12397188335908160735E-15
    0.64902536776976980093E+01   -0.56236930242884418679E-15    0.11292774782054123309E-15
    0.64990414745045050893E+01   -0.61265972201520082768E-15    0.39783875629575555856E-15
    0.65078292713113121692E+01   -0.27869578690797960404E-15    0.51773108714457806342E-15
    0.65166170681181183610E+01    0.12619221375881683335E-15    0.84518669714086827412E-16
    0.65254048649249254410E+01    0.39689982767078319126E-15   -0.53681370999854313425E-15
    0.65341926617317325210E+01    0.51320931232067775285E-15   -0.54441689295327666264E-15
    0.65429804585385396010E+01    0.47199853595868613688E-15    0.19654996869763163113E-15
    0.65517682553453457928E+01    0.20028456531739413134E-15    0.72052563763183689177E-15
    0.65605560521521528727E+01   -0.30778204626412408142E-15    0.10145518603940707803E-15
    0.65693438489589599527E+01   -0.83109125683123521171E-15   -0.12152934042887340673E-14
    0.65781316457657661445E+01   -0.10324231128827686753E-14   -0.18055572851239404939E-14
    0.65869194425725732245E+01   -0.78170112925884551241E-15   -0.10233215770495593809E-14
    0.65957072393793803045E+01   -0.30847120950770093942E-15    0.14341858936269236861E-15
    0.66044950361861864963E+01    0.44902540706164806234E-16    0.37791308061126144404E-15
    0.66132828329929935762E+01    0.14412349484009481282E-15   -0.30980382342329145847E-15
    0.66220706297998006562E+01    0.97868692581123807394E-16   -0.75556278606878956437E-15
    0.66308584266066068480E+01    0.62456744737605760238E-16   -0.25994393815213244728E-15
    0.66396462234134139280E+01    0.97157058079548494304E-16    0.53963274041210878031E-15
    0.66484340202202210079E+01    0.17358124705256899032E-15    0.63780925913318320878E-15
    0.66572218170270280879E+01    0.23129280370505794881E-15   -0.39011227178988559649E-16
    0.66660096138338342797E+01    0.22323486579945051711E-15   -0.66567057057808735237E-15
    0.66747974106406413597E+01    0.15016689491136970191E-15   -0.60318724723160176043E-15
    0.66835852074474484397E+01    0.61339227616400474758E-16   -0.58067793251322222425E-16
    0.66923730042542546315E+01   -0.10520052995090935343E-16    0.34517402026160803099E-15
    0.67011608010610617114E+01   -0.10994190362109998766E-15    0.24092188798080927560E-15
    0.67099485978678687914E+01   -0.28646360033685018091E-15   -0.26805835036917163186E-15
    0.67187363946746749832E+01   -0.42643158215646780960E-15   -0.78199421613092533390E-15
    0.67275241914814820632E+01   -0.25691426928353166487E-15   -0.85583486472368880356E-15
    0.67363119882882891432E+01    0.28657956162225310205E-15   -0.33062999638172139177E-15
    0.67450997850950962231E+01    0.71696768943637842190E-15    0.41223497456102689770E-15
    0.67538875819019024149E+01    0.38022153815952041786E-15    0.74040194186199178854E-15
    0.67626753787087094949E+01   -0.62604992451374022181E-15    0.46199078695081731843E-15
    0.67714631755155165749E+01   -0.12111364401141436806E-14    0.89415684787735631689E-16
    0.67802509723223227667E+01   -0.50059500460964598739E-15    0.17319557873810613841E-15
    0.67890387691291298466E+01    0.86624459007634015292E-15    0.54058085853577658086E-15
    0.67978265659359369266E+01    0.13007334584345705207E-14    0.52270613968574214423E-15
    0.68066143627427431184E+01    0.21978697566803770699E-15   -0.77906302614207293640E-16
    0.68154021595495501984E+01   -0.11007678916142296252E-14   -0.58330390291085031581E-15
    0.68241899563563572784E+01   -0.11157188090966218641E-14   -0.29126328353673014679E-15
    0.68329777531631634702E+01    0.80313890366516986321E-16    0.53667611294983085792E-15
    0.68417655499699705501E+01    0.10096098162123493302E-14    0.94373666395679242846E-15
    0.68505533467767776301E+01    0.69763008126333721539E-15    0.48268276074754370597E-15
    0.68593411435835847101E+01   -0.29876008369600107270E-15   -0.21814459745405372473E-15
    0.68681289403903909019E+01   -0.85453789155890162357E-15   -0.31595299194543614798E-15
    0.68769167371971979819E+01   -0.59754266975516504241E-15    0.18703181639122929692E-15
    0.68857045340040050618E+01   -0.16794941853311586808E-16    0.55433718600032617885E-15
    0.68944923308108112536E+01    0.34734257092584228290E-15    0.29903799474075658146E-15
    0.69032801276176183336E+01    0.42928947955384133965E-15   -0.28077304274006030250E-15
    0.69120679244244254136E+01    0.43957316919790391467E-15   -0.59948623874493067295E-15
    0.69208557212312316054E+01    0.50417568453613462990E-15   -0.46661689404301591901E-15
    0.69296435180380386853E+01    0.56669998581323357273E-15   -0.16026315350391813319E-15
    0.69384313148448457653E+01    0.49397250652908198874E-15   -0.40454674510084047735E-16
    0.69472191116516519571E+01    0.20183181863201205725E-15   -0.25009313803252022307E-15
    0.69560069084584590371E+01   -0.21970572146351134803E-15   -0.67087759955439299045E-15
    0.69647947052652661171E+01   -0.44170664245723407132E-15   -0.98243300677107095035E-15
    0.69735825020720731970E+01   -0.13765689189978176455E-15   -0.86851877890912229987E-15
    0.69823702988788793888E+01    0.56860559468593217677E-15   -0.31902070916896977131E-15
    0.69911580956856864688E+01    0.10240025064908057242E-14    0.28177039388512691245E-15
    0.69999458924924935488E+01    0.70247308147031198033E-15    0.48861780572198900915E-15
    0.70087336892992997406E+01   -0.11598914827927572066E-15    0.18267132141218438061E-15
    0.70175214861061068206E+01   -0.61743190560140399549E-15   -0.38166648859524179868E-15
    0.70263092829129139005E+01   -0.40247363158158052104E-15   -0.78568760693186571892E-15
    0.70350970797197200923E+01    0.88108795013764844743E-16   -0.67824624840105498286E-15
    0.70438848765265271723E+01    0.24954123347118069532E-15   -0.33055771936372629465E-17
    0.70526726733333342523E+01    0.10870640290826097377E-15    0.85133738428125060905E-15
    0.70614604701401404441E+01    0.14944432907053388585E-15    0.12913500644475547502E-14
    0.70702482669469475240E+01    0.45526387284600437122E-15    0.10206428778405808642E-14
    0.70790360637537546040E+01    0.41748005557069892862E-15    0.28930315628607190837E-15
    0.70878238605605616840E+01   -0.38785562542326879563E-15   -0.38293077602441644856E-15
    0.70966116573673678758E+01   -0.12943067144485660348E-14   -0.59400579777008835265E-15
    0.71053994541741749558E+01   -0.11246476898909852059E-14   -0.26261601115376907087E-15
    0.71141872509809820357E+01    0.21365971003345993743E-15    0.31667431087414652078E-15
    0.71229750477877882275E+01    0.12445368717808780232E-14    0.60024403682236003180E-15
    0.71317628445945953075E+01    0.65655167235576376863E-15    0.23007551804826878338E-15
    0.71405506414014023875E+01   -0.87183811098210749849E-15   -0.56571671250741376471E-15
    0.71493384382082085793E+01   -0.14223173077760915524E-14   -0.11584413193240780472E-14
    0.71581262350150156593E+01   -0.35324601341342864807E-15   -0.11120561888176571143E-14
    0.71669140318218227392E+01    0.74496836116075404910E-15   -0.52282332642146372598E-15
    0.71757018286286289310E+01    0.23496326861898906633E-15    0.17277851882714210608E-15
    0.71844896254354360110E+01   -0.11812006206569712816E-14    0.52247029159035347993E-15
    0.71932774222422430910E+01   -0.13011789850457982657E-14    0.31022615967950658624E-15
    0.72020652190490501710E+01    0.54248113274657246307E-15   -0.26150753816923304109E-15
    0.72108530158558563627E+01    0.23180457945420968488E-14   -0.63509379075935044660E-15
    0.72196408126626634427E+01    0.18678295148625239382E-14   -0.39128615837873508423E-15
    0.72284286094694705227E+01   -0.24920945434001817053E-15    0.27930316870631987826E-15
    0.72372164062762767145E+01   -0.15226803564659789327E-14    0.77360905894937289304E-15
    0.72460042030830837945E+01   -0.70691053456854809344E-15    0.72680077434735304370E-15
    0.72547919998898908744E+01    0.75451165704709198346E-15    0.33000182291477877971E-15
    0.72635797966966970662E+01    0.90349873833435729348E-15   -0.20845487027448807244E-16
    0.72723675935035041462E+01   -0.20409806332430601040E-15   -0.16576691015345338341E-15
    0.72811553903103112262E+01   -0.91697574033465978369E-15   -0.18694002708275278752E-15
    0.72899431871171174180E+01   -0.39734514908826417109E-15   -0.12002283017140434738E-15
    0.72987309839239244980E+01    0.32384063446349321991E-15    0.14643132068985755899E-15
    0.73075187807307315779E+01    0.36712147841877920808E-17    0.59249875597125401790E-15
    0.73163065775375386579E+01   -0.94491308326171367926E-15    0.81158044278715482111E-15
    0.73250943743443448497E+01   -0.10079402343328038527E-14    0.33989880695601160621E-15
    0.73338821711511519297E+01    0.27178517420566218708E-15   -0.64576957776091280260E-15
    0.73426699679579590097E+01    0.14779242068597121658E-14   -0.12161923994340180461E-14
    0.73514577647647652014E+01    0.11036780487627244995E-14   -0.66074454271790688497E-15
    0.73602455615715722814E+01   -0.49969212893026344521E-15    0.55505775358766859819E-15
    0.73690333583783793614E+01   -0.16111258829097763248E-14    0.12284845353073269636E-14
    0.73778211551851855532E+01   -0.12385163567567580555E-14    0.77197957351735806694E-15
    0.73866089519919926332E+01   -0.99234850183212231971E-16   -0.19248347620574923124E-15
    0.73953967487987997131E+01    0.58755810833402355869E-15   -0.69530306571392436327E-15
    0.74041845456056067931E+01    0.55179144469081363495E-15   -0.44916470087482379541E-15
    0.74129723424124129849E+01    0.39596828459284568074E-15    0.10926437409895542030E-15
    0.74217601392192200649E+01    0.50947396097437254225E-15    0.44306221540178918446E-15
    0.74305479360260271449E+01    0.56387396704001876147E-15    0.34113242191641282228E-15
    0.74393357328328333367E+01    0.15814312094829136783E-15   -0.96156056290613728320E-16
    0.74481235296396404166E+01   -0.45172336465590139494E-15   -0.59475793936740968013E-15
    0.74569113264464474966E+01   -0.60059766197000968174E-15   -0.88324442713231432070E-15
    0.74656991232532536884E+01   -0.87713636396085290980E-16   -0.88286517206227633638E-15
    0.74744869200600607684E+01    0.50331292849284707597E-15   -0.74391461244913242516E-15
    0.74832747168668678484E+01    0.51873231603649571023E-15   -0.61854943115524238977E-15
    0.74920625136736740401E+01    0.51136620462874020549E-17   -0.44345804953114527163E-15
    0.75008503104804811201E+01   -0.46658591232207824182E-15   -0.72112765969873024619E-16
    0.75096381072872882001E+01   -0.58123799383912651131E-15    0.37955318106790456862E-15
    0.75184259040940952801E+01   -0.59946837755957394015E-15    0.48985163830127665207E-15
    0.75272137009009014719E+01   -0.81461859679798219652E-15    0.27901075335795782046E-16
    0.75360014977077085518E+01   -0.97931875387286817592E-15   -0.59348559524766259551E-15
    0.75447892945145156318E+01   -0.57700884968867485297E-15   -0.67180167092539121720E-15
    0.75535770913213218236E+01    0.38484484935084135397E-15   -0.63421890699981951725E-16
    0.75623648881281289036E+01    0.11580453833176854847E-14    0.55648304517718562012E-15
    0.75711526849349359836E+01    0.10731782076255481439E-14    0.48713369470182666534E-15
    0.75799404817417421754E+01    0.36516934911992507478E-15   -0.17286614011815930040E-15
    0.75887282785485492553E+01   -0.12749959351251867556E-15   -0.73246139461219501201E-15
    0.75975160753553563353E+01    0.35211615331814835783E-16   -0.76195004901125384735E-15
    0.76063038721621625271E+01    0.47148761550076982072E-15   -0.47335480937344003952E-15
    0.76150916689689696071E+01    0.60889002469078409231E-15   -0.22797067872179167583E-15
    0.76238794657757766871E+01    0.39333040562423470587E-15    0.10813987855717213409E-16
    0.76326672625825837670E+01    0.18639419587958801146E-15    0.51116858624066436327E-15
    0.76414550593893899588E+01    0.15906286962978653303E-15    0.11736138113958914012E-14
    0.76502428561961970388E+01    0.64091416940765078935E-16    0.13959993420707556606E-14
    0.76590306530030041188E+01   -0.30336550158865400146E-15    0.75713338979357296845E-15
    0.76678184498098103106E+01   -0.64543778341878264483E-15   -0.32858759907934367832E-15
    0.76766062466166173905E+01   -0.43781033591654918285E-15   -0.95596596986339174126E-15
    0.76853940434234244705E+01    0.35499620140239066421E-15   -0.68000939279367594530E-15
    0.76941818402302306623E+01    0.10738101887896070836E-14    0.79121483101008788436E-16
    0.77029696370370377423E+01    0.10445333953107654573E-14    0.59919167941448453275E-15
    0.77117574338438448223E+01    0.28496786148599490311E-15    0.52462565949974661766E-15
    0.77205452306506510141E+01   -0.59982879454530712818E-15   -0.27798691092554670719E-16
    0.77293330274574580940E+01   -0.10266651440126440035E-14   -0.72334008409585567232E-15
    0.77381208242642651740E+01   -0.82419466439141978084E-15   -0.12318705807196258690E-14
    0.77469086210710722540E+01   -0.20371861939720935538E-15   -0.13524835953048665212E-14
    0.77556964178778784458E+01    0.39699143117044639175E-15   -0.10890916475732098538E-14
    0.77644842146846855258E+01    0.57558748983583697013E-15   -0.61976217644435919440E-15
    0.77732720114914926057E+01    0.27386481793647318631E-15   -0.19769928113546619146E-15
    0.77820598082982987975E+01   -0.16172878657005535345E-15   -0.35378127236528610689E-16
    0.77908476051051058775E+01   -0.32151212115734945498E-15   -0.17123162184749533166E-15
    0.77996354019119129575E+01   -0.88568888028025211122E-16   -0.39189444945840959792E-15
    0.78084231987187191493E+01    0.34834697473330435330E-15   -0.40398590273545198630E-15
    0.78172109955255262292E+01    0.69658726373665212300E-15   -0.14417873956235709099E-15
    0.78259987923323333092E+01    0.74079872641044273165E-15    0.14651033071253087496E-15
    0.78347865891391395010E+01    0.46419838780379706346E-15    0.23757958187098226571E-15
    0.78435743859459465810E+01    0.98760360552707342638E-16    0.20641183103274282664E-15
    0.78523621827527536610E+01   -0.59446422769562227269E-16    0.28008919925043100180E-15
    0.78611499795595607409E+01    0.38703859442523739200E-16    0.42135879020098655181E-15
    0.78699377763663669327E+01    0.13170019329358309080E-15    0.27351492346619543880E-15
    0.78787255731731740127E+01   -0.14321186715804833837E-16   -0.30366126321257692904E-15
    0.78875133699799810927E+01   -0.28608788572353727286E-15   -0.78025002979162742295E-15
    0.78963011667867872845E+01   -0.36854248989344857180E-15   -0.40966392001035914291E-15
    0.79050889635935943645E+01   -0.15579641305773646077E-15    0.81555059245099448254E-15
    0.79138767604004014444E+01    0.10889980004202714755E-15    0.19314772706899366422E-14
    0.79226645572072076362E+01    0.14463830223638497516E-15    0.19517101909099114939E-14
    0.79314523540140147162E+01   -0.46997325104238262347E-16    0.83096305279840906066E-15
    0.79402401508208217962E+01   -0.25358779360368158398E-15   -0.62857721364562360380E-15
    0.79490279476276279880E+01   -0.34879564860463745126E-15   -0.15045043393000586085E-14
    0.79578157444344350679E+01   -0.40593325136754301382E-15   -0.13060974181689508276E-14
    0.79666035412412421479E+01   -0.50412787301086884451E-15   -0.18085059965305851599E-15
    0.79753913380480492279E+01   -0.53837433305600160895E-15    0.10829599616897863623E-14
    0.79841791348548554197E+01   -0.33001961313599164960E-15    0.15515693725034715802E-14
    0.79929669316616624997E+01    0.97684780234875649447E-16    0.90084514746126290727E-15
    0.80017547284684695796E+01    0.45432251141416638791E-15   -0.32297767433278514300E-15
    0.80105425252752748833E+01    0.45569025609380067787E-15   -0.12259831185199996013E-14
    0.80193303220820819632E+01    0.10073838873935978767E-15   -0.11912058107549949574E-14
    0.80281181188888890432E+01   -0.34482316854091874932E-15   -0.19661978490984783419E-15
    0.80369059156956961232E+01   -0.54190446736485390197E-15    0.10866035205815317950E-14
    0.80456937125025032032E+01   -0.27851308650144448317E-15    0.16115035744902079119E-14
    0.80544815093093102831E+01    0.34046301135756573474E-15    0.87167323759311046647E-15
    0.80632693061161173631E+01    0.81773509267969388348E-15   -0.40183838784066453544E-15
    0.80720571029229226667E+01    0.62761092780998140069E-15   -0.93885809796775998703E-15
    0.80808448997297297467E+01   -0.20007922567900939192E-15   -0.36930958390610093562E-15
    0.80896326965365368267E+01   -0.98305814542759828918E-15    0.38916768428031050499E-15
    0.80984204933433439066E+01   -0.10406535040350434683E-14    0.39301727657102469891E-15
    0.81072082901501509866E+01   -0.33559712060057523542E-15   -0.12707493748027912863E-15
    0.81159960869569580666E+01    0.58655030544867310033E-15   -0.24377112050819722175E-15
    0.81247838837637633702E+01    0.10670442645734071961E-14    0.28451636014384306796E-15
    0.81335716805705704502E+01    0.74124072963986769849E-15    0.62729950913594935661E-15
    0.81423594773773775302E+01   -0.19316815605950054661E-15    0.63379269176866307702E-16
    0.81511472741841846101E+01   -0.92014124931228207787E-15   -0.91902624541231762920E-15
    0.81599350709909916901E+01   -0.64787104761482858806E-15   -0.11742260571174540049E-14
    0.81687228677977987701E+01    0.42291409704931548665E-15   -0.33159312191875699049E-15
    0.81775106646046058501E+01    0.10711286230181013250E-14    0.75381555593718075930E-15
    0.81862984614114111537E+01    0.43637734254682267952E-15    0.10809339683916799214E-14
    0.81950862582182182337E+01   -0.80248599064134981488E-15    0.58585401579539524819E-15
    0.82038740550250253136E+01   -0.12001900126724103643E-14   -0.42627085367030721690E-16
    0.82126618518318323936E+01   -0.33408316435077878467E-15   -0.24304023281481477280E-15
    0.82214496486386394736E+01    0.69566267419640826047E-15   -0.18729868215131928614E-16
    0.82302374454454465535E+01    0.73899781466354429292E-15    0.33886264065620488787E-15
    0.82390252422522518572E+01    0.24915856566193313657E-18    0.60761003291372463031E-15
    0.82478130390590589371E+01   -0.43529812838773602615E-15    0.71095310575308042152E-15
    0.82566008358658660171E+01   -0.66967739003494825788E-16    0.63585547966384227597E-15
    0.82653886326726730971E+01    0.51453289818793953523E-15    0.39167934851624045238E-15
    0.82741764294794801771E+01    0.59731198348783743604E-15    0.43326762869928725898E-16
    0.82829642262862872570E+01    0.29694491012977265059E-15   -0.26201177122881579930E-15
    0.82917520230930943370E+01    0.23759260611612542857E-15   -0.35168828251339127380E-15
    0.83005398198998996406E+01    0.57676015443208059472E-15   -0.12939998461281880449E-15
    0.83093276167067067206E+01    0.74534599879052802782E-15    0.35085165213273961289E-15
    0.83181154135135138006E+01    0.26921075255410235168E-15    0.85627769695294547544E-15
    0.83269032103203208806E+01   -0.48567852320209981862E-15    0.10193996619124327518E-14
    0.83356910071271279605E+01   -0.70257340509042157772E-15    0.61488595032513716522E-15
    0.83444788039339350405E+01   -0.83699633374523866943E-16   -0.74577565378998450471E-16
    0.83532666007407403441E+01    0.81909489260656719043E-15   -0.35101812516832450194E-15
    0.83620543975475474241E+01    0.12322528643210504269E-14    0.15303447881016417891E-15
    0.83708421943543545041E+01    0.84127216646797317964E-15    0.89407214717767454924E-15
    0.83796299911611615840E+01   -0.74580852516045174764E-16    0.94666055339221409155E-15
    0.83884177879679686640E+01   -0.83062427671344690205E-15    0.77375328289187064940E-16
    0.83972055847747757440E+01   -0.72261645220628770231E-15   -0.97712694123178433633E-15
    0.84059933815815828240E+01    0.34563885667883035010E-15   -0.13953301931284384476E-14
    0.84147811783883881276E+01    0.14875064881372373306E-14   -0.11135371968562666811E-14
    0.84235689751951952076E+01    0.15584998450496047674E-14   -0.63470317447274702458E-15
    0.84323567720020022875E+01    0.39499469983563208077E-15   -0.30743371446048350180E-15
    0.84411445688088093675E+01   -0.94267121940830518424E-15   -0.49185718446693537422E-16
    0.84499323656156164475E+01   -0.13524082538035783864E-14    0.26745371608118209856E-15
    0.84587201624224235275E+01   -0.78740884074684086967E-15    0.45198334366974591578E-15
    0.84675079592292288311E+01    0.86236089258635696613E-17    0.20879312996539919510E-15
    0.84762957560360359111E+01    0.46002907278489866612E-15   -0.37606443528766220283E-15
    0.84850835528428429910E+01    0.57255687955789813933E-15   -0.78454536945459778498E-15
    0.84938713496496500710E+01    0.53652047801426562446E-15   -0.63811272085929793322E-15
    0.85026591464564571510E+01    0.31832898750997871827E-15   -0.17710708487497305529E-15
    0.85114469432632642309E+01   -0.20119727280833761830E-15    0.38830957409068842407E-16
    0.85202347400700713109E+01   -0.82936041940895864196E-15   -0.19331187317782854805E-15
    0.85290225368768766145E+01   -0.10580556365384084111E-14   -0.52290898287707900016E-15
    0.85378103336836836945E+01   -0.61619744252511605050E-15   -0.53265845337661817459E-15
    0.85465981304904907745E+01    0.97934379547484112673E-16   -0.20908397606628406856E-15
    0.85553859272972978545E+01    0.40250097564116992744E-15    0.13141519051718591343E-15
    0.85641737241041049344E+01    0.10016910614244524663E-15    0.19536271905872735835E-15
    0.85729615209109120144E+01   -0.34174905165338994513E-15   -0.75917619341258662619E-16
    0.85817493177177173180E+01   -0.43481376475111036291E-15   -0.50966810109698248423E-15
    0.85905371145245243980E+01   -0.24480823265818460827E-15   -0.78634297445107146525E-15
    0.85993249113313314780E+01   -0.15547868272904576844E-15   -0.65755144178823165310E-15
    0.86081127081381385580E+01   -0.25020883405128623381E-15   -0.20659950471256101144E-15
    0.86169005049449456379E+01   -0.20176262247909054646E-15    0.17712553438646532534E-15
    0.86256883017517527179E+01    0.13103168917032042169E-15    0.20791748655255189027E-15
    0.86344760985585597979E+01    0.25712479773710742834E-15    0.31121220614335207446E-16
    0.86432638953653651015E+01   -0.39071681103605697703E-15    0.38360684153043709941E-17
    0.86520516921721721815E+01   -0.14732303381199764522E-14    0.22389132592276179389E-15
    0.86608394889789792614E+01   -0.17852169893253866602E-14    0.42424115455588221250E-15
    0.86696272857857863414E+01   -0.67751350490633440182E-15    0.37002271395493304697E-15
    0.86784150825925934214E+01    0.86232691967673832460E-15    0.19428329361730452100E-15
    0.86872028793994005014E+01    0.12198439688379631115E-14    0.18782596336658495373E-15
    0.86959906762062058050E+01    0.96217919704517362590E-16    0.34477459179599409235E-15
    0.87047784730130128850E+01   -0.11247594700541707386E-14    0.31384801939130203100E-15
    0.87135662698198199649E+01   -0.11444999310441421838E-14   -0.10162232068096046276E-15
    0.87223540666266270449E+01   -0.27926326184940805092E-15   -0.55889371937573681259E-15
    0.87311418634334341249E+01    0.21552223264136310201E-15   -0.54057810432370890117E-15
    0.87399296602402412049E+01   -0.16207282037973143365E-15   -0.45062482613418509456E-16
    0.87487174570470482848E+01   -0.68310471932273168864E-15    0.33241450765450170052E-15
    0.87575052538538535885E+01   -0.56506028994695058577E-15    0.13261463834160323571E-15
    0.87662930506606606684E+01   -0.24013026776652610611E-16   -0.36748227342490420126E-15
    0.87750808474674677484E+01    0.15529976292989443172E-15   -0.52161771917256261319E-15
    0.87838686442742748284E+01   -0.27539525268492069605E-15   -0.11603380069372330898E-15
    0.87926564410810819084E+01   -0.74203201075187070735E-15    0.41738185356738476625E-15
    0.88014442378878889883E+01   -0.66564648086297184497E-15    0.57764282382274346657E-15
    0.88102320346946942919E+01   -0.18161126425769828244E-15    0.32902463350883375696E-15
    0.88190198315015013719E+01    0.16125715150704044204E-15   -0.15068656049340200575E-17
    0.88278076283083084519E+01    0.15885900778404752558E-15   -0.12935218319420252505E-15
    0.88365954251151155319E+01    0.12841215563457744336E-15   -0.17431925190030921146E-16
    0.88453832219219226118E+01    0.31251768287857298871E-15    0.19713560389864595998E-15
    0.88541710187287296918E+01    0.40629628032434612157E-15    0.32823251086178927419E-15
    0.88629588155355367718E+01   -0.34895105545354942696E-16    0.26463039332697994717E-15
    0.88717466123423420754E+01   -0.82507786245622608727E-15    0.77211876506172024264E-16
    0.88805344091491491554E+01   -0.11375628092817352202E-14   -0.24355662284977700499E-16
    0.88893222059559562354E+01   -0.47639826845348870842E-15    0.77432456137790437388E-16
    0.88981100027627633153E+01    0.58111265337568461839E-15    0.23983623135915074545E-15
    0.89068977995695703953E+01    0.97951382074721547636E-15    0.20962176915651799012E-15
    0.89156855963763774753E+01    0.35577628389613905966E-15   -0.90715183065165901146E-16
    0.89244733931831827789E+01   -0.63824893970573078377E-15   -0.48041293800239249103E-15
    0.89332611899899898589E+01   -0.11159022648657015931E-14   -0.70296434954455193902E-15
    0.89420489867967969388E+01   -0.72529767263626003985E-15   -0.62127976529313366475E-15
    0.89508367836036040188E+01    0.26751755496378330002E-15   -0.29665427454166611247E-15
    0.89596245804104110988E+01    0.12432908038441211513E-14    0.61478625118507993582E-17
    0.89684123772172181788E+01    0.15798363905346545303E-14   -0.32518647039230165896E-16
    0.89772001740240252587E+01    0.10799509213943346830E-14   -0.45651079739068493237E-15
    0.89859879708308305624E+01    0.21128355958719015192E-15   -0.84371578443523732130E-15
    0.89947757676376376423E+01   -0.29858536891088397304E-15   -0.66952334713745734605E-15
    0.90035635644444447223E+01   -0.13010879483994791536E-15    0.11215280881094854751E-15
    0.90123513612512518023E+01    0.43364762076054512817E-15    0.97172640230789419796E-15
    0.90211391580580588823E+01    0.91219112094096643540E-15    0.13156027108375411416E-14
    0.90299269548648659622E+01    0.10309574655978429266E-14    0.96480387072873541812E-15
    0.90387147516716712659E+01    0.77810325079586319824E-15    0.18328888017907201308E-15
    0.90475025484784783458E+01    0.29562625700396669539E-15   -0.51971375727806259487E-15
    0.90562903452852854258E+01   -0.20999493134990441274E-15   -0.66074746361071724089E-15
    0.90650781420920925058E+01   -0.52284813486721138546E-15   -0.12361003190204614063E-15
    0.90738659388988995858E+01   -0.48028970961763163843E-15    0.65860352793935100176E-15
    0.90826537357057066657E+01   -0.78647335583691796695E-16    0.10593163022580018298E-14
    0.90914415325125137457E+01    0.42480687243982792400E-15    0.82548675522157468068E-15
    0.91002293293193190493E+01    0.62874924343947826513E-15    0.22914333175121954310E-15
    0.91090171261261261293E+01    0.36512160541225300136E-15   -0.29590035418183658160E-15
    0.91178049229329332093E+01   -0.55640002655634629226E-16   -0.50495370129588367565E-15
    0.91265927197397402892E+01   -0.15047642238615823531E-15   -0.37425196172889912352E-15
    0.91353805165465473692E+01    0.21429342044130060141E-15    0.11802962536697028261E-16
    0.91441683133533544492E+01    0.70315928141962107149E-15    0.51102570413435504972E-15
    0.91529561101601597528E+01    0.88588191183296116964E-15    0.89183435584676304238E-15
    0.91617439069669668328E+01    0.59891232427801051700E-15    0.85754962645730443152E-15
    0.91705317037737739128E+01    0.26648497229641858706E-17    0.28591514771075385990E-15
    0.91793195005805809927E+01   -0.51837710695192545811E-15   -0.47912322770576686707E-15
    0.91881072973873880727E+01   -0.57914916851990840922E-15   -0.76479957047216687845E-15
    0.91968950941941951527E+01   -0.14920506897843007088E-15   -0.21346245418569936431E-15
    0.92056828910010004563E+01    0.27765716750125924552E-15    0.76293042143903284275E-15
    0.92144706878078075363E+01    0.14625773960578058921E-15    0.13688405014793978732E-14
    0.92232584846146146162E+01   -0.48085866915834776454E-15    0.11533435530721413623E-14
    0.92320462814214216962E+01   -0.92165704334677139317E-15    0.31241645593694572995E-15
    0.92408340782282287762E+01   -0.67545710890268645658E-15   -0.53321715387635957661E-15
    0.92496218750350358562E+01   -0.22661562719500386885E-16   -0.69341708779676884787E-15
    0.92584096718418411598E+01    0.39195956880040273101E-15    0.10459245706906507390E-15
    0.92671974686486482398E+01    0.36613245817403598492E-15    0.12597719642373685214E-14
    0.92759852654554553197E+01    0.27242332902477286459E-15    0.16184786653162768849E-14
    0.92847730622622623997E+01    0.38842387310491624381E-15    0.68592865149316857453E-15
    0.92935608590690694797E+01    0.41100928692318478486E-15   -0.60661074279476051463E-15
    0.93023486558758765597E+01   -0.78259095019280429940E-16   -0.90499513151022292955E-15
    0.93111364526826818633E+01   -0.81720799590402975252E-15   -0.66743440709627615033E-16
    0.93199242494894889433E+01   -0.94926858988699764578E-15    0.70643079830029236503E-15
    0.93287120462962960232E+01   -0.13369842935737393351E-15    0.49111617598231403361E-15
    0.93374998431031031032E+01    0.74114251429225952525E-15   -0.15974547737627400370E-15
    0.93462876399099101832E+01    0.51916553674472724209E-15   -0.13438495365654542049E-15
    0.93550754367167172632E+01   -0.68585273641001884940E-15    0.55420015452989558434E-15
    0.93638632335235243431E+01   -0.14734220909794930938E-14    0.68799252539913778504E-15
    0.93726510303303296467E+01   -0.89404816971312356995E-15   -0.37934964280035790861E-15
    0.93814388271371367267E+01    0.29997291006955055263E-15   -0.15116994009533762698E-14
    0.93902266239439438067E+01    0.67191051029582107749E-15   -0.11277765899771839526E-14
    0.93990144207507508867E+01   -0.57324843524349447333E-16    0.58450996435807105733E-15
    0.94078022175575579666E+01   -0.75691161035924056375E-15    0.16495639817938373553E-14
    0.94165900143643650466E+01   -0.46681922102831302930E-15    0.79597998226434749847E-15
    0.94253778111711703502E+01    0.38682728772691545655E-15   -0.78832296231316205911E-15
    0.94341656079779774302E+01    0.69895980419388676361E-15   -0.10177313177612695805E-14
    0.94429534047847845102E+01    0.11157147867470010719E-15    0.35677209500847477671E-15
    0.94517412015915915902E+01   -0.66511562036095903322E-15    0.14689685121965624405E-14
    0.94605289983983986701E+01   -0.80494237675234296273E-15    0.85492770307736324347E-15
    0.94693167952052057501E+01   -0.20009059127053230430E-15   -0.66917010154847949287E-15
    0.94781045920120128301E+01    0.63208360168305964032E-15   -0.12555412504813970994E-14
    0.94868923888188181337E+01    0.10402170668443308680E-14   -0.40556209007950213719E-15
    0.94956801856256252137E+01    0.64874927532515108356E-15    0.61438709403030499985E-15
    0.95044679824324322936E+01   -0.35123258366124843284E-15    0.58702353426622197403E-15
    0.95132557792392393736E+01   -0.11634285190999678108E-14   -0.22168504836916188032E-15
    0.95220435760460464536E+01   -0.10094687486145222522E-14   -0.71710658336293154728E-15
    0.95308313728528535336E+01    0.59952831123915955713E-16   -0.40778241105244295185E-15
    0.95396191696596588372E+01    0.11542326236367877545E-14    0.22549305738264701407E-15
    0.95484069664664659172E+01    0.14177685716099440393E-14    0.56558897725085068096E-15
    0.95571947632732729971E+01    0.74919868047295836767E-15    0.56040047856256793803E-15
    0.95659825600800800771E+01   -0.31020039426641380888E-15    0.51110378328294412470E-15
    0.95747703568868871571E+01   -0.10398320784160899676E-14    0.52228262594003801116E-15
    0.95835581536936942371E+01   -0.94929707168039659153E-15    0.39521691198192876903E-15
    0.95923459505005013170E+01   -0.10397192002542733210E-15    0.17422139384161662374E-16
    0.96011337473073066207E+01    0.79085102599013327779E-15   -0.36449113660155859867E-15
    0.96099215441141137006E+01    0.94107496587078570686E-15   -0.41243129691147489848E-15
    0.96187093409209207806E+01    0.20306615912324930627E-15   -0.14043676037832047015E-15
    0.96274971377277278606E+01   -0.82716385866067482443E-15    0.71960597220654375082E-16
    0.96362849345345349406E+01   -0.14341278292476417507E-14   -0.64098364848849734149E-16
    0.96450727313413420205E+01   -0.13268051573692696182E-14   -0.41165789547979205776E-15
    0.96538605281481491005E+01   -0.67016057666550440057E-15   -0.60639527928314012027E-15
    0.96626483249549544041E+01    0.10640694005165340040E-15   -0.44729646349451145753E-15
    0.96714361217617614841E+01    0.54769878539069857578E-15   -0.27168220377067524964E-16
    0.96802239185685685641E+01    0.44723718829975671071E-15    0.42486189012993443351E-15
    0.96890117153753756440E+01    0.30284646175932475836E-18    0.71013520110200734183E-15
    0.96977995121821827240E+01   -0.38960329049549059432E-15    0.73237087948133681907E-15
    0.97065873089889898040E+01   -0.42862416222933653918E-15    0.52295487027081995066E-15
    0.97153751057957951076E+01   -0.90691447211424522977E-16    0.21442234506468396952E-15
    0.97241629026026021876E+01    0.40256929626812277804E-15   -0.38666919844917275136E-16
    0.97329506994094092676E+01    0.68849955608928046370E-15   -0.13097217341607755954E-15
    0.97417384962162163475E+01    0.53107748574774606921E-15   -0.34780303014073715933E-16
    0.97505262930230234275E+01    0.10263103096436822278E-15    0.19388694550843536241E-15
    0.97593140898298305075E+01   -0.13312601970687709369E-15    0.44327543207684737887E-15
    0.97681018866366375875E+01    0.49562936252815308570E-16    0.60820625947853795392E-15
    0.97768896834434428911E+01    0.32318792979031535757E-15    0.63589048391978217061E-15
    0.97856774802502499710E+01    0.22968376878407576261E-15    0.51386247767827150026E-15
    0.97944652770570570510E+01   -0.18209420939853896655E-15    0.24131836714045523743E-15
    0.98032530738638641310E+01   -0.38221318094768421556E-15   -0.14565934020267143680E-15
    0.98120408706706712110E+01   -0.76779366578960103335E-16   -0.49498145397389158654E-15
    0.98208286674774782909E+01    0.33435858858988458803E-15   -0.54205298418760743050E-15
    0.98296164642842835946E+01    0.25875241281651754370E-15   -0.15333285589511753303E-15
    0.98384042610910906745E+01   -0.30040732413180771477E-15    0.39207292309828990450E-15
    0.98471920578978977545E+01   -0.72103180178367266060E-15    0.56233757866278247806E-15
    0.98559798547047048345E+01   -0.53276969675778407786E-15    0.18021041660323157322E-15
    0.98647676515115119145E+01    0.36805619125650719489E-16   -0.24762921339725457104E-15
    0.98735554483183189944E+01    0.41042603650887887509E-15   -0.10279813036071830231E-15
    0.98823432451251260744E+01    0.30620240230151755459E-15    0.52763938823120053997E-15
    0.98911310419319313780E+01   -0.85445499986095584266E-16    0.90216923043832401964E-15
    0.98999188387387384580E+01   -0.41557051062033109997E-15    0.56175792361403268401E-15
    0.99087066355455455380E+01   -0.47556667993652752286E-15   -0.68649252239227461217E-16
    0.99174944323523526180E+01   -0.27248634021709184349E-15   -0.28423202614548659527E-15
    0.99262822291591596979E+01    0.15470614817416854590E-17   -0.46861921214142707595E-16
    0.99350700259659667779E+01    0.11915086876619471271E-15    0.75181236809420102191E-16
    0.99438578227727720815E+01    0.75476804269903196618E-16   -0.24114616566483636288E-16
    0.99526456195795791615E+01    0.11783074826090428829E-15    0.38786931052181394219E-15
    0.99614334163863862415E+01    0.14989025356665571896E-15    0.11090428471365014262E-14
    0.99702212131931933214E+01   -0.53564736335352779610E-15   -0.16105782790926297994E-15
    0.99790090100000004014E+01    0.59223459166905575448E-15    0.14544544020240470776E-14
