    0.11999999999999999556E+01    0.00000000000000000000E+00    0.00000000000000000000E+00
    0.12087877968068068135E+01   -0.16266888992044477808E-09   -0.93810820898537785631E-18
    0.12175755936136136715E+01    0.25017659066842843733E-09    0.33287955420995000194E-18
    0.12263633904204203073E+01    0.23032464312135397216E-09    0.57541589539105425340E-18
    0.12351511872272271653E+01   -0.54010678979254866467E-09   -0.19901749577297145068E-17
    0.12439389840340340232E+01   -0.52314860523621764465E-09   -0.40791983117217016486E-17
    0.12527267808408408811E+01    0.10054109595245496959E-08   -0.30229582021488730592E-17
    0.12615145776476475170E+01    0.22904555330515616244E-08   -0.82924559823176938687E-18
    0.12703023744544543749E+01    0.13238687201316726623E-08   -0.86755348199929450732E-18
    0.12790901712612612329E+01   -0.97072991869437881632E-09   -0.25364769416491602400E-17
    0.12878779680680680908E+01   -0.14172145529411574168E-08   -0.18473231575113413010E-17
    0.12966657648748749487E+01    0.97291231658950052236E-09    0.22028782067406500880E-17
    0.13054535616816815846E+01    0.27264032691668826115E-08    0.43117893332464150755E-17
    0.13142413584884884425E+01    0.35493389806202892723E-09   -0.80420815232310967399E-18
    0.13230291552952953005E+01   -0.37396137947878886848E-08   -0.98649580647368840930E-17
    0.13318169521021021584E+01   -0.31391990214939339435E-08   -0.12759220391437483642E-16
    0.13406047489089087943E+01    0.32619451158194271848E-08   -0.42216979447635571417E-17
    0.13493925457157156522E+01    0.69257287459192515241E-08    0.89760497268057104240E-17
    0.13581803425225225102E+01    0.24630216479995246402E-09    0.15327714970217221458E-16
    0.13669681393293293681E+01   -0.99483406189309350963E-08    0.10217538439382615544E-16
    0.13757559361361360040E+01   -0.77016332350960861734E-08   -0.63021254905935107012E-18
    0.13845437329429428619E+01    0.89782033691082779934E-08   -0.58563147537979518713E-17
    0.13933315297497497198E+01    0.17911046569320353170E-07    0.47702888560492335632E-17
    0.14021193265565565778E+01    0.65415479649239444654E-10    0.31257395836689784487E-16
    0.14109071233633634357E+01   -0.26167366636841393359E-07    0.56369440393116796226E-16
    0.14196949201701700716E+01   -0.19370015221748109203E-07    0.58570552453108426323E-16
    0.14284827169769769295E+01    0.24991945444795280029E-07    0.43171507129926127429E-16
    0.14372705137837837874E+01    0.49025257200595106677E-07    0.52329930223902808201E-16
    0.14460583105905906454E+01    0.51842722931379729255E-08    0.11773745168459484370E-15
    0.14548461073973975033E+01   -0.52985799788774438942E-07    0.20378023907916297223E-15
    0.14636339042042041392E+01   -0.55090206585643714994E-08    0.23012392061797939852E-15
    0.14724217010110109971E+01    0.18401279399118197863E-06    0.16815366764914358229E-15
    0.14812094978178178550E+01    0.42459858443752330387E-06    0.90604819870321291067E-16
    0.14899972946246244909E+01    0.74665537583162086024E-06    0.84943296730245346471E-16
    0.14987850914314313489E+01    0.16336354036114992463E-05    0.13313176623504966425E-15
    0.15075728882382382068E+01    0.41861769812979329088E-05    0.10241635670900529833E-15
    0.15163606850450450647E+01    0.10157602852168278899E-04   -0.16025186202688437054E-15
    0.15251484818518519226E+01    0.22734988610605216889E-04   -0.78171632240465361796E-15
    0.15339362786586585585E+01    0.49142292496205422741E-04   -0.19629494536705455123E-14
    0.15427240754654654165E+01    0.10432270360614386982E-03   -0.41535757889377923882E-14
    0.15515118722722722744E+01    0.21731451179730307830E-03   -0.83597537545007625950E-14
    0.15602996690790791323E+01    0.44038067155179478609E-03   -0.16581345733954464572E-13
    0.15690874658858859902E+01    0.86446295272908538036E-03   -0.32415192421244159893E-13
    0.15778752626926926261E+01    0.16487590534698859292E-02   -0.62012188600480027628E-13
    0.15866630594994994841E+01    0.30573351417253020676E-02   -0.11526554231491264727E-12
    0.15954508563063063420E+01    0.55081111486989294684E-02   -0.20766443028596335880E-12
    0.16042386531131129779E+01    0.96331135127297046195E-02   -0.36275390594232902754E-12
    0.16130264499199198358E+01    0.16339779309803677959E-01   -0.61455330773577463884E-12
    0.16218142467267266937E+01    0.26871229131317023175E-01   -0.10096915510137425546E-11
    0.16306020435335335517E+01    0.42844924517047640322E-01   -0.16086539585026525999E-11
    0.16393898403403404096E+01    0.66155400672171252308E-01   -0.24819956796377941457E-11
    0.16481776371471470455E+01    0.98745814899707975987E-01   -0.37016986721782477345E-11
    0.16569654339539539034E+01    0.14221623110459888362E+00   -0.53264546562228858533E-11
    0.16657532307607607613E+01    0.19709162848085767794E+00   -0.73742817396089403406E-11
    0.16745410275675676193E+01    0.26197229595936610824E+00   -0.97908078161129034893E-11
    0.16833288243743744772E+01    0.33270601241774744317E+00   -0.12418648533207958280E-10
    0.16921166211811811131E+01    0.40161315457245078120E+00   -0.14969023563557039082E-10
    0.17009044179879879710E+01    0.45736511688270581333E+00   -0.17017955551143067250E-10
    0.17096922147947948289E+01    0.48635008098273257993E+00   -0.18058362643640044269E-10
    0.17184800116016014648E+01    0.47478378210117899716E+00   -0.17579951692916471339E-10
    0.17272678084084085448E+01    0.41220302255263374658E+00   -0.15199848562952984057E-10
    0.17360556052152151807E+01    0.29613123845192407257E+00   -0.10836146723349219880E-10
    0.17448434020220220386E+01    0.13565444857782418819E+00   -0.48398600123393903888E-11
    0.17536311988288288966E+01   -0.47817348241475883530E-01    0.19800514768420927253E-11
    0.17624189956356355324E+01   -0.22159767945198299843E+00    0.83997087107268632573E-11
    0.17712067924424426124E+01   -0.34788905429449135109E+00    0.13013638204754109542E-10
    0.17799945892492492483E+01   -0.39443020253358185290E+00    0.14634563509112728717E-10
    0.17887823860560561062E+01   -0.34452878732981734311E+00    0.12667060245218318579E-10
    0.17975701828628629642E+01   -0.20446372591888173353E+00    0.73760447905817886790E-11
    0.18063579796696696000E+01   -0.81396141942696904892E-02    0.50531809500854026623E-13
    0.18151457764764764580E+01    0.18951852703573970893E+00   -0.72513519601047455775E-11
    0.18239335732832833159E+01    0.32908107482407983335E+00   -0.12325593068968303126E-10
    0.18327213700900899518E+01    0.36402500812707933031E+00   -0.13473297723789260678E-10
    0.18415091668968970318E+01    0.27745369972661604319E+00   -0.10113747116657033877E-10
    0.18502969637037036676E+01    0.95383416704241330564E-01   -0.32649807621155929771E-11
    0.18590847605105105256E+01   -0.11933206406699403690E+00    0.46993201710369162054E-11
    0.18678725573173173835E+01   -0.29002738084834339682E+00    0.10925866861041418430E-10
    0.18766603541241240194E+01   -0.35133526599249675915E+00    0.13024434599914032891E-10
    0.18854481509309310994E+01   -0.27440157298745715408E+00    0.99897664750640363585E-11
    0.18942359477377377353E+01   -0.87271004668911369984E-01    0.29352536457570619926E-11
    0.19030237445445445932E+01    0.13387619053543675651E+00   -0.52589586422138519562E-11
    0.19118115413513514511E+01    0.29865041258910723920E+00   -0.11233932408661288385E-10
    0.19205993381581580870E+01    0.33671519978063241263E+00   -0.12435317459741758692E-10
    0.19293871349649649449E+01    0.22624297594918055254E+00   -0.81432757913859652746E-11
    0.19381749317717718029E+01    0.14014362902492480747E-01   -0.18020163943063572855E-12
    0.19469627285785784387E+01   -0.20245823615449062838E+00    0.77869942605115605581E-11
    0.19557505253853855187E+01   -0.32489207393388924716E+00    0.12130444932135901528E-10
    0.19645383221921921546E+01   -0.29761745556243457411E+00    0.10876140021915379837E-10
    0.19733261189989990125E+01   -0.12852085629326848171E+00    0.44337565500018206754E-11
    0.19821139158058058705E+01    0.10417143407503275110E+00   -0.42118765738234899320E-11
    0.19909017126126125063E+01    0.28439087061027851222E+00   -0.10740927084278907693E-10
    0.19996895094194195863E+01    0.32288969613017137750E+00   -0.11908472248504896218E-10
    0.20084773062262262222E+01    0.20362070305347776400E+00   -0.72490676945745819508E-11
    0.20172651030330328581E+01   -0.17191723574357411358E-01    0.10260573370704774297E-11
    0.20260528998398399381E+01   -0.23191785530414368854E+00    0.88788533148809676720E-11
    0.20348406966466465740E+01   -0.32769227712355647464E+00    0.12176112494506751849E-10
    0.20436284934534532098E+01   -0.25191197367251016992E+00    0.90891129698227738170E-11
    0.20524162902602602898E+01   -0.47725830595193495520E-01    0.13623810298995853281E-11
    0.20612040870670673698E+01    0.17907104109501906231E+00   -0.69878262301151802632E-11
    0.20699918838738740057E+01    0.31454069189363448311E+00   -0.11762952614796929877E-10
    0.20787796806806806416E+01    0.28556024102693688960E+00   -0.10384221184097267981E-10
    0.20875674774874877215E+01    0.10188569746782519254E+00   -0.33712020499753760143E-11
    0.20963552742942943574E+01   -0.13573819725646993350E+00    0.54330732736496368025E-11
    0.21051430711011009933E+01   -0.29741371925111148578E+00    0.11202633683164183786E-10
    0.21139308679079080733E+01   -0.30094162987537331766E+00    0.11003178261934007906E-10
    0.21227186647147147092E+01   -0.14571009476998006416E+00    0.49960078282845312450E-11
    0.21315064615215213450E+01    0.90620124018422773537E-01   -0.37994810297218612373E-11
    0.21402942583283284250E+01    0.27996715644620440155E+00   -0.10618237285825841622E-10
    0.21490820551351350609E+01    0.31422243735975891044E+00   -0.11552135956922107651E-10
    0.21578698519419421409E+01    0.17705999181036052859E+00   -0.61704835894819471923E-11
    0.21666576487487487768E+01   -0.52711948026306736093E-01    0.24350204432350024317E-11
    0.21754454455555558567E+01   -0.25417151494707063142E+00    0.97222958689177921745E-11
    0.21842332423623624926E+01   -0.32067230464563101222E+00    0.11839404189346934579E-10
    0.21930210391691691285E+01   -0.21028587570128096096E+00    0.74217837583718829138E-11
    0.22018088359759762085E+01    0.17697033142589566057E-01   -0.11607473249565162173E-11
    0.22105966327827828444E+01    0.23328423741463832908E+00   -0.90110091610341247946E-11
    0.22193844295895894803E+01    0.31935718223026110518E+00   -0.11849884731653343541E-10
    0.22281722263963965602E+01    0.23456752892059945514E+00   -0.83393201043354641316E-11
    0.22369600232032031961E+01    0.21950155075231722601E-01   -0.28491256126421247043E-12
    0.22457478200100098320E+01   -0.20626414980678525746E+00    0.80601921699235645635E-11
    0.22545356168168169120E+01   -0.32112888952032259127E+00    0.11977710763618724517E-10
    0.22633234136236239920E+01   -0.25698849050942407235E+00    0.92076559162704346648E-11
    0.22721112104304301837E+01   -0.54845527377148976800E-01    0.14842095366425924886E-11
    0.22808990072372372637E+01    0.17470338881476049631E+00   -0.69520970176882942244E-11
    0.22896868040440443437E+01    0.31204997502788783814E+00   -0.11703823122732500730E-10
    0.22984746008508509796E+01    0.28125941393959752457E+00   -0.10146686671730564947E-10
    0.23072623976576576155E+01    0.93896625953457338309E-01   -0.29311518502634036536E-11
    0.23160501944644646954E+01   -0.14449846244597694400E+00    0.58870637024405114521E-11
    0.23248379912712713313E+01   -0.30114363832871365867E+00    0.11381559717120271089E-10
    0.23336257880780779672E+01   -0.29625100316249464161E+00    0.10756076483918714205E-10
    0.23424135848848850472E+01   -0.13480638796118019074E+00    0.44448234340577662393E-11
    0.23512013816916916831E+01    0.10153580455485704259E+00   -0.43443933705069085544E-11
    0.23599891784984983190E+01    0.28568505084253659199E+00   -0.10890931983360630956E-10
    0.23687769753053053989E+01    0.31401439311922341169E+00   -0.11495345305557770393E-10
    0.23775647721121124789E+01    0.17407441096765996491E+00   -0.59248471818146512688E-11
    0.23863525689189186707E+01   -0.55086103718930225226E-01    0.26775917092031318021E-11
    0.23951403657257257507E+01   -0.25546766191293174275E+00    0.98688366488187871628E-11
    0.24039281625325328307E+01   -0.32436542554378594572E+00    0.11972038519926834967E-10
    0.24127159593393394665E+01   -0.22105047713110478891E+00    0.77152877279767013556E-11
    0.24215037561461461024E+01    0.40833478129551341752E-03   -0.68076678979379203308E-12
    0.24302915529529531824E+01    0.21935696328102802233E+00   -0.86400993849449666781E-11
    0.24390793497597598183E+01    0.32285800313610807377E+00   -0.12043166260525765176E-10
    0.24478671465665664542E+01    0.26234262634553967564E+00   -0.93179416636311197351E-11
    0.24566549433733735341E+01    0.66432974251589407833E-01   -0.17829458237264825479E-11
    0.24654427401801801700E+01   -0.16651195128892723463E+00    0.67792673963939321352E-11
    0.24742305369869868059E+01   -0.31337878995431617257E+00    0.11841259189135667174E-10
    0.24830183337937938859E+01   -0.29804482458887904262E+00    0.10763393986878574226E-10
    0.24918061306006009659E+01   -0.13373207862929084588E+00    0.42954885681243542779E-11
    0.25005939274074071577E+01    0.96869487082655775234E-01   -0.42932890679329469410E-11
    0.25093817242142142376E+01    0.28140746542307887301E+00   -0.10817614150918618361E-10
    0.25181695210210213176E+01    0.32561088932342585611E+00   -0.11945336960644201649E-10
    0.25269573178278279535E+01    0.20481919784486607439E+00   -0.70091560617577101538E-11
    0.25357451146346345894E+01   -0.16541512130166507316E-01    0.13772561709680166951E-11
    0.25445329114414416694E+01   -0.22772477412000394215E+00    0.90055518344944048957E-11
    0.25533207082482483052E+01   -0.32909479367839178376E+00    0.12277004963580562361E-10
    0.25621085050550549411E+01   -0.27143625156498280004E+00    0.96115262623143413758E-11
    0.25708963018618620211E+01   -0.79677264405740175213E-01    0.21875055574731217355E-11
    0.25796840986686686570E+01    0.15076740937113516927E+00   -0.63094072992874185649E-11
    0.25884718954754752929E+01    0.30674477851489734270E+00   -0.11694523482842110153E-10
    0.25972596922822823728E+01    0.31743834418436800426E+00   -0.11526524607835505382E-10
    0.26060474890890894528E+01    0.17958639643580870393E+00   -0.59607291790665423887E-11
    0.26148352858958960887E+01   -0.44666186383709866048E-01    0.24811967600660462090E-11
    0.26236230827027027246E+01   -0.24906474767248673596E+00    0.98047037987975093958E-11
    0.26324108795095098046E+01   -0.33551490552066692841E+00    0.12483238369181628839E-10
    0.26411986763163164404E+01   -0.26681100787451034195E+00    0.93751000305299757544E-11
    0.26499864731231230763E+01   -0.77219383013724191001E-01    0.20174166036042353058E-11
    0.26587742699299301563E+01    0.14883572185886451145E+00   -0.63028611171104869335E-11
    0.26675620667367367922E+01    0.30868197011141718100E+00   -0.11811718349633107368E-10
    0.26763498635435434281E+01    0.32726410173754161281E+00   -0.11910597273712006075E-10
    0.26851376603503505081E+01    0.19829267327775057517E+00   -0.66255421878063231050E-11
    0.26939254571571571439E+01   -0.17568238607640250526E-01    0.15616881816627481240E-11
    0.27027132539639637798E+01   -0.22618304660427493435E+00    0.90706103543480353684E-11
    0.27115010507707708598E+01   -0.33662485163944499966E+00    0.12634234138461367585E-10
    0.27202888475775779398E+01   -0.29810951189165374453E+00    0.10601078937717713789E-10
    0.27290766443843845757E+01   -0.12887911574929986069E+00    0.39058253496873393300E-11
    0.27378644411911912115E+01    0.94695405274600116807E-01   -0.44312342995239280224E-11
    0.27466522379979982915E+01    0.27767669100695591133E+00   -0.10860353559041448304E-10
    0.27554400348048049274E+01    0.34377217704091767025E+00   -0.12709052972692527129E-10
    0.27642278316116115633E+01    0.26322039640307010044E+00   -0.91303079113760680442E-11
    0.27730156284184186433E+01    0.70951749293678326169E-01   -0.16639172363559325361E-11
    0.27818034252252252791E+01   -0.14980653005157915092E+00    0.64582393549298746589E-11
    0.27905912220320319150E+01   -0.30832049472350386843E+00    0.11889234599640880475E-10
    0.27993790188388389950E+01   -0.34148615098129564416E+00    0.12477033144245018519E-10
    0.28081668156456460750E+01   -0.23452101187556359529E+00    0.79383276736104048625E-11
    0.28169546124524522668E+01   -0.31548267350140754561E-01    0.13747639032045536027E-12
    0.28257424092592593468E+01    0.18320141456244981581E+00   -0.76876784041077341903E-11
    0.28345302060660664267E+01    0.32456494898583815312E+00   -0.12425870370013455634E-10
    0.28433180028728730626E+01    0.33862976683965395619E+00   -0.12280876979953850537E-10
    0.28521057996796796985E+01    0.21891721315064341380E+00   -0.72776129515119664170E-11
    0.28608935964864867785E+01    0.12822657050338522738E-01    0.60910128998838974173E-12
    0.28696813932932934144E+01   -0.19746829608642252341E+00    0.82328915326117738980E-11
    0.28784691901001000502E+01   -0.33151525104926166110E+00    0.12669995747451424932E-10
    0.28872569869069071302E+01   -0.34009385650046075611E+00    0.12302346211387282754E-10
    0.28960447837137137661E+01   -0.21920340914877631255E+00    0.72448890855960112953E-11
    0.29048325805205204020E+01   -0.15016110020061330249E-01   -0.57690267661964319142E-12
    0.29136203773273274820E+01    0.19410116057899048925E+00   -0.81604777520936881304E-11
    0.29224081741341345619E+01    0.33108814501276073727E+00   -0.12704526756374712153E-10
    0.29311959709409407537E+01    0.34738827868317972980E+00   -0.12607975045679609540E-10
    0.29399837677477478337E+01    0.23650962891612642425E+00   -0.78878469892454088868E-11
    0.29487715645545549137E+01    0.39403639972177606499E-01   -0.28036511381623585385E-12
    0.29575593613613615496E+01   -0.17123993668129328105E+00    0.74079737839851340369E-11
    0.29663471581681681855E+01   -0.32090426627197787823E+00    0.12450829372688137839E-10
    0.29751349549749752654E+01   -0.35835572574200302842E+00    0.13130090123765423562E-10
    0.29839227517817819013E+01   -0.27010866020144524979E+00    0.91956311127796846913E-11
    0.29927105485885885372E+01   -0.87798212156384614069E-01    0.20476759463800804293E-11
    0.30014983453953956172E+01    0.12410934400812972944E+00   -0.57866270776103969070E-11
    0.30102861422022022531E+01    0.29386116540049433965E+00   -0.11649023060030913659E-10
    0.30190739390090088889E+01    0.36532324236122931671E+00   -0.13606379807135025213E-10
    0.30278617358158159689E+01    0.31425674827326455230E+00   -0.10991725025416765352E-10
    0.30366495326226230489E+01    0.15882997806327028845E+00   -0.47154084349197323640E-11
    0.30454373294294292407E+01   -0.48209522982490940479E-01    0.30943681426009813136E-11
    0.30542251262362363207E+01   -0.23978853895029855758E+00    0.99024465889765514485E-11
    0.30630129230430434006E+01   -0.35470712292512618369E+00    0.13536912590229110575E-10
    0.30718007198498500365E+01   -0.35585671441549171501E+00    0.12820825991285567551E-10
    0.30805885166566566724E+01   -0.24424759366365422775E+00    0.80301758710792697791E-11
    0.30893763134634637524E+01   -0.56460543630211114385E-01    0.73042069323949893002E-12
    0.30981641102702703883E+01    0.14923109337995754675E+00   -0.68090276320683839054E-11
    0.31069519070770770242E+01    0.30936321205882311158E+00   -0.12263674634586107899E-10
    0.31157397038838841041E+01    0.37456316656954313782E+00   -0.13947845777972642129E-10
    0.31245275006906907400E+01    0.32645531478646144796E+00   -0.11400584460583947614E-10
    0.31333152974974973759E+01    0.18077121398700454757E+00   -0.54379160115633395664E-11
    0.31421030943043044559E+01   -0.19101395007802279835E-01    0.21621638724839180839E-11
    0.31508908911111115358E+01   -0.21356683007878926595E+00    0.91347996962708275013E-11
    0.31596786879179177276E+01   -0.34530500675125225252E+00    0.13419878816947678751E-10
    0.31684664847247248076E+01   -0.37734390139487994364E+00    0.13818827052225553985E-10
    0.31772542815315318876E+01   -0.30140914784114347658E+00    0.10254338857716946303E-10
    0.31860420783383385235E+01   -0.13935610291763411706E+00    0.37506276272752891036E-11
    0.31948298751451451594E+01    0.61956340604967401198E-01   -0.38154467777656133713E-11
    0.32036176719519522393E+01    0.24576646609471011762E+00   -0.10306315774488281796E-10
    0.32124054687587593193E+01    0.36198019095259409417E+00   -0.13953491801009611479E-10
    0.32211932655655655111E+01    0.37918232265382811885E+00   -0.13775028619585968934E-10
    0.32299810623723725911E+01    0.29313644680485301253E+00   -0.98345536399476795489E-11
    0.32387688591791796711E+01    0.12848685327967493408E+00   -0.32483627382997904221E-11
    0.32475566559859858629E+01   -0.70309469528485921130E-01    0.42026520921775032681E-11
    0.32563444527927929428E+01   -0.25094294074601564137E+00    0.10557681640832970837E-10
    0.32651322495996000228E+01   -0.36610491474848799731E+00    0.14152305910191269812E-10
    0.32739200464064062146E+01   -0.38648564724399392389E+00    0.14072345190927162718E-10
    0.32827078432132132946E+01   -0.30833441580767190215E+00    0.10393715422701170614E-10
    0.32914956400200203745E+01   -0.15207187747583253423E+00    0.40740317794607673166E-11
    0.33002834368268265663E+01    0.42543116136087452683E-01   -0.32811008268483995969E-11
    0.33090712336336336463E+01    0.22654439455950634019E+00   -0.98203358732352349813E-11
    0.33178590304404407263E+01    0.35506356195766392014E+00   -0.13947026253120519526E-10
    0.33266468272472478063E+01    0.39792419500864883997E+00   -0.14698669273624204768E-10
    0.33354346240540539981E+01    0.34539762681066960015E+00   -0.11916259284702866493E-10
    0.33442224208608610780E+01    0.21107887174400591368E+00   -0.63011069447561307676E-11
    0.33530102176676681580E+01    0.27564804238411785148E-01    0.78781323646387712241E-12
    0.33617980144744743498E+01   -0.16247322904965463830E+00    0.77009755288428161799E-11
    0.33705858112812814298E+01   -0.31571132772064780525E+00    0.12863939401443808893E-10
    0.33793736080880885098E+01   -0.39778438506372798544E+00    0.15118894679297533958E-10
    0.33881614048948947016E+01   -0.39155233895640634278E+00    0.14005679423748829370E-10
    0.33969492017017017815E+01   -0.29952832772974136155E+00    0.98132082660135738023E-11
    0.34057369985085088615E+01   -0.14240651929485897975E+00    0.34788814974624791516E-11
    0.34145247953153150533E+01    0.45242632472225929874E-01   -0.36067569458078992720E-11
    0.34233125921221221333E+01    0.22329936074831621684E+00   -0.99271135536994272831E-11
    0.34321003889289292133E+01    0.35491108360152529011E+00   -0.14174856886094063434E-10
    0.34408881857357362932E+01    0.41334098951260894728E+00   -0.15490288554785918184E-10
    0.34496759825425424850E+01    0.38732978077175339582E+00   -0.13629424880242377378E-10
    0.34584637793493495650E+01    0.28329170374832507440E+00   -0.90118161711458251200E-11
    0.34672515761561566450E+01    0.12268452473392409130E+00   -0.25867835067398531018E-11
    0.34760393729629628368E+01   -0.62284292306775866643E-01    0.43582881633813570561E-11
    0.34848271697697699167E+01   -0.23508947772001947962E+00    0.10450946867166615580E-10
    0.34936149665765769967E+01   -0.36251629330344486979E+00    0.14518903651805070411E-10
    0.35024027633833831885E+01   -0.42083043476274045736E+00    0.15808687752982023343E-10
    0.35111905601901902685E+01   -0.39950873092228256223E+00    0.14095756634151114242E-10
    0.35199783569969973485E+01   -0.30344622536763304899E+00    0.97342933087399531954E-11
    0.35287661538038035403E+01   -0.15129008811444966121E+00    0.35651364657910433539E-11
    0.35375539506106106202E+01    0.28669990051617917637E-01   -0.32649217460377155913E-11
    0.35463417474174177002E+01    0.20353240139066197667E+00   -0.95072804653257537034E-11
    0.35551295442242247802E+01    0.34194810405099862471E+00   -0.14041292856744802310E-10
    0.35639173410310309720E+01    0.41997438795187980176E+00   -0.16085163768842807048E-10
    0.35727051378378380520E+01    0.42461486905991357999E+00   -0.15306830586286094330E-10
    0.35814929346446451319E+01    0.35578472777641834135E+00   -0.11867947978411133484E-10
    0.35902807314514513237E+01    0.22622674357733690842E+00   -0.63931283744905162301E-11
    0.35990685282582584037E+01    0.58456161747149654184E-01    0.16805691396127814329E-12
    0.36078563250650654837E+01   -0.11917573922292529209E+00    0.67075382200258512673E-11
    0.36166441218718716755E+01   -0.27720909052154896202E+00    0.12140402170405656207E-10
    0.36254319186786787554E+01   -0.39017922254047093800E+00    0.15591338929304846089E-10
    0.36342197154854858354E+01   -0.44058345305414103876E+00    0.16530922015756791376E-10
    0.36430075122922929154E+01   -0.42106562568608474351E+00    0.14834644228879073481E-10
    0.36517953090990991072E+01   -0.33559228006368196917E+00    0.10802384787578378390E-10
    0.36605831059059061872E+01   -0.19824773007594231888E+00    0.50910097906966657425E-11
    0.36693709027127132671E+01   -0.30560495654907284674E-01   -0.14060075050889736120E-11
    0.36781586995195194589E+01    0.14179669628266705628E+00   -0.76949308237180399706E-11
    0.36869464963263265389E+01    0.29308625011009592498E+00   -0.12836167553003742029E-10
    0.36957342931331336189E+01    0.40146292332639410549E+00   -0.16089100675789845768E-10
    0.37045220899399398107E+01    0.45176712500684790275E+00   -0.17003571140699621715E-10
    0.37133098867467468907E+01    0.43752272026723187937E+00   -0.15475781886728115683E-10
    0.37220976835535539706E+01    0.36167565973066501117E+00   -0.11756553648180539613E-10
    0.37308854803603601624E+01    0.23553195709526672519E+00   -0.63920629537129611470E-11
    0.37396732771671672424E+01    0.77042633350327502373E-01   -0.14210428702033096472E-12
    0.37484610739739743224E+01   -0.91885394290337929490E-01    0.61303880089843601745E-11
    0.37572488707807814023E+01   -0.24862127615220927512E+00    0.11585094454403411182E-10
    0.37660366675875875941E+01   -0.37276144583180897962E+00    0.15513429014491750649E-10
    0.37748244643943946741E+01   -0.44860256525900449320E+00    0.17421197830291056427E-10
    0.37836122612012017541E+01   -0.46716537043403738583E+00    0.17091775460017462462E-10
    0.37924000580080079459E+01   -0.42690175756150544606E+00    0.14596988781966961914E-10
    0.38011878548148150259E+01   -0.33357408757410306199E+00    0.10275495389990377636E-10
    0.38099756516216221058E+01   -0.19938378676231721665E+00    0.46854486257861027008E-11
    0.38187634484284282976E+01   -0.41082733520940106775E-01   -0.14772246663293325862E-11
    0.38275512452352353776E+01    0.12217416411357279182E+00   -0.74675948266463701765E-11
    0.38363390420420424576E+01    0.27111549222482927979E+00   -0.12578749368729708764E-10
    0.38451268388488486494E+01    0.38867810962578325240E+00   -0.16225930044424398510E-10
    0.38539146356556557294E+01    0.46187633078468798287E+00   -0.18009924352687381523E-10
    0.38627024324624628093E+01    0.48300057427129322596E+00   -0.17750423098726877333E-10
    0.38714902292692698893E+01    0.45041849948329437670E+00   -0.15503404217707719075E-10
    0.38802780260760760811E+01    0.36842732243624232158E+00   -0.11542897053229960895E-10
    0.38890658228828831611E+01    0.24653031570945382889E+00   -0.63213693729367532563E-11
    0.38978536196896902410E+01    0.98298533136008434119E-01   -0.41715078609588009011E-12
    0.39066414164964964328E+01   -0.60308026840866453544E-01    0.55346779471076790061E-11
    0.39154292133033035128E+01   -0.21271101408103487707E+00    0.10912553153619800305E-10
    0.39242170101101105928E+01   -0.34339548928169560948E+00    0.15169846534156933449E-10
    0.39330048069169167846E+01   -0.43950501121720936260E+00    0.17889740390443282988E-10
    0.39417926037237238646E+01   -0.49203912442743691358E+00    0.18823119193029081007E-10
    0.39505804005305309445E+01   -0.49648853151370098136E+00    0.17902730842201016935E-10
    0.39593681973373371363E+01   -0.45317571229175102054E+00    0.15245788820581715263E-10
    0.39681559941441442163E+01   -0.36694931776492761832E+00    0.11132511520348263654E-10
    0.39769437909509512963E+01   -0.24649636922163190023E+00    0.59706512675198010135E-11
    0.39857315877577583763E+01   -0.10341273753695949533E+00    0.25340558231901795306E-12
    0.39945193845645645681E+01    0.49031890627077814870E-01   -0.54906820844135922139E-11
    0.40033071813713716480E+01    0.19716747757766397986E+00   -0.10747616386093591954E-10
    0.40120949781781787280E+01    0.32810382074400129548E+00   -0.15060976501645616768E-10
    0.40208827749849849198E+01    0.43083571778777984829E+00   -0.18070118438988356069E-10
    0.40296705717917919998E+01    0.49709898702564331296E+00   -0.19537399511456363483E-10
    0.40384583685985990797E+01    0.52188215296046114311E+00   -0.19360384308370525371E-10
    0.40472461654054052715E+01    0.50375489585510591084E+00   -0.17576755020004716739E-10
    0.40560339622122123515E+01    0.44479283995909474347E+00   -0.14354129290713933066E-10
    0.40648217590190194315E+01    0.35026315162113924595E+00   -0.99710406361071189832E-11
    0.40736095558258256233E+01    0.22811377132541735269E+00   -0.47916779076914634324E-11
    0.40823973526326327033E+01    0.88211267580901156493E-01    0.76724052498962446764E-12
    0.40911851494394397832E+01   -0.58483619382175153212E-01    0.62708764925356885906E-11
    0.40999729462462468632E+01   -0.20077874667305661838E+00    0.11299501370913076342E-10
    0.41087607430530530550E+01   -0.32812288407152695457E+00    0.15480526613501983241E-10
    0.41175485398598601350E+01   -0.43136222843753402323E+00    0.18514739292567660954E-10
    0.41263363366666672150E+01   -0.50333519404439597267E+00    0.20194605641513696844E-10
    0.41351241334734734068E+01   -0.53935468800918018317E+00    0.20417691670808108936E-10
    0.41439119302802804867E+01   -0.53740847322484275317E+00    0.19188505884580526857E-10
    0.41526997270870875667E+01   -0.49819108658181093796E+00    0.16613539873027429743E-10
    0.41614875238938937585E+01   -0.42495865339588417831E+00    0.12890228881934168492E-10
    0.41702753207007008385E+01   -0.32315611488306950072E+00    0.82881929531216198240E-11
    0.41790631175075079184E+01   -0.19996710756317909174E+00    0.31281664946373977697E-11
    0.41878509143143141102E+01   -0.63753109292800036467E-01   -0.22417350214369026021E-11
    0.41966387111211211902E+01    0.76563860811797987416E-01   -0.74709501261544398591E-11
    0.42054265079279282702E+01    0.21209459487639073516E+00   -0.12229250564589819453E-10
    0.42142143047347353502E+01    0.33453812574163632743E+00   -0.16226468957137515954E-10
    0.42230021015415415420E+01    0.43668859835200957153E+00   -0.19229721180579064285E-10
    0.42317898983483486219E+01    0.51279985496503444065E+00   -0.21074043263364428380E-10
    0.42405776951551557019E+01    0.55886313719585800630E+00   -0.21669101698486301080E-10
    0.42493654919619618937E+01    0.57276459543420554787E+00   -0.21001291775447732796E-10
    0.42581532887687689737E+01    0.55428826789219010074E+00   -0.19129957235429674591E-10
    0.42669410855755760537E+01    0.50505021367952507294E+00   -0.16181102435321654976E-10
    0.42757288823823822455E+01    0.42830063904037513067E+00   -0.12336465940072086124E-10
    0.42845166791891893254E+01    0.32865273219210755506E+00   -0.78200879732565085444E-11
    0.42933044759959964054E+01    0.21176723045476023022E+00   -0.28840152915868503735E-11
    0.43020922728028034854E+01    0.83984280457840995715E-01    0.22069266200403698830E-11
    0.43108800696096096772E+01   -0.48049663700824300772E-01    0.71900596992585153686E-11
    0.43196678664164167571E+01   -0.17773690291445495837E+00    0.11818135577895025350E-10
    0.43284556632232238371E+01   -0.29886884308396649557E+00    0.15871507436362048909E-10
    0.43372434600300300289E+01   -0.40591348298526597205E+00    0.19167738391819939793E-10
    0.43460312568368371089E+01   -0.49423399065086764947E+00    0.21567904217256737073E-10
    0.43548190536436441889E+01   -0.56026606186837912826E+00    0.22981127004742929765E-10
    0.43636068504504503807E+01   -0.60160119548073964779E+00    0.23365296709152509447E-10
    0.43723946472572574606E+01   -0.61701637813622145501E+00    0.22725656663389918721E-10
    0.43811824440640645406E+01   -0.60645113136570372170E+00    0.21111599483411010294E-10
    0.43899702408708707324E+01   -0.57091989776683660374E+00    0.18611289897833131620E-10
    0.43987580376776778124E+01   -0.51240130889954349502E+00    0.15345570018580094581E-10
    0.44075458344844848924E+01   -0.43369148223235798323E+00    0.11460853791827720659E-10
    0.44163336312912919723E+01   -0.33823894130979137440E+00    0.71215520321279143338E-11
    0.44251214280980981641E+01   -0.22997817127164946194E+00    0.25029126307813339135E-11
    0.44339092249049052441E+01   -0.11316286442033914039E+00   -0.22155666996555840183E-11
    0.44426970217117123241E+01    0.77972818636598915237E-02   -0.68565013340862664871E-11
    0.44514848185185185159E+01    0.12848784432993379245E+00   -0.11250598466421570453E-10
    0.44602726153253255958E+01    0.24463394061966692306E+00   -0.15242342799579506954E-10
    0.44690604121321326758E+01    0.35223484968314516808E+00   -0.18694722097589790509E-10
    0.44778482089389388676E+01    0.44768661628355316262E+00   -0.21492743166874533126E-10
    0.44866360057457459476E+01    0.52789425838687964454E+00   -0.23546526772457590506E-10
    0.44954238025525530276E+01    0.59035731403742053303E+00   -0.24793764029491393489E-10
    0.45042115993593592194E+01    0.63323954218426770080E+00   -0.25201700649925549214E-10
    0.45129993961661662993E+01    0.65541444105693258404E+00   -0.24767655501158853514E-10
    0.45217871929729733793E+01    0.65648094558402692034E+00   -0.23517709677733832105E-10
    0.45305749897797804593E+01    0.63676011651526831514E+00   -0.21504719152168585232E-10
    0.45393627865865866511E+01    0.59724812487673961670E+00   -0.18805231615958215107E-10
    0.45481505833933937311E+01    0.53954563625272089489E+00   -0.15515789804184979302E-10
    0.45569383802002008110E+01    0.46576832005726148678E+00   -0.11748549005777078558E-10
    0.45657261770070070028E+01    0.37843535048191878634E+00   -0.76260822708154708494E-11
    0.45745139738138140828E+01    0.28035471299315717353E+00   -0.32762262290996112277E-11
    0.45833017706206211628E+01    0.17451116758195939216E+00    0.11724668567072745242E-11
    0.45920895674274273546E+01    0.63956784828626364603E-01    0.55949105335402184967E-11
    0.46008773642342344345E+01   -0.48286894139614892907E-01    0.98730270404178782920E-11
    0.46096651610410415145E+01   -0.15931224247718947518E+00    0.13898513794987090092E-10
    0.46184529578478477063E+01   -0.26639912562505957405E+00    0.17575168766265986737E-10
    0.46272407546546547863E+01   -0.36706564528427365612E+00    0.20820261223877086448E-10
    0.46360285514614618663E+01   -0.45910675835960479407E+00    0.23565401380732847656E-10
    0.46448163482682689462E+01   -0.54062323191361072450E+00    0.25757058009602350138E-10
    0.46536041450750751380E+01   -0.61003942747665518276E+00    0.27356673186291757937E-10
    0.46623919418818822180E+01   -0.66611626330875017832E+00    0.28340606572529842785E-10
    0.46711797386886892980E+01   -0.70795530035813858394E+00    0.28699770390807285002E-10
    0.46799675354954954898E+01   -0.73499786517993981327E+00    0.28439079047850604179E-10
    0.46887553323023025698E+01   -0.74701780106072357412E+00    0.27576564352096856675E-10
    0.46975431291091096497E+01   -0.74410671396667715793E+00    0.26142095289949287810E-10
    0.47063309259159158415E+01   -0.72665589299354227393E+00    0.24176041273887139129E-10
    0.47151187227227229215E+01   -0.69533201359925533858E+00    0.21727977251103568094E-10
    0.47239065195295300015E+01   -0.65104927261703537944E+00    0.18855370549048404411E-10
    0.47326943163363361933E+01   -0.59493604311423708975E+00    0.15621923703112850944E-10
    0.47414821131431432732E+01   -0.52829512262568090186E+00    0.12095506421677320877E-10
    0.47502699099499503532E+01   -0.45256250114205504032E+00    0.83461435818224837708E-11
    0.47590577067567574332E+01   -0.36926502580201642223E+00    0.44443977513423786659E-11
    0.47678455035635636250E+01   -0.27997803746114308110E+00    0.45994482510251740018E-12
    0.47766333003703707050E+01   -0.18628732268119468918E+00   -0.35397906915992843651E-11
    0.47854210971771777849E+01   -0.89756298065218315108E-01   -0.74909364858048528524E-11
    0.47942088939839839767E+01    0.81036439488429493072E-02   -0.11334309923797567322E-10
    0.48029966907907910567E+01    0.10585590483697869535E+00   -0.15016090753077771558E-10
    0.48117844875975981367E+01    0.20215759597595661656E+00   -0.18488246719604999438E-10
    0.48205722844044043285E+01    0.29577286290605958596E+00   -0.21708697595382386620E-10
    0.48293600812112114085E+01    0.38557977736316845219E+00   -0.24641185006915337237E-10
    0.48381478780180184884E+01    0.47057507087971445214E+00   -0.27255135122601289453E-10
    0.48469356748248246802E+01    0.54987567636851142350E+00   -0.29525652143777436441E-10
    0.48557234716316317602E+01    0.62271872054506172134E+00   -0.31433550825259164773E-10
    0.48645112684384388402E+01    0.68846086512756621278E+00   -0.32965201724474726090E-10
    0.48732990652452459202E+01    0.74657695702389004211E+00   -0.34112155569792219691E-10
    0.48820868620520521119E+01    0.79665800881318460380E+00   -0.34870780865862734221E-10
    0.48908746588588591919E+01    0.83840752525589690158E+00   -0.35242053212338867704E-10
    0.48996624556656662719E+01    0.87163709909132136566E+00   -0.35231398694312384023E-10
    0.49084502524724724637E+01    0.89626223957305428680E+00   -0.34848404015291839900E-10
    0.49172380492792795437E+01    0.91229848220379916590E+00   -0.34106369075569421030E-10
    0.49260258460860866236E+01    0.91985649674015868005E+00   -0.33021857115844821090E-10
    0.49348136428928928154E+01    0.91913408568511922869E+00   -0.31614315960564427483E-10
    0.49436014396996998954E+01    0.91040677736589847857E+00   -0.29905717298812914618E-10
    0.49523892365065069754E+01    0.89401847842035531144E+00   -0.27920075005561765597E-10
    0.49611770333133140554E+01    0.87037224361521570160E+00   -0.25682825408291688855E-10
    0.49699648301201202472E+01    0.83992009476155593539E+00   -0.23220267073899767289E-10
    0.49787526269269273271E+01    0.80314999234854966836E+00   -0.20559242549521484303E-10
    0.49875404237337344071E+01    0.76057216791790294153E+00   -0.17726909875992613877E-10
    0.49963282205405405989E+01    0.71271080810978792996E+00   -0.14750354393218355068E-10
    0.50051160173473476789E+01    0.66010174887421824153E+00   -0.11656016658031517762E-10
    0.50139038141541547589E+01    0.60328655297981637062E+00   -0.84692060953092814832E-11
    0.50226916109609609506E+01    0.54279320934689356815E+00   -0.52139517217369273766E-11
    0.50314794077677680306E+01    0.47911308655420220548E+00   -0.19130190061743811246E-11
    0.50402672045745751106E+01    0.41269617745126058184E+00    0.14119427931765097207E-11
    0.50490550013813813024E+01    0.34396715743954159317E+00    0.47401177709380243153E-11
    0.50578427981881883824E+01    0.27334141420734714423E+00    0.80513270119400509058E-11
    0.50666305949949954623E+01    0.20123126237875313405E+00    0.11326144606948734242E-10
    0.50754183918018025423E+01    0.12804727428496479047E+00    0.14546137661637990881E-10
    0.50842061886086087341E+01    0.54195198377188440186E-01    0.17693992508699862444E-10
    0.50929939854154158141E+01   -0.19931754977671727741E-01    0.20753506888514456151E-10
    0.51017817822222228941E+01   -0.93959317029095143492E-01    0.23709565757068944441E-10
    0.51105695790290290859E+01   -0.16753270553461793724E+00    0.26548131814135436365E-10
    0.51193573758358361658E+01   -0.24031485851177983304E+00    0.29256249485086780911E-10
    0.51281451726426432458E+01   -0.31198670324162303125E+00    0.31822104950501486237E-10
    0.51369329694494494376E+01   -0.38224978169352807900E+00    0.34235146272823926770E-10
    0.51457207662562565176E+01   -0.45082849144440068079E+00    0.36486165433397027462E-10
    0.51545085630630635976E+01   -0.51747018366545993739E+00    0.38567245872901284172E-10
    0.51632963598698697893E+01   -0.58194441162687859936E+00    0.40471664393253639072E-10
    0.51720841566766768693E+01   -0.64404281353708059399E+00    0.42193893713753849279E-10
    0.51808719534834839493E+01   -0.70357972564472315291E+00    0.43729714574218948930E-10
    0.51896597502902910293E+01   -0.76039257905029400408E+00    0.45076235350843944683E-10
    0.51984475470970972211E+01   -0.81434137068543910321E+00    0.46231604999913036867E-10
    0.52072353439039043010E+01   -0.86530776301939349437E+00    0.47194645139274261083E-10
    0.52160231407107113810E+01   -0.91319439019426684734E+00    0.47964881636685384641E-10
    0.52248109375175184610E+01   -0.95792440282224167181E+00    0.48543007698706686002E-10
    0.52335987343243246528E+01   -0.99944090906285487641E+00    0.48931156783299896988E-10
    0.52423865311311317328E+01   -0.10377060256709720321E+01    0.49132463148066547156E-10
    0.52511743279379388127E+01   -0.10726997724418363411E+01    0.49150383928292282921E-10
    0.52599621247447450045E+01   -0.11044190385220749029E+01    0.48988522543702466004E-10
    0.52687499215515520845E+01   -0.11328766322186183402E+01    0.48651000267107370109E-10
    0.52775377183583591645E+01   -0.11581002948707326272E+01    0.48142749165028941284E-10
    0.52863255151651653563E+01   -0.11801315809396419887E+01    0.47469358230210571208E-10
    0.52951133119719724363E+01   -0.11990246879702448624E+01    0.46636756518199561687E-10
    0.53039011087787795162E+01   -0.12148453343718135233E+01    0.45651090746694654064E-10
    0.53126889055855857080E+01   -0.12276696906447810420E+01    0.44518815791900867754E-10
    0.53214767023923927880E+01   -0.12375833147016965796E+01    0.43246727823183459474E-10
    0.53302644991991998680E+01   -0.12446800762564802501E+01    0.41841753763844289722E-10
    0.53390522960060069479E+01   -0.12490610837062110505E+01    0.40310677428098218087E-10
    0.53478400928128131397E+01   -0.12508336647808300235E+01    0.38660157339588717892E-10
    0.53566278896196202197E+01   -0.12501104048000739599E+01    0.36897050774421901954E-10
    0.53654156864264272997E+01   -0.12470082104018318514E+01    0.35028600317555018844E-10
    0.53742034832332334915E+01   -0.12416474185289145815E+01    0.33062126702665708991E-10
    0.53829912800400405715E+01   -0.12341509320247898707E+01    0.31004565651650606747E-10
    0.53917790768468476514E+01   -0.12246434149213831777E+01    0.28862365651281953694E-10
    0.54005668736536538432E+01   -0.12132505502731700808E+01    0.26641767795452617219E-10
    0.54093546704604609232E+01   -0.12000983316998750094E+01    0.24349010480017587262E-10
    0.54181424672672680032E+01   -0.11853124200040163760E+01    0.21990182463334158048E-10
    0.54269302640740750832E+01   -0.11690175341987760760E+01    0.19570955279394241648E-10
    0.54357180608808812750E+01   -0.11513369006167630815E+01    0.17096488949583060770E-10
    0.54445058576876883549E+01   -0.11323917620174825949E+01    0.14571522937892340663E-10
    0.54532936544944954349E+01   -0.11123009199338282915E+01    0.12000475124765957352E-10
    0.54620814513013016267E+01   -0.10911803414875789198E+01    0.93874899854643052928E-11
    0.54708692481081087067E+01   -0.10691427990743616050E+01    0.67364554692114158902E-11
    0.54796570449149157866E+01   -0.10462975598018522394E+01    0.40509414560806633815E-11
    0.54884448417217219784E+01   -0.10227501257314743910E+01    0.13340601976246385743E-11
    0.54972326385285290584E+01   -0.99860200192222448035E+00   -0.14116382325298437117E-11
    0.55060204353353361384E+01   -0.97395051785941144651E+00   -0.41841492813819315589E-11
    0.55148082321421423302E+01   -0.94888867549073940832E+00   -0.69819459734068083881E-11
    0.55235960289489494102E+01   -0.92350503505290248984E+00   -0.98038918870178821627E-11
    0.55323838257557564901E+01   -0.89788363907065293912E+00   -0.12649139265249391582E-10
    0.55411716225625635701E+01   -0.87210395666067708209E+00   -0.15517093156553628273E-10
    0.55499594193693697619E+01   -0.84624086620758354194E+00   -0.18407551972360228150E-10
    0.55587472161761768419E+01   -0.82036465678334191676E+00   -0.21320894968979289257E-10
    0.55675350129829839219E+01   -0.79454105473857683517E+00   -0.24258102938969983436E-10
    0.55763228097897901137E+01   -0.76883127544066121040E+00   -0.27220610226415419116E-10
    0.55851106065965971936E+01   -0.74329208776674404735E+00   -0.30210196567000878626E-10
    0.55938984034034042736E+01   -0.71797590214230855299E+00   -0.33229042554555861410E-10
    0.56026862002102104654E+01   -0.69293086980442963885E+00   -0.36279838978076399045E-10
    0.56114739970170175454E+01   -0.66820099600851778909E+00   -0.39365820891725922448E-10
    0.56202617938238246253E+01   -0.64382626698846912028E+00   -0.42490724821635333882E-10
    0.56290495906306308171E+01   -0.61984278323706398783E+00   -0.45658758660238834800E-10
    0.56378373874374378971E+01   -0.59628290392945126897E+00   -0.48874631229852056109E-10
    0.56466251842442449771E+01   -0.57317539642197601335E+00   -0.52143599853070574398E-10
    0.56554129810510520571E+01   -0.55054559090761456819E+00   -0.55471480823697004240E-10
    0.56642007778578582489E+01   -0.52841554004812263390E+00   -0.58864623031171878671E-10
    0.56729885746646653288E+01   -0.50680418011113703702E+00   -0.62329896681996260200E-10
    0.56817763714714724088E+01   -0.48572749415136379225E+00   -0.65874732857911334289E-10
    0.56905641682782786006E+01   -0.46519867584572011099E+00   -0.69507173788460989940E-10
    0.56993519650850856806E+01   -0.44522829239452216266E+00   -0.73235861067130080794E-10
    0.57081397618918927606E+01   -0.42582444641547356756E+00   -0.77069965462481395732E-10
    0.57169275586986989524E+01   -0.40699293618200799161E+00   -0.81019189681466206601E-10
    0.57257153555055060323E+01   -0.38873741207808026887E+00   -0.85093972753281297386E-10
    0.57345031523123131123E+01   -0.37105953094164861872E+00   -0.89305731379697379534E-10
    0.57432909491191193041E+01   -0.35395910584125594989E+00   -0.93666825152122063070E-10
    0.57520787459259263841E+01   -0.33743425134845805857E+00   -0.98190257565432437963E-10
    0.57608665427327334640E+01   -0.32148152541872715426E+00   -0.10288951857688293165E-09
    0.57696543395395405440E+01   -0.30609606440894038260E+00   -0.10777886501304577473E-09
    0.57784421363463467358E+01   -0.29127171457715411718E+00   -0.11287372587260900209E-09
    0.57872299331531538158E+01   -0.27700115733811281338E+00   -0.11819082866215011309E-09
    0.57960177299599608958E+01   -0.26327602845693226508E+00   -0.12374805469856691349E-09
    0.58048055267667670876E+01   -0.25008703319465130921E+00   -0.12956434875872548988E-09
    0.58135933235735741675E+01   -0.23742405354538462237E+00   -0.13565985061902366544E-09
    0.58223811203803812475E+01   -0.22527625153532990221E+00   -0.14205609488170665800E-09
    0.58311689171871874393E+01   -0.21363216598677706171E+00   -0.14877610981060499723E-09
    0.58399567139939945193E+01   -0.20247980300951351484E+00   -0.15584441992259742122E-09
    0.58487445108008015993E+01   -0.19180672251416719387E+00   -0.16328710942416479335E-09
    0.58575323076076077911E+01   -0.18160011710774781601E+00   -0.17113206382246295903E-09
    0.58663201044144148710E+01   -0.17184688726197114295E+00   -0.17940924953936211368E-09
    0.58751079012212219510E+01   -0.16253371051402912273E+00   -0.18815080582433755122E-09
    0.58838956980280290310E+01   -0.15364710499679240518E+00   -0.19739096294834659979E-09
    0.58926834948348352228E+01   -0.14517348948131222897E+00   -0.20716608219673688938E-09
    0.59014712916416423027E+01   -0.13709923683817173967E+00   -0.21751504254830226181E-09
    0.59102590884484493827E+01   -0.12941072432320402386E+00   -0.22847971442158528996E-09
    0.59190468852552555745E+01   -0.12209437890182454900E+00   -0.24010516666842849691E-09
    0.59278346820620626545E+01   -0.11513671790387372540E+00   -0.25243962603532199521E-09
    0.59366224788688697345E+01   -0.10852438686829832259E+00   -0.26553456235600746863E-09
    0.59454102756756759263E+01   -0.10224419215037552910E+00   -0.27944514865994849259E-09
    0.59541980724824830062E+01   -0.96283131033441216040E-01   -0.29423081927926472044E-09
    0.59629858692892900862E+01   -0.90628418021758486156E-01   -0.30995557620236799244E-09
    0.59717736660960962780E+01   -0.85267507572867232146E-01   -0.32668806432244844970E-09
    0.59805614629029033580E+01   -0.80188114726788273234E-01   -0.34450178148700875075E-09
    0.59893492597097104380E+01   -0.75378231860446523460E-01   -0.36347567544216721132E-09
    0.59981370565165175179E+01   -0.70826143619013584574E-01   -0.38369484658866030522E-09
    0.60069248533233237097E+01   -0.66520439114523155499E-01   -0.40525103266373489104E-09
    0.60157126501301307897E+01   -0.62450021600613123129E-01   -0.42824289471984921313E-09
    0.60245004469369378697E+01   -0.58604116686493679111E-01   -0.45277642288686280707E-09
    0.60332882437437440615E+01   -0.54972277891748917711E-01   -0.47896568009608265247E-09
    0.60420760405505511415E+01   -0.51544390967034663109E-01   -0.50693365448187182055E-09
    0.60508638373573582214E+01   -0.48310676409439735901E-01   -0.53681303425007578797E-09
    0.60596516341641644132E+01   -0.45261690326656382755E-01   -0.56874691065919813123E-09
    0.60684394309709714932E+01   -0.42388324371956317971E-01   -0.60288952790130552421E-09
    0.60772272277777785732E+01   -0.39681804011624931261E-01   -0.63940716228034869487E-09
    0.60860150245845856531E+01   -0.37133686031500807989E-01   -0.67847907592737258803E-09
    0.60948028213913918449E+01   -0.34735854969465032593E-01   -0.72029865143829344778E-09
    0.61035906181981989249E+01   -0.32480518575866999809E-01   -0.76507468981159496587E-09
    0.61123784150050060049E+01   -0.30360202752649105562E-01   -0.81303275195196073123E-09
    0.61211662118118121967E+01   -0.28367745575757316590E-01   -0.86441655358870637377E-09
    0.61299540086186192767E+01   -0.26496290910077453101E-01   -0.91948940294673943688E-09
    0.61387418054254263566E+01   -0.24739281488189421299E-01   -0.97853578809543657049E-09
    0.61475296022322325484E+01   -0.23090451510058406653E-01   -0.10418631051898934086E-08
    0.61563173990390396284E+01   -0.21543819013309591787E-01   -0.11098035612014299722E-08
    0.61651051958458467084E+01   -0.20093677856826308581E-01   -0.11827164328556467243E-08
    0.61738929926526529002E+01   -0.18734589542907270632E-01   -0.12609904665731652888E-08
    0.61826807894594599802E+01   -0.17461374871894863592E-01   -0.13450463850107925856E-08
    0.61914685862662670601E+01   -0.16269105451013846780E-01   -0.14353394956224195509E-08
    0.62002563830730741401E+01   -0.15153095167683035965E-01   -0.15323625412055657122E-08
    0.62090441798798803319E+01   -0.14108891622871596455E-01   -0.16366490659328742364E-08
    0.62178319766866874119E+01   -0.13132267561409602386E-01   -0.17487769998781262160E-08
    0.62266197734934944918E+01   -0.12219212367370902925E-01   -0.18693724945844188529E-08
    0.62354075703003006836E+01   -0.11365923620648326134E-01   -0.19991139890282091153E-08
    0.62441953671071077636E+01   -0.10568798735345571668E-01   -0.21387366037033502106E-08
    0.62529831639139148436E+01   -0.98244267639314378920E-02   -0.22890372031817391874E-08
    0.62617709607207210354E+01   -0.91295802903355524616E-02   -0.24508797720536650135E-08
    0.62705587575275281154E+01   -0.84812075188206263732E-02   -0.26252013073707810247E-08
    0.62793465543343351953E+01   -0.78764245379602595976E-02   -0.28130181710732389140E-08
    0.62881343511411413871E+01   -0.73125077279149195211E-02   -0.30154328227618426874E-08
    0.62969221479479484671E+01   -0.67868864378086554354E-02   -0.32336412703555769080E-08
    0.63057099447547555471E+01   -0.62971357969741998881E-02   -0.34689408382581018029E-08
    0.63144977415615626271E+01   -0.58409697811912276999E-02   -0.37227383849915334456E-08
    0.63232855383683688189E+01   -0.54162345037206171064E-02   -0.39965588992232229777E-08
    0.63320733351751758988E+01   -0.50209016730467037962E-02   -0.42920540694812320403E-08
    0.63408611319819829788E+01   -0.46530623570845775286E-02   -0.46110106981424344119E-08
    0.63496489287887891706E+01   -0.43109208951006613292E-02   -0.49553588333266310113E-08
    0.63584367255955962506E+01   -0.39927890771295241820E-02   -0.53271785441869065151E-08
    0.63672245224024033305E+01   -0.36970805566879133726E-02   -0.57287054508996994931E-08
    0.63760123192092095223E+01   -0.34223054296198098315E-02   -0.61623344021235611415E-08
    0.63848001160160166023E+01   -0.31670651138020391308E-02   -0.66306194550078368676E-08
    0.63935879128228236823E+01   -0.29300473715726770008E-02   -0.71362717109908810772E-08
    0.64023757096296298741E+01   -0.27100215842745661865E-02   -0.76821517775062965985E-08
    0.64111635064364369541E+01   -0.25058342445850876126E-02   -0.82712575114294749147E-08
    0.64199513032432440340E+01   -0.23164046007837025068E-02   -0.89067074591350040023E-08
    0.64287391000500511140E+01   -0.21407205731198940268E-02   -0.95917162326916498488E-08
    0.64375268968568573058E+01   -0.19778347978237067681E-02   -0.10329565914589203944E-07
    0.64463146936636643858E+01   -0.18268608934389968593E-02   -0.11123569785438298661E-07
    0.64551024904704714658E+01   -0.16869699174756930433E-02   -0.11977029482322556181E-07
    0.64638902872772776576E+01   -0.15573869543727629060E-02   -0.12893187876414836150E-07
    0.64726780840840847375E+01   -0.14373879364441982665E-02   -0.13875174446049867168E-07
    0.64814658808908918175E+01   -0.13262965731609740062E-02   -0.14925947556386959068E-07
    0.64902536776976980093E+01   -0.12234814675321347560E-02   -0.16048232974392189577E-07
    0.64990414745045050893E+01   -0.11283533912523025997E-02   -0.17244459315208606859E-07
    0.65078292713113121692E+01   -0.10403626687441099724E-02   -0.18516693309091594538E-07
    0.65166170681181183610E+01   -0.95899675281863809399E-03   -0.19866575418976554380E-07
    0.65254048649249254410E+01   -0.88377788878571026353E-03   -0.21295256441043847132E-07
    0.65341926617317325210E+01   -0.81426093053792701366E-03   -0.22803339020852863890E-07
    0.65429804585385396010E+01   -0.75003128448999825239E-03   -0.24390823487206482013E-07
    0.65517682553453457928E+01   -0.69070294097265251369E-03   -0.26057059159872709471E-07
    0.65605560521521528727E+01   -0.63591665834386037169E-03   -0.27800706069737163064E-07
    0.65693438489589599527E+01   -0.58533821714615763467E-03   -0.29619702152406725057E-07
    0.65781316457657661445E+01   -0.53865679426446505789E-03   -0.31511242521160136638E-07
    0.65869194425725732245E+01   -0.49558343718681101969E-03   -0.33471768936972052776E-07
    0.65957072393793803045E+01   -0.45584960668774651433E-03   -0.35496967767732137414E-07
    0.66044950361861864963E+01   -0.41920583812901808778E-03   -0.37581783166480102803E-07
    0.66132828329929935762E+01   -0.38542045686055902013E-03   -0.39720437358141158509E-07
    0.66220706297998006562E+01   -0.35427838618277355653E-03   -0.41906463726111056600E-07
    0.66308584266066068480E+01   -0.32558003187565262657E-03   -0.44132750485599179673E-07
    0.66396462234134139280E+01   -0.29914021910036240432E-03   -0.46391591427021027539E-07
    0.66484340202202210079E+01   -0.27478721945875121723E-03   -0.48674748771602502547E-07
    0.66572218170270280879E+01   -0.25236181896421549945E-03   -0.50973521127196634699E-07
    0.66660096138338342797E+01   -0.23171645599351890646E-03   -0.53278818679097202445E-07
    0.66747974106406413597E+01   -0.21271441664583517974E-03   -0.55581244207988415659E-07
    0.66835852074474484397E+01   -0.19522906944034230806E-03   -0.57871176545759539710E-07
    0.66923730042542546315E+01   -0.17914316727291097905E-03   -0.60138857703681148299E-07
    0.67011608010610617114E+01   -0.16434817975150836167E-03   -0.62374481011948932669E-07
    0.67099485978678687914E+01   -0.15074367752785088363E-03   -0.64568278594839159618E-07
    0.67187363946746749832E+01   -0.13823675893051670703E-03   -0.66710608158338927794E-07
    0.67275241914814820632E+01   -0.12674150566273755122E-03   -0.68792037284439487099E-07
    0.67363119882882891432E+01   -0.11617848786145059000E-03   -0.70803422863667957313E-07
    0.67450997850950962231E+01   -0.10647429135513562586E-03   -0.72735987732294158149E-07
    0.67538875819019024149E+01   -0.97561082962745448175E-04   -0.74581390302281994384E-07
    0.67626753787087094949E+01   -0.89376206486513101973E-04   -0.76331788418702067509E-07
    0.67714631755155165749E+01   -0.81861799866371631079E-04   -0.77979897677062469825E-07
    0.67802509723223227667E+01   -0.74964448037105201224E-04   -0.79519039921767466296E-07
    0.67890387691291298466E+01   -0.68634851776975890720E-04   -0.80943186953059845109E-07
    0.67978265659359369266E+01   -0.62827524004457080691E-04   -0.82246994599971846235E-07
    0.68066143627427431184E+01   -0.57500508040552560909E-04   -0.83425829029604288362E-07
    0.68154021595495501984E+01   -0.52615111077072721033E-04   -0.84475787055636051991E-07
    0.68241899563563572784E+01   -0.48135663132793101793E-04   -0.85393706203476394469E-07
    0.68329777531631634702E+01   -0.44029287382260940960E-04   -0.86177170020768664807E-07
    0.68417655499699705501E+01   -0.40265690042006500795E-04   -0.86824504562844829453E-07
    0.68505533467767776301E+01   -0.36816965780182092595E-04   -0.87334767888205917860E-07
    0.68593411435835847101E+01   -0.33657413922342825717E-04   -0.87707735059023199822E-07
    0.68681289403903909019E+01   -0.30763372636789490966E-04   -0.87943875760233358223E-07
    0.68769167371971979819E+01   -0.28113061113595141547E-04   -0.88044328631921892104E-07
    0.68857045340040050618E+01   -0.25686435520210618481E-04   -0.88010869920002288954E-07
    0.68944923308108112536E+01   -0.23465055803216461702E-04   -0.87845877702364638377E-07
    0.69032801276176183336E+01   -0.21431960071556924646E-04   -0.87552293815949186795E-07
    0.69120679244244254136E+01   -0.19571551524695182667E-04   -0.87133582201654891020E-07
    0.69208557212312316054E+01   -0.17869490939417046865E-04   -0.86593685831784458185E-07
    0.69296435180380386853E+01   -0.16312598759674043139E-04   -0.85936981766971930161E-07
    0.69384313148448457653E+01   -0.14888764685555990920E-04   -0.85168234808139074188E-07
    0.69472191116516519571E+01   -0.13586862532274106131E-04   -0.84292550954402838321E-07
    0.69560069084584590371E+01   -0.12396673753384210981E-04   -0.83315330758792159617E-07
    0.69647947052652661171E+01   -0.11308814791163512105E-04   -0.82242222871336374718E-07
    0.69735825020720731970E+01   -0.10314671056550154399E-04   -0.81079078685151887538E-07
    0.69823702988788793888E+01   -0.94063360443582601391E-05   -0.79831907891066011171E-07
    0.69911580956856864688E+01   -0.85765540774055292383E-05   -0.78506835400799102752E-07
    0.69999458924924935488E+01   -0.78186689784685872132E-05   -0.77110060698370128061E-07
    0.70087336892992997406E+01   -0.71265753530396880905E-05   -0.75647818405084194670E-07
    0.70175214861061068206E+01   -0.64946744076197594626E-05   -0.74126341426870424003E-07
    0.70263092829129139005E+01   -0.59178332529412681521E-05   -0.72551826139943426071E-07
    0.70350970797197200923E+01   -0.53913466842871237287E-05   -0.70930399793233800488E-07
    0.70438848765265271723E+01   -0.49109029821413213916E-05   -0.69268091705370519481E-07
    0.70526726733333342523E+01   -0.44725514786757634397E-05   -0.67570806140165477918E-07
    0.70614604701401404441E+01   -0.40726732010087774555E-05   -0.65844298144778695782E-07
    0.70702482669469475240E+01   -0.37079538595427621184E-05   -0.64094151684617168762E-07
    0.70790360637537546040E+01   -0.33753585134486958745E-05   -0.62325760007640834052E-07
    0.70878238605605616840E+01   -0.30721089406668216234E-05   -0.60544309749750431019E-07
    0.70966116573673678758E+01   -0.27956621926905095620E-05   -0.58754766666987700635E-07
    0.71053994541741749558E+01   -0.25436912198088287011E-05   -0.56961864172201586865E-07
    0.71141872509809820357E+01   -0.23140670617953671677E-05   -0.55170094007985397036E-07
    0.71229750477877882275E+01   -0.21048421655304108787E-05   -0.53383698702819096069E-07
    0.71317628445945953075E+01   -0.19142355082324477358E-05   -0.51606666943652162075E-07
    0.71405506414014023875E+01   -0.17406185097101873857E-05   -0.49842730215917094134E-07
    0.71493384382082085793E+01   -0.15825023275298078454E-05   -0.48095361643052267019E-07
    0.71581262350150156593E+01   -0.14385261894312749750E-05   -0.46367776469260180319E-07
    0.71669140318218227392E+01   -0.13074464774306375887E-05   -0.44662933639254550454E-07
    0.71757018286286289310E+01   -0.11881270085373003530E-05   -0.42983539103166712031E-07
    0.71844896254354360110E+01   -0.10795298371759614831E-05   -0.41332049955029583372E-07
    0.71932774222422430910E+01   -0.98070697481828981720E-06   -0.39710680286339846422E-07
    0.72020652190490501710E+01   -0.89079279208673587057E-06   -0.38121408276384281849E-07
    0.72108530158558563627E+01   -0.80899691892305123759E-06   -0.36565983573225784248E-07
    0.72196408126626634427E+01   -0.73459793252321716440E-06   -0.35045934997256001111E-07
    0.72284286094694705227E+01   -0.66693738791643820429E-06   -0.33562578622573794166E-07
    0.72372164062762767145E+01   -0.60541445258686335878E-06   -0.32117027239395632474E-07
    0.72460042030830837945E+01   -0.54948098699091297880E-06   -0.30710200777656719598E-07
    0.72547919998898908744E+01   -0.49863695302925660576E-06   -0.29342836502574678337E-07
    0.72635797966966970662E+01   -0.45242633791902638925E-06   -0.28015498647136109505E-07
    0.72723675935035041462E+01   -0.41043330173246974262E-06   -0.26728588046260682921E-07
    0.72811553903103112262E+01   -0.37227872027171272235E-06   -0.25482352501299028599E-07
    0.72899431871171174180E+01   -0.33761701746121061146E-06   -0.24276897631032325933E-07
    0.72987309839239244980E+01   -0.30613321223456640594E-06   -0.23112197304300462827E-07
    0.73075187807307315779E+01   -0.27754030032045798690E-06   -0.21988103253338059648E-07
    0.73163065775375386579E+01   -0.25157678113259364067E-06   -0.20904354492820504357E-07
    0.73250943743443448497E+01   -0.22800444204168248801E-06   -0.19860586860540735865E-07
    0.73338821711511519297E+01   -0.20660632963773996635E-06   -0.18856342619273368086E-07
    0.73426699679579590097E+01   -0.18718486041104517078E-06   -0.17891079667481225719E-07
    0.73514577647647652014E+01   -0.16956014766094644752E-06   -0.16964180052138534081E-07
    0.73602455615715722814E+01   -0.15356842197879173556E-06   -0.16074958213795182167E-07
    0.73690333583783793614E+01   -0.13906061835691090564E-06   -0.15222668852383813309E-07
    0.73778211551851855532E+01   -0.12590108339142138300E-06   -0.14406514508594544193E-07
    0.73866089519919926332E+01   -0.11396637258956618121E-06   -0.13625652767167337903E-07
    0.73953967487987997131E+01   -0.10314418648269067185E-06   -0.12879202844511339024E-07
    0.74041845456056067931E+01   -0.93332366738138546165E-07   -0.12166251938253750383E-07
    0.74129723424124129849E+01   -0.84437999501635385332E-07   -0.11485861229654343739E-07
    0.74217601392192200649E+01   -0.76376595418458862604E-07   -0.10837071618687539682E-07
    0.74305479360260271449E+01   -0.69071327640832350274E-07   -0.10218908987325420339E-07
    0.74393357328328333367E+01   -0.62452358576913224474E-07   -0.96303886886814435288E-08
    0.74481235296396404166E+01   -0.56456204948436546995E-07   -0.90705198005929608662E-08
    0.74569113264464474966E+01   -0.51025171531417711356E-07   -0.85383092270543789638E-08
    0.74656991232532536884E+01   -0.46106833614034095592E-07   -0.80327656691855167220E-08
    0.74744869200600607684E+01   -0.41653556423714150977E-07   -0.75529031656924347321E-08
    0.74832747168668678484E+01   -0.37622070727830490415E-07   -0.70977439163050785289E-08
    0.74920625136736740401E+01   -0.33973072763904074022E-07   -0.66663208797361483925E-08
    0.75008503104804811201E+01   -0.30670868217519107829E-07   -0.62576801910472012085E-08
    0.75096381072872882001E+01   -0.27683047178076897007E-07   -0.58708834412385717735E-08
    0.75184259040940952801E+01   -0.24980182482262355468E-07   -0.55050096875841448457E-08
    0.75272137009009014719E+01   -0.22535563302455610244E-07   -0.51591570272695512463E-08
    0.75360014977077085518E+01   -0.20324944083700017653E-07   -0.48324440139300961723E-08
    0.75447892945145156318E+01   -0.18326321610431427202E-07   -0.45240108725097175967E-08
    0.75535770913213218236E+01   -0.16519731691708179941E-07   -0.42330205665287599112E-08
    0.75623648881281289036E+01   -0.14887060624435220384E-07   -0.39586596552882698282E-08
    0.75711526849349359836E+01   -0.13411878750911817553E-07   -0.37001388192354850610E-08
    0.75799404817417421754E+01   -0.12079283630203323395E-07   -0.34566932863361849981E-08
    0.75887282785485492553E+01   -0.10875760877868836440E-07   -0.32275831926028070098E-08
    0.75975160753553563353E+01   -0.97890572440303947425E-08   -0.30120938918336818292E-08
    0.76063038721621625271E+01   -0.88080631437087782300E-08   -0.28095361490255032889E-08
    0.76150916689689696071E+01   -0.79227092524720656584E-08   -0.26192461466767411330E-08
    0.76238794657757766871E+01   -0.71238691191344861190E-08   -0.24405853903425198629E-08
    0.76326672625825837670E+01   -0.64032726184188484398E-08   -0.22729403799317429667E-08
    0.76414550593893899588E+01   -0.57534268724217709752E-08   -0.21157221374012522838E-08
    0.76502428561961970388E+01   -0.51675432463733824509E-08   -0.19683658484383742184E-08
    0.76590306530030041188E+01   -0.46394733658331606152E-08   -0.18303307095649527165E-08
    0.76678184498098103106E+01   -0.41636489158948229089E-08   -0.17010997281927700958E-08
    0.76766062466166173905E+01   -0.37350280873997735085E-08   -0.15801791006551329792E-08
    0.76853940434234244705E+01   -0.33490465749169558993E-08   -0.14670973300303601414E-08
    0.76941818402302306623E+01   -0.30015724116798633993E-08   -0.13614045130911056071E-08
    0.77029696370370377423E+01   -0.26888664798488845200E-08   -0.12626719361334096794E-08
    0.77117574338438448223E+01   -0.24075453471710805526E-08   -0.11704916772051713592E-08
    0.77205452306506510141E+01   -0.21545480779816002035E-08   -0.10844759122711289493E-08
    0.77293330274574580940E+01   -0.19271057678227092049E-08   -0.10042560414252621219E-08
    0.77381208242642651740E+01   -0.17227136838797510703E-08   -0.92948194866192046477E-09
    0.77469086210710722540E+01   -0.15391072743357105157E-08   -0.85982149969963210476E-09
    0.77556964178778784458E+01   -0.13742396055013390738E-08   -0.79496004431353574147E-09
    0.77644842146846855258E+01   -0.12262608540351490775E-08   -0.73459969350831533249E-09
    0.77732720114914926057E+01   -0.10934992290208957571E-08   -0.67845846264692255698E-09
    0.77820598082982987975E+01   -0.97444368861455487689E-09   -0.62626953393608582382E-09
    0.77908476051051058775E+01   -0.86772935456896857204E-09   -0.57778072644242221610E-09
    0.77996354019119129575E+01   -0.77212384607943749087E-09   -0.53275399333453693304E-09
    0.78084231987187191493E+01   -0.68651474120613527586E-09   -0.49096482423043946113E-09
    0.78172109955255262292E+01   -0.60989782623809143529E-09   -0.45220158693951708820E-09
    0.78259987923323333092E+01   -0.54136646094328472928E-09   -0.41626486213131341753E-09
    0.78347865891391395010E+01   -0.48010262011075422555E-09   -0.38296677502405909376E-09
    0.78435743859459465810E+01   -0.42536852187840430799E-09   -0.35213037585754322673E-09
    0.78523621827527536610E+01   -0.37649903084193147991E-09   -0.32358922496192960928E-09
    0.78611499795595607409E+01   -0.33289458577085931025E-09   -0.29718709205082516761E-09
    0.78699377763663669327E+01   -0.29401472070565478994E-09   -0.27277749075846149662E-09
    0.78787255731731740127E+01   -0.25937245831457799108E-09   -0.25022294194109770453E-09
    0.78875133699799810927E+01   -0.22852907408602503244E-09   -0.22939425635429652345E-09
    0.78963011667867872845E+01   -0.20108953626466131359E-09   -0.21017015837621560799E-09
    0.79050889635935943645E+01   -0.17669838129066871822E-09   -0.19243710951948518145E-09
    0.79138767604004014444E+01   -0.15503585458993405835E-09   -0.17608899539568205701E-09
    0.79226645572072076362E+01   -0.13581441540135758772E-09   -0.16102657755214589600E-09
    0.79314523540140147162E+01   -0.11877544560821432700E-09   -0.14715694497482581754E-09
    0.79402401508208217962E+01   -0.10368644073484553563E-09   -0.13439318658692264777E-09
    0.79490279476276279880E+01   -0.90338509787141510529E-10   -0.12265419214326228035E-09
    0.79578157444344350679E+01   -0.78544064940673903799E-10   -0.11186436676370693610E-09
    0.79666035412412421479E+01   -0.68134769593902091023E-10   -0.10195319825213447859E-09
    0.79753913380480492279E+01   -0.58959601809930709114E-10   -0.92854833636184091507E-10
    0.79841791348548554197E+01   -0.50883141088185156606E-10   -0.84507829095673320008E-10
    0.79929669316616624997E+01   -0.43784002258895679356E-10   -0.76854999751353917590E-10
    0.80017547284684695796E+01   -0.37553423395568645719E-10   -0.69843204937836675767E-10
    0.80105425252752748833E+01   -0.32094072780113635768E-10   -0.63423024284260436539E-10
    0.80193303220820819632E+01   -0.27318915819826362603E-10   -0.57548444282566200406E-10
    0.80281181188888890432E+01   -0.23150121080828590990E-10   -0.52176685632756953837E-10
    0.80369059156956961232E+01   -0.19518006602035530342E-10   -0.47268108682188558044E-10
    0.80456937125025032032E+01   -0.16360194521781486050E-10   -0.42786041034126451619E-10
    0.80544815093093102831E+01   -0.13621075737906817684E-10   -0.38696479385873864667E-10
    0.80632693061161173631E+01   -0.11251289672512427607E-10   -0.34967799808054237818E-10
    0.80720571029229226667E+01   -0.92069875713583453745E-11   -0.31570613096828094237E-10
    0.80808448997297297467E+01   -0.74489885953675528439E-11   -0.28477704178869051793E-10
    0.80896326965365368267E+01   -0.59421960847038532921E-11   -0.25663944267748406294E-10
    0.80984204933433439066E+01   -0.46554143086474389288E-11   -0.23106153093872705476E-10
    0.81072082901501509866E+01   -0.35611799826146090728E-11   -0.20782948946997976787E-10
    0.81159960869569580666E+01   -0.26353021038007219356E-11   -0.18674594830312610152E-10
    0.81247838837637633702E+01   -0.18562487661343274614E-11   -0.16762845743160746474E-10
    0.81335716805705704502E+01   -0.12047599328019773979E-11   -0.15030835039956722948E-10
    0.81423594773773775302E+01   -0.66381075461833041121E-12   -0.13463018508603464014E-10
    0.81511472741841846101E+01   -0.21857696878889751264E-12   -0.12045117895405257947E-10
    0.81599350709909916901E+01    0.14389113445074514105E-12   -0.10764012993185983391E-10
    0.81687228677977987701E+01    0.43514388705324171431E-12   -0.96076077801740478729E-11
    0.81775106646046058501E+01    0.66556074941103980269E-12   -0.85647443504602349345E-11
    0.81862984614114111537E+01    0.84420242000980512054E-12   -0.76251894708544404166E-11
    0.81950862582182182337E+01    0.97869689609486183745E-12   -0.67796146500229190078E-11
    0.82038740550250253136E+01    0.10755700475226369378E-11   -0.60194906793491062576E-11
    0.82126618518318323936E+01    0.11408015857872088988E-11   -0.53369393717119927284E-11
    0.82214496486386394736E+01    0.11800165633270149030E-11   -0.47246619199904808010E-11
    0.82302374454454465535E+01    0.11981251161983649799E-11   -0.41759827600741055698E-11
    0.82390252422522518572E+01    0.11989833676170143221E-11   -0.36848874835068136907E-11
    0.82478130390590589371E+01    0.11855867629367787770E-11   -0.32459435518596238221E-11
    0.82566008358658660171E+01    0.11605482910271713973E-11   -0.28541598003625748238E-11
    0.82653886326726730971E+01    0.11263452084053695389E-11   -0.25049137542328942510E-11
    0.82741764294794801771E+01    0.10852040856489287198E-11   -0.21939825750617729633E-11
    0.82829642262862872570E+01    0.10389588882629351864E-11   -0.19175747086415851055E-11
    0.82917520230930943370E+01    0.98909894424431381639E-12   -0.16722808696142867270E-11
    0.83005398198998996406E+01    0.93691696580069729754E-12   -0.14549823828788039366E-11
    0.83093276167067067206E+01    0.88356680137762216634E-12   -0.12627954376403838416E-11
    0.83181154135135138006E+01    0.82998303689396378169E-12   -0.10930708323461296055E-11
    0.83269032103203208806E+01    0.77680940816704949274E-12   -0.94340304430334741752E-12
    0.83356910071271279605E+01    0.72446860986130974794E-12   -0.81163010396710561344E-12
    0.83444788039339350405E+01    0.67330617739698402549E-12   -0.69582665121612529813E-12
    0.83532666007407403441E+01    0.62367376764539769340E-12   -0.59427958913592316767E-12
    0.83620543975475474241E+01    0.57591929755959558841E-12   -0.50543993705562365030E-12
    0.83708421943543545041E+01    0.53034910983726627832E-12   -0.42788231567069366526E-12
    0.83796299911611615840E+01    0.48715953528013233838E-12   -0.36031075710624445849E-12
    0.83884177879679686640E+01    0.44636173288105624756E-12   -0.30158745854230400304E-12
    0.83972055847747757440E+01    0.40781739874730982115E-12   -0.25073047257636696918E-12
    0.84059933815815828240E+01    0.37142949447827191876E-12   -0.20686580005406638569E-12
    0.84147811783883881276E+01    0.33729292364744599333E-12   -0.16917922302833087223E-12
    0.84235689751951952076E+01    0.30558273139221403446E-12   -0.13690167292608595233E-12
    0.84323567720020022875E+01    0.27631426320713274232E-12   -0.10931508949517088269E-12
    0.84411445688088093675E+01    0.24928384528771459359E-12   -0.85779366749883012295E-13
    0.84499323656156164475E+01    0.22427097142381588304E-12   -0.65786027159762867145E-13
    0.84587201624224235275E+01    0.20122304105257726520E-12   -0.48979211304221955102E-13
    0.84675079592292288311E+01    0.18018370468974464487E-12   -0.35039500391494233345E-13
    0.84762957560360359111E+01    0.16109437596338268525E-12   -0.23512261419986755537E-13
    0.84850835528428429910E+01    0.14373861966140663434E-12   -0.13842627914518239739E-13
    0.84938713496496500710E+01    0.12789371325930242164E-12   -0.56972723377769197160E-14
    0.85026591464564571510E+01    0.11346888510046074231E-12    0.80968723377206764801E-15
    0.85114469432632642309E+01    0.10044579696101080525E-12    0.54398083972309260811E-14
    0.85202347400700713109E+01    0.88724378714191819219E-13    0.84040964065203835402E-14
    0.85290225368768766145E+01    0.78100334774766415397E-13    0.10447529377241844577E-13
    0.85378103336836836945E+01    0.68429222663235556759E-13    0.12247407914868356803E-13
    0.85465981304904907745E+01    0.59753158151811759863E-13    0.13879892845085210675E-13
    0.85553859272972978545E+01    0.52163258048796217850E-13    0.15014645554151808417E-13
    0.85641737241041049344E+01    0.45543998943645474849E-13    0.15468252629114194369E-13
    0.85729615209109120144E+01    0.39563505243063807075E-13    0.15425287957516612039E-13
    0.85817493177177173180E+01    0.34003907273061814190E-13    0.15180625863203986055E-13
    0.85905371145245243980E+01    0.29019756061017878619E-13    0.14866184833596784108E-13
    0.85993249113313314780E+01    0.24908679250838566276E-13    0.14457046600989573079E-13
    0.86081127081381385580E+01    0.21658964138398021961E-13    0.13919736739483271506E-13
    0.86169005049449456379E+01    0.18867784736102680646E-13    0.13292591565488097259E-13
    0.86256883017517527179E+01    0.16171791423590927754E-13    0.12663176193290443657E-13
    0.86344760985585597979E+01    0.13619190123922873061E-13    0.12121206881323734007E-13
    0.86432638953653651015E+01    0.11490025341276068022E-13    0.11697235886209864812E-13
    0.86520516921721721815E+01    0.98570422492483190139E-14    0.11303378533979051232E-13
    0.86608394889789792614E+01    0.84627206696062214040E-14    0.10769490196277721715E-13
    0.86696272857857863414E+01    0.70351821369996674095E-14    0.10004657836117825314E-13
    0.86784150825925934214E+01    0.55782837910868875296E-14    0.91178189567898769870E-14
    0.86872028793994005014E+01    0.42798704604440716758E-14    0.83148645593447559115E-14
    0.86959906762062058050E+01    0.32386133770822292888E-14    0.76930162507762955387E-14
    0.87047784730130128850E+01    0.23699680733928774262E-14    0.71734081190542120662E-14
    0.87135662698198199649E+01    0.15611132391883189735E-14    0.66230958112223200990E-14
    0.87223540666266270449E+01    0.81630639216665913752E-15    0.59789493014898419007E-14
    0.87311418634334341249E+01    0.20659979538009974109E-15    0.52537394252408267667E-14
    0.87399296602402412049E+01   -0.26938038709190833064E-15    0.44837818631346856531E-14
    0.87487174570470482848E+01   -0.70356030491954711550E-15    0.37015067607556864071E-14
    0.87575052538538535885E+01   -0.11332123592848911770E-14    0.29448125887271766253E-14
    0.87662930506606606684E+01   -0.14329965000420688212E-14    0.22632374983320704935E-14
    0.87750808474674677484E+01   -0.14366948562414976515E-14    0.16898475770472597882E-14
    0.87838686442742748284E+01   -0.11563670676457850738E-14    0.12018516607424747914E-14
    0.87926564410810819084E+01   -0.80477355904137002521E-15    0.74264401695926024528E-15
    0.88014442378878889883E+01   -0.55825572329526222004E-15    0.32272009624432787164E-15
    0.88102320346946942919E+01   -0.36703113883865165831E-15    0.75653523553814521405E-16
    0.88190198315015013719E+01   -0.86113830855031158170E-16    0.11537030249236928331E-15
    0.88278076283083084519E+01    0.25671611025032816480E-15    0.31922119744456015693E-15
    0.88365954251151155319E+01    0.43940090401324957536E-15    0.36677121523055743835E-15
    0.88453832219219226118E+01    0.34673077382704244806E-15    0.10778861490853256424E-15
    0.88541710187287296918E+01    0.19426586739583050219E-15   -0.17436685720303938663E-15
    0.88629588155355367718E+01    0.29972542578786021200E-15   -0.45936382966726095697E-16
    0.88717466123423420754E+01    0.66531163533913915132E-15    0.56291999212999404734E-15
    0.88805344091491491554E+01    0.92446417830421714302E-15    0.12570493092228178952E-14
    0.88893222059559562354E+01    0.76132016990640784872E-15    0.16131890501619409785E-14
    0.88981100027627633153E+01    0.26534472360614354818E-15    0.15726010740889375969E-14
    0.89068977995695703953E+01   -0.21049517001721555871E-15    0.13647659284476564670E-14
    0.89156855963763774753E+01   -0.41683307005804482946E-15    0.12121401761212050253E-14
    0.89244733931831827789E+01   -0.36963467125341956428E-15    0.11716276600963626100E-14
    0.89332611899899898589E+01   -0.23807248044541580328E-15    0.11637274767582034627E-14
    0.89420489867967969388E+01   -0.19957677785422787650E-15    0.10459766465848760896E-14
    0.89508367836036040188E+01   -0.35126651209817178068E-15    0.71797038147663750922E-15
    0.89596245804104110988E+01   -0.65782654984350036220E-15    0.22860948782866023447E-15
    0.89684123772172181788E+01   -0.97844286145129527121E-15   -0.23938456759547812576E-15
    0.89772001740240252587E+01   -0.11887347092833837958E-14   -0.53653566109757997368E-15
    0.89859879708308305624E+01   -0.12764970525729896248E-14   -0.67735371005935347497E-15
    0.89947757676376376423E+01   -0.12988192845055273922E-14   -0.76731462306742133267E-15
    0.90035635644444447223E+01   -0.12791928895224283982E-14   -0.84402231465615065167E-15
    0.90123513612512518023E+01   -0.11750687636800073375E-14   -0.84403719202614655554E-15
    0.90211391580580588823E+01   -0.93602133216225150019E-15   -0.72913701325443826624E-15
    0.90299269548648659622E+01   -0.56037597178311711235E-15   -0.58072921355239588035E-15
    0.90387147516716712659E+01   -0.95500448420538903180E-16   -0.50310602807847340767E-15
    0.90475025484784783458E+01    0.38866467970977071108E-15   -0.45414945028273592721E-15
    0.90562903452852854258E+01    0.82140075083029321979E-15   -0.25710951109894619240E-15
    0.90650781420920925058E+01    0.11454856976279577628E-14    0.16411355716831474881E-15
    0.90738659388988995858E+01    0.13282385483716717060E-14    0.61961421543265752286E-15
    0.90826537357057066657E+01    0.13666430363404347205E-14    0.83122534586706191896E-15
    0.90914415325125137457E+01    0.12880435281882435479E-14    0.74464358553575059653E-15
    0.91002293293193190493E+01    0.11364451919341199334E-14    0.57231744277635095788E-15
    0.91090171261261261293E+01    0.94204945489376675776E-15    0.50431454190615248708E-15
    0.91178049229329332093E+01    0.70306658296896935524E-15    0.47861929239580863635E-15
    0.91265927197397402892E+01    0.41468885003250225216E-15    0.31655161071806649864E-15
    0.91353805165465473692E+01    0.11423418965585644164E-15    0.45751494357079665411E-17
    0.91441683133533544492E+01   -0.12876773672444570709E-15   -0.26286824303715599016E-15
    0.91529561101601597528E+01   -0.28861237736744640625E-15   -0.33392239498726627956E-15
    0.91617439069669668328E+01   -0.43252891837288075186E-15   -0.29256428547539685086E-15
    0.91705317037737739128E+01   -0.65187785236938804976E-15   -0.31931993826304330358E-15
    0.91793195005805809927E+01   -0.94852600476478236797E-15   -0.42321141313372487062E-15
    0.91881072973873880727E+01   -0.12141675195453199199E-14   -0.41567239885873241585E-15
    0.91968950941941951527E+01   -0.13223696794389174426E-14   -0.17711693510893566741E-15
    0.92056828910010004563E+01   -0.12141449967442642823E-14    0.14669010661127344929E-15
    0.92144706878078075363E+01   -0.90484952820440090805E-15    0.31463247110077625643E-15
    0.92232584846146146162E+01   -0.45504356901915297369E-15    0.29878436004039544637E-15
    0.92320462814214216962E+01    0.53275378926648574805E-16    0.31484537955655739441E-15
    0.92408340782282287762E+01    0.53197667011939432125E-15    0.51976069179984153629E-15
    0.92496218750350358562E+01    0.90121105970623678892E-15    0.78034266359131253196E-15
    0.92584096718418411598E+01    0.11054854924997084825E-14    0.82610594935257630029E-15
    0.92671974686486482398E+01    0.11286354156585382948E-14    0.55336309228686173275E-15
    0.92759852654554553197E+01    0.99272547032327252482E-15    0.10670611418187649355E-15
    0.92847730622622623997E+01    0.73841329796559112972E-15   -0.30687511505287104637E-15
    0.92935608590690694797E+01    0.40892324804272999543E-15   -0.58772977950927075977E-15
    0.93023486558758765597E+01    0.54079913047586329732E-16   -0.73087460116755125758E-15
    0.93111364526826818633E+01   -0.25978384224829445445E-15   -0.73827672560777446859E-15
    0.93199242494894889433E+01   -0.46783309376395720399E-15   -0.60191129711635575679E-15
    0.93287120462962960232E+01   -0.55647127124599526464E-15   -0.37159238415442271125E-15
    0.93374998431031031032E+01   -0.58693735059128823807E-15   -0.18720182993717593665E-15
    0.93462876399099101832E+01   -0.62618874631131909866E-15   -0.16421206207503989909E-15
    0.93550754367167172632E+01   -0.64930188852007009549E-15   -0.23460929184835283022E-15
    0.93638632335235243431E+01   -0.55463500242188234703E-15   -0.17033104158453861287E-15
    0.93726510303303296467E+01   -0.30777696562527018276E-15    0.18405519784749165492E-15
    0.93814388271371367267E+01   -0.32160171063187970748E-16    0.73662240415343075179E-15
    0.93902266239439438067E+01    0.11819077357740395144E-15    0.12435230463461997962E-14
    0.93990144207507508867E+01    0.15800302774262151853E-15    0.15121256098275360553E-14
    0.94078022175575579666E+01    0.25848942812754347493E-15    0.14932232270448383463E-14
    0.94165900143643650466E+01    0.49443936912897737650E-15    0.12413311683538624368E-14
    0.94253778111711703502E+01    0.68184572819820117037E-15    0.85813260848965778375E-15
    0.94341656079779774302E+01    0.59104903156948411752E-15    0.44948480901345211059E-15
    0.94429534047847845102E+01    0.28297844640015903124E-15    0.90846283764079814385E-16
    0.94517412015915915902E+01    0.88295566633674664117E-16   -0.18808321000194639619E-15
    0.94605289983983986701E+01    0.18395272225082961961E-15   -0.39731135389634784221E-15
    0.94693167952052057501E+01    0.31128606062574078472E-15   -0.57115155677623544061E-15
    0.94781045920120128301E+01    0.85809412113359218803E-16   -0.73595015863727002990E-15
    0.94868923888188181337E+01   -0.49165088242181012919E-15   -0.87538738527711114638E-15
    0.94956801856256252137E+01   -0.10001928459290496414E-14   -0.93609334301100041019E-15
    0.95044679824324322936E+01   -0.10998930292720488770E-14   -0.87791425321643432774E-15
    0.95132557792392393736E+01   -0.90787564782404992690E-15   -0.71521698583257668192E-15
    0.95220435760460464536E+01   -0.77691257520862606616E-15   -0.51251328674945132697E-15
    0.95308313728528535336E+01   -0.85429998800072689591E-15   -0.35760085666677880956E-15
    0.95396191696596588372E+01   -0.96523645534665302213E-15   -0.31400873415251211536E-15
    0.95484069664664659172E+01   -0.86398917132435804356E-15   -0.35330084476280243125E-15
    0.95571947632732729971E+01   -0.46636084971666768224E-15   -0.33394756035043067914E-15
    0.95659825600800800771E+01    0.13373087755236645599E-15   -0.11995817768807352507E-15
    0.95747703568868871571E+01    0.74305557814074989995E-15    0.26089100110034544650E-15
    0.95835581536936942371E+01    0.11650443753929186950E-14    0.62239332222031936054E-15
    0.95923459505005013170E+01    0.13081130082563743519E-14    0.80413365637012364202E-15
    0.96011337473073066207E+01    0.12419137328140122144E-14    0.80915548217754594885E-15
    0.96099215441141137006E+01    0.11033262834788941469E-14    0.73427312176657612506E-15
    0.96187093409209207806E+01    0.95326142460087106462E-15    0.62589181336342519069E-15
    0.96274971377277278606E+01    0.75069090649948831618E-15    0.44630577490161861250E-15
    0.96362849345345349406E+01    0.45491874118715730342E-15    0.16241294068569123405E-15
    0.96450727313413420205E+01    0.10234218973746279153E-15   -0.18319965587873251189E-15
    0.96538605281481491005E+01   -0.24171504986988938934E-15   -0.50191577814311160532E-15
    0.96626483249549544041E+01   -0.57108542200569957205E-15   -0.72600243961392803957E-15
    0.96714361217617614841E+01   -0.92649209829745792170E-15   -0.83372506156150947918E-15
    0.96802239185685685641E+01   -0.12758969103692944347E-14   -0.82809847726542359555E-15
    0.96890117153753756440E+01   -0.14525052365812025405E-14   -0.72004832186131793923E-15
    0.96977995121821827240E+01   -0.12949187013498358537E-14   -0.54294276367076355504E-15
    0.97065873089889898040E+01   -0.84544008323939131240E-15   -0.37321012316701417130E-15
    0.97153751057957951076E+01   -0.34510540327379725167E-15   -0.29685302040738027523E-15
    0.97241629026026021876E+01   -0.12019349070900049074E-16   -0.31985791115800212052E-15
    0.97329506994094092676E+01    0.13048892241322347426E-15   -0.32456800050311367501E-15
    0.97417384962162163475E+01    0.20242347923267249113E-15   -0.17321602093144042310E-15
    0.97505262930230234275E+01    0.33048464861806823895E-15    0.14528223436206365055E-15
    0.97593140898298305075E+01    0.56838538139471475388E-15    0.50333562985969478533E-15
    0.97681018866366375875E+01    0.88191848708921223760E-15    0.76540748600020029775E-15
    0.97768896834434428911E+01    0.11639734569013508411E-14    0.89081468001494725655E-15
    0.97856774802502499710E+01    0.13037873273092294901E-14    0.90460130430406405813E-15
    0.97944652770570570510E+01    0.12678612066964982666E-14    0.82338226195339903531E-15
    0.98032530738638641310E+01    0.11015689072925020408E-14    0.65026494827867664800E-15
    0.98120408706706712110E+01    0.84864534066413839256E-15    0.44206612098426240345E-15
    0.98208286674774782909E+01    0.49958516222635803780E-15    0.33085352611473091264E-15
    0.98296164642842835946E+01    0.48881928312248852972E-16    0.39610171679332627598E-15
    0.98384042610910906745E+01   -0.41795471353789059334E-15    0.50843444716720960841E-15
    0.98471920578978977545E+01   -0.74500787401667407313E-15    0.41311313256497467599E-15
    0.98559798547047048345E+01   -0.83735731923090908504E-15    0.56520694864923324999E-16
    0.98647676515115119145E+01   -0.74861755684453860003E-15   -0.24523649739510778520E-15
    0.98735554483183189944E+01   -0.61071266008595559778E-15   -0.14556539378154766467E-15
    0.98823432451251260744E+01   -0.51092893976864701036E-15    0.26026720525243085241E-15
    0.98911310419319313780E+01   -0.44882889445916656770E-15    0.48724281391993019543E-15
    0.98999188387387384580E+01   -0.37747014387997013134E-15    0.24689781243778912544E-15
    0.99087066355455455380E+01   -0.25570291509536767405E-15   -0.17940646321731633525E-15
    0.99174944323523526180E+01   -0.97493824530125142747E-16   -0.32221870554441393802E-15
    0.99262822291591596979E+01   -0.28811336697698731831E-17   -0.12615566310019856301E-15
    0.99350700259659667779E+01   -0.64881853019128696438E-16    0.35375141727577582360E-16
    0.99438578227727720815E+01   -0.15884389225141146231E-15   -0.59161760403394846109E-16
    0.99526456195795791615E+01    0.70738780856729889535E-16   -0.13841855829803237701E-15
    0.99614334163863862415E+01    0.67221060623134089603E-15    0.66528585803132337436E-16
    0.99702212131931933214E+01    0.86739276474660631521E-15    0.17043056858646483174E-15
    0.99790090100000004014E+01    0.22451946164717588202E-15   -0.27016951356779837332E-15
