    0.11999999999999999556E+01    0.00000000000000000000E+00    0.00000000000000000000E+00
    0.12087877968068068135E+01   -0.13881912616798145230E-09    0.20111390313906172885E-10
    0.12175755936136136715E+01    0.21389147157664153800E-09   -0.31016273508608634105E-10
    0.12263633904204203073E+01    0.19647291307449088660E-09   -0.28457932282871305903E-10
    0.12351511872272271653E+01   -0.46194971152448770932E-09    0.67000134962363057607E-10
    0.12439389840340340232E+01   -0.44677218208479891639E-09    0.64749737935345404874E-10
    0.12527267808408408811E+01    0.86040564648365489379E-09   -0.12482665299420218482E-09
    0.12615145776476475170E+01    0.19586375394126343211E-08   -0.28404919216522443173E-09
    0.12703023744544543749E+01    0.11313461009130254415E-08   -0.16401863622660210323E-09
    0.12790901712612612329E+01   -0.83088041799159620679E-09    0.12055441339743874652E-09
    0.12878779680680680908E+01   -0.12117319403835759235E-08    0.17571755778710414508E-09
    0.12966657648748749487E+01    0.83331794783188789887E-09   -0.12094966549508092226E-09
    0.13054535616816815846E+01    0.23324893066210549867E-08   -0.33834397656652060751E-09
    0.13142413584884884425E+01    0.30220691107069242200E-09   -0.43731650081500182965E-10
    0.13230291552952953005E+01   -0.32009733058928373493E-08    0.46444518545871708193E-09
    0.13318169521021021584E+01   -0.26850398164890510073E-08    0.38943975587627636254E-09
    0.13406047489089087943E+01    0.27943332809510884817E-08   -0.40560643285055080821E-09
    0.13493925457157156522E+01    0.59278818984798353794E-08   -0.86008484120136966309E-09
    0.13581803425225225102E+01    0.20681002095431438854E-09   -0.29713862852380482421E-10
    0.13669681393293293681E+01   -0.85198298365626716910E-08    0.12365063442590464073E-08
    0.13757559361361360040E+01   -0.65900351591650977295E-08    0.95601171307451066175E-09
    0.13845437329429428619E+01    0.76964748884299938929E-08   -0.11175652655432183992E-08
    0.13933315297497497198E+01    0.15341020055073150443E-07   -0.22266457774224557640E-08
    0.14021193265565565778E+01    0.50144420222696491661E-10   -0.69187261159593263944E-11
    0.14109071233633634357E+01   -0.22405712066018154654E-07    0.32512896084532408777E-08
    0.14196949201701700716E+01   -0.16526377711094875794E-07    0.23933657179212313638E-08
    0.14284827169769769295E+01    0.21599284097440617108E-07   -0.31507875507331989143E-08
    0.14372705137837837874E+01    0.42460005949254328553E-07   -0.62016414054190840813E-08
    0.14460583105905906454E+01    0.56299338749939828928E-08   -0.91649023071561565836E-09
    0.14548461073973975033E+01   -0.42223565657633725074E-07    0.58653791000850250551E-08
    0.14636339042042041392E+01    0.36743688835924916957E-08   -0.12283008422164705766E-08
    0.14724217010110109971E+01    0.17890028250948069379E-06   -0.27723336651044360294E-07
    0.14812094978178178550E+01    0.41552263677088588732E-06   -0.64581201225446291498E-07
    0.14899972946246244909E+01    0.76313180341318066719E-06   -0.12092521332276400653E-06
    0.14987850914314313489E+01    0.16854166212062589136E-05   -0.26809943458536147765E-06
    0.15075728882382382068E+01    0.42317347948250798401E-05   -0.66707786199070083739E-06
    0.15163606850450450647E+01    0.10117394295577621474E-04   -0.15841504534598952247E-05
    0.15251484818518519226E+01    0.22480968037787301436E-04   -0.35079531597566390072E-05
    0.15339362786586585585E+01    0.48288199659912778088E-04   -0.75123668421874044066E-05
    0.15427240754654654165E+01    0.10171089392716917219E-03   -0.15764991753977546205E-04
    0.15515118722722722744E+01    0.20993798737312506660E-03   -0.32398737630736985417E-04
    0.15602996690790791323E+01    0.42145526101152716624E-03   -0.64750652706459493457E-04
    0.15690874658858859902E+01    0.81962458540838487898E-03   -0.12536154517548184738E-03
    0.15778752626926926261E+01    0.15480458332761911668E-02   -0.23566302522854987731E-03
    0.15866630594994994841E+01    0.28414273896614863392E-02   -0.43042593144272531724E-03
    0.15954508563063063420E+01    0.50644439675952244995E-02   -0.76317466239279906689E-03
    0.16042386531131129779E+01    0.87576593841967483034E-02   -0.13124357483509248821E-02
    0.16130264499199198358E+01    0.14680076592485914733E-01   -0.21871895168012532411E-02
    0.16218142467267266937E+01    0.23841563733668472841E-01   -0.35301892622868627850E-02
    0.16306020435335335517E+01    0.37512300393760217299E-01   -0.55176342996524699314E-02
    0.16393898403403404096E+01    0.57108467751840606697E-01   -0.83404163779078489133E-02
    0.16481776371471470455E+01    0.83959768043906687907E-01   -0.12167858363985359360E-01
    0.16569654339539539034E+01    0.11895443148200236794E+00   -0.17095009792973431262E-01
    0.16657532307607607613E+01    0.16193477155862184835E+00   -0.23056953544067705641E-01
    0.16745410275675676193E+01    0.21102490392701628297E+00   -0.29735669615384058978E-01
    0.16833288243743744772E+01    0.26209077173469680355E+00   -0.36494065652586615833E-01
    0.16921166211811811131E+01    0.30834860766921701192E+00   -0.42338739542906581037E-01
    0.17009044179879879710E+01    0.34055293104131084680E+00   -0.45967502775088597833E-01
    0.17096922147947948289E+01    0.34847434032892815603E+00   -0.46003497498145480560E-01
    0.17184800116016014648E+01    0.32295041093053272752E+00   -0.41307105119505575785E-01
    0.17272678084084085448E+01    0.25867916328362428047E+00   -0.31363241996362430097E-01
    0.17360556052152151807E+01    0.15760789447311993050E+00   -0.16725286726170726648E-01
    0.17448434020220220386E+01    0.31106351726384699752E-01    0.73479670192647832984E-03
    0.17536311988288288966E+01   -0.10079779485957442164E+00    0.18033792149681558692E-01
    0.17624189956356355324E+01   -0.21176502097238802946E+00    0.31512985619630520806E-01
    0.17712067924424426124E+01   -0.27493442550146895975E+00    0.37699745114768500043E-01
    0.17799945892492492483E+01   -0.27166853351984820986E+00    0.34528874429891207032E-01
    0.17887823860560561062E+01   -0.19877956798926274540E+00    0.22279240282109296495E-01
    0.17975701828628629642E+01   -0.71510666493701760538E-01    0.37683666168405387069E-02
    0.18063579796696696000E+01    0.76287561797436231892E-01   -0.15882545298495288899E-01
    0.18151457764764764580E+01    0.20017078307771599133E+00   -0.30543703769795958053E-01
    0.18239335732832833159E+01    0.26019990507185053463E+00   -0.35278886629169746436E-01
    0.18327213700900899518E+01    0.23455044726533141874E+00   -0.28182659358128428484E-01
    0.18415091668968970318E+01    0.12787081137545630583E+00   -0.11156178339511366171E-01
    0.18502969637037036676E+01   -0.24528914300719330266E-01    0.99885887231521506419E-02
    0.18590847605105105256E+01   -0.16685631628116512348E+00    0.27291957549780646725E-01
    0.18678725573173173835E+01   -0.24536712480111350088E+00    0.33996926153421549999E-01
    0.18766603541241240194E+01   -0.22861654157421623657E+00    0.27304406152379175066E-01
    0.18854481509309310994E+01   -0.11938743873500690107E+00    0.93902403266512696201E-02
    0.18942359477377377353E+01    0.39626400832651217931E-01   -0.12592927095953849320E-01
    0.19030237445445445932E+01    0.18065028122108206521E+00   -0.29065870056878981287E-01
    0.19118115413513514511E+01    0.24300138181944613835E+00   -0.32700621463072628015E-01
    0.19205993381581580870E+01    0.19954277625489555414E+00   -0.21899494169142646322E-01
    0.19293871349649649449E+01    0.66099740782131696792E-01   -0.10946746758223539330E-02
    0.19381749317717718029E+01   -0.98696878300101723025E-01    0.20439161464933752049E-01
    0.19469627285785784387E+01   -0.21640710617704275731E+00    0.32259577721298435260E-01
    0.19557505253853855187E+01   -0.23053641334812405295E+00    0.28422244552440006221E-01
    0.19645383221921921546E+01   -0.13579696849158537364E+00    0.10971444953056843849E-01
    0.19733261189989990125E+01    0.24512604161629966693E-01   -0.11796035275997866776E-01
    0.19821139158058058705E+01    0.17442061268299346999E+00   -0.28964265140948537020E-01
    0.19909017126126125063E+01    0.23699311921083041077E+00   -0.31567720695513085127E-01
    0.19996895094194195863E+01    0.17813960138098636210E+00   -0.17756448481770752829E-01
    0.20084773062262262222E+01    0.30088053937842116486E-01    0.51061571372262391094E-02
    0.20172651030330328581E+01   -0.13184464448157640071E+00    0.25085724801601604755E-01
    0.20260528998398399381E+01   -0.22722667185750930474E+00    0.32155035770636171411E-01
    0.20348406966466465740E+01   -0.20481839078465907678E+00    0.22448829382599556209E-01
    0.20436284934534532098E+01   -0.72213577299114303787E-01    0.44304928731564994279E-03
    0.20524162902602602898E+01    0.98384280695620648927E-01   -0.21926251508971903587E-01
    0.20612040870670673698E+01    0.21404612161426470052E+00   -0.32151684617022897872E-01
    0.20699918838738740057E+01    0.21590873873343516265E+00   -0.24995540114458949382E-01
    0.20787796806806806416E+01    0.10364492231186069049E+00   -0.45549424063521543743E-02
    0.20875674774874877215E+01   -0.66585306712471897805E-01    0.18603770246577455011E-01
    0.20963552742942943574E+01   -0.20204886994471729644E+00    0.31891097036266496945E-01
    0.21051430711011009933E+01   -0.22468626145214262713E+00    0.27294587961377403396E-01
    0.21139308679079080733E+01   -0.12361922738176320258E+00    0.73539196973261547127E-02
    0.21227186647147147092E+01    0.42617445088208256998E-01   -0.16362187163826698993E-01
    0.21315064615215213450E+01    0.18561473851336585117E+00   -0.30919437297903602097E-01
    0.21402942583283284250E+01    0.22880287584902281317E+00   -0.28659039577829465567E-01
    0.21490820551351350609E+01    0.14393468609519891044E+00   -0.10267093005028277847E-01
    0.21578698519419421409E+01   -0.22930869832791696272E-01    0.14319831882008316956E-01
    0.21666576487487487768E+01   -0.17503325415553766531E+00    0.30749275734064499682E-01
    0.21754454455555558567E+01   -0.22808180403788264057E+00    0.29564087038902099602E-01
    0.21842332423623624926E+01   -0.15689034269811077960E+00    0.12051445884281111048E-01
    0.21930210391691691285E+01    0.12638790267523391467E-02   -0.12095963983665566910E-01
    0.22018088359759762085E+01    0.16150218718516465288E+00   -0.29872513444147777428E-01
    0.22105966327827828444E+01    0.23132626987584123390E+00   -0.30949370628829513119E-01
    0.22193844295895894803E+01    0.16908395877290333109E+00   -0.14100259718207422757E-01
    0.22281722263963965602E+01    0.13922847138936551847E-01    0.10698236642947604735E-01
    0.22369600232032031961E+01   -0.14683269140775376260E+00    0.29128008426906201733E-01
    0.22457478200100098320E+01   -0.22772400076302493077E+00    0.31358300161263841233E-01
    0.22545356168168169120E+01   -0.18310820158788965184E+00    0.16244232543788084816E-01
    0.22633234136236239920E+01   -0.33509533060381478664E-01   -0.84119776274733798482E-02
    0.22721112104304301837E+01    0.13527745008010974570E+00   -0.28641561329370016781E-01
    0.22808990072372372637E+01    0.22584944603506673655E+00   -0.32399066682794464000E-01
    0.22896868040440443437E+01    0.19119635077197427719E+00   -0.17836972178309599274E-01
    0.22984746008508509796E+01    0.52956322388312972171E-01    0.63826379662280307778E-02
    0.23072623976576576155E+01   -0.11614571374084918520E+00    0.27147506883474462058E-01
    0.23160501944644646954E+01   -0.22311367897609876709E+00    0.33188962197849343483E-01
    0.23248379912712713313E+01   -0.20444062507292645736E+00    0.20475616083629893244E-01
    0.23336257880780779672E+01   -0.71561172607751508123E-01   -0.40456288242545785511E-02
    0.23424135848848850472E+01    0.98240053404906810264E-01   -0.26116336970755892749E-01
    0.23512013816916916831E+01    0.21361269490654083425E+00   -0.33509782854165462429E-01
    0.23599891784984983190E+01    0.21477328860574615432E+00   -0.22755654978101762936E-01
    0.23687769753053053989E+01    0.97884455492625047079E-01    0.54801059003700886875E-03
    0.23775647721121124789E+01   -0.74744382049651253430E-01    0.24033480266698464822E-01
    0.23863525689189186707E+01   -0.20552054554192417113E+00    0.34369861697884508678E-01
    0.23951403657257257507E+01   -0.22310414498749239764E+00    0.25531210917205969524E-01
    0.24039281625325328307E+01   -0.12256267509544635508E+00    0.29364217537121775625E-02
    0.24127159593393394665E+01    0.43002396158861658226E-01   -0.21065784397780340509E-01
    0.24215037561461461024E+01    0.18795911236918186327E+00   -0.34045170984251325874E-01
    0.24302915529529531824E+01    0.23284145696361008282E+00   -0.28886566401745555899E-01
    0.24390793497597598183E+01    0.15140085784648377176E+00   -0.77913821024453242675E-02
    0.24478671465665664542E+01   -0.93081108121622173346E-02    0.17592938317688832511E-01
    0.24566549433733735341E+01   -0.16325141637398121741E+00    0.33331238303660790101E-01
    0.24654427401801801700E+01   -0.23303830609386227968E+00    0.31520560063236065240E-01
    0.24742305369869868059E+01   -0.18221130770223753492E+00    0.13324053532828859792E-01
    0.24830183337937938859E+01   -0.34147370102752962195E-01   -0.12216650476349077276E-01
    0.24918061306006009659E+01    0.13209307866836175749E+00   -0.31670495576055709974E-01
    0.25005939274074071577E+01    0.22791322349039652706E+00   -0.34327143462089516890E-01
    0.25093817242142142376E+01    0.20695814101316070688E+00   -0.19037419378380372043E-01
    0.25181695210210213176E+01    0.81903136898462208793E-01    0.58610928405580051820E-02
    0.25269573178278279535E+01   -0.86294100627805583881E-01    0.27895290025846689042E-01
    0.25357451146346345894E+01   -0.21216353858519043651E+00    0.36024041563502855190E-01
    0.25445329114414416694E+01   -0.22913768669641509934E+00    0.25596739382494342052E-01
    0.25533207082482483052E+01   -0.13051439627000513410E+00    0.18974551107333802961E-02
    0.25621085050550549411E+01    0.31461072149398090769E-01   -0.22624380288165251568E-01
    0.25708963018618620211E+01    0.17817889034355061106E+00   -0.35768621328107597090E-01
    0.25796840986686686570E+01    0.23874483689191569602E+00   -0.31401625427892924936E-01
    0.25884718954754752929E+01    0.18088937849746836162E+00   -0.11353938072288998623E-01
    0.25972596922822823728E+01    0.33474887825463726931E-01    0.14668556006203110204E-01
    0.26060474890890894528E+01   -0.12881566535235036697E+00    0.33473930481856116470E-01
    0.26148352858958960887E+01   -0.22845590601020174248E+00    0.35790972251356710510E-01
    0.26236230827027027246E+01   -0.22021024389626633888E+00    0.20967376796393460969E-01
    0.26324108795095098046E+01   -0.10634573692886031826E+00   -0.39950949688533337473E-02
    0.26411986763163164404E+01    0.59479280199880309177E-01   -0.27414053009552390855E-01
    0.26499864731231230763E+01    0.19637385133249665725E+00   -0.37820493605862086361E-01
    0.26587742699299301563E+01    0.24011839767006262769E+00   -0.30049086228668926701E-01
    0.26675620667367367922E+01    0.17328957225388524899E+00   -0.81977024375077985063E-02
    0.26763498635435434281E+01    0.26071557590577554286E-01    0.17473096533100532929E-01
    0.26851376603503505081E+01   -0.13467625063562449483E+00    0.35321410803120088795E-01
    0.26939254571571571439E+01   -0.23326522201005170376E+00    0.36905133074358109635E-01
    0.27027132539639637798E+01   -0.22420924246790335799E+00    0.21197604920362152908E-01
    0.27115010507707708598E+01   -0.11461276477464832357E+00   -0.42470007732012173690E-02
    0.27202888475775779398E+01    0.46210104978421824573E-01   -0.27701984885561324601E-01
    0.27290766443843845757E+01    0.18770027980996334405E+00   -0.38874215935471939654E-01
    0.27378644411911912115E+01    0.24571926080867420583E+00   -0.32699429190419723734E-01
    0.27466522379979982915E+01    0.19384001766658706667E+00   -0.11632838663549758054E-01
    0.27554400348048049274E+01    0.57594521697158292117E-01    0.14710970347383878903E-01
    0.27642278316116115633E+01   -0.10313189140066493510E+00    0.34509905746077748634E-01
    0.27730156284184186433E+01   -0.22035475193799894389E+00    0.39388887140133783948E-01
    0.27818034252252252791E+01   -0.24317433639697449976E+00    0.27282832445000040206E-01
    0.27905912220320319150E+01   -0.16103328379548365046E+00    0.31389090805668475211E-02
    0.27993790188388389950E+01   -0.11100844901242658963E-01   -0.22521047774645086559E-01
    0.28081668156456460750E+01    0.14282121169074002420E+00   -0.38550960260801521440E-01
    0.28169546124524522668E+01    0.23804841959947672936E+00   -0.38431089170185152304E-01
    0.28257424092592593468E+01    0.23502917381233495719E+00   -0.22312790148717405458E-01
    0.28345302060660664267E+01    0.13423786534735310250E+00    0.33413674312805828961E-02
    0.28433180028728730626E+01   -0.21151861215913687203E-01    0.27813377913795955809E-01
    0.28521057996796796985E+01   -0.16730436695881623077E+00    0.40830985137634431825E-01
    0.28608935964864867785E+01   -0.24684344325862012104E+00    0.37300904649068829244E-01
    0.28696813932932934144E+01   -0.22809007219217738993E+00    0.18766095093441684943E-01
    0.28784691901001000502E+01   -0.11780657795558235890E+00   -0.75467162192795070666E-02
    0.28872569869069071302E+01    0.38784952838489025750E-01   -0.31059944795575430976E-01
    0.28960447837137137661E+01    0.17958945303977183472E+00   -0.42240681029207909070E-01
    0.29048325805205204020E+01    0.25126712588333260934E+00   -0.36878045407654047594E-01
    0.29136203773273274820E+01    0.22641791489569929041E+00   -0.17186262194500583067E-01
    0.29224081741341345619E+01    0.11402026254928177007E+00    0.93949294277047984414E-02
    0.29311959709409407537E+01   -0.41608625013437421092E-01    0.32578765483434093952E-01
    0.29399837677477478337E+01   -0.18102894473236241790E+00    0.43319531950537747134E-01
    0.29487715645545549137E+01   -0.25334217680242443471E+00    0.37724010493925166920E-01
    0.29575593613613615496E+01   -0.23202889926250996888E+00    0.18014512855057462221E-01
    0.29663471581681681855E+01   -0.12459578114217276235E+00   -0.86268926904696438540E-02
    0.29751349549749752654E+01    0.28199935368762519411E-01   -0.32294036038126000543E-01
    0.29839227517817819013E+01    0.17038002868677470936E+00   -0.44146278951075951236E-01
    0.29927105485885885372E+01    0.25200913214558207098E+00   -0.40042635832009003394E-01
    0.30014983453953956172E+01    0.24430925408934311971E+00   -0.21565633961301566845E-01
    0.30102861422022022531E+01    0.14984325307898915813E+00    0.48232059053351233890E-02
    0.30190739390090088889E+01    0.31612607385582709024E-02    0.29705802314984989382E-01
    0.30278617358158159689E+01   -0.14432123719333422862E+00    0.44208868730356759569E-01
    0.30366495326226230489E+01   -0.24277733124372416484E+00    0.43439650916616300014E-01
    0.30454373294294292407E+01   -0.25876429719144439234E+00    0.27736579736818933045E-01
    0.30542251262362363207E+01   -0.18687459658466021306E+00    0.23513243745477098098E-02
    0.30630129230430434006E+01   -0.52677565142740807869E-01   -0.24011591541865998783E-01
    0.30718007198498500365E+01    0.98821853225275119170E-01   -0.42379242453830727466E-01
    0.30805885166566566724E+01    0.21833144442505292293E+00   -0.46769202184818961521E-01
    0.30893763134634637524E+01    0.26673022167832255436E+00   -0.35765998976572198342E-01
    0.30981641102702703883E+01    0.22847099548984467488E+00   -0.12873939308820820521E-01
    0.31069519070770770242E+01    0.11727399320815465322E+00    0.14350330677324921527E-01
    0.31157397038838841041E+01   -0.31144396813808455926E-01    0.37060077532533111655E-01
    0.31245275006906907400E+01   -0.17021861587013703554E+00    0.48122817926298883107E-01
    0.31333152974974973759E+01   -0.25610616286486564963E+00    0.44031639387913192041E-01
    0.31421030943043044559E+01   -0.26238418985131128913E+00    0.25992341316281444147E-01
    0.31508908911111115358E+01   -0.18843944257909833739E+00   -0.24294170840993313532E-03
    0.31596786879179177276E+01   -0.57056198309864310236E-01   -0.26536120623725598794E-01
    0.31684664847247248076E+01    0.91942198561764720832E-01   -0.44934483563456431576E-01
    0.31772542815315318876E+01    0.21334277436671991723E+00   -0.49816125244220861579E-01
    0.31860420783383385235E+01    0.27133542669801358205E+00   -0.39662045013909047464E-01
    0.31948298751451451594E+01    0.24991509173880696593E+00   -0.17641462505087922991E-01
    0.32036176719519522393E+01    0.15549569553636716224E+00    0.97331020179876291676E-02
    0.32124054687587593193E+01    0.15877534185687550844E-01    0.34497399919295942960E-01
    0.32211932655655655111E+01   -0.12815119057720927853E+00    0.49391242704363784444E-01
    0.32299810623723725911E+01   -0.23586073190744089034E+00    0.50109809883258693564E-01
    0.32387688591791796711E+01   -0.27759943012349097557E+00    0.36578222228656885606E-01
    0.32475566559859858629E+01   -0.24180431818434725000E+00    0.12594863872647849359E-01
    0.32563444527927929428E+01   -0.13914597760855776376E+00   -0.15133491983226724648E-01
    0.32651322495996000228E+01    0.14020665755017909602E-02   -0.38828212004752428455E-01
    0.32739200464064062146E+01    0.14175240226437171853E+00   -0.51990085904036149878E-01
    0.32827078432132132946E+01    0.24435874794192219417E+00   -0.51135856961907130702E-01
    0.32914956400200203745E+01    0.28191286279794747216E+00   -0.36454847979039674277E-01
    0.33002834368268265663E+01    0.24541349279116994597E+00   -0.11906781323753470175E-01
    0.33090712336336336463E+01    0.14521737949035540272E+00    0.15932183957768332461E-01
    0.33178590304404407263E+01    0.73920015673018066998E-02    0.39813139484451247341E-01
    0.33266468272472478063E+01   -0.13246141681479203789E+00    0.53607305842243276051E-01
    0.33354346240540539981E+01   -0.23886695745465741370E+00    0.53747107693315442078E-01
    0.33442224208608610780E+01   -0.28597752527371989029E+00    0.40282384708409293972E-01
    0.33530102176676681580E+01   -0.26281080642823217985E+00    0.16669227786263781516E-01
    0.33617980144744743498E+01   -0.17549222125974950348E+00   -0.11269529717228689986E-01
    0.33705858112812814298E+01   -0.45983357379776684803E-01   -0.36681874998767058371E-01
    0.33793736080880885098E+01    0.94460421667879823637E-01   -0.53395236549174072971E-01
    0.33881614048948947016E+01    0.21296832745293181599E+00   -0.57507069476117347873E-01
    0.33969492017017017815E+01    0.28214873752376029570E+00   -0.48103259936291983823E-01
    0.34057369985085088615E+01    0.28656820950600575548E+00   -0.27381208766706809782E-01
    0.34145247953153150533E+01    0.22619904713733457458E+00   -0.19739941599959413203E-03
    0.34233125921221221333E+01    0.11510258773813282496E+00    0.27227500581366061161E-01
    0.34321003889289292133E+01   -0.21654695498669922910E-01    0.48757838690899252265E-01
    0.34408881857357362932E+01   -0.15368738885913260650E+00    0.59595080631027821938E-01
    0.34496759825425424850E+01   -0.25249110598989304988E+00    0.57361158442640516886E-01
    0.34584637793493495650E+01   -0.29736073759633702140E+00    0.42624857784932468352E-01
    0.34672515761561566450E+01   -0.27908614838133655178E+00    0.18567561723102015553E-01
    0.34760393729629628368E+01   -0.20218614650575544855E+00   -0.96651131896045676395E-02
    0.34848271697697699167E+01   -0.83297287835778596743E-01   -0.36064523598539996452E-01
    0.34936149665765769967E+01    0.52875271371412575772E-01   -0.55118578236673966553E-01
    0.35024027633833831885E+01    0.17840524242248215203E+00   -0.62920345379779668571E-01
    0.35111905601901902685E+01    0.26794138338077860828E+00   -0.57850425110780930027E-01
    0.35199783569969973485E+01    0.30408837241313607658E+00   -0.40979995553893033833E-01
    0.35287661538038035403E+01    0.28019045715609808278E+00   -0.15743779206794115966E-01
    0.35375539506106106202E+01    0.20136142734942713561E+00    0.12846357312207680804E-01
    0.35463417474174177002E+01    0.83534979412957482969E-01    0.39145208958725148662E-01
    0.35551295442242247802E+01   -0.50349686806533962280E-01    0.58006587896073519284E-01
    0.35639173410310309720E+01   -0.17485141886157237745E+00    0.65838417527347301017E-01
    0.35727051378378380520E+01   -0.26662655791076561584E+00    0.61169921616383376994E-01
    0.35814929346446451319E+01   -0.30895414066239029749E+00    0.44890314763807746823E-01
    0.35902807314514513237E+01   -0.29470736705208994133E+00    0.20097929980049084042E-01
    0.35990685282582584037E+01   -0.22693842208715447883E+00   -0.86117892261702126688E-02
    0.36078563250650654837E+01   -0.11837782022490729583E+00   -0.36002628020337518189E-01
    0.36166441218718716755E+01    0.11208094072151746426E-01   -0.57115105257522266746E-01
    0.36254319186786787554E+01    0.13894135402620041986E+00   -0.68196224984176864736E-01
    0.36342197154854858354E+01    0.24272558050871209656E+00   -0.67344960848611273851E-01
    0.36430075122922929154E+01    0.30494079290149717076E+00   -0.54721892066453538261E-01
    0.36517953090990991072E+01    0.31559114963281698074E+00   -0.32545635467319894429E-01
    0.36605831059059061872E+01    0.27347010694114703977E+00   -0.46388816560159621197E-02
    0.36693709027127132671E+01    0.18604647554836373224E+00    0.24296582086198847267E-01
    0.36781586995195194589E+01    0.68184866910155267350E-01    0.49444310970823621143E-01
    0.36869464963263265389E+01   -0.60751449692991676965E-01    0.66666039150377359723E-01
    0.36957342931331336189E+01   -0.18013788592708063208E+00    0.73209708891591535052E-01
    0.37045220899399398107E+01   -0.27123148603463548278E+00    0.68060859485620461840E-01
    0.37133098867467468907E+01   -0.32017244915094833502E+00    0.52061514536748253190E-01
    0.37220976835535539706E+01   -0.32000783717718495058E+00    0.27771662002246490231E-01
    0.37308854803603601624E+01   -0.27126334475772523325E+00   -0.10292962789992398005E-02
    0.37396732771671672424E+01   -0.18183078201345054259E+00   -0.29937817583390792520E-01
    0.37484610739739743224E+01   -0.65459563106584198189E-01   -0.54585213082237571403E-01
    0.37572488707807814023E+01    0.60580297080261913401E-01   -0.71319360420861413474E-01
    0.37660366675875875941E+01    0.17799908922236848396E+00   -0.77723627870165026832E-01
    0.37748244643943946741E+01    0.27013995472215801552E+00   -0.72891017664330162718E-01
    0.37836122612012017541E+01    0.32440808168294038571E+00   -0.57562211318596810672E-01
    0.37924000580080079459E+01    0.33371565891396653969E+00   -0.33949009752130700213E-01
    0.38011878548148150259E+01    0.29728532827482229139E+00   -0.53678412584996513038E-02
    0.38099756516216221058E+01    0.22064001033574009991E+00    0.24218167264573070563E-01
    0.38187634484284282976E+01    0.11446271605872132548E+00    0.50771201446493122167E-01
    0.38275512452352353776E+01   -0.69121012489838555906E-02    0.70740294506170961486E-01
    0.38363390420420424576E+01   -0.12746887526532382773E+00    0.81488577763762892747E-01
    0.38451268388488486494E+01   -0.23171943034815209450E+00    0.81628124520296788114E-01
    0.38539146356556557294E+01   -0.30662441409961416205E+00    0.71183014946471279139E-01
    0.38627024324624628093E+01   -0.34306931342104829419E+00    0.51511149347475991556E-01
    0.38714902292692698893E+01   -0.33700064351658759465E+00    0.25127641388452283400E-01
    0.38802780260760760811E+01   -0.28964722398032699546E+00   -0.46456185657814197745E-02
    0.38890658228828831611E+01   -0.20717875623093781612E+00   -0.34128574513021238401E-01
    0.38978536196896902410E+01   -0.99884052577329990319E-01   -0.59727343941221956725E-01
    0.39066414164964964328E+01    0.19287488315728292670E-01   -0.78361964455874857927E-01
    0.39154292133033035128E+01    0.13632403031976478291E+00   -0.87844969739871492376E-01
    0.39242170101101105928E+01    0.23776211451321596635E+00   -0.87090292125672305601E-01
    0.39330048069169167846E+01    0.31227014007083053748E+00   -0.76214666541265116417E-01
    0.39417926037237238646E+01    0.35185933857383910883E+00   -0.56507295703574031420E-01
    0.39505804005305309445E+01    0.35256247278664948341E+00   -0.30221437491064703090E-01
    0.39593681973373371363E+01    0.31481900887199670835E+00   -0.30734215817232864122E-03
    0.39681559941441442163E+01    0.24319442599145676964E+00    0.29931941607844448489E-01
    0.39769437909509512963E+01    0.14570562322086025309E+00    0.57223984816564689437E-01
    0.39857315877577583763E+01    0.32896979963340032549E-01    0.78670822066415180274E-01
    0.39945193845645645681E+01   -0.83398600703987649241E-01    0.92032445036711027497E-01
    0.40033071813713716480E+01   -0.19133017562680829093E+00    0.95959307476882624299E-01
    0.40120949781781787280E+01   -0.28017353589058713315E+00    0.90085044116622201016E-01
    0.40208827749849849198E+01   -0.34137947570488857973E+00    0.75033903405102769790E-01
    0.40296705717917919998E+01   -0.36933470847418931049E+00    0.52341324854231291441E-01
    0.40384583685985990797E+01   -0.36172673679485334297E+00    0.24260415924818267558E-01
    0.40472461654054052715E+01   -0.31970656036800598754E+00   -0.64671207641062511753E-02
    0.40560339622122123515E+01   -0.24761811658388444002E+00   -0.36882971359983265924E-01
    0.40648217590190194315E+01   -0.15247465037042884362E+00   -0.64104807339618138928E-01
    0.40736095558258256233E+01   -0.43263168859225410723E-01   -0.85589289446349747781E-01
    0.40823973526326327033E+01    0.69966743653289170668E-01   -0.99351589250519387053E-01
    0.40911851494394397832E+01    0.17704160857033859888E+00   -0.10414781252533790445E+00
    0.40999729462462468632E+01    0.26854284571839642792E+00   -0.99556730927195011271E-01
    0.41087607430530530550E+01    0.33663449205939433018E+00   -0.86000305704053550682E-01
    0.41175485398598601350E+01    0.37569760851140882041E+00   -0.64694681361214201321E-01
    0.41263363366666672150E+01    0.38270136531312126671E+00   -0.37510658461631742056E-01
    0.41351241334734734068E+01    0.35742589577496264308E+00   -0.68033107630985877046E-02
    0.41439119302802804867E+01    0.30234986958956522329E+00    0.24802525940645733793E-01
    0.41526997270870875667E+01    0.22234332097279285723E+00    0.54648822062164190139E-01
    0.41614875238938937585E+01    0.12420734335199461185E+00    0.80264425544482709274E-01
    0.41702753207007008385E+01    0.16021767748126195668E-01    0.99560338124759090173E-01
    0.41790631175075079184E+01   -0.93546056923450152110E-01    0.11099939698523823839E+00
    0.41878509143143141102E+01   -0.19593355031580081405E+00    0.11369374293906819862E+00
    0.41966387111211211902E+01   -0.28336430147648433708E+00    0.10745850253018936205E+00
    0.42054265079279282702E+01   -0.34941350359073730658E+00    0.92810546850053229906E-01
    0.42142143047347353502E+01   -0.38941631339390869737E+00    0.70896480718408205757E-01
    0.42230021015415415420E+01   -0.40077845536560047224E+00    0.43393569019008836063E-01
    0.42317898983483486219E+01   -0.38305608576554361910E+00    0.12365610656212092447E-01
    0.42405776951551557019E+01   -0.33790098997472373110E+00   -0.19905017787945969432E-01
    0.42493654919619618937E+01   -0.26887331862293217810E+00   -0.51086506251754523755E-01
    0.42581532887687689737E+01   -0.18108769007361216752E+00   -0.78966156405798848539E-01
    0.42669410855755760537E+01   -0.80806444184266634778E-01   -0.10160776221168801858E+00
    0.42757288823823822455E+01    0.25035977102912054804E-01   -0.11747104526043926354E+00
    0.42845166791891893254E+01    0.12934109471383134493E+00   -0.12550739684374973004E+00
    0.42933044759959964054E+01    0.22532008992202862130E+00   -0.12521690336287319423E+00
    0.43020922728028034854E+01    0.30691850772036649575E+00   -0.11665564535320376016E+00
    0.43108800696096096772E+01    0.36919322014836708501E+00   -0.10041979112737747792E+00
    0.43196678664164167571E+01    0.40855947287669258650E+00   -0.77583706135930213810E-01
    0.43284556632232238371E+01    0.42296005471584768864E+00   -0.49612661592614334949E-01
    0.43372434600300300289E+01    0.41192900418338795898E+00   -0.18259432854955535974E-01
    0.43460312568368371089E+01    0.37652223434684112258E+00    0.14558217350285101305E-01
    0.43548190536436441889E+01    0.31919357383932517314E+00    0.46881141399467786413E-01
    0.43636068504504503807E+01    0.24357336280841743181E+00    0.76823658396344043919E-01
    0.43723946472572574606E+01    0.15419515451967052977E+00    0.10268192810221157818E+00
    0.43811824440640645406E+01    0.56202832729941885892E-01    0.12302298437327069403E+00
    0.43899702408708707324E+01   -0.44963551909511470517E-01    0.13674887575772426418E+00
    0.43987580376776778124E+01   -0.14387534397994083957E+00    0.14314657304364500345E+00
    0.44075458344844848924E+01   -0.23538729716293063654E+00    0.14190624450293232162E+00
    0.44163336312912919723E+01   -0.31488670723109607463E+00    0.13312163244718908106E+00
    0.44251214280980981641E+01   -0.37849608740439888432E+00    0.11727262110980218868E+00
    0.44339092249049052441E+01   -0.42321720709521915005E+00    0.95186076216988241283E-01
    0.44426970217117123241E+01   -0.44704530258263192044E+00    0.67988368792851763822E-01
    0.44514848185185185159E+01   -0.44902132918477499768E+00    0.37043978854926759570E-01
    0.44602726153253255958E+01   -0.42924828014077431870E+00    0.38865803629911008753E-02
    0.44690604121321326758E+01   -0.38886173799604234480E+00   -0.29854905475354038408E-01
    0.44778482089389388676E+01   -0.32994422100053710789E+00   -0.62536091503866339525E-01
    0.44866360057457459476E+01   -0.25541445646399751901E+00   -0.92576182970605533362E-01
    0.44954238025525530276E+01   -0.16886898699009245117E+00   -0.11853110927988412537E+00
    0.45042115993593592194E+01   -0.74398340172846993967E-01   -0.13916243689735693922E+00
    0.45129993961661662993E+01    0.23612843067686233034E-01   -0.15349436713583158864E+00
    0.45217871929729733793E+01    0.12070401784117773536E+00   -0.16085575355213768689E+00
    0.45305749897797804593E+01    0.21255419005379899700E+00   -0.16091139461354042606E+00
    0.45393627865865866511E+01    0.29517748080645600517E+00   -0.15366756339574971779E+00
    0.45481505833933937311E+01    0.36510451721791370439E+00   -0.13946311102813022109E+00
    0.45569383802002008110E+01    0.41952328239818131861E+00   -0.11894463901933627348E+00
    0.45657261770070070028E+01    0.45636966285061320026E+00   -0.93022630814225654161E-01
    0.45745139738138140828E+01    0.47439107927773033202E+00   -0.62821528147942271025E-01
    0.45833017706206211628E+01    0.47315330016381690337E+00   -0.29621553171566415708E-01
    0.45920895674274273546E+01    0.45301618900676982049E+00    0.52033053878206697584E-02
    0.46008773642342344345E+01    0.41507912006219721546E+00    0.40245520651500978071E-01
    0.46096651610410415145E+01    0.36109069754128525487E+00    0.74121693182841785763E-01
    0.46184529578478477063E+01    0.29334750773591117268E+00    0.10552650564967867852E+00
    0.46272407546546547863E+01    0.21457854975706991407E+00    0.13327636750273599842E+00
    0.46360285514614618663E+01    0.12782294791164747205E+00    0.15634723972606054399E+00
    0.46448163482682689462E+01    0.36309539834542943482E-01    0.17390496119857706825E+00
    0.46536041450750751380E+01   -0.56660707584536514070E-01    0.18532663881098046521E+00
    0.46623919418818822180E+01   -0.14782894278772298891E+00    0.19021705249269607596E+00
    0.46711797386886892980E+01   -0.23408376448453904750E+00    0.18841441453118254468E+00
    0.46799675354954954898E+01   -0.31256077130597831326E+00    0.17999017925853177946E+00
    0.46887553323023025698E+01   -0.38072849662398522419E+00    0.16524126411365508416E+00
    0.46975431291091096497E+01   -0.43645791250835574981E+00    0.14467333197828113889E+00
    0.47063309259159158415E+01   -0.47808171930597853638E+00    0.11898001294139406991E+00
    0.47151187227227229215E+01   -0.50443088961723359098E+00    0.89014411159986345234E-01
    0.47239065195295300015E+01   -0.51485816676412266002E+00    0.55756599783144053517E-01
    0.47326943163363361933E+01   -0.50924165912548513546E+00    0.20278037191685405888E-01
    0.47414821131431432732E+01   -0.48796501934229946640E+00   -0.16297462702401305928E-01
    0.47502699099499503532E+01   -0.45188685416962937058E+00   -0.52832605247818471839E-01
    0.47590577067567574332E+01   -0.40228957711927570973E+00   -0.88213151020834795757E-01
    0.47678455035635636250E+01   -0.34081793425368173134E+00   -0.12138281444184648161E+00
    0.47766333003703707050E+01   -0.26941182996419027473E+00   -0.15137346077923816146E+00
    0.47854210971771777849E+01   -0.19023298176913214230E+00   -0.17732970609965961750E+00
    0.47942088939839839767E+01   -0.10559114711787535856E+00   -0.19853013027143270874E+00
    0.48029966907907910567E+01   -0.17872309147385630895E-01   -0.21440111021595642526E+00
    0.48117844875975981367E+01    0.70531420483994342052E-01   -0.22452662756008939793E+00
    0.48205722844044043285E+01    0.15728492770684532331E+00   -0.22865300330901802695E+00
    0.48293600812112114085E+01    0.24016496626460101527E+00   -0.22668781961208592235E+00
    0.48381478780180184884E+01    0.31711052018735930158E+00   -0.21869657386060165072E+00
    0.48469356748248246802E+01    0.38626381578665014427E+00   -0.20489548911179183976E+00
    0.48557234716316317602E+01    0.44600617792685837149E+00   -0.18564222517986475602E+00
    0.48645112684384388402E+01    0.49498669820309132428E+00   -0.16142379556204675128E+00
    0.48732990652452459202E+01    0.53214266287548794843E+00   -0.13284130274556654738E+00
    0.48820868620520521119E+01    0.55671540927970797341E+00   -0.10059343805323217591E+00
    0.48908746588588591919E+01    0.56825667800869439361E+00   -0.65457897825636393585E-01
    0.48996624556656662719E+01    0.56662974745550664935E+00   -0.28271723413178063283E-01
    0.49084502524724724637E+01    0.55200319087685811859E+00    0.10089404967176989272E-01
    0.49172380492792795437E+01    0.52483626793240878428E+00    0.48733015575769741967E-01
    0.49260258460860866236E+01    0.48586050398921859506E+00    0.86771370626815072513E-01
    0.49348136428928928154E+01    0.43605412652658748218E+00    0.12334146965905630478E+00
    0.49436014396996998954E+01    0.37661264336062283409E+00    0.15762419765044891062E+00
    0.49523892365065069754E+01    0.30891420424783760934E+00    0.18886209533467362975E+00
    0.49611770333133140554E+01    0.23447919618043261414E+00    0.21637552758367789574E+00
    0.49699648301201202472E+01    0.15493010454719710611E+00    0.23957663367183101855E+00
    0.49787526269269273271E+01    0.71954963423108170284E-01    0.25797754582986415217E+00
    0.49875404237337344071E+01   -0.12727848088260098822E-01    0.27119600907103108556E+00
    0.49963282205405405989E+01   -0.97407074434037649313E-01    0.27896082743481459554E+00
    0.50051160173473476789E+01   -0.18041852233425867413E+00    0.28111713259015946864E+00
    0.50139038141541547589E+01   -0.26017921914365932379E+00    0.27762774289839775577E+00
    0.50226916109609609506E+01   -0.33520358723000232004E+00    0.26856324259958092027E+00
    0.50314794077677680306E+01   -0.40411206638663210722E+00    0.25408789504553014327E+00
    0.50402672045745751106E+01   -0.46564355985139255223E+00    0.23445265192756092887E+00
    0.50490550013813813024E+01   -0.51867266867755845716E+00    0.20999637108662022600E+00
    0.50578427981881883824E+01   -0.56222940630916096172E+00    0.18114670908786556502E+00
    0.50666305949949954623E+01   -0.59552381080179472850E+00    0.14841623781171611740E+00
    0.50754183918018025423E+01   -0.61797085671079221569E+00    0.11239586454611281974E+00
    0.50842061886086087341E+01   -0.62920021054651775749E+00    0.73743490402632699832E-01
    0.50929939854154158141E+01   -0.62904902181662702976E+00    0.33167498583464481710E-01
    0.51017817822222228941E+01   -0.61755400715361041808E+00   -0.85895113857871498164E-02
    0.51105695790290290859E+01   -0.59494928593042673004E+00   -0.50763920477972061807E-01
    0.51193573758358361658E+01   -0.56166577062016731503E+00   -0.92583115935016863096E-01
    0.51281451726426432458E+01   -0.51832276369880503353E+00   -0.13327891172948810872E+00
    0.51369329694494494376E+01   -0.46571080802933995102E+00   -0.17210255343080410606E+00
    0.51457207662562565176E+01   -0.40477318173009046998E+00   -0.20833916799635532335E+00
    0.51545085630630635976E+01   -0.33658748829700413374E+00   -0.24131993478788885121E+00
    0.51632963598698697893E+01   -0.26234694744072012407E+00   -0.27043316992745242144E+00
    0.51720841566766768693E+01   -0.18333894555514526625E+00   -0.29513462241854460100E+00
    0.51808719534834839493E+01   -0.10092058921693485007E+00   -0.31495692423024962414E+00
    0.51896597502902910293E+01   -0.16494040448065898363E-01   -0.32951796910929359585E+00
    0.51984475470970972211E+01    0.68517441038991461211E-01   -0.33852666636432321434E+00
    0.52072353439039043010E+01    0.15269310764659171920E+00   -0.34178736176654517243E+00
    0.52160231407107113810E+01    0.23463799164212439941E+00   -0.33920262901103936937E+00
    0.52248109375175184610E+01    0.31300578464182571281E+00   -0.33077431629628661902E+00
    0.52335987343243246528E+01    0.38652072318637348269E+00   -0.31660343394408796414E+00
    0.52423865311311317328E+01    0.45399688745878735707E+00   -0.29688758235832835020E+00
    0.52511743279379388127E+01    0.51435611487376786677E+00   -0.27191714440876341152E+00
    0.52599621247447450045E+01    0.56664368833631595379E+00   -0.24206999173152757288E+00
    0.52687499215515520845E+01    0.61004163585649684443E+00   -0.20780462181045111780E+00
    0.52775377183583591645E+01    0.64388031931488665105E+00   -0.16965248316188508149E+00
    0.52863255151651653563E+01    0.66764633595002842448E+00   -0.12820873471400595633E+00
    0.52951133119719724363E+01    0.68098850239472730195E+00   -0.84122257174782430478E-01
    0.53039011087787795162E+01    0.68372102119078581595E+00   -0.38084976032756075182E-01
    0.53126889055855857080E+01    0.67582367055766101593E+00    0.91795223264278993230E-02
    0.53214767023923927880E+01    0.65744027097134871696E+00    0.56927578533241540715E-01
    0.53302644991991998680E+01    0.62887369856892683107E+00    0.10440731032581217208E+00
    0.53390522960060069479E+01    0.59057916455736514383E+00    0.15087052974318673759E+00
    0.53478400928128131397E+01    0.54315524876264964504E+00    0.19558434104493030437E+00
    0.53566278896196202197E+01    0.48733259763246145058E+00    0.23784238374059860077E+00
    0.53654156864264272997E+01    0.42396148954314266666E+00    0.27697566531874645568E+00
    0.53742034832332334915E+01    0.35399729676257829514E+00    0.31236243296868870800E+00
    0.53829912800400405715E+01    0.27848495313586918432E+00    0.34343749981102411617E+00
    0.53917790768468476514E+01    0.19854247117065310091E+00    0.36970045252236627409E+00
    0.54005668736536538432E+01    0.11534349866444637556E+00    0.39072268251466735212E+00
    0.54093546704604609232E+01    0.30099634568978093918E-01    0.40615360686267398815E+00
    0.54181424672672680032E+01   -0.55957515866046816932E-01    0.41572519540193814125E+00
    0.54269302640740750832E+01   -0.14159432632985288758E+00    0.41925561097122149290E+00
    0.54357180608808812750E+01   -0.22559264407471080194E+00    0.41665140439836750863E+00
    0.54445058576876883549E+01   -0.30676675182684615129E+00    0.40790821572465496558E+00
    0.54532936544944954349E+01   -0.38397972628569154718E+00    0.39311059094665423697E+00
    0.54620814513013016267E+01   -0.45615840986779643274E+00    0.37243004338287782895E+00
    0.54708692481081087067E+01   -0.52230760697661415826E+00    0.34612223481717135920E+00
    0.54796570449149157866E+01   -0.58152270845488340800E+00    0.31452291072230809110E+00
    0.54884448417217219784E+01   -0.63300069067733433226E+00    0.27804256731484450205E+00
    0.54972326385285290584E+01   -0.67604998242653135954E+00    0.23716046754606254221E+00
    0.55060204353353361384E+01   -0.71009798878137964095E+00    0.19241743690024479263E+00
    0.55148082321421423302E+01   -0.73469739959122515316E+00    0.14440807973508543172E+00
    0.55235960289489494102E+01   -0.74953049410684657872E+00    0.93772340262780778941E-01
    0.55323838257557564901E+01   -0.75441140779489146428E+00    0.41186411012161194822E-01
    0.55411716225625635701E+01   -0.74928716904438974478E+00   -0.12646586854400704292E-01
    0.55499594193693697619E+01   -0.73423630874543877045E+00   -0.67006270874173282093E-01
    0.55587472161761768419E+01   -0.70946626108667143473E+00   -0.12116479099911361961E+00
    0.55675350129829839219E+01   -0.67530900600651666554E+00   -0.17439653969159651936E+00
    0.55763228097897901137E+01   -0.63221494925799348596E+00   -0.22598776409387172359E+00
    0.55851106065965971936E+01   -0.58074586447241693943E+00   -0.27524595511588284547E+00
    0.55938984034034042736E+01   -0.52156607197598836567E+00   -0.32150869970653883634E+00
    0.56026862002102104654E+01   -0.45543278033352335710E+00   -0.36415222072080283278E+00
    0.56114739970170175454E+01   -0.38318540745876489284E+00   -0.40259919813353384210E+00
    0.56202617938238246253E+01   -0.30573389794852356971E+00   -0.43632586208858842314E+00
    0.56290495906306308171E+01   -0.22404663291529286484E+00   -0.46486852813861900824E+00
    0.56378373874374378971E+01   -0.13913766333138494202E+00   -0.48782897510574474431E+00
    0.56466251842442449771E+01   -0.52053667413203823233E-01   -0.50487921974614324849E+00
    0.56554129810510520571E+01    0.36139179255814217473E-01   -0.51576522237137145677E+00
    0.56642007778578582489E+01    0.12436840302047894036E+00   -0.52030952888319181859E+00
    0.56729885746646653288E+01    0.21156826355160812669E+00   -0.51841322307917137024E+00
    0.56817763714714724088E+01    0.29669233805569222850E+00   -0.51005651519769579227E+00
    0.56905641682782786006E+01    0.37872582588575021134E+00   -0.49529865037334924738E+00
    0.56993519650850856806E+01    0.45669711015405878296E+00   -0.47427674903325534039E+00
    0.57081397618918927606E+01    0.52968857551595849298E+00   -0.44720359956211452879E+00
    0.57169275586986989524E+01    0.59684680799327383127E+00   -0.41436484439218279618E+00
    0.57257153555055060323E+01    0.65739150899085674329E+00   -0.37611501315653589339E+00
    0.57345031523123131123E+01    0.71062373485096708148E+00   -0.33287300418905368948E+00
    0.57432909491191193041E+01    0.75593287979696455192E+00   -0.28511680385611776201E+00
    0.57520787459259263841E+01    0.79280242671410394717E+00   -0.23337746970698305948E+00
    0.57608665427327334640E+01    0.82081485890345295964E+00   -0.17823275327667040258E+00
    0.57696543395395405440E+01    0.83965491361347399657E+00   -0.12030008041304336708E+00
    0.57784421363463467358E+01    0.84911200668438979733E+00   -0.60229247576718034085E-01
    0.57872299331531538158E+01    0.84908129119368691562E+00    0.13051590636184637589E-02
    0.57960177299599608958E+01    0.83956339525988821215E+00    0.63611603432966873362E-01
    0.58048055267667670876E+01    0.82066335119003341880E+00    0.12598948019848957292E+00
    0.58135933235735741675E+01    0.79258798112066852770E+00    0.18773700999086728736E+00
    0.58223811203803812475E+01    0.75564253909609158111E+00    0.24815910565127424769E+00
    0.58311689171871874393E+01    0.71022624601390349497E+00    0.30657500721979430436E+00
    0.58399567139939945193E+01    0.65682676865380162923E+00    0.36232568634702833066E+00
    0.58487445108008015993E+01    0.59601412396492525758E+00    0.41478099459803752236E+00
    0.58575323076076077911E+01    0.52843353114124302916E+00    0.46334626535701156635E+00
    0.58663201044144148710E+01    0.45479778195852327283E+00    0.50746861862969683266E+00
    0.58751079012212219510E+01    0.37587900663033413373E+00    0.54664264016297714477E+00
    0.58838956980280290310E+01    0.29249987404520128020E+00    0.58041545907357749989E+00
    0.58926834948348352228E+01    0.20552456350422063092E+00    0.60839136983016317561E+00
    0.59014712916416423027E+01    0.11584936673870264989E+00    0.63023555038113232563E+00
    0.59102590884484493827E+01    0.24393150763533582442E-01    0.64567732306927960728E+00
    0.59190468852552555745E+01   -0.67912200195780009215E-01    0.65451259576758979986E+00
    0.59278346820620626545E+01   -0.16013135236793316074E+00    0.65660552687889828238E+00
    0.59366224788688697345E+01   -0.25133496255505055617E+00    0.65188967059674041149E+00
    0.59454102756756759263E+01   -0.34060881186981295521E+00    0.64036812641877960406E+00
    0.59541980724824830062E+01   -0.42706275237057750305E+00    0.62211320413232518156E+00
    0.59629858692892900862E+01   -0.50983916311368338015E+00    0.59726529728472343983E+00
    0.59717736660960962780E+01   -0.58812093858323799545E+00    0.56603101701874880547E+00
    0.59805614629029033580E+01   -0.66113907001784477657E+00    0.52868087564622145980E+00
    0.59893492597097104380E+01   -0.72817940944121239966E+00    0.48554613383251815639E+00
    0.59981370565165175179E+01   -0.78858901094795497144E+00    0.43701525625011800047E+00
    0.60069248533233237097E+01   -0.84178165002428773089E+00    0.38352979017593130662E+00
    0.60157126501301307897E+01   -0.88724257459501576495E+00    0.32557971254220841040E+00
    0.60245004469369378697E+01   -0.92453269864160414482E+00    0.26369849562798086673E+00
    0.60332882437437440615E+01   -0.95329172318381627527E+00    0.19845767410962636412E+00
    0.60420760405505511415E+01   -0.97324072830404328993E+00    0.13046119439076986346E+00
    0.60508638373573582214E+01   -0.98418383892743033226E+00    0.60339512501421978252E-01
    0.60596516341641644132E+01   -0.98600903633415071248E+00   -0.11256533697484564019E-01
    0.60684394309709714932E+01   -0.97868840490131281395E+00   -0.83661917719107761759E-01
    0.60772272277777785732E+01   -0.96227732184498937507E+00   -0.15620370313717482635E+00
    0.60860150245845856531E+01   -0.93691314318551233153E+00   -0.22820733721499614211E+00
    0.60948028213913918449E+01   -0.90281307390695186843E+00   -0.29900284825377271281E+00
    0.61035906181981989249E+01   -0.86027129514352906892E+00   -0.36793094897498040963E+00
    0.61123784150050060049E+01   -0.80965564178971560771E+00   -0.43434899735686022249E+00
    0.61211662118118121967E+01   -0.75140346237548660824E+00   -0.49763665777651749922E+00
    0.61299540086186192767E+01   -0.68601710431859275197E+00   -0.55720139506740773427E+00
    0.61387418054254263566E+01   -0.61405885160054163308E+00   -0.61248358257369250879E+00
    0.61475296022322325484E+01   -0.53614537104677206791E+00   -0.66296125554648732692E+00
    0.61563173990390396284E+01   -0.45294190352618457496E+00   -0.70815456670018672725E+00
    0.61651051958458467084E+01   -0.36515601373016209896E+00   -0.74762966509535555559E+00
    0.61738929926526529002E+01   -0.27353115395357002759E+00   -0.78100228337168220438E+00
    0.61826807894594599802E+01   -0.17884002617795766166E+00   -0.80794076200539388655E+00
    0.61914685862662670601E+01   -0.81877768833061984055E-01   -0.82816856462965959818E+00
    0.62002563830730741401E+01    0.16544889903093301653E-01   -0.84146641913174680116E+00
    0.62090441798798803319E+01    0.11560850600778173336E+00   -0.84767375693389179769E+00
    0.62178319766866874119E+01    0.21449177987192930006E+00   -0.84668981161569611960E+00
    0.62266197734934944918E+01    0.31237827655003930216E+00   -0.83847411242544145349E+00
    0.62354075703003006836E+01    0.40846301533697387809E+00   -0.82304643764805229811E+00
    0.62441953671071077636E+01    0.50195889252632164279E+00   -0.80048640175865581892E+00
    0.62529831639139148436E+01    0.59210276775269210514E+00   -0.77093237198710962144E+00
    0.62617709607207210354E+01    0.67816136753729683306E+00   -0.73458006994313862492E+00
    0.62705587575275281154E+01    0.75943677771699269474E+00   -0.69168065148442736678E+00
    0.62793465543343351953E+01    0.83527156761602594504E+00   -0.64253832661036092144E+00
    0.62881343511411413871E+01    0.90505360414186597495E+00   -0.58750769284942228055E+00
    0.62969221479479484671E+01    0.96822027862647874752E+00   -0.52699055748602940952E+00
    0.63057099447547555471E+01    0.10242624398738304770E+01   -0.46143252935281731109E+00
    0.63144977415615626271E+01    0.10727277564881119165E+01   -0.39131926453989684944E+00
    0.63232855383683688189E+01    0.11132235756861315057E+01   -0.31717241152052677577E+00
    0.63320733351751758988E+01    0.11454194042281498067E+01   -0.23954539617431261367E+00
    0.63408611319819829788E+01    0.11690486931360581924E+01   -0.15901893429405941638E+00
    0.63496489287887891706E+01    0.11839102870845783499E+01   -0.76196432041300013460E-01
    0.63584367255955962506E+01    0.11898692675391164819E+01    0.83007377012554086487E-02
    0.63672245224024033305E+01    0.11868572675309785325E+01    0.93838063127179641154E-01
    0.63760123192092095223E+01    0.11748724172881099825E+01    0.17977273844074168063E+00
    0.63848001160160166023E+01    0.11539786238863671830E+01    0.26545851963397265605E+00
    0.63935879128228236823E+01    0.11243045397535602614E+01    0.35025056727568448789E+00
    0.64023757096296298741E+01    0.10860420009812721265E+01    0.43351019265358065047E+00
    0.64111635064364369541E+01    0.10394440090531251730E+01    0.51460951659107023737E+00
    0.64199513032432440340E+01    0.98482241569087791699E+00    0.59293601441123566786E+00
    0.64287391000500511140E+01    0.92254508370578136578E+00    0.66789683827598067545E+00
    0.64375268968568573058E+01    0.85303281164386979274E+00    0.73892301871032795013E+00
    0.64463146936636643858E+01    0.77675588568584197358E+00    0.80547338972270388080E+00
    0.64551024904704714658E+01    0.69423031489316400222E+00    0.86703827395449362125E+00
    0.64638902872772776576E+01    0.60601388337814510177E+00    0.92314295684738745251E+00
    0.64726780840840847375E+01    0.51270189006964794753E+00    0.97335077056160901332E+00
    0.64814658808908918175E+01    0.41492275686304369575E+00    0.10172659831710615386E+01
    0.64902536776976980093E+01    0.31333346380947024734E+00    0.10545362987881941041E+01
    0.64990414745045050893E+01    0.20861484074734465421E+00    0.10848550249826669489E+01
    0.65078292713113121692E+01    0.10146680587356844694E+00    0.11079629783809461507E+01
    0.65166170681181183610E+01   -0.73964733643109310118E-02    0.11236499179596981524E+01
    0.65254048649249254410E+01   -0.11725143905505655550E+00    0.11317557514949567743E+01
    0.65341926617317325210E+01   -0.22736997186248078529E+00    0.11321713175610412794E+01
    0.65429804585385396010E+01   -0.33702419143420958569E+00    0.11248388089424155023E+01
    0.65517682553453457928E+01   -0.44549118734536125030E+00    0.11097519321146924742E+01
    0.65605560521521528727E+01   -0.55205761181927492931E+00    0.10869555995315736130E+01
    0.65693438489589599527E+01   -0.65602419227902308840E+00    0.10565454040250361611E+01
    0.65781316457657661445E+01   -0.75671004158396704131E+00    0.10186667059821679082E+01
    0.65869194425725732245E+01   -0.85345679594245227317E+00    0.97351339717563678544E+00
    0.65957072393793803045E+01   -0.94563258672060246379E+00    0.92132644101313954099E+00
    0.66044950361861864963E+01   -0.10326357082387753739E+01    0.86239202435610551323E+00
    0.66132828329929935762E+01   -0.11138981315153881901E+01    0.79703953390977222426E+00
    0.66220706297998006562E+01   -0.11888886956751791857E+01    0.72563923908196470425E+00
    0.66308584266066068480E+01   -0.12571160296228069964E+01    0.64859973282083416279E+00
    0.66396462234134139280E+01   -0.13181312478910329755E+01    0.56636521936819295142E+00
    0.66484340202202210079E+01   -0.13715302443040209290E+01    0.47941254255567922193E+00
    0.66572218170270280879E+01   -0.14169557907838952193E+01    0.38824810281537447398E+00
    0.66660096138338342797E+01   -0.14540992564027717115E+01    0.29340460807968254953E+00
    0.66747974106406413597E+01   -0.14827020125852952148E+01    0.19543769013295050896E+00
    0.66835852074474484397E+01   -0.15025565929175339619E+01    0.94922453378911836319E-01
    0.66923730042542546315E+01   -0.15135074237652121898E+01   -0.75500840991361345064E-02
    0.67011608010610617114E+01   -0.15154513528534663269E+01   -0.11137658811550035787E+00
    0.67099485978678687914E+01   -0.15083378017450421726E+01   -0.21594503504676076933E+00
    0.67187363946746749832E+01   -0.14921686109698644174E+01   -0.32063835980097371570E+00
    0.67275241914814820632E+01   -0.14669976568254585736E+01   -0.42483808568612807521E+00
    0.67363119882882891432E+01   -0.14329300750908928741E+01   -0.52792791335555511179E+00
    0.67450997850950962231E+01   -0.13901213044283404763E+01   -0.62929727924077594192E+00
    0.67538875819019024149E+01   -0.13387758079297309433E+01   -0.72834481760356351021E+00
    0.67626753787087094949E+01   -0.12791455346032596374E+01   -0.82448174214505032253E+00
    0.67714631755155165749E+01   -0.12115281979575529547E+01   -0.91713513573386806765E+00
    0.67802509723223227667E+01   -0.11362652449296470891E+01   -0.10057510740686801398E+01
    0.67890387691291298466E+01   -0.10537396871264934628E+01   -0.10897976622623524179E+01
    0.67978265659359369266E+01   -0.96437369936081929200E+00   -0.11687678764809619203E+01
    0.68066143627427431184E+01   -0.86862603253090098221E+00   -0.12421822468997407718E+01
    0.68154021595495501984E+01   -0.76698930678752152978E+00   -0.13095913949527371312E+01
    0.68241899563563572784E+01   -0.65998710666670068470E+00   -0.13705783157476061351E+01
    0.68329777531631634702E+01   -0.54817099284713222129E+00   -0.14247605348527969671E+01
    0.68417655499699705501E+01   -0.43211738810298805369E+00   -0.14717920070437606750E+01
    0.68505533467767776301E+01   -0.31242436475506935034E+00   -0.15113648078317132306E+01
    0.68593411435835847101E+01   -0.18970838264113284999E+00   -0.15432106491866790510E+01
    0.68681289403903909019E+01   -0.64600950186214270432E-01   -0.15671020933459709479E+01
    0.68769167371971979819E+01    0.62254740590547398560E-01   -0.15828536223659661619E+01
    0.68857045340040050618E+01    0.19020719583092821070E+00   -0.15903224243211386835E+01
    0.68944923308108112536E+01    0.31860001284918987308E+00   -0.15894089545130094532E+01
    0.69032801276176183336E+01    0.44677525454994498899E+00   -0.15800573146337539843E+01
    0.69120679244244254136E+01    0.57407678562859121296E+00   -0.15622553237506429102E+01
    0.69208557212312316054E+01    0.69985358154674925935E+00   -0.15360344454411165582E+01
    0.69296435180380386853E+01    0.82346295541851566302E+00   -0.15014694415671590022E+01
    0.69384313148448457653E+01    0.94427371848211583139E+00   -0.14586778113118552547E+01
    0.69472191116516519571E+01    0.10616692629388790881E+01   -0.14078190632974025842E+01
    0.69560069084584590371E+01    0.11750505086718430192E+01   -0.13490937089090162537E+01
    0.69647947052652661171E+01    0.12838387783953739696E+01   -0.12827421284773534715E+01
    0.69735825020720731970E+01    0.13874785105207652069E+01   -0.12090432038528089453E+01
    0.69823702988788793888E+01    0.14854398438511118297E+01   -0.11283127694937700181E+01
    0.69911580956856864688E+01    0.15772210791066367808E+01   -0.10409019291032526322E+01
    0.69999458924924935488E+01    0.16623509305532906399E+01   -0.94719515100317586143E+00
    0.70087336892992997406E+01    0.17403906735933811767E+01   -0.84760826566563118867E+00
    0.70175214861061068206E+01    0.18109360734763162437E+01   -0.74258629198125380988E+00
    0.70263092829129139005E+01    0.18736191434192952521E+01   -0.63260113217747337977E+00
    0.70350970797197200923E+01    0.19281097499738313328E+01   -0.51814917733739729311E+00
    0.70438848765265271723E+01    0.19741169622905179182E+01   -0.39974876887387367219E+00
    0.70526726733333342523E+01    0.20113902781160160060E+01   -0.27793759998226535979E+00
    0.70614604701401404441E+01    0.20397206001577834478E+01   -0.15327002301004616358E+00
    0.70702482669469475240E+01    0.20589410200263946749E+01   -0.26314286119402931219E-01
    0.70790360637537546040E+01    0.20689274367640351215E+01    0.10235026683179254681E+00
    0.70878238605605616840E+01    0.20695989016081179912E+01    0.23213605221477018326E+00
    0.70966116573673678758E+01    0.20609178337784026525E+01    0.36245012034236151477E+00
    0.71053994541741749558E+01    0.20428899821409349791E+01    0.49269703911602652502E+00
    0.71141872509809820357E+01    0.20155641930272580886E+01    0.62228178349359253296E+00
    0.71229750477877882275E+01    0.19790320168751207586E+01    0.75061260664391604713E+00
    0.71317628445945953075E+01    0.19334270513118121393E+01    0.87710387620133634101E+00
    0.71405506414014023875E+01    0.18789241626246291350E+01    0.10011788857074692682E+01
    0.71493384382082085793E+01    0.18157384739811108787E+01    0.11222725927332457552E+01
    0.71581262350150156593E+01    0.17441241776226499294E+01    0.12398342997656153219E+01
    0.71669140318218227392E+01    0.16643732062028187002E+01    0.13533302643248878994E+01
    0.71757018286286289310E+01    0.15768136767322495917E+01    0.14622461893925295939E+01
    0.71844896254354360110E+01    0.14818082323137640177E+01    0.15660896500142602594E+01
    0.71932774222422430910E+01    0.13797521947773159212E+01    0.16643923720222504326E+01
    0.72020652190490501710E+01    0.12710715763090205677E+01    0.17567123981352870121E+01
    0.72108530158558563627E+01    0.11562209849974609543E+01    0.18426361385689893346E+01
    0.72196408126626634427E+01    0.10356813618767184426E+01    0.19217802312121667896E+01
    0.72284286094694705227E+01    0.90995764552265812064E+00    0.19937933063652470977E+01
    0.72372164062762767145E+01    0.77957631147617290068E+00    0.20583575452925546578E+01
    0.72460042030830837945E+01    0.64508281983677784321E+00    0.21151900839104560426E+01
    0.72547919998898908744E+01    0.50703900326793427400E+00    0.21640442688502199431E+01
    0.72635797966966970662E+01    0.36602036318334296716E+00    0.22047106738780928303E+01
    0.72723675935035041462E+01    0.22261333109176595357E+00    0.22370180001223851640E+01
    0.72811553903103112262E+01    0.77412483151446484508E-01    0.22608337348814759871E+01
    0.72899431871171174180E+01   -0.68982278092894255828E-01    0.22760646312094992005E+01
    0.72987309839239244980E+01   -0.21596854739198936834E+00    0.22826570244985169289E+01
    0.73075187807307315779E+01   -0.36294424474451097984E+00    0.22805968879059128618E+01
    0.73163065775375386579E+01   -0.50931043623542648913E+00    0.22699097644382240091E+01
    0.73250943743443448497E+01   -0.65447411625140972102E+00    0.22506604506908418628E+01
    0.73338821711511519297E+01   -0.79785095940553618643E+00    0.22229524982957435952E+01
    0.73426699679579590097E+01   -0.93886802149094739089E+00    0.21869275565947283724E+01
    0.73514577647647652014E+01   -0.10769663552701151943E+01    0.21427644641824721283E+01
    0.73602455615715722814E+01   -0.12116035772880588972E+01    0.20906782250992321792E+01
    0.73690333583783793614E+01   -0.13422563129832001394E+01    0.20309187606353087396E+01
    0.73778211551851855532E+01   -0.14684225512805353375E+01    0.19637694983917179936E+01
    0.73866089519919926332E+01   -0.15896238962072375411E+01    0.18895458272101761654E+01
    0.73953967487987997131E+01   -0.17054076525336625547E+01    0.18085933429948772844E+01
    0.74041845456056067931E+01   -0.18153488257576468889E+01    0.17212860021508291641E+01
    0.74129723424124129849E+01   -0.19190519301584640921E+01    0.16280241043425105474E+01
    0.74217601392192200649E+01   -0.20161526565668990152E+01    0.15292321532563351028E+01
    0.74305479360260271449E+01   -0.21063193966105822064E+01    0.14253566264389905260E+01
    0.74393357328328333367E+01   -0.21892545397062210810E+01    0.13168636062937255637E+01
    0.74481235296396404166E+01   -0.22646956580201029752E+01    0.12042363544029277556E+01
    0.74569113264464474966E+01   -0.23324164524147974475E+01    0.10879727931788980566E+01
    0.74656991232532536884E+01   -0.23922275259584524498E+01    0.96858292296111814235E+00
    0.74744869200600607684E+01   -0.24439769912720166190E+01    0.84658620512797377877E+00
    0.74832747168668678484E+01   -0.24875508184202219653E+01    0.72250889658295902596E+00
    0.74920625136736740401E+01   -0.25228730590018368929E+01    0.59688137165908961013E+00
    0.75008503104804811201E+01   -0.25499058155346201460E+01    0.47023544392718941154E+00
    0.75096381072872882001E+01   -0.25686490292919477163E+01    0.34310169016908403927E+00
    0.75184259040940952801E+01   -0.25791401018184503258E+01    0.21600680351096185339E+00
    0.75272137009009014719E+01   -0.25814532601479251994E+01    0.89470995903449881959E-01
    0.75360014977077085518E+01   -0.25756988035976320361E+01   -0.35994565621996203741E-01
    0.75447892945145156318E+01   -0.25620221157696061454E+01   -0.15989022876045258514E+00
    0.75535770913213218236E+01   -0.25406025113015431316E+01   -0.28173025714785565610E+00
    0.75623648881281289036E+01   -0.25116519400796475381E+01   -0.40104514240200450637E+00
    0.75711526849349359836E+01   -0.24754134749560727791E+01   -0.51738377564965498667E+00
    0.75799404817417421754E+01   -0.24321597035906834527E+01   -0.63031554369072184674E+00
    0.75887282785485492553E+01   -0.23821909398160023841E+01   -0.73943225029852122088E+00
    0.75975160753553563353E+01   -0.23258333099096599739E+01   -0.84434991304115558641E+00
    0.76063038721621625271E+01   -0.22634367415682019598E+01   -0.94471042374524805130E+00
    0.76150916689689696071E+01   -0.21953728080182219884E+01   -0.10401829986781567783E+01
    0.76238794657757766871E+01   -0.21220325130696244820E+01   -0.11304655233375080492E+01
    0.76326672625825837670E+01   -0.20438239771983734983E+01   -0.12152856680377674969E+01
    0.76414550593893899588E+01   -0.19611700568430852076E+01   -0.12944018428066985660E+01
    0.76502428561961970388E+01   -0.18745059266124155517E+01   -0.13676039897652800814E+01
    0.76590306530030041188E+01   -0.17842766093773432257E+01   -0.14347141286562925533E+01
    0.76678184498098103106E+01   -0.16909344927709535344E+01   -0.14955867836987679631E+01
    0.76766062466166173905E+01   -0.15949368428353092320E+01   -0.15501091631680521399E+01
    0.76853940434234244705E+01   -0.14967433180999538678E+01   -0.15982011679057135378E+01
    0.76941818402302306623E+01   -0.13968135120954370265E+01   -0.16398152370946204037E+01
    0.77029696370370377423E+01   -0.12956045425139852689E+01   -0.16749359502443685876E+01
    0.77117574338438448223E+01   -0.11935686733794130809E+01   -0.17035795163818918674E+01
    0.77205452306506510141E+01   -0.10911510290725903172E+01   -0.17257930377035715086E+01
    0.77293330274574580940E+01   -0.98878737364415569822E+00   -0.17416536193111413766E+01
    0.77381208242642651740E+01   -0.88690197824711292096E+00   -0.17512673422886329000E+01
    0.77469086210710722540E+01   -0.78590562320743329039E+00   -0.17547680350777186131E+01
    0.77556964178778784458E+01   -0.68619367282278709297E+00   -0.17523159560378136490E+01
    0.77644842146846855258E+01   -0.58814431888552476391E+00   -0.17440963082014226959E+01
    0.77732720114914926057E+01   -0.49211694084115342740E+00   -0.17303176414168794928E+01
    0.77820598082982987975E+01   -0.39845059742240113154E+00   -0.17112101655748566120E+01
    0.77908476051051058775E+01   -0.30746271494935745183E+00   -0.16870239352905476160E+01
    0.77996354019119129575E+01   -0.21944787428899961701E+00   -0.16580269833274405844E+01
    0.78084231987187191493E+01   -0.13467681215995674915E+00   -0.16245033691587418279E+01
    0.78172109955255262292E+01   -0.53395568223512365758E-01   -0.15867511723705101101E+01
    0.78259987923323333092E+01    0.24175216890223508864E-01   -0.15450804576196122131E+01
    0.78347865891391395010E+01    0.97840781173596347298E-01   -0.14998112012712931929E+01
    0.78435743859459465810E+01    0.16743261431555858665E+00   -0.14512712107348408885E+01
    0.78523621827527536610E+01    0.23280860946160403246E+00   -0.13997940513547049157E+01
    0.78611499795595607409E+01    0.29385306656544918358E+00   -0.13457169807121469596E+01
    0.78699377763663669327E+01    0.35047655213658718276E+00   -0.12893789162010356186E+01
    0.78787255731731740127E+01    0.40261555035936197333E+00   -0.12311184543757849319E+01
    0.78875133699799810927E+01    0.45023201859344086362E+00   -0.11712719249794072418E+01
    0.78963011667867872845E+01    0.49331275292304671565E+00   -0.11101715369264240074E+01
    0.79050889635935943645E+01    0.53186862821675462421E+00   -0.10481435875764337773E+01
    0.79138767604004014444E+01    0.56593372618393478213E+00   -0.98550675667377118927E+00
    0.79226645572072076362E+01    0.59556430323982723074E+00   -0.92257052531882621782E+00
    0.79314523540140147162E+01    0.62083768930320593071E+00   -0.85963366188258194533E+00
    0.79402401508208217962E+01    0.64185105828844224440E+00   -0.79698286087115532972E+00
    0.79490279476276279880E+01    0.65872011549657927265E+00   -0.73489148429820161379E+00
    0.79578157444344350679E+01    0.67157772147123984130E+00   -0.67361841964038837727E+00
    0.79666035412412421479E+01    0.68057242716865529175E+00   -0.61340710664356334902E+00
    0.79753913380480492279E+01    0.68586697609591806835E+00   -0.55448464818565434964E+00
    0.79841791348548554197E+01    0.68763675616322594841E+00   -0.49706110176575996062E+00
    0.79929669316616624997E+01    0.68606822059498995259E+00   -0.44132889004758923956E+00
    0.80017547284684695796E+01    0.68135730007649042417E+00   -0.38746233573607763434E+00
    0.80105425252752748833E+01    0.67370780510154504306E+00   -0.33561737388030188356E+00
    0.80193303220820819632E+01    0.66332983303085535365E+00   -0.28593134822501420356E+00
    0.80281181188888890432E+01    0.65043820274965902239E+00   -0.23852298013108805264E+00
    0.80369059156956961232E+01    0.63525090928519523104E+00   -0.19349244953321961815E+00
    0.80456937125025032032E+01    0.61798761949063407695E+00   -0.15092158449305775880E+00
    0.80544815093093102831E+01    0.59886822813584750236E+00   -0.11087420350794674473E+00
    0.80632693061161173631E+01    0.57811145060513124960E+00   -0.73396526519067056826E-01
    0.80720571029229226667E+01    0.55593350572103250595E+00   -0.38517720008103648044E-01
    0.80808448997297297467E+01    0.53254685838245385820E+00   -0.62505276868560352352E-02
    0.80896326965365368267E+01    0.50815903883647361994E+00    0.23408023826444520482E-01
    0.80984204933433439066E+01    0.48297157110044103279E+00    0.50475815656501270279E-01
    0.81072082901501509866E+01    0.45717895841300210114E+00    0.74984784429004261441E-01
    0.81159960869569580666E+01    0.43096779541361651678E+00    0.96979993533745784129E-01
    0.81247838837637633702E+01    0.40451596251664712067E+00    0.11651865683647084915E+00
    0.81335716805705704502E+01    0.37799191285938049667E+00    0.13366912994715682284E+00
    0.81423594773773775302E+01    0.35155408888012706914E+00    0.14850985818568843144E+00
    0.81511472741841846101E+01    0.32535040232513134928E+00    0.16112831131013866104E+00
    0.81599350709909916901E+01    0.29951784783622031894E+00    0.17161990424912168529E+00
    0.81687228677977987701E+01    0.27418220174469132289E+00    0.18008691054474590398E+00
    0.81775106646046058501E+01    0.24945780925113689164E+00    0.18663738494848028382E+00
    0.81862984614114111537E+01    0.22544749360269808469E+00    0.19138410044581216640E+00
    0.81950862582182182337E+01    0.20224252190157288034E+00    0.19444349891334034020E+00
    0.82038740550250253136E+01    0.17992268474994507765E+00    0.19593468168463729073E+00
    0.82126618518318323936E+01    0.15855644732851545409E+00    0.19597842673662757562E+00
    0.82214496486386394736E+01    0.13820116853646385868E+00    0.19469624727603973557E+00
    0.82302374454454465535E+01    0.11890341267110443590E+00    0.19220950845619552694E+00
    0.82390252422522518572E+01    0.10069930136213088578E+00    0.18863857673104328372E+00
    0.82478130390590589371E+01    0.83614941577792270544E-01    0.18410204474754163217E+00
    0.82566008358658660171E+01    0.67666900389548423345E-01    0.17871600456544539659E+00
    0.82653886326726730971E+01    0.52862718338472371171E-01    0.17259338007324559472E+00
    0.82741764294794801771E+01    0.39201474190672089271E-01    0.16584334071953313328E+00
    0.82829642262862872570E+01    0.26674369177080426568E-01    0.15857075649645210880E+00
    0.82917520230930943370E+01    0.15265342758644082771E-01    0.15087574176025000949E+00
    0.83005398198998996406E+01    0.49517068800851828450E-02    0.14285325475262142247E+00
    0.83093276167067067206E+01   -0.42952118486616610790E-02    0.13459275863867403711E+00
    0.83181154135135138006E+01   -0.12509420438177340160E-01    0.12617796576913192785E+00
    0.83269032103203208806E+01   -0.19729608211479277707E-01    0.11768662167825420795E+00
    0.83356910071271279605E+01   -0.25998504507193851559E-01    0.10919037058639896598E+00
    0.83444788039339350405E+01   -0.31362243009441126418E-01    0.10075467114306546623E+00
    0.83532666007407403441E+01   -0.35869743257346022036E-01    0.92438763210832219919E-01
    0.83620543975475474241E+01   -0.39572116129374883264E-01    0.84295702715993292564E-01
    0.83708421943543545041E+01   -0.42522084677417276710E-01    0.76372427108465548717E-01
    0.83796299911611615840E+01   -0.44773442700158309904E-01    0.68709880444172685698E-01
    0.83884177879679686640E+01   -0.46380537248746571410E-01    0.61343174533985952990E-01
    0.83972055847747757440E+01   -0.47397783677003937908E-01    0.54301782957527085227E-01
    0.84059933815815828240E+01   -0.47879224560877051142E-01    0.47609778168293211131E-01
    0.84147811783883881276E+01   -0.47878111880311692572E-01    0.41286086225455577436E-01
    0.84235689751951952076E+01   -0.47446540415741159102E-01    0.35344772883740258052E-01
    0.84323567720020022875E+01   -0.46635112742196650759E-01    0.29795348084984994014E-01
    0.84411445688088093675E+01   -0.45492641363753999473E-01    0.24643083240971669357E-01
    0.84499323656156164475E+01   -0.44065900065512288164E-01    0.19889344716113512013E-01
    0.84587201624224235275E+01   -0.42399399430818163204E-01    0.15531931911450464270E-01
    0.84675079592292288311E+01   -0.40535212685441530944E-01    0.11565419871746794936E-01
    0.84762957560360359111E+01   -0.38512832013609027415E-01    0.79815039396602914523E-02
    0.84850835528428429910E+01   -0.36369057576530389175E-01    0.47693401495494521999E-02
    0.84938713496496500710E+01   -0.34137929248517988323E-01    0.19158794659358013325E-02
    0.85026591464564571510E+01   -0.31850678079217889516E-01   -0.59380353717517549584E-03
    0.85114469432632642309E+01   -0.29535716891778307502E-01   -0.27761972976475448455E-02
    0.85202347400700713109E+01   -0.27218654142764045489E-01   -0.46490496053755263339E-02
    0.85290225368768766145E+01   -0.24922330465005353151E-01   -0.62310792385558977369E-02
    0.85378103336836836945E+01   -0.22666884391169768442E-01   -0.75417078529580860308E-02
    0.85465981304904907745E+01   -0.20469830534683309403E-01   -0.86008032472014959990E-02
    0.85553859272972978545E+01   -0.18346160874875352964E-01   -0.94284482761313008481E-02
    0.85641737241041049344E+01   -0.16308459437379636825E-01   -0.10044725358741176530E-01
    0.85729615209109120144E+01   -0.14367027941298012722E-01   -0.10469520536155924734E-01
    0.85817493177177173180E+01   -0.12530025235893135077E-01   -0.10722352896255456234E-01
    0.85905371145245243980E+01   -0.10803611604379641242E-01   -0.10822216819477514446E-01
    0.85993249113313314780E+01   -0.91921004239848037864E-02   -0.10787451241879445277E-01
    0.86081127081381385580E+01   -0.76981137881617046556E-02   -0.10635624989537757062E-01
    0.86169005049449456379E+01   -0.63227388952140257949E-02   -0.10383440227949162007E-01
    0.86256883017517527179E+01   -0.50656851112414261196E-02   -0.10046659069310752768E-01
    0.86344760985585597979E+01   -0.39254398486838100457E-02   -0.96400411204511093910E-02
    0.86432638953653651015E+01   -0.28994198956441585326E-02   -0.91773029811677390988E-02
    0.86520516921721721815E+01   -0.19841197588278945176E-02   -0.86710905530131554553E-02
    0.86608394889789792614E+01   -0.11752539797867914313E-02   -0.81329645052031097202E-02
    0.86696272857857863414E+01   -0.46789159463093889929E-03   -0.75734023170517519516E-02
    0.86784150825925934214E+01    0.14341419192329015993E-03   -0.70018076017142188983E-02
    0.86872028793994005014E+01    0.66450743243171559761E-03   -0.64265332243411948249E-02
    0.86959906762062058050E+01    0.11015175287097437283E-02   -0.58549122891814187053E-02
    0.87047784730130128850E+01    0.14607562812826938720E-02   -0.52932961689854639287E-02
    0.87135662698198199649E+01    0.17486263161847967473E-02   -0.47471012429311882849E-02
    0.87223540666266270449E+01    0.19715354428116722667E-02   -0.42208589710025839689E-02
    0.87311418634334341249E+01    0.21358236248623352870E-02   -0.37182715500583994259E-02
    0.87399296602402412049E+01    0.22476973248526854396E-02   -0.32422706074755679000E-02
    0.87487174570470482848E+01    0.23131725405271998802E-02   -0.27950775460105332058E-02
    0.87575052538538535885E+01    0.23380287088546249791E-02   -0.23782658085222709021E-02
    0.87662930506606606684E+01    0.23277678486483513627E-02   -0.19928233095252178599E-02
    0.87750808474674677484E+01    0.22875842768430615544E-02   -0.16392141922958655947E-02
    0.87838686442742748284E+01    0.22223403808463975534E-02   -0.13174400382772264578E-02
    0.87926564410810819084E+01    0.21365488723939581213E-02   -0.10270991089908049470E-02
    0.88014442378878889883E+01    0.20343630294478347656E-02   -0.76744305096484229534E-03
    0.88102320346946942919E+01    0.19195705173074971862E-02   -0.53743185931474078167E-03
    0.88190198315015013719E+01    0.17955940583705043596E-02   -0.33578465986632027212E-03
    0.88278076283083084519E+01    0.16654959374796586991E-02   -0.16102800397263517234E-03
    0.88365954251151155319E+01    0.15319861366789528159E-02   -0.11540562302154611394E-04
    0.88453832219219226118E+01    0.13974348680083625851E-02    0.11440665769892502759E-03
    0.88541710187287296918E+01    0.12638868594452004265E-02    0.21861250434609377823E-03
    0.88629588155355367718E+01    0.11330786887972183006E-02    0.30291303233293264156E-03
    0.88717466123423420754E+01    0.10064577593537355881E-02    0.36915181731576136512E-03
    0.88805344091491491554E+01    0.88520239217158250711E-03    0.41915390757030614264E-03
    0.88893222059559562354E+01    0.77024322155411499742E-03    0.45470422076502112077E-03
    0.88981100027627633153E+01    0.66228488663218094013E-03    0.47752812067370259711E-03
    0.89068977995695703953E+01    0.56182789880553150701E-03    0.48927640059001728957E-03
    0.89156855963763774753E+01    0.46919053709629584973E-03    0.49151274248116416307E-03
    0.89244733931831827789E+01    0.38453019277663905932E-03    0.48570391257448395153E-03
    0.89332611899899898589E+01    0.30786400710280437988E-03    0.47321325308448321809E-03
    0.89420489867967969388E+01    0.23908893888482777874E-03    0.45529567018639209705E-03
    0.89508367836036040188E+01    0.17800041353342526632E-03    0.43309549118017328902E-03
    0.89596245804104110988E+01    0.12431013490179921156E-03    0.40764589676626442755E-03
    0.89684123772172181788E+01    0.77662595630267807628E-04    0.37986989706402084915E-03
    0.89772001740240252587E+01    0.37650005106555769693E-04    0.35058313716189421589E-03
    0.89859879708308305624E+01    0.38263400844169640749E-05    0.32049744486261055312E-03
    0.89947757676376376423E+01   -0.24280485912501883550E-04    0.29022568504646586345E-03
    0.90035635644444447223E+01   -0.47157515353813778082E-04    0.26028730518294716095E-03
    0.90123513612512518023E+01   -0.65296986043243102245E-04    0.23111439200799673878E-03
    0.90211391580580588823E+01   -0.79188178135245921793E-04    0.20305831541159738646E-03
    0.90299269548648659622E+01   -0.89310059603423281737E-04    0.17639652735415702967E-03
    0.90387147516716712659E+01   -0.96125540586051947951E-04    0.15133951680731220503E-03
    0.90475025484784783458E+01   -0.10007661366679796876E-03    0.12803782291875362843E-03
    0.90562903452852854258E+01   -0.10158049599357786054E-03    0.10658889607331727557E-03
    0.90650781420920925058E+01   -0.10102694992777670247E-03    0.87043764822160763113E-04
    0.90738659388988995858E+01   -0.98776141868652287499E-04    0.69413521690919678837E-04
    0.90826537357057066657E+01   -0.95157528550943718719E-04    0.53675350414718065589E-04
    0.90914415325125137457E+01   -0.90469295365298344988E-04    0.39778285348403615181E-04
    0.91002293293193190493E+01   -0.84978345743480664565E-04    0.27648533999850357387E-04
    0.91090171261261261293E+01   -0.78920928371099379741E-04    0.17194280711931769144E-04
    0.91178049229329332093E+01   -0.72503523297920682215E-04    0.83101972155756048682E-05
    0.91265927197397402892E+01   -0.65904182173220367908E-04    0.88132807370594797878E-06
    0.91353805165465473692E+01   -0.59274103097815402448E-04   -0.52133702016412646470E-05
    0.91441683133533544492E+01   -0.52739381585830923918E-04   -0.10097938179895948278E-04
    0.91529561101601597528E+01   -0.46402959222081065205E-04   -0.13896844801685965260E-04
    0.91617439069669668328E+01   -0.40346623640080809777E-04   -0.16732679456670287581E-04
    0.91705317037737739128E+01   -0.34633060276519715671E-04   -0.18724365032539543925E-04
    0.91793195005805809927E+01   -0.29307922478791212438E-04   -0.19985651786906337267E-04
    0.91881072973873880727E+01   -0.24401850368865505517E-04   -0.20623932512537029269E-04
    0.91968950941941951527E+01   -0.19932426121208663328E-04   -0.20739426535594447957E-04
    0.92056828910010004563E+01   -0.15906069537689015547E-04   -0.20424531696566775642E-04
    0.92144706878078075363E+01   -0.12319785516908602667E-04   -0.19763493567207710927E-04
    0.92232584846146146162E+01   -0.91628266360270747983E-05   -0.18832241132636876876E-04
    0.92320462814214216962E+01   -0.64182163632999809309E-05   -0.17698388793957483644E-04
    0.92408340782282287762E+01   -0.40641108725143991126E-05   -0.16421426138535375399E-04
    0.92496218750350358562E+01   -0.20750695719042751072E-05   -0.15052982551783252677E-04
    0.92584096718418411598E+01   -0.42313376802965522020E-06   -0.13637220680165920318E-04
    0.92671974686486482398E+01    0.92119872912659130939E-06   -0.12211294496770127251E-04
    0.92759852654554553197E+01    0.19881343005215558620E-05   -0.10805853288875786453E-04
    0.92847730622622623997E+01    0.28078979864886557857E-05   -0.94455956928128465645E-05
    0.92935608590690694797E+01    0.34101244046628411660E-05   -0.81498342890010728350E-05
    0.93023486558758765597E+01    0.38233991763714740016E-05   -0.69330665047894154306E-05
    0.93111364526826818633E+01    0.40748796242597921350E-05   -0.58055459168354284411E-05
    0.93199242494894889433E+01    0.41900060123846223178E-05   -0.47738327497073301475E-05
    0.93287120462962960232E+01    0.41923141313840347729E-05   -0.38413197438672754561E-05
    0.93374998431031031032E+01    0.41032934001824931922E-05   -0.30087377411730476585E-05
    0.93462876399099101832E+01    0.39423293778456519474E-05   -0.22746135448527053174E-05
    0.93550754367167172632E+01    0.37266894074101723632E-05   -0.16357011855015678330E-05
    0.93638632335235243431E+01    0.34715504251897548490E-05   -0.10873709771708160778E-05
    0.93726510303303296467E+01    0.31900731282822297849E-05   -0.62395098443208320078E-06
    0.93814388271371367267E+01    0.28934937743182946360E-05   -0.23904204516615102672E-06
    0.93902266239439438067E+01    0.25912451446115951961E-05    0.74221530925617716253E-07
    0.93990144207507508867E+01    0.22910915293453663000E-05    0.32294002354906945026E-06
    0.94078022175575579666E+01    0.19992718888839065691E-05    0.51425332221378388559E-06
    0.94165900143643650466E+01    0.17206515312959030593E-05    0.65518687866024527804E-06
    0.94253778111711703502E+01    0.14588741387834386818E-05    0.75251768621347526665E-06
    0.94341656079779774302E+01    0.12165107780138534840E-05    0.81267887648994894437E-06
    0.94429534047847845102E+01    0.99520655788942205615E-06    0.84168413910535743485E-06
    0.94517412015915915902E+01    0.79581900388854685088E-06    0.84507437956449990545E-06
    0.94605289983983986701E+01    0.61854705145811913232E-06    0.82788862378485741185E-06
    0.94693167952052057501E+01    0.46305340854116456724E-06    0.79464548907564092224E-06
    0.94781045920120128301E+01    0.32857225472163888515E-06    0.74934371543284171236E-06
    0.94868923888188181337E+01    0.21400903861841772213E-06    0.69547213363982335832E-06
    0.94956801856256252137E+01    0.11802841919882342269E-06    0.63602832910327754775E-06
    0.95044679824324322936E+01    0.39129205666641784755E-07    0.57354659168784604119E-06
    0.95132557792392393736E+01   -0.24287698427996452576E-07    0.51012903454018781653E-06
    0.95220435760460464536E+01   -0.73865313168692703326E-07    0.44748149648177990739E-06
    0.95308313728528535336E+01   -0.11124379433586948191E-06    0.38695157187746825906E-06
    0.95396191696596588372E+01   -0.13802264154410014940E-06    0.32956703789752114434E-06
    0.95484069664664659172E+01   -0.15573260705552556343E-06    0.27607458766008523144E-06
    0.95571947632732729971E+01   -0.16581221429852851506E-06    0.22697778676623540145E-06
    0.95659825600800800771E+01   -0.16959292572652522034E-06    0.18257271028538285338E-06
    0.95747703568868871571E+01   -0.16828862185640844456E-06    0.14298221865806468722E-06
    0.95835581536936942371E+01   -0.16298972407792672381E-06    0.10818737515875606168E-06
    0.95923459505005013170E+01   -0.15466224280436195841E-06    0.78055745038895854573E-07
    0.96011337473073066207E+01   -0.14414885263639016851E-06    0.52367743356055047675E-07
    0.96099215441141137006E+01   -0.13217346748124417944E-06    0.30838906810075700897E-07
    0.96187093409209207806E+01   -0.11934747686882291889E-06    0.13140044622333735779E-07
    0.96274971377277278606E+01   -0.10617730210000998286E-06   -0.10855983269781529467E-08
    0.96362849345345349406E+01   -0.93073311631428974622E-07   -0.12208363855209711092E-07
    0.96450727313413420205E+01   -0.80359065371613242028E-07   -0.20599844901527495898E-07
    0.96538605281481491005E+01   -0.68280886306959020453E-07   -0.26623719916913516593E-07
    0.96626483249549544041E+01   -0.57017521819127848092E-07   -0.30628172264349887095E-07
    0.96714361217617614841E+01   -0.46689431606740060189E-07   -0.32940208901472438970E-07
    0.96802239185685685641E+01   -0.37367657617581893532E-07   -0.33861971429037106574E-07
    0.96890117153753756440E+01   -0.29082295305027972802E-07   -0.33667949029127267133E-07
    0.96977995121821827240E+01   -0.21830050552975934121E-07   -0.32603822400761861424E-07
    0.97065873089889898040E+01   -0.15581306102460841470E-07   -0.30886092312397734118E-07
    0.97153751057957951076E+01   -0.10286364804686018613E-07   -0.28702488715465041324E-07
    0.97241629026026021876E+01   -0.58808239134014037064E-08   -0.26213183146590919882E-07
    0.97329506994094092676E+01   -0.22904548904656800956E-08   -0.23552293458893951630E-07
    0.97417384962162163475E+01    0.56489885685510270901E-09   -0.20829850590390772457E-07
    0.97505262930230234275E+01    0.27679178137602795780E-08   -0.18133968302739189019E-07
    0.97593140898298305075E+01    0.44010553184020830329E-08   -0.15533099984476648501E-07
    0.97681018866366375875E+01    0.55444633976518595950E-08   -0.13078376928698825301E-07
    0.97768896834434428911E+01    0.62742480508016183734E-08   -0.10805915279398228495E-07
    0.97856774802502499710E+01    0.66613358674855488659E-08   -0.87390063542027583553E-08
    0.97944652770570570510E+01    0.67706363171816073093E-08   -0.68902347146036838211E-08
    0.98032530738638641310E+01    0.66605377197104450279E-08   -0.52634145554866587357E-08
    0.98120408706706712110E+01    0.63827433089903796220E-08   -0.38553352958733752123E-08
    0.98208286674774782909E+01    0.59822482698398781431E-08   -0.26573809294675988324E-08
    0.98296164642842835946E+01    0.54975573130724515412E-08   -0.16568892938409240400E-08
    0.98384042610910906745E+01    0.49610125547898484810E-08   -0.83837904529381500810E-09
    0.98471920578978977545E+01    0.43992136902316112418E-08   -0.18458089186407666901E-09
    0.98559798547047048345E+01    0.38335296367093561455E-08    0.32273158125310546210E-09
    0.98647676515115119145E+01    0.32806322587902837256E-08    0.70201580479111585197E-09
    0.98735554483183189944E+01    0.27530529433325179413E-08    0.97143226361562027284E-09
    0.98823432451251260744E+01    0.22597452474356957575E-08    0.11484124174680268150E-08
    0.98911310419319313780E+01    0.18066247709656401656E-08    0.12493439097897726625E-08
    0.98999188387387384580E+01    0.13970761172765030582E-08    0.12893689800994598560E-08
    0.99087066355455455380E+01    0.10322089555229548469E-08    0.12821060988431145307E-08
    0.99174944323523526180E+01    0.71047493324626397373E-09    0.12391298948799739096E-08
    0.99262822291591596979E+01    0.42734151289466034112E-09    0.11695185683196360930E-08
    0.99350700259659667779E+01    0.17722273292029846347E-09    0.10805873049348200053E-08
    0.99438578227727720815E+01   -0.42369728065129431812E-10    0.97980290022185600460E-09
    0.99526456195795791615E+01   -0.22841015687947458547E-09    0.87620831725730408947E-09
    0.99614334163863862415E+01   -0.37522767421210518192E-09    0.78015012666477137379E-09
    0.99702212131931933214E+01   -0.47866243956542090761E-09    0.70261839785334761636E-09
    0.99790090100000004014E+01   -0.53447465494742416361E-09    0.65661746226270511646E-09
