    0.11999999999999999556E+01    0.00000000000000000000E+00    0.00000000000000000000E+00
    0.12087877968068068135E+01   -0.10007116559319990074E-09    0.52092606306194354904E-18
    0.12175755936136136715E+01    0.15261968668051590491E-09   -0.76928229440871975945E-18
    0.12263633904204203073E+01    0.14195934890404298975E-09   -0.78047054451076086558E-18
    0.12351511872272271653E+01   -0.32891929402842312094E-09    0.14962745247397497788E-17
    0.12439389840340340232E+01   -0.32077031147134074749E-09    0.13243279461415104292E-17
    0.12527267808408408811E+01    0.61073446232746014870E-09   -0.36760527312892165603E-17
    0.12615145776476475170E+01    0.13960998371394666270E-08   -0.83234524826849666321E-17
    0.12703023744544543749E+01    0.80930198867611868881E-09   -0.61519137549241100335E-17
    0.12790901712612612329E+01   -0.58917603165908300194E-09    0.13130219246931675719E-17
    0.12878779680680680908E+01   -0.86437840859290851335E-09    0.54738665057246842333E-17
    0.12966657648748749487E+01    0.58868214724905137266E-09    0.15774990185663142107E-17
    0.13054535616816815846E+01    0.16584157618742573476E-08   -0.46836190329645661295E-17
    0.13142413584884884425E+01    0.22052340492364789413E-09   -0.48291960796584994704E-17
    0.13230291552952953005E+01   -0.22694136471162687303E-08    0.94497366215873649057E-18
    0.13318169521021021584E+01   -0.19114319221623040505E-08    0.38920079113220206869E-17
    0.13406047489089087943E+01    0.19724439135554238049E-08   -0.18471696854340516248E-17
    0.13493925457157156522E+01    0.42038688831244090898E-08   -0.11535029049820469215E-16
    0.13581803425225225102E+01    0.16227098472049798995E-09   -0.15213043983049324289E-16
    0.13669681393293293681E+01   -0.60231016127118722961E-08   -0.72373896651377377870E-17
    0.13757559361361360040E+01   -0.46806744427072029721E-08    0.98122229229846611523E-17
    0.13845437329429428619E+01    0.54132293730570049956E-08    0.26909947860992709135E-16
    0.13933315297497497198E+01    0.10841634941858548281E-07    0.32557748430393464344E-16
    0.14021193265565565778E+01    0.68536329468749588974E-10    0.20259569083598432174E-16
    0.14109071233633634357E+01   -0.15825675054851197948E-07   -0.39901782424702802756E-17
    0.14196949201701700716E+01   -0.11834183871388821198E-07   -0.23036490822266758817E-16
    0.14284827169769769295E+01    0.14766365539577270733E-07   -0.18413734064831671895E-16
    0.14372705137837837874E+01    0.28883376397120444164E-07    0.18385297306603730214E-16
    0.14460583105905906454E+01    0.12800421392082862831E-08    0.73978929511431525429E-16
    0.14548461073973975033E+01   -0.37069742617014398208E-07    0.10475270129642962436E-15
    0.14636339042042041392E+01   -0.17050710760518446432E-07    0.54138493783574964804E-16
    0.14724217010110109971E+01    0.76064959865882007847E-07   -0.10639798182250697110E-15
    0.14812094978178178550E+01    0.17072956594573060714E-06   -0.34892438221626858148E-15
    0.14899972946246244909E+01    0.24571585069422935492E-06   -0.59843023310695539927E-15
    0.14987850914314313489E+01    0.50910208482504816928E-06   -0.75845555135927667565E-15
    0.15075728882382382068E+01    0.14454341283065106103E-05   -0.75158985539528900719E-15
    0.15163606850450450647E+01    0.37540333137374175731E-05   -0.57212749664228095176E-15
    0.15251484818518519226E+01    0.86781571611184212537E-05   -0.30797282154716132723E-15
    0.15339362786586585585E+01    0.19302392822518344833E-04   -0.85379718180782568769E-16
    0.15427240754654654165E+01    0.42443658675408967842E-04    0.92095143165370459830E-17
    0.15515118722722722744E+01    0.92105068413971848129E-04   -0.27768486138857079656E-16
    0.15602996690790791323E+01    0.19456930101105076127E-03   -0.10913333311834427134E-15
    0.15690874658858859902E+01    0.39809894746294858777E-03   -0.88544150207256757376E-16
    0.15778752626926926261E+01    0.79304350229742392661E-03    0.12554981031285419711E-15
    0.15866630594994994841E+01    0.15384080399771004125E-02    0.45235532263590877522E-15
    0.15954508563063063420E+01    0.29058031329329777649E-02    0.69113087593696765799E-15
    0.16042386531131129779E+01    0.53400544997189609842E-02    0.72691903314490884091E-15
    0.16130264499199198358E+01    0.95377215002626740403E-02    0.64685208232810195206E-15
    0.16218142467267266937E+01    0.16562537399633231461E-01    0.60130060973700592002E-15
    0.16306020435335335517E+01    0.27968011405555489451E-01    0.60098520692174632420E-15
    0.16393898403403404096E+01    0.45880995178839222015E-01    0.49104100978677849340E-15
    0.16481776371471470455E+01    0.73042919852597434915E-01    0.88232274102667888347E-16
    0.16569654339539539034E+01    0.11270916540999741107E+00   -0.70306228509151201874E-15
    0.16657532307607607613E+01    0.16823130011233708436E+00   -0.18718963363365463003E-14
    0.16745410275675676193E+01    0.24245347667832020666E+00   -0.33129259498498796855E-14
    0.16833288243743744772E+01    0.33664676323424391757E+00   -0.48169101273113541575E-14
    0.16921166211811811131E+01    0.44903399254515719008E+00   -0.60452407261577435669E-14
    0.17009044179879879710E+01    0.57341337764518374165E+00   -0.66065523406348480515E-14
    0.17096922147947948289E+01    0.69812863466835528570E+00   -0.63719274562218175973E-14
    0.17184800116016014648E+01    0.80550015514337358624E+00   -0.57844615355316865750E-14
    0.17272678084084085448E+01    0.87337765027097891135E+00   -0.56071887017085604492E-14
    0.17360556052152151807E+01    0.87863801076262959544E+00   -0.61809008457161158597E-14
    0.17448434020220220386E+01    0.80177364912672666186E+00   -0.70070193979868247264E-14
    0.17536311988288288966E+01    0.63341250937501181184E+00   -0.72075564622104306205E-14
    0.17624189956356355324E+01    0.38090465209617491160E+00   -0.62186657374065137828E-14
    0.17712067924424426124E+01    0.71148297074255767436E-01   -0.40349029733740271249E-14
    0.17799945892492492483E+01   -0.25013841341509479577E+00   -0.10459865028539410832E-14
    0.17887823860560561062E+01   -0.52343803886741357978E+00    0.21352900173173179876E-14
    0.17975701828628629642E+01   -0.68915122342139278899E+00    0.47532307891180321942E-14
    0.18063579796696696000E+01   -0.70387952940368447852E+00    0.59957694188868866027E-14
    0.18151457764764764580E+01   -0.55401398747459007499E+00    0.53147997636754997243E-14
    0.18239335732832833159E+01   -0.26645117218996988706E+00    0.29352421221378978144E-14
    0.18327213700900899518E+01    0.89596427706738937524E-01   -0.65882671294305601344E-17
    0.18415091668968970318E+01    0.41990792278851185593E+00   -0.22024433065355076409E-14
    0.18502969637037036676E+01    0.62953928616652465866E+00   -0.30805760296892795037E-14
    0.18590847605105105256E+01    0.64974117137598152993E+00   -0.29173842770709362915E-14
    0.18678725573173173835E+01    0.46630915232945724380E+00   -0.22521021223787722583E-14
    0.18766603541241240194E+01    0.13372482256791123900E+00   -0.14020812851180077361E-14
    0.18854481509309310994E+01   -0.24252487705158576325E+00   -0.38469703243066086312E-15
    0.18942359477377377353E+01   -0.53597825601376758442E+00    0.98340523973091462325E-15
    0.19030237445445445932E+01   -0.63859979376473285928E+00    0.27506680273662416776E-14
    0.19118115413513514511E+01   -0.50698413195009472965E+00    0.43180784724181651747E-14
    0.19205993381581580870E+01   -0.18812039847152611793E+00    0.44064137215891459631E-14
    0.19293871349649649449E+01    0.20140475472107524646E+00    0.21188772833131581414E-14
    0.19381749317717718029E+01    0.51389409063885682638E+00   -0.18642924229640400565E-14
    0.19469627285785784387E+01    0.62123862750376579456E+00   -0.54889916073171438018E-14
    0.19557505253853855187E+01    0.47426235020175672163E+00   -0.67238264260697175697E-14
    0.19645383221921921546E+01    0.13392670740375814398E+00   -0.47389280531796035017E-14
    0.19733261189989990125E+01   -0.26074128088618786503E+00   -0.30892522691391898947E-15
    0.19821139158058058705E+01   -0.54675530240564618190E+00    0.42344529794050642431E-14
    0.19909017126126125063E+01   -0.59713503831484937567E+00    0.61780432987455848445E-14
    0.19996895094194195863E+01   -0.38348957554005391746E+00    0.44965118642558484084E-14
    0.20084773062262262222E+01   -0.23504982409322380463E-02    0.81486659915320927847E-15
    0.20172651030330328581E+01    0.37707327233790544074E+00   -0.22278441240655129804E-14
    0.20260528998398399381E+01    0.58885492721065824107E+00   -0.31798608106871844421E-14
    0.20348406966466465740E+01    0.53381048302962053054E+00   -0.22919065165806398446E-14
    0.20436284934534532098E+01    0.22973205077839387034E+00   -0.60007330376273438756E-15
    0.20524162902602602898E+01   -0.17981784723627691758E+00    0.92280309949339762937E-15
    0.20612040870670673698E+01   -0.50171584189236784201E+00    0.17222693169472700163E-14
    0.20699918838738740057E+01   -0.59012118824449466548E+00    0.17966570730554855033E-14
    0.20787796806806806416E+01   -0.40269455234033252333E+00    0.14885842346947057502E-14
    0.20875674774874877215E+01   -0.20340193529366709657E-01    0.10082808750300533596E-14
    0.20963552742942943574E+01    0.37255281826983432936E+00    0.21151661283339857907E-15
    0.21051430711011009933E+01    0.58246098825162817558E+00   -0.10224652521806658455E-14
    0.21139308679079080733E+01    0.51276829385936839589E+00   -0.23240317767292526178E-14
    0.21227186647147147092E+01    0.19945922019794615210E+00   -0.29611088574207726464E-14
    0.21315064615215213450E+01   -0.21317734348611350192E+00   -0.24511828746080576143E-14
    0.21402942583283284250E+01   -0.52494256005268247200E+00   -0.97220436102436162658E-15
    0.21490820551351350609E+01   -0.57678376301812450677E+00    0.75948116171157578359E-15
    0.21578698519419421409E+01   -0.34596584977572403252E+00    0.18065196453012285898E-14
    0.21666576487487487768E+01    0.49552943699328201588E-01    0.14678416005584495365E-14
    0.21754454455555558567E+01    0.42164495003891622193E+00   -0.17532617411898224831E-15
    0.21842332423623624926E+01    0.59109804656974251902E+00   -0.21213900407166134112E-14
    0.21930210391691691285E+01    0.46725172230114192518E+00   -0.31740669190780764879E-14
    0.22018088359759762085E+01    0.11097835698962985052E+00   -0.28133129053029456850E-14
    0.22105966327827828444E+01   -0.29586886559492309168E+00   -0.13535727391554221675E-14
    0.22193844295895894803E+01   -0.55589584420900017836E+00    0.47941905030931569557E-15
    0.22281722263963965602E+01   -0.54719359232409137128E+00    0.19527750714606720607E-14
    0.22369600232032031961E+01   -0.26800850848000340454E+00    0.25618012089228570896E-14
    0.22457478200100098320E+01    0.14702509913989272872E+00    0.21845940259758796414E-14
    0.22545356168168169120E+01    0.48711605092600041012E+00    0.10837207868361329639E-14
    0.22633234136236239920E+01    0.58461327457113254624E+00   -0.21681908570117687878E-15
    0.22721112104304301837E+01    0.39932583737809146385E+00   -0.11146650783069486232E-14
    0.22808990072372372637E+01    0.18832242886476020099E-01   -0.12064662561241125342E-14
    0.22896868040440443437E+01   -0.37530980922507245490E+00   -0.53835444634459206418E-15
    0.22984746008508509796E+01   -0.58498543416808346240E+00    0.44923552617071829156E-15
    0.23072623976576576155E+01   -0.50438921636337552545E+00    0.12187276689875562032E-14
    0.23160501944644646954E+01   -0.18077553290972678268E+00    0.14079030571642042988E-14
    0.23248379912712713313E+01    0.22835288073535039977E+00    0.10005640272129456420E-14
    0.23336257880780779672E+01    0.53051366783654274606E+00    0.40329044627948181290E-15
    0.23424135848848850472E+01    0.57686245237173539024E+00    0.18515112797065604089E-15
    0.23512013816916916831E+01    0.33994276823675606547E+00    0.56839925374104994192E-15
    0.23599891784984983190E+01   -0.59477639984506558424E-01    0.11963634104753659603E-14
    0.23687769753053053989E+01   -0.42684902573796607017E+00    0.15054538412522945367E-14
    0.23775647721121124789E+01   -0.59283429724561709229E+00    0.12163928918755202564E-14
    0.23863525689189186707E+01   -0.47887230599047930779E+00    0.48089487537663801083E-15
    0.23951403657257257507E+01   -0.13354037195587573073E+00   -0.24965476460870596361E-15
    0.24039281625325328307E+01    0.27547585184064143915E+00   -0.45634439007486569483E-15
    0.24127159593393394665E+01    0.55102391569232522794E+00    0.73804533684845089471E-16
    0.24215037561461461024E+01    0.56955603940639798477E+00    0.93798929069187421642E-15
    0.24302915529529531824E+01    0.32533314027095233678E+00    0.13676046084581639994E-14
    0.24390793497597598183E+01   -0.73202559670656600077E-01    0.89572703687499576340E-15
    0.24478671465665664542E+01   -0.43965493774281089179E+00   -0.24903556829945674604E-15
    0.24566549433733735341E+01   -0.59998715379904465905E+00   -0.13676423636156913442E-14
    0.24654427401801801700E+01   -0.48520061829562999289E+00   -0.16963746444758778012E-14
    0.24742305369869868059E+01   -0.15216313674079162688E+00   -0.79131094457390591439E-15
    0.24830183337937938859E+01    0.25199325548211148895E+00    0.11247813595557161599E-14
    0.24918061306006009659E+01    0.54477258332778422112E+00    0.31204934335036343227E-14
    0.25005939274074071577E+01    0.58942761949761590667E+00    0.40969617931850904831E-14
    0.25093817242142142376E+01    0.36935803687593854461E+00    0.34393020180383965099E-14
    0.25181695210210213176E+01   -0.12123790488171939245E-01    0.13476212720128363475E-14
    0.25269573178278279535E+01   -0.38918575167521018976E+00   -0.11041156693300909112E-14
    0.25357451146346345894E+01   -0.59782698113205745560E+00   -0.23471918924591171252E-14
    0.25445329114414416694E+01   -0.54249325527122382873E+00   -0.14827433628883216083E-14
    0.25533207082482483052E+01   -0.24965865311357110512E+00    0.65633116024161068682E-15
    0.25621085050550549411E+01    0.14854151773437582196E+00    0.21419521475022897030E-14
    0.25708963018618620211E+01    0.48310205541948375574E+00    0.18140950236578440293E-14
    0.25796840986686686570E+01    0.61437851828500789075E+00    0.24971693627682876740E-15
    0.25884718954754752929E+01    0.48348242486797432527E+00   -0.11977893674047858689E-14
    0.25972596922822823728E+01    0.14720384781461401391E+00   -0.17216312828141759825E-14
    0.26060474890890894528E+01   -0.24859360595528676163E+00   -0.13911329355621161010E-14
    0.26148352858958960887E+01   -0.54080266057226145104E+00   -0.73183693828606077935E-15
    0.26236230827027027246E+01   -0.61245044094786194044E+00   -0.30489361629853387829E-15
    0.26324108795095098046E+01   -0.43172843806594524141E+00   -0.42327630630876966567E-15
    0.26411986763163164404E+01   -0.73406993666184361391E-01   -0.95824376525970728761E-15
    0.26499864731231230763E+01    0.31291741303821662967E+00   -0.14007664660266781381E-14
    0.26587742699299301563E+01    0.57298345408618811536E+00   -0.11169753913561764377E-14
    0.26675620667367367922E+01    0.60669603545818895363E+00    0.29013823050758085493E-15
    0.26763498635435434281E+01    0.39879615882142810390E+00    0.24582807491299152589E-14
    0.26851376603503505081E+01    0.32123232403992174611E-01    0.39497765045133066417E-14
    0.26939254571571571439E+01   -0.34568926561259777364E+00    0.31829042551628245723E-14
    0.27027132539639637798E+01   -0.58866559873266799396E+00    0.19643038986221094534E-15
    0.27115010507707708598E+01   -0.60675939784609911332E+00   -0.28529405136468275202E-14
    0.27202888475775779398E+01   -0.39166971358059060604E+00   -0.36779047466473293200E-14
    0.27290766443843845757E+01   -0.26183274555291100733E-01   -0.20576944473701307188E-14
    0.27378644411911912115E+01    0.34797519612492594510E+00    0.36017368775387503253E-15
    0.27466522379979982915E+01    0.59149705654116924158E+00    0.19579248958289933936E-14
    0.27554400348048049274E+01    0.61747977673126963616E+00    0.23178271890191750691E-14
    0.27642278316116115633E+01    0.41547601447428211818E+00    0.17679400895315928076E-14
    0.27730156284184186433E+01    0.60559486483733743212E-01    0.61304016359555569600E-15
    0.27818034252252252791E+01   -0.31522402231418711338E+00   -0.96760146624079154498E-15
    0.27905912220320319150E+01   -0.57771353352323417951E+00   -0.25560657392280697427E-14
    0.27993790188388389950E+01   -0.63655084231332681455E+00   -0.34287800913035611484E-14
    0.28081668156456460750E+01   -0.47035301428799142220E+00   -0.31055016959190712382E-14
    0.28169546124524522668E+01   -0.13888385843368422634E+00   -0.18965802417998043992E-14
    0.28257424092592593468E+01    0.23970617595343446382E+00   -0.62722191315886255894E-15
    0.28345302060660664267E+01    0.53605023445928634551E+00    0.19643515760413131804E-15
    0.28433180028728730626E+01    0.65148074795276245119E+00    0.76847215564091640066E-15
    0.28521057996796796985E+01    0.54638705100122997305E+00    0.14597021879607500231E-14
    0.28608935964864867785E+01    0.25794052091020713835E+00    0.21884951956075878095E-14
    0.28696813932932934144E+01   -0.11508961545259124848E+00    0.24622139920396920683E-14
    0.28784691901001000502E+01   -0.45059352012439202184E+00    0.18843914481425883186E-14
    0.28872569869069071302E+01   -0.64049079926865704060E+00    0.50611517165829380532E-15
    0.28960447837137137661E+01   -0.62271819544947826230E+00   -0.11759104219265483471E-14
    0.29048325805205204020E+01   -0.40531450068781560425E+00   -0.23654246633816716095E-14
    0.29136203773273274820E+01   -0.60207381957327062161E-01   -0.23411932742017006581E-14
    0.29224081741341345619E+01    0.30437195566190999862E+00   -0.96883551741024143381E-15
    0.29311959709409407537E+01    0.57510268153483679043E+00    0.10996468163710870056E-14
    0.29399837677477478337E+01    0.66774991790266124969E+00    0.27992622862865737955E-14
    0.29487715645545549137E+01    0.55657811971334936185E+00    0.31765185480533201128E-14
    0.29575593613613615496E+01    0.27793405779321445070E+00    0.19037161843951811285E-14
    0.29663471581681681855E+01   -0.84570601704322317937E-01   -0.26213225818661429585E-15
    0.29751349549749752654E+01   -0.42260033989613099425E+00   -0.17010544872756795938E-14
    0.29839227517817819013E+01   -0.63624943082072837885E+00   -0.13280544607167376604E-14
    0.29927105485885885372E+01   -0.66590803948458721084E+00    0.13535270020125076992E-15
    0.30014983453953956172E+01   -0.50526436306240196661E+00    0.90539091552056215114E-15
    0.30102861422022022531E+01   -0.20061220011085581505E+00    0.18243634629457579784E-15
    0.30190739390090088889E+01    0.16045445998364840645E+00   -0.10136960581718071646E-14
    0.30278617358158159689E+01    0.47663730300942247498E+00   -0.12983255604728163536E-14
    0.30366495326226230489E+01    0.66266057142590972795E+00   -0.57173769004730830340E-15
    0.30454373294294292407E+01    0.66924522229474980861E+00    0.17714013615903332333E-15
    0.30542251262362363207E+01    0.49561572318925273262E+00    0.27772349180893444430E-15
    0.30630129230430434006E+01    0.19067110966168215880E+00    0.59301326009157380971E-16
    0.30718007198498500365E+01   -0.16419843109145423887E+00    0.11131405705141043745E-15
    0.30805885166566566724E+01   -0.47707715193124283770E+00    0.39960806768083295380E-15
    0.30893763134634637524E+01   -0.66756612932003833727E+00    0.39709828723469379738E-15
    0.30981641102702703883E+01   -0.68816390291713025462E+00   -0.13005376002798222904E-15
    0.31069519070770770242E+01   -0.53639660894434226801E+00   -0.78255870135583868375E-15
    0.31157397038838841041E+01   -0.25128670564398186693E+00   -0.10399574150407404387E-14
    0.31245275006906907400E+01    0.96040407238057567962E-01   -0.84808426806110945325E-15
    0.31333152974974973759E+01    0.41994671482776951832E+00   -0.56636101361488312697E-15
    0.31421030943043044559E+01    0.64295340051861471498E+00   -0.49998684286252018269E-15
    0.31508908911111115358E+01    0.71376375704105854414E+00   -0.63127269057431145589E-15
    0.31596786879179177276E+01    0.61669582050350624236E+00   -0.74496052661675680181E-15
    0.31684664847247248076E+01    0.37622499189562491617E+00   -0.63237334871292742977E-15
    0.31772542815315318876E+01    0.49581756774821766909E-01   -0.20093212524375057986E-15
    0.31860420783383385235E+01   -0.28857672665273198520E+00    0.48407764745870382047E-15
    0.31948298751451451594E+01   -0.56237694888567679730E+00    0.12138360298227421100E-14
    0.32036176719519522393E+01   -0.71128133201167409450E+00    0.17345302594526740626E-14
    0.32124054687587593193E+01   -0.70446856005363112097E+00    0.18638453375344078993E-14
    0.32211932655655655111E+01   -0.54534133920774463533E+00    0.15931850637662608501E-14
    0.32299810623723725911E+01   -0.26921419721389228119E+00    0.11676645290919434925E-14
    0.32387688591791796711E+01    0.63891919120914908437E-01    0.99393455802845489182E-15
    0.32475566559859858629E+01    0.38361230856449207716E+00    0.12681944996583155314E-14
    0.32563444527927929428E+01    0.62462137857013999565E+00    0.16639466705808776861E-14
    0.32651322495996000228E+01    0.73870676681739921854E+00    0.15802581059708293344E-14
    0.32739200464064062146E+01    0.70427862709394972729E+00    0.73007954371306455240E-15
    0.32827078432132132946E+01    0.53050451485778671312E+00   -0.59493705455203409134E-15
    0.32914956400200203745E+01    0.25296552549264550436E+00   -0.18338100593861361543E-14
    0.33002834368268265663E+01   -0.73619002297601723872E-01   -0.25450454322131396492E-14
    0.33090712336336336463E+01   -0.38625824798343416644E+00   -0.25285750690891510842E-14
    0.33178590304404407263E+01   -0.62666026198157465110E+00   -0.17762797587981053168E-14
    0.33266468272472478063E+01   -0.75180953743928580213E+00   -0.44285458502810627637E-15
    0.33354346240540539981E+01   -0.74036494944024677789E+00    0.11288858364814719539E-14
    0.33442224208608610780E+01   -0.59657043410465793176E+00    0.24217596886179387567E-14
    0.33530102176676681580E+01   -0.34794996480256118465E+00    0.29799948314702320680E-14
    0.33617980144744743498E+01   -0.38947550127921615193E-01    0.27632427713830981945E-14
    0.33705858112812814298E+01    0.27687845363574187241E+00    0.21969478015159417099E-14
    0.33793736080880885098E+01    0.54645966243079935332E+00    0.17214293319029728806E-14
    0.33881614048948947016E+01    0.72647575296087629759E+00    0.13516765909907595284E-14
    0.33969492017017017815E+01    0.78933309232717452364E+00    0.79108976873030583550E-15
    0.34057369985085088615E+01    0.72684863856083470335E+00   -0.12291349931678445197E-15
    0.34145247953153150533E+01    0.55105515088670831148E+00   -0.12140446536403487801E-14
    0.34233125921221221333E+01    0.29069803232634761070E+00   -0.21861169496718530619E-14
    0.34321003889289292133E+01   -0.13664862402077348688E-01   -0.28824881452762775924E-14
    0.34408881857357362932E+01   -0.31608143333131455410E+00   -0.32919659933188802747E-14
    0.34496759825425424850E+01   -0.57247716743924115246E+00   -0.34006445205859910739E-14
    0.34584637793493495650E+01   -0.74685028757743354699E+00   -0.31115101416285227985E-14
    0.34672515761561566450E+01   -0.81565119102907057691E+00   -0.22899463294278481940E-14
    0.34760393729629628368E+01   -0.77098178582417031812E+00   -0.85192059277139796880E-15
    0.34848271697697699167E+01   -0.62071129872654207116E+00    0.10950312932050859782E-14
    0.34936149665765769967E+01   -0.38658499663849898997E+00    0.30992033302004015766E-14
    0.35024027633833831885E+01   -0.10103602026454246154E+00    0.44738487060381718649E-14
    0.35111905601901902685E+01    0.19779094801493610212E+00    0.48138427013148312014E-14
    0.35199783569969973485E+01    0.47130311865381890879E+00    0.44140463643472293076E-14
    0.35287661538038035403E+01    0.68518370864174271695E+00    0.38981495347333963040E-14
    0.35375539506106106202E+01    0.81367244503367552877E+00    0.34114328180651720827E-14
    0.35463417474174177002E+01    0.84248980456567412745E+00    0.24220612621641246474E-14
    0.35551295442242247802E+01    0.76970303185393595946E+00    0.51131496458687247232E-15
    0.35639173410310309720E+01    0.60565612160802961839E+00   -0.18855296071306069719E-14
    0.35727051378378380520E+01    0.37105378888682427618E+00   -0.38629317684615535183E-14
    0.35814929346446451319E+01    0.93900015937320654991E-01   -0.50555300101324390266E-14
    0.35902807314514513237E+01   -0.19391156450157986946E+00   -0.59292777333540444754E-14
    0.35990685282582584037E+01   -0.46040765366435060235E+00   -0.69024388092723890335E-14
    0.36078563250650654837E+01   -0.67719720336880206979E+00   -0.75125007380985757848E-14
    0.36166441218718716755E+01   -0.82217529229172614524E+00   -0.68395924078483478951E-14
    0.36254319186786787554E+01   -0.88157054501175979855E+00   -0.46266962146115876820E-14
    0.36342197154854858354E+01   -0.85103365930169472264E+00   -0.16500998413340144365E-14
    0.36430075122922929154E+01   -0.73533584559960829541E+00    0.11235387831908817508E-14
    0.36517953090990991072E+01   -0.54751489531492858465E+00    0.33972881673863120917E-14
    0.36605831059059061872E+01   -0.30708883418017451916E+00    0.53812494224756235393E-14
    0.36693709027127132671E+01   -0.37711016380812312221E-01    0.70596954866730666355E-14
    0.36781586995195194589E+01    0.23523790662814628161E+00    0.79620257561058935538E-14
    0.36869464963263265389E+01    0.48708950093638236911E+00    0.77509718876999153592E-14
    0.36957342931331336189E+01    0.69616816713878792999E+00    0.67709588199826861763E-14
    0.37045220899399398107E+01    0.84542267202752019450E+00    0.57209170429413645426E-14
    0.37133098867467468907E+01    0.92362676157901502094E+00    0.48556400362575974647E-14
    0.37220976835535539706E+01    0.92601898546346694818E+00    0.37467062885788816462E-14
    0.37308854803603601624E+01    0.85414822152280212020E+00    0.19254044390975798830E-14
    0.37396732771671672424E+01    0.71540323757570223329E+00   -0.47890994917741088824E-15
    0.37484610739739743224E+01    0.52200457210924311457E+00   -0.28792891486339891772E-14
    0.37572488707807814023E+01    0.28967701594864930792E+00   -0.48027793764740643340E-14
    0.37660366675875875941E+01    0.36250595644042760135E-01   -0.61547869020986490039E-14
    0.37748244643943946741E+01   -0.21980969155762725142E+00   -0.69856283906136527000E-14
    0.37836122612012017541E+01   -0.46081691515920591984E+00   -0.72285784281493543029E-14
    0.37924000580080079459E+01   -0.67099566544772215604E+00   -0.67496393536128613437E-14
    0.38011878548148150259E+01   -0.83742901833731886452E+00   -0.55677650180462142504E-14
    0.38099756516216221058E+01   -0.95072573997092002518E+00   -0.39464339767872612023E-14
    0.38187634484284282976E+01   -0.10052946301232583703E+01   -0.22792111280102596949E-14
    0.38275512452352353776E+01   -0.99944697683538719080E+00   -0.92537789316489836181E-15
    0.38363390420420424576E+01   -0.93517234250726877232E+00   -0.26828969528831174131E-16
    0.38451268388488486494E+01   -0.81771715803971745107E+00    0.66132223774063103152E-15
    0.38539146356556557294E+01   -0.65504739604861106361E+00    0.16651770816693112292E-14
    0.38627024324624628093E+01   -0.45716248104944556818E+00    0.32920540584929202673E-14
    0.38714902292692698893E+01   -0.23537902408542493715E+00    0.52288898298175274825E-14
    0.38802780260760760811E+01   -0.16219921288586243435E-02    0.68304788214112208101E-14
    0.38890658228828831611E+01    0.23227218184681935886E+00    0.77617783039815229710E-14
    0.38978536196896902410E+01    0.45516836915635006111E+00    0.81994394759443215944E-14
    0.39066414164964964328E+01    0.65712470050372484565E+00    0.83681954667601180933E-14
    0.39154292133033035128E+01    0.82981321307943167742E+00    0.81145572571664238188E-14
    0.39242170101101105928E+01    0.96677141159479762500E+00    0.71483868982570953988E-14
    0.39330048069169167846E+01    0.10635486524523483087E+01    0.56166435853743948026E-14
    0.39417926037237238646E+01    0.11177411673577895002E+01    0.41723794101739496233E-14
    0.39505804005305309445E+01    0.11288778128430962955E+01    0.32977045463558269645E-14
    0.39593681973373371363E+01    0.10982515762697537820E+01    0.27266518098807639813E-14
    0.39681559941441442163E+01    0.10286677192304103379E+01    0.18173871364025093520E-14
    0.39769437909509512963E+01    0.92414502547490251505E+00    0.39937105942295123130E-15
    0.39857315877577583763E+01    0.78961107857564705181E+00   -0.99909357770548207110E-15
    0.39945193845645645681E+01    0.63059371522963203471E+00   -0.18377407020781018362E-14
    0.40033071813713716480E+01    0.45292410742540500923E+00   -0.21983162846991091946E-14
    0.40120949781781787280E+01    0.26248516155660450710E+00   -0.25272671670021024145E-14
    0.40208827749849849198E+01    0.64988993282941526219E-01   -0.29329794332598165136E-14
    0.40296705717917919998E+01   -0.13420231737144505679E+00   -0.30150722291232559427E-14
    0.40384583685985990797E+01   -0.33019776862430350040E+00   -0.24739481049467761895E-14
    0.40472461654054052715E+01   -0.51867445068338147163E+00   -0.16471623316415320806E-14
    0.40560339622122123515E+01   -0.69593139057511199663E+00   -0.11977254297376440653E-14
    0.40648217590190194315E+01   -0.85891795603668308345E+00   -0.13832730242010096675E-14
    0.40736095558258256233E+01   -0.10052424432661128950E+01   -0.18272343084833185953E-14
    0.40823973526326327033E+01   -0.11331553387947721490E+01   -0.20201715934586186022E-14
    0.40911851494394397832E+01   -0.12415228810052805208E+01   -0.18183407173654102214E-14
    0.40999729462462468632E+01   -0.13297845289071994479E+01   -0.13968621869214535370E-14
    0.41087607430530530550E+01   -0.13979013096959975737E+01   -0.92168571509424972534E-15
    0.41175485398598601350E+01   -0.14462998025788029732E+01   -0.39035799622080545353E-15
    0.41263363366666672150E+01   -0.14758108807390974970E+01    0.27135697643015018072E-15
    0.41351241334734734068E+01   -0.14876057603113050920E+01    0.10844758176864340483E-14
    0.41439119302802804867E+01   -0.14831262878513873371E+01    0.19752241852909632720E-14
    0.41526997270870875667E+01   -0.14640124890911596633E+01    0.27833953391836215339E-14
    0.41614875238938937585E+01   -0.14320338300468864468E+01    0.33200979179091411618E-14
    0.41702753207007008385E+01   -0.13890258392283558742E+01    0.34875603826471156020E-14
    0.41790631175075079184E+01   -0.13368311061823119346E+01    0.33684261266829042807E-14
    0.41878509143143141102E+01   -0.12772518378086117341E+01    0.31644793577202111293E-14
    0.41966387111211211902E+01   -0.12120093284730282246E+01    0.30607386474894513128E-14
    0.42054265079279282702E+01   -0.11427112649541559808E+01    0.31484655788903031208E-14
    0.42142143047347353502E+01   -0.10708290950198904312E+01    0.34337069909492738839E-14
    0.42230021015415415420E+01   -0.99768028601669456190E+00    0.38567907929619746527E-14
    0.42317898983483486219E+01   -0.92442060357478450516E+00    0.42908171138379837300E-14
    0.42405776951551557019E+01   -0.85204213483059498824E+00    0.45354575131481594741E-14
    0.42493654919619618937E+01   -0.78137604477750755017E+00    0.43770195006057019648E-14
    0.42581532887687689737E+01   -0.71310120689179679054E+00    0.37361000376411355972E-14
    0.42669410855755760537E+01   -0.64775451833693975523E+00    0.27733012239431962731E-14
    0.42757288823823822455E+01   -0.58574303030947316717E+00    0.17917142672785061003E-14
    0.42845166791891893254E+01   -0.52735704839259778254E+00    0.10424710576232760466E-14
    0.42933044759959964054E+01   -0.47278350114213513189E+00    0.62591407831138781816E-15
    0.43020922728028034854E+01   -0.42211958107650421335E+00    0.52687451771905966767E-15
    0.43108800696096096772E+01   -0.37538618143747126688E+00    0.66688641450566971116E-15
    0.43196678664164167571E+01   -0.33254045781643926105E+00    0.92518085086085355707E-15
    0.43284556632232238371E+01   -0.29348778334624564534E+00    0.11467947914416813364E-14
    0.43372434600300300289E+01   -0.25809218465794669939E+00    0.11848558101096984592E-14
    0.43460312568368371089E+01   -0.22618482504308390357E+00    0.98770707992138918587E-15
    0.43548190536436441889E+01   -0.19757186799453091419E+00    0.65277599631827439284E-15
    0.43636068504504503807E+01   -0.17204152139848868930E+00    0.33937509540707056826E-15
    0.43723946472572574606E+01   -0.14937059752336434570E+00    0.12064126291612683280E-15
    0.43811824440640645406E+01   -0.12933042952532933234E+00   -0.50277186677526577484E-16
    0.43899702408708707324E+01   -0.11169197845885930898E+00   -0.22215978454016009446E-15
    0.43987580376776778124E+01   -0.96230405210541269945E-01   -0.35147296848873052816E-15
    0.44075458344844848924E+01   -0.82728372946753100936E-01   -0.38408784971903440699E-15
    0.44163336312912919723E+01   -0.70978647826775251306E-01   -0.40807503920688138793E-15
    0.44251214280980981641E+01   -0.60786147943041018982E-01   -0.62603863775300895325E-15
    0.44339092249049052441E+01   -0.51969328919628202113E-01   -0.10927552564634406136E-14
    0.44426970217117123241E+01   -0.44361273581045024272E-01   -0.15317016602736995484E-14
    0.44514848185185185159E+01   -0.37810217742676198449E-01   -0.15581982579109279751E-14
    0.44602726153253255958E+01   -0.32179739720247124701E-01   -0.10759491659298352920E-14
    0.44690604121321326758E+01   -0.27348443310910897780E-01   -0.36910766393104858016E-15
    0.44778482089389388676E+01   -0.23209017885047603102E-01    0.20453319436904388734E-15
    0.44866360057457459476E+01   -0.19667162082544202562E-01    0.50195005563638305715E-15
    0.44954238025525530276E+01   -0.16640441790499862357E-01    0.57969877129127069508E-15
    0.45042115993593592194E+01   -0.14057118920670616524E-01    0.53413076191899203604E-15
    0.45129993961661662993E+01   -0.11855009370108532049E-01    0.41083291456889168616E-15
    0.45217871929729733793E+01   -0.99803807215540375070E-02    0.21200596788525415527E-15
    0.45305749897797804593E+01   -0.83868867746068765517E-02   -0.71594915344267303680E-16
    0.45393627865865866511E+01   -0.70345975624067713997E-02   -0.40778927940868095619E-15
    0.45481505833933937311E+01   -0.58890888671367718973E-02   -0.66940854184524123930E-15
    0.45569383802002008110E+01   -0.49206472159916561995E-02   -0.67055830970140658499E-15
    0.45657261770070070028E+01   -0.41036166049644500972E-02   -0.31409569268609929112E-15
    0.45745139738138140828E+01   -0.34158124988415568789E-02    0.29445449118771155491E-15
    0.45833017706206211628E+01   -0.28380684615070821304E-02    0.90572367317474052247E-15
    0.45920895674274273546E+01   -0.23538522508909473681E-02    0.12665628331116648962E-14
    0.46008773642342344345E+01   -0.19489245855593240013E-02    0.12279968445332181952E-14
    0.46096651610410415145E+01   -0.16110466402117667225E-02    0.80667845973026390942E-15
    0.46184529578478477063E+01   -0.13297118586157383180E-02    0.19503605902828730427E-15
    0.46272407546546547863E+01   -0.10959269896010316505E-02   -0.36471849916398016356E-15
    0.46360285514614618663E+01   -0.90201923145092548044E-03   -0.75568084081648990185E-15
    0.46448163482682689462E+01   -0.74146405876160154276E-03   -0.10063015575354742054E-14
    0.46536041450750751380E+01   -0.60873694519826353731E-03   -0.11189190831206822821E-14
    0.46623919418818822180E+01   -0.49917538266046356833E-03   -0.95600940920693312078E-15
    0.46711797386886892980E+01   -0.40885982916554321556E-03   -0.41550440818364622917E-15
    0.46799675354954954898E+01   -0.33450513488823873168E-03    0.29158782971230703014E-15
    0.46887553323023025698E+01   -0.27336460148478277776E-03    0.69651873737914143727E-15
    0.46975431291091096497E+01   -0.22314889586563099928E-03    0.53487364117424182894E-15
    0.47063309259159158415E+01   -0.18195209595974412022E-03    0.71016631795871281293E-16
    0.47151187227227229215E+01   -0.14819175323496538554E-03   -0.22987913390009573447E-15
    0.47239065195295300015E+01   -0.12055642622820572716E-03   -0.28266609866065842432E-15
    0.47326943163363361933E+01   -0.97960426648436283695E-04   -0.44357155939620901136E-15
    0.47414821131431432732E+01   -0.79506875092929984636E-04   -0.93533771255424478454E-15
    0.47502699099499503532E+01   -0.64454529726054230181E-04   -0.14194549953152508159E-14
    0.47590577067567574332E+01   -0.52191759984199116577E-04   -0.13651240463026446767E-14
    0.47678455035635636250E+01   -0.42214281969182506098E-04   -0.72827161426557129019E-15
    0.47766333003703707050E+01   -0.34106399955447885657E-04   -0.45559478535604186778E-16
    0.47854210971771777849E+01   -0.27526240881818855914E-04    0.18417379151524622166E-15
    0.47942088939839839767E+01   -0.22192615512847654110E-04    0.58791740927016425343E-17
    0.48029966907907910567E+01   -0.17874733550696922705E-04   -0.20620224673162203342E-15
    0.48117844875975981367E+01   -0.14383409073281555013E-04   -0.25810928156236737130E-15
    0.48205722844044043285E+01   -0.11563656804047429966E-04   -0.27862147595660602361E-15
    0.48293600812112114085E+01   -0.92888598643409555435E-05   -0.41225012125037487779E-15
    0.48381478780180184884E+01   -0.74555889711709280118E-05   -0.56093555539804236192E-15
    0.48469356748248246802E+01   -0.59795767598828467398E-05   -0.50581941423754829432E-15
    0.48557234716316317602E+01   -0.47922889378649500720E-05   -0.18278333853849246239E-15
    0.48645112684384388402E+01   -0.38380400538885814574E-05    0.23562926478120191315E-15
    0.48732990652452459202E+01   -0.30717189764122322716E-05    0.49400624959642418370E-15
    0.48820868620520521119E+01   -0.24567725281641984028E-05    0.41918572148355562737E-15
    0.48908746588588591919E+01   -0.19636524880440075537E-05   -0.40152143681902817201E-18
    0.48996624556656662719E+01   -0.15685008161014140818E-05   -0.58710158385101967916E-15
    0.49084502524724724637E+01   -0.12520576554992150337E-05   -0.10509664377867699182E-14
    0.49172380492792795437E+01   -0.99881695061801127267E-06   -0.11832049794879583425E-14
    0.49260258460860866236E+01   -0.79628372820054103692E-06   -0.99352009141957097970E-15
    0.49348136428928928154E+01   -0.63440964878059715684E-06   -0.62318557938788277164E-15
    0.49436014396996998954E+01   -0.50511932004828207676E-06   -0.17276549368533445141E-15
    0.49523892365065069754E+01   -0.40192033401197544016E-06    0.33046215575625995245E-15
    0.49611770333133140554E+01   -0.31960551767768584024E-06    0.80161715921043751766E-15
    0.49699648301201202472E+01   -0.25399256691537998678E-06    0.10220543189340853501E-14
    0.49787526269269273271E+01   -0.20172851612379302871E-06    0.80342692224435718280E-15
    0.49875404237337344071E+01   -0.16012688378610786670E-06    0.22874420148472795682E-15
    0.49963282205405405989E+01   -0.12703444105962183800E-06   -0.36645959433853058257E-15
    0.50051160173473476789E+01   -0.10073029191066533075E-06   -0.71015611914623072711E-15
    0.50139038141541547589E+01   -0.79837491311891305222E-07   -0.82568405231143118058E-15
    0.50226916109609609506E+01   -0.63255699913590189744E-07   -0.87712686326574500179E-15
    0.50314794077677680306E+01   -0.50104606990337499572E-07   -0.87419867716626325039E-15
    0.50402672045745751106E+01   -0.39678965216011248376E-07   -0.63997922898715608118E-15
    0.50490550013813813024E+01   -0.31416274005467752720E-07   -0.80197422976417910051E-16
    0.50578427981881883824E+01   -0.24868646852162815880E-07    0.61595148158268000820E-15
    0.50666305949949954623E+01   -0.19680813318122191543E-07    0.11130675721723334128E-14
    0.50754183918018025423E+01   -0.15571237806869100343E-07    0.11971794483357298541E-14
    0.50842061886086087341E+01   -0.12316615270028038769E-07    0.88849033642049148423E-15
    0.50929939854154158141E+01   -0.97400292837859308220E-08    0.37320593505283129303E-15
    0.51017817822222228941E+01   -0.77007486527831342569E-08   -0.10185199855901443629E-15
    0.51105695790290290859E+01   -0.60870193478130202146E-08   -0.35783399536052517066E-15
    0.51193573758358361658E+01   -0.48102871353923000199E-08   -0.40336622692696224215E-15
    0.51281451726426432458E+01   -0.38004070014963531696E-08   -0.39979616231138923348E-15
    0.51369329694494494376E+01   -0.30018886412515387446E-08   -0.45823375487602465883E-15
    0.51457207662562565176E+01   -0.23706482095978785175E-08   -0.49880125316014070717E-15
    0.51545085630630635976E+01   -0.18717250615900694649E-08   -0.36098759590500821326E-15
    0.51632963598698697893E+01   -0.14774552554416613429E-08   -0.59737501020607503562E-17
    0.51720841566766768693E+01   -0.11659573690975850806E-08    0.41528981875305143485E-15
    0.51808719534834839493E+01   -0.91994355410166380735E-09    0.64712637142416312157E-15
    0.51896597502902910293E+01   -0.72569283335340291690E-09    0.45617273417909849914E-15
    0.51984475470970972211E+01   -0.57233526789062867359E-09   -0.19153886723038431210E-15
    0.52072353439039043010E+01   -0.45128156773270350467E-09   -0.97096433376976975456E-15
    0.52160231407107113810E+01   -0.35574873556808674483E-09   -0.13444399177714395688E-14
    0.52248109375175184610E+01   -0.28038476621171624803E-09   -0.10340356174671734624E-14
    0.52335987343243246528E+01   -0.22094513018989393073E-09   -0.32668406161357787954E-15
    0.52423865311311317328E+01   -0.17407006256008078409E-09    0.22410136467108817656E-15
    0.52511743279379388127E+01   -0.13710835989776604888E-09    0.30832693429416880789E-15
    0.52599621247447450045E+01   -0.10797002273257396535E-09    0.21514439454974779365E-16
    0.52687499215515520845E+01   -0.85008318470294012929E-10   -0.35812650745262604423E-15
    0.52775377183583591645E+01   -0.66918233699483772874E-10   -0.59710193803673852010E-15
    0.52863255151651653563E+01   -0.52667484226315218869E-10   -0.58427131233966075358E-15
    0.52951133119719724363E+01   -0.41442356671984660527E-10   -0.33919138914801931799E-15
    0.53039011087787795162E+01   -0.32602301000306825344E-10    0.26595623921387700736E-16
    0.53126889055855857080E+01   -0.25643350430133692125E-10    0.39453927100685801222E-15
    0.53214767023923927880E+01   -0.20166599049135382574E-10    0.70284637403120636531E-15
    0.53302644991991998680E+01   -0.15856775801198853512E-10    0.93351085697182754919E-15
    0.53390522960060069479E+01   -0.12465414586401335839E-10    0.10702288219495287712E-14
    0.53478400928128131397E+01   -0.97969874861316033563E-11    0.10783340039956670439E-14
    0.53566278896196202197E+01   -0.76980126682687407839E-11    0.90997420581886908082E-15
    0.53654156864264272997E+01   -0.60475650467931550798E-11    0.52811897282032641559E-15
    0.53742034832332334915E+01   -0.47503585647883971276E-11   -0.29033455109447283851E-16
    0.53829912800400405715E+01   -0.37310735958269883470E-11   -0.58397777011849182104E-15
    0.53917790768468476514E+01   -0.29300685854996844654E-11   -0.88371309962355887985E-15
    0.54005668736536538432E+01   -0.23004982745274487967E-11   -0.79493252067420265614E-15
    0.54093546704604609232E+01   -0.18057577384833954467E-11   -0.42898129318533630734E-15
    0.54181424672672680032E+01   -0.14172375525406587222E-11   -0.27626508291416428118E-16
    0.54269302640740750832E+01   -0.11122917373303935347E-11    0.23204193943004243996E-15
    0.54357180608808812750E+01   -0.87284479648717738665E-12    0.30621015163183157714E-15
    0.54445058576876883549E+01   -0.68465623574304150141E-12    0.21828237577988505884E-15
    0.54532936544944954349E+01   -0.53668179585156878633E-12   -0.60261209487508289195E-17
    0.54620814513013016267E+01   -0.42043474314825984873E-12   -0.34826867298151559799E-15
    0.54708692481081087067E+01   -0.32935724067730775821E-12   -0.78189171633356133113E-15
    0.54796570449149157866E+01   -0.25826705894971055882E-12   -0.12384774027061418135E-14
    0.54884448417217219784E+01   -0.20288755532788666426E-12   -0.15583710393836447601E-14
    0.54972326385285290584E+01   -0.15954631625977890732E-12   -0.15018554640254403905E-14
    0.55060204353353361384E+01   -0.12528287716885109819E-12   -0.92441657818801881025E-15
    0.55148082321421423302E+01   -0.98070216643675452172E-13    0.16964203435000463779E-16
    0.55235960289489494102E+01   -0.76670076699835177203E-13    0.91072130728922533631E-15
    0.55323838257557564901E+01   -0.60115752613348714354E-13    0.13941960451439850390E-14
    0.55411716225625635701E+01   -0.47329926904661387854E-13    0.13882220217083336440E-14
    0.55499594193693697619E+01   -0.37230843404560167362E-13    0.10577192150103974838E-14
    0.55587472161761768419E+01   -0.29009745194075089158E-13    0.66294988096309126541E-15
    0.55675350129829839219E+01   -0.22243430839642566408E-13    0.40813396225713217433E-15
    0.55763228097897901137E+01   -0.16830603430136030742E-13    0.29624664515674463490E-15
    0.55851106065965971936E+01   -0.12849647472537379502E-13    0.10182858149679590243E-15
    0.55938984034034042736E+01   -0.10279409836679298259E-13   -0.35606165071808130731E-15
    0.56026862002102104654E+01   -0.87195524982338759213E-14   -0.88365786370553322788E-15
    0.56114739970170175454E+01   -0.74909562189338036408E-14   -0.10153833569041172813E-14
    0.56202617938238246253E+01   -0.61099860332447707156E-14   -0.54372520568214226123E-15
    0.56290495906306308171E+01   -0.46026427970104945236E-14    0.16576214943307558297E-15
    0.56378373874374378971E+01   -0.32785831766866034882E-14    0.55749214632920402207E-15
    0.56466251842442449771E+01   -0.23318140165523212647E-14    0.46714984732332023898E-15
    0.56554129810510520571E+01   -0.17040996607612463200E-14    0.18270333112556052755E-15
    0.56642007778578582489E+01   -0.12160748613041704569E-14   -0.12193450167234101152E-16
    0.56729885746646653288E+01   -0.71980502923136821296E-15   -0.15716952083636340769E-15
    0.56817763714714724088E+01   -0.21147902764648517351E-15   -0.40695457254461245194E-15
    0.56905641682782786006E+01    0.10231481422664845842E-15   -0.67447616030041989458E-15
    0.56993519650850856806E+01   -0.46453896367779777042E-16   -0.65614897375472015903E-15
    0.57081397618918927606E+01   -0.63661084122771749070E-15   -0.23136302466037869020E-15
    0.57169275586986989524E+01   -0.12049984146485864741E-14    0.30097786160732283232E-15
    0.57257153555055060323E+01   -0.12554971424604645701E-14    0.51995304306517006987E-15
    0.57345031523123131123E+01   -0.79781775747763571895E-15    0.32529874350344804196E-15
    0.57432909491191193041E+01   -0.30082481103370971932E-15   -0.26711327906494196030E-16
    0.57520787459259263841E+01   -0.81373111611913173030E-16   -0.28386356601442492373E-15
    0.57608665427327334640E+01    0.67462582914513884053E-16   -0.44854371327927171870E-15
    0.57696543395395405440E+01    0.46829949478014429732E-15   -0.62374734980083215806E-15
    0.57784421363463467358E+01    0.95808415676215060863E-15   -0.74818063170750830885E-15
    0.57872299331531538158E+01    0.98211070630412509669E-15   -0.61977298883983830536E-15
    0.57960177299599608958E+01    0.35076530517473040823E-15   -0.19544175510338814099E-15
    0.58048055267667670876E+01   -0.35122847364000569098E-15    0.24588845146548871660E-15
    0.58135933235735741675E+01   -0.42221534220362706423E-15    0.36510881095432339329E-15
    0.58223811203803812475E+01    0.48754850546237630180E-16    0.12894966671690723650E-15
    0.58311689171871874393E+01    0.28362936428788614145E-15   -0.19553924237346671728E-15
    0.58399567139939945193E+01   -0.12905819401424900274E-15   -0.39956822508735655995E-15
    0.58487445108008015993E+01   -0.62434647141057660408E-15   -0.56333001062738800331E-15
    0.58575323076076077911E+01   -0.43653122821132459650E-15   -0.86367633584275197107E-15
    0.58663201044144148710E+01    0.29283990847448550528E-15   -0.12680474039453862917E-14
    0.58751079012212219510E+01    0.62217396771012324510E-15   -0.15178394209650586426E-14
    0.58838956980280290310E+01    0.56045984597945282382E-16   -0.13867892176411596988E-14
    0.58926834948348352228E+01   -0.72747445405965182026E-15   -0.87635042240625921890E-15
    0.59014712916416423027E+01   -0.75210381503048862315E-15   -0.17326576334698866532E-15
    0.59102590884484493827E+01   -0.12461242932298109946E-16    0.47451267608084574404E-15
    0.59190468852552555745E+01    0.54713982219489816898E-15    0.84298537817421127452E-15
    0.59278346820620626545E+01    0.25762705289449809309E-15    0.77833059577011368429E-15
    0.59366224788688697345E+01   -0.48944862711725577834E-15    0.24808695825541981915E-15
    0.59454102756756759263E+01   -0.87169585619550450373E-15   -0.58405635865845449986E-15
    0.59541980724824830062E+01   -0.64489262646679636473E-15   -0.13099025693101829247E-14
    0.59629858692892900862E+01   -0.26207414895482233932E-15   -0.14563457892747308068E-14
    0.59717736660960962780E+01   -0.16321356852001282131E-15   -0.86754352664682400272E-15
    0.59805614629029033580E+01   -0.27998000842718723538E-15    0.10417540755595597455E-15
    0.59893492597097104380E+01   -0.29703875980396645505E-15    0.91841336387489073696E-15
    0.59981370565165175179E+01   -0.12331117491002058896E-15    0.12955179749710970893E-14
    0.60069248533233237097E+01    0.43904946733476725544E-16    0.13064057025579105223E-14
    0.60157126501301307897E+01    0.31533288150787681770E-16    0.11301103205306543837E-14
    0.60245004469369378697E+01   -0.99553942143955140019E-16    0.86021681911119750207E-15
    0.60332882437437440615E+01   -0.19590450120153181045E-15    0.52356301837425432976E-15
    0.60420760405505511415E+01   -0.23937985545229540487E-15    0.16383517464021387470E-15
    0.60508638373573582214E+01   -0.32651099208862828937E-15   -0.14512588491374698883E-15
    0.60596516341641644132E+01   -0.42527813077189612756E-15   -0.35112043110503408365E-15
    0.60684394309709714932E+01   -0.28120241964977166426E-15   -0.45388616721242121584E-15
    0.60772272277777785732E+01    0.26782730494257910815E-15   -0.46695622824264794219E-15
    0.60860150245845856531E+01    0.91986123001383750539E-15   -0.36779178502557840152E-15
    0.60948028213913918449E+01    0.10904171328633138346E-14   -0.12669794567661671516E-15
    0.61035906181981989249E+01    0.58005007643786497101E-15    0.19572862506392004670E-15
    0.61123784150050060049E+01   -0.99265652969488018866E-16    0.41705440538785646863E-15
    0.61211662118118121967E+01   -0.31516018355155182740E-15    0.37145861959342604663E-15
    0.61299540086186192767E+01   -0.88238927104490571458E-16    0.79339965567071261311E-16
    0.61387418054254263566E+01    0.26153859058046987648E-17   -0.26029808522961237213E-15
    0.61475296022322325484E+01   -0.32109733132476159894E-15   -0.43543285520342675266E-15
    0.61563173990390396284E+01   -0.57942501232221140133E-15   -0.35178406494499561504E-15
    0.61651051958458467084E+01   -0.19466982567674532888E-15   -0.40744667382266276843E-16
    0.61738929926526529002E+01    0.62803828340003266552E-15    0.37924355359900435754E-15
    0.61826807894594599802E+01    0.10595154237123292719E-14    0.76519938603764337910E-15
    0.61914685862662670601E+01    0.70983780619194261205E-15    0.10296713360405132355E-14
    0.62002563830730741401E+01    0.18679759394014899250E-15    0.11713153133936022332E-14
    0.62090441798798803319E+01    0.27660570299997797773E-15    0.11898418716210546122E-14
    0.62178319766866874119E+01    0.85404155102107442536E-15    0.99208482874907925993E-15
    0.62266197734934944918E+01    0.10317589343673183888E-14    0.48626868031816777046E-15
    0.62354075703003006836E+01    0.37963894123777737466E-15   -0.16746166710054744596E-15
    0.62441953671071077636E+01   -0.41456730837522563499E-15   -0.50392908287654140819E-15
    0.62529831639139148436E+01   -0.41029591548385417383E-15   -0.17952718594170812352E-15
    0.62617709607207210354E+01    0.40401948930694911024E-15    0.54692677075888930313E-15
    0.62705587575275281154E+01    0.11526470736426816256E-14    0.99118112170352605506E-15
    0.62793465543343351953E+01    0.11684318651599585049E-14    0.77845093736280908830E-15
    0.62881343511411413871E+01    0.67639175505309567523E-15    0.23692483667524008495E-15
    0.62969221479479484671E+01    0.29526037371581631139E-15   -0.10513459689572635157E-15
    0.63057099447547555471E+01    0.25614222584042815157E-15   -0.20081452511877792557E-15
    0.63144977415615626271E+01    0.31232900245836157550E-15   -0.42734919548234641619E-15
    0.63232855383683688189E+01    0.24371864812397333800E-15   -0.90392084584910379591E-15
    0.63320733351751758988E+01    0.17332349524064826689E-15   -0.11574728387469843163E-14
    0.63408611319819829788E+01    0.32246296474817018432E-15   -0.70612994170125132353E-15
    0.63496489287887891706E+01    0.64240740126199423034E-15    0.20566668785366890228E-15
    0.63584367255955962506E+01    0.82351736890613411043E-15    0.78532225388665259734E-15
    0.63672245224024033305E+01    0.62498864615776605978E-15    0.63244347473307781283E-15
    0.63760123192092095223E+01    0.97814247036631454137E-16    0.22520671906897217403E-15
    0.63848001160160166023E+01   -0.50309868080476835588E-15    0.23646301521539496969E-15
    0.63935879128228236823E+01   -0.90076001450344210068E-15    0.63067047682700497640E-15
    0.64023757096296298741E+01   -0.92594841147337708690E-15    0.74109992967754084335E-15
    0.64111635064364369541E+01   -0.59681394227276931526E-15    0.16404197851768760053E-15
    0.64199513032432440340E+01   -0.12142124496686360830E-15   -0.72205658640474282301E-15
    0.64287391000500511140E+01    0.25210301428040240736E-15   -0.12394663765498713373E-14
    0.64375268968568573058E+01    0.40781161387691482136E-15   -0.11163968721666215912E-14
    0.64463146936636643858E+01    0.37527587173476657322E-15   -0.58057922014677674358E-15
    0.64551024904704714658E+01    0.21183805613796864825E-15    0.59261692941017142688E-16
    0.64638902872772776576E+01   -0.59552392532825971009E-16    0.70134286106562649327E-15
    0.64726780840840847375E+01   -0.36355790195819422570E-15    0.13393820182485068390E-14
    0.64814658808908918175E+01   -0.47944170480570360371E-15    0.18586108011187513888E-14
    0.64902536776976980093E+01   -0.18844431764499152303E-15    0.20433762070759051991E-14
    0.64990414745045050893E+01    0.39240065307038879349E-15    0.17596676793615579866E-14
    0.65078292713113121692E+01    0.73909879222247433560E-15    0.10754312373777614449E-14
    0.65166170681181183610E+01    0.44372521250898190938E-15    0.20918601557289243946E-15
    0.65254048649249254410E+01   -0.21423584563412516325E-15   -0.57384668364371908935E-15
    0.65341926617317325210E+01   -0.50209034968555962502E-15   -0.10504528336597630124E-14
    0.65429804585385396010E+01   -0.10901085480365813072E-15   -0.11121093997974362472E-14
    0.65517682553453457928E+01    0.43617519283735291238E-15   -0.79338442818279380122E-15
    0.65605560521521528727E+01    0.44441950573940792691E-15   -0.21201576368866839699E-15
    0.65693438489589599527E+01   -0.72618354776708086579E-16    0.50482830820831709255E-15
    0.65781316457657661445E+01   -0.47840141586406280341E-15    0.12144848442728381550E-14
    0.65869194425725732245E+01   -0.33786807119231731506E-15    0.16922571439619128211E-14
    0.65957072393793803045E+01    0.10125518105986068095E-15    0.16583103118296069359E-14
    0.66044950361861864963E+01    0.30634525503261930440E-15    0.10101181224332882779E-14
    0.66132828329929935762E+01    0.49102684501711032119E-16    0.48252952954772814263E-16
    0.66220706297998006562E+01   -0.47907341282064699983E-15   -0.69273169751275421183E-15
    0.66308584266066068480E+01   -0.93774722063470270363E-15   -0.91962811589260504867E-15
    0.66396462234134139280E+01   -0.10807965938881584880E-14   -0.81319465198751558298E-15
    0.66484340202202210079E+01   -0.85870953846330377706E-15   -0.69858082664200495471E-15
    0.66572218170270280879E+01   -0.44672164297496791449E-15   -0.62386117695246114108E-15
    0.66660096138338342797E+01   -0.10807793184467795004E-15   -0.39543576738137168395E-15
    0.66747974106406413597E+01    0.64170734967257483797E-16    0.30010125579025872350E-16
    0.66835852074474484397E+01    0.23901628693041345019E-15    0.36490035584625379831E-15
    0.66923730042542546315E+01    0.57742819610849248081E-15    0.31368966255370539095E-15
    0.67011608010610617114E+01    0.92858896539525713646E-15   -0.36098884399379174184E-16
    0.67099485978678687914E+01    0.94893267800530478417E-15   -0.29620518076017345109E-15
    0.67187363946746749832E+01    0.54368597454519417687E-15   -0.22579961661681914846E-15
    0.67275241914814820632E+01    0.57077331767862551977E-16    0.27498307773419972142E-16
    0.67363119882882891432E+01   -0.10813662974269949008E-15    0.17824923154603869419E-15
    0.67450997850950962231E+01    0.52177995574816719843E-16    0.14249538890366794993E-15
    0.67538875819019024149E+01    0.21075824794375752274E-15    0.46411579967738434101E-16
    0.67626753787087094949E+01    0.17708051132240132524E-15   -0.20076323784129676077E-16
    0.67714631755155165749E+01    0.13031172063452682880E-15   -0.12668654606508338569E-15
    0.67802509723223227667E+01    0.30354269187907738189E-15   -0.32998728542027191826E-15
    0.67890387691291298466E+01    0.59391946910979215411E-15   -0.47311193380561632796E-15
    0.67978265659359369266E+01    0.66097001031744538687E-15   -0.31529636051672255971E-15
    0.68066143627427431184E+01    0.39164571655041444978E-15    0.96597875389482243541E-16
    0.68154021595495501984E+01    0.96832478376238883995E-16    0.33084821588841541565E-15
    0.68241899563563572784E+01    0.10687745306977172553E-15    0.60402900785405806206E-16
    0.68329777531631634702E+01    0.30311164470716685319E-15   -0.42002310703878848017E-15
    0.68417655499699705501E+01    0.25903459306779062571E-15   -0.45522234758822728918E-15
    0.68505533467767776301E+01   -0.16595972414083133810E-15    0.13622547716368029339E-15
    0.68593411435835847101E+01   -0.57147760354091104329E-15    0.72436351016528919689E-15
    0.68681289403903909019E+01   -0.50879716077259333409E-15    0.60912457948554997078E-15
    0.68769167371971979819E+01   -0.62086508642628267041E-16   -0.11504937607304790335E-15
    0.68857045340040050618E+01    0.26333085056730397168E-15   -0.71715400330234736689E-15
    0.68944923308108112536E+01    0.16716506152971631087E-15   -0.74592797827657345325E-15
    0.69032801276176183336E+01   -0.11856375817205048610E-15   -0.49371059530661897397E-15
    0.69120679244244254136E+01   -0.17786225138862320762E-15   -0.44195976371068892141E-15
    0.69208557212312316054E+01    0.12137541913132808795E-15   -0.56251003558697013691E-15
    0.69296435180380386853E+01    0.56597926762301517902E-15   -0.41581638679385626837E-15
    0.69384313148448457653E+01    0.84450908460711153141E-15    0.16606027493937057190E-15
    0.69472191116516519571E+01    0.76027430808386823995E-15    0.76974458282836031834E-15
    0.69560069084584590371E+01    0.32055716733280299560E-15    0.91371472719648906779E-15
    0.69647947052652661171E+01   -0.24380207013757690759E-15    0.65594730967831379412E-15
    0.69735825020720731970E+01   -0.62945839248819940038E-15    0.46413577864301809113E-15
    0.69823702988788793888E+01   -0.72792687268219743320E-15    0.55232305939289413717E-15
    0.69911580956856864688E+01   -0.71622372277231759557E-15    0.58410905453237450846E-15
    0.69999458924924935488E+01   -0.79210344029322311361E-15    0.16757043109324525291E-15
    0.70087336892992997406E+01   -0.88428148857058273006E-15   -0.55938800278760573767E-15
    0.70175214861061068206E+01   -0.75207681695516953424E-15   -0.10366962889344442991E-14
    0.70263092829129139005E+01   -0.36043330618351610235E-15   -0.89089333421553024748E-15
    0.70350970797197200923E+01   -0.10923122294480655907E-16   -0.27682639277766268210E-15
    0.70438848765265271723E+01    0.33712959259909730290E-16    0.37220935468110189965E-15
    0.70526726733333342523E+01   -0.51495293091653698841E-16    0.71913180019627547973E-15
    0.70614604701401404441E+01    0.14264649807228533152E-15    0.67843869924988584529E-15
    0.70702482669469475240E+01    0.63722029116495100805E-15    0.40226829545687119754E-15
    0.70790360637537546040E+01    0.86390881645801235204E-15    0.17842099144047462401E-15
    0.70878238605605616840E+01    0.31843403225700790810E-15    0.19562933667157691349E-15
    0.70966116573673678758E+01   -0.73141749946287074045E-15    0.33934761651939138165E-15
    0.71053994541741749558E+01   -0.14585257636235604179E-14    0.32254349755660232054E-15
    0.71141872509809820357E+01   -0.13371603400432810081E-14    0.46911278901552473592E-16
    0.71229750477877882275E+01   -0.59388643393756186020E-15   -0.25686287842403978588E-15
    0.71317628445945953075E+01    0.20771181026020295566E-15   -0.33467422780625848423E-15
    0.71405506414014023875E+01    0.73025505437953009370E-15   -0.24816195796314074624E-15
    0.71493384382082085793E+01    0.96552207826299038863E-15   -0.26957631868517541082E-15
    0.71581262350150156593E+01    0.10063465212823710143E-14   -0.47105111744200662264E-15
    0.71669140318218227392E+01    0.88974303769014386064E-15   -0.57451586320607968662E-15
    0.71757018286286289310E+01    0.62615122370644985374E-15   -0.32763415680587724842E-15
    0.71844896254354360110E+01    0.26533472359291960248E-15    0.94712606559153110972E-16
    0.71932774222422430910E+01   -0.10966276732211038505E-15    0.26861472777969657723E-15
    0.72020652190490501710E+01   -0.43857926451670017902E-15    0.91086038174632037229E-16
    0.72108530158558563627E+01   -0.70675073291593121418E-15   -0.28431726956959434868E-16
    0.72196408126626634427E+01   -0.89972691423528404819E-15    0.27640599639764455787E-15
    0.72284286094694705227E+01   -0.95659749990474707709E-15    0.74380301883366079516E-15
    0.72372164062762767145E+01   -0.80645548913104389442E-15    0.73594014693115580960E-15
    0.72460042030830837945E+01   -0.46057903401319482097E-15    0.53844318591401594084E-16
    0.72547919998898908744E+01   -0.52856721483032613810E-16   -0.74694254581791770920E-15
    0.72635797966966970662E+01    0.22154198902880366695E-15   -0.10237831868341541242E-14
    0.72723675935035041462E+01    0.19649808312545562937E-15   -0.79109307650482715870E-15
    0.72811553903103112262E+01   -0.16827884533208907375E-15   -0.56573367292627879277E-15
    0.72899431871171174180E+01   -0.69508163359375194535E-15   -0.60703166032662245612E-15
    0.72987309839239244980E+01   -0.10272505659697370223E-14   -0.58825871221868860488E-15
    0.73075187807307315779E+01   -0.89924198363445833598E-15   -0.12787986840318099417E-15
    0.73163065775375386579E+01   -0.39273871777180772643E-15    0.61054738461471067881E-15
    0.73250943743443448497E+01    0.16287923821717266291E-15    0.10783104278126010089E-14
    0.73338821711511519297E+01    0.52651716719970445883E-15    0.10066005474068133676E-14
    0.73426699679579590097E+01    0.71057648072262582062E-15    0.68540540405786644589E-15
    0.73514577647647652014E+01    0.80988701790787932465E-15    0.48693259470876037556E-15
    0.73602455615715722814E+01    0.79533060308965413850E-15    0.33727298520949972409E-15
    0.73690333583783793614E+01    0.55830382031176297967E-15   -0.12089166184751216611E-15
    0.73778211551851855532E+01    0.11958610309393083474E-15   -0.91508784743827463046E-15
    0.73866089519919926332E+01   -0.30065484413144844476E-15   -0.15389847778538342310E-14
    0.73953967487987997131E+01   -0.47895569515040341428E-15   -0.15269829130967396329E-14
    0.74041845456056067931E+01   -0.39811225994523718893E-15   -0.10533170940436225645E-14
    0.74129723424124129849E+01   -0.19722412460630548045E-15   -0.70365762657308963213E-15
    0.74217601392192200649E+01    0.46718495226363252359E-16   -0.71277801606249415256E-15
    0.74305479360260271449E+01    0.40042864181871332348E-15   -0.68163259053889782549E-15
    0.74393357328328333367E+01    0.89560666470246018654E-15   -0.19839374671812760959E-15
    0.74481235296396404166E+01    0.13441134194410792680E-14    0.50144031927390151990E-15
    0.74569113264464474966E+01    0.14332917283263388482E-14    0.76688761503725697255E-15
    0.74656991232532536884E+01    0.10021426496661091651E-14    0.33554427271007365434E-15
    0.74744869200600607684E+01    0.18436015531229908568E-15   -0.34103831794951663243E-15
    0.74832747168668678484E+01   -0.70244355115357406350E-15   -0.67134976602342139443E-15
    0.74920625136736740401E+01   -0.13239541285151095591E-14   -0.57022250893809428486E-15
    0.75008503104804811201E+01   -0.14554373200803596129E-14   -0.38728677227917867057E-15
    0.75096381072872882001E+01   -0.10738017686442294233E-14   -0.37146501536851815624E-15
    0.75184259040940952801E+01   -0.36532092601364526132E-15   -0.41101871408196702221E-15
    0.75272137009009014719E+01    0.40414504999120654155E-15   -0.30523142090931160604E-15
    0.75360014977077085518E+01    0.10276026221969443856E-14   -0.86692464599792235290E-16
    0.75447892945145156318E+01    0.13777743567738224816E-14    0.35421522352981208379E-16
    0.75535770913213218236E+01    0.13537040764379444768E-14   -0.27872809074506718742E-16
    0.75623648881281289036E+01    0.88568745027472679247E-15   -0.12930228360244899971E-15
    0.75711526849349359836E+01    0.47690135356222423060E-16   -0.10491517856217034959E-15
    0.75799404817417421754E+01   -0.85353055419592836343E-15   -0.58174189265788269056E-17
    0.75887282785485492553E+01   -0.14112755595382392228E-14   -0.98981556891984731867E-17
    0.75975160753553563353E+01   -0.13879790326473072518E-14   -0.13747961940014749233E-15
    0.76063038721621625271E+01   -0.84726346112821679125E-15   -0.17616671165738139069E-15
    0.76150916689689696071E+01   -0.39915827739289883358E-16    0.21462912695307823115E-16
    0.76238794657757766871E+01    0.75531259530806267392E-15    0.25669578744936230777E-15
    0.76326672625825837670E+01    0.13191343701841282229E-14    0.18188731674826749702E-15
    0.76414550593893899588E+01    0.15299301305058444038E-14   -0.21659302749861245024E-15
    0.76502428561961970388E+01    0.13778647238083307488E-14   -0.49874629731856519144E-15
    0.76590306530030041188E+01    0.94588003776446531489E-15   -0.28520231136452106532E-15
    0.76678184498098103106E+01    0.37801590736416044429E-15    0.23932583178568294659E-15
    0.76766062466166173905E+01   -0.17144598828009842358E-15    0.54626004517681441308E-15
    0.76853940434234244705E+01   -0.59754618736091367865E-15    0.42032413647655694629E-15
    0.76941818402302306623E+01   -0.85647502500989081112E-15    0.19295019818630743302E-15
    0.77029696370370377423E+01   -0.89899062800534008111E-15    0.22986781133214199125E-15
    0.77117574338438448223E+01   -0.62304285666521047023E-15    0.40455184362839309772E-15
    0.77205452306506510141E+01    0.96743700831269673894E-17    0.29211717123898594206E-15
    0.77293330274574580940E+01    0.76875624008601431532E-15   -0.20608113375467491885E-15
    0.77381208242642651740E+01    0.11687910892475584433E-14   -0.65747731845218782692E-15
    0.77469086210710722540E+01    0.84603072288388587870E-15   -0.62405494996049586713E-15
    0.77556964178778784458E+01   -0.86379037165055044778E-16   -0.20194174676038678343E-15
    0.77644842146846855258E+01   -0.11459204986939626743E-14    0.13016638088391424541E-15
    0.77732720114914926057E+01   -0.18708756164095249730E-14    0.78908751074768490402E-16
    0.77820598082982987975E+01   -0.20624829367746212984E-14   -0.19908955789554531281E-15
    0.77908476051051058775E+01   -0.17547140854868160473E-14   -0.36925937749366014443E-15
    0.77996354019119129575E+01   -0.11203052102121950342E-14   -0.25702682210959647297E-15
    0.78084231987187191493E+01   -0.38436234968408572991E-15    0.78493343751474081667E-16
    0.78172109955255262292E+01    0.25433428709847334934E-15    0.44037751698525432826E-15
    0.78259987923323333092E+01    0.67267200945322598741E-15    0.62115407068498814122E-15
    0.78347865891391395010E+01    0.82686367737090924171E-15    0.55798700153392323610E-15
    0.78435743859459465810E+01    0.74094617867784559255E-15    0.43003415135564045646E-15
    0.78523621827527536610E+01    0.47760520130257813214E-15    0.48927473381046184598E-15
    0.78611499795595607409E+01    0.10116156142247899225E-15    0.74514284982178813181E-15
    0.78699377763663669327E+01   -0.32083988446471835788E-15    0.89757651180018346531E-15
    0.78787255731731740127E+01   -0.65521140280731476298E-15    0.67618739571399231017E-15
    0.78875133699799810927E+01   -0.67305199042720969173E-15    0.16650792744939814380E-15
    0.78963011667867872845E+01   -0.21074773835641573459E-15   -0.30857033167085546118E-15
    0.79050889635935943645E+01    0.57230279855241592187E-15   -0.56352708291883242602E-15
    0.79138767604004014444E+01    0.12003192205102065291E-14   -0.69022598197946491504E-15
    0.79226645572072076362E+01    0.13082551676803333711E-14   -0.80403965211776179605E-15
    0.79314523540140147162E+01    0.10215132307164465482E-14   -0.79430019438478944200E-15
    0.79402401508208217962E+01    0.74602320893296470614E-15   -0.46474568490071337125E-15
    0.79490279476276279880E+01    0.62774951489071898355E-15    0.11059985644857199439E-15
    0.79578157444344350679E+01    0.38549308934429000423E-15    0.52123432566278269171E-15
    0.79666035412412421479E+01   -0.24500023773866394445E-15    0.42336913624118652287E-15
    0.79753913380480492279E+01   -0.10698806210695800453E-14   -0.77148622804024781940E-16
    0.79841791348548554197E+01   -0.15743098387960112650E-14   -0.55813448896403506189E-15
    0.79929669316616624997E+01   -0.13934110309709289250E-14   -0.70972064333737141949E-15
    0.80017547284684695796E+01   -0.57461956677481174244E-15   -0.54630664077904659797E-15
    0.80105425252752748833E+01    0.51648017901081125024E-15   -0.25476189151895939108E-15
    0.80193303220820819632E+01    0.13840179681060565171E-14    0.54635737246709159212E-17
    0.80281181188888890432E+01    0.16379557925955999467E-14    0.16286595833024408978E-15
    0.80369059156956961232E+01    0.12396987309230741898E-14    0.21005948665108274341E-15
    0.80456937125025032032E+01    0.52216837517739791568E-15    0.17816108488914886797E-15
    0.80544815093093102831E+01   -0.13099995953669991076E-15    0.11770949994031730828E-15
    0.80632693061161173631E+01   -0.58905014677925471936E-15    0.79837957664982534486E-16
    0.80720571029229226667E+01   -0.90679124202662238124E-15    0.92629839528173681820E-16
    0.80808448997297297467E+01   -0.10540063244403051735E-14    0.13744501493446989672E-15
    0.80896326965365368267E+01   -0.85328535346499565375E-15    0.15907692191836435002E-15
    0.80984204933433439066E+01   -0.25030544749581247982E-15    0.12624701345009902151E-15
    0.81072082901501509866E+01    0.45534478407480178880E-15    0.80274394185468679173E-16
    0.81159960869569580666E+01    0.82266708744369184458E-15    0.93857672211132163228E-16
    0.81247838837637633702E+01    0.71531010565824936517E-15    0.18234013101252042245E-15
    0.81335716805705704502E+01    0.42161372196260145743E-15    0.27881036938911545402E-15
    0.81423594773773775302E+01    0.26785799766939766723E-15    0.30866934619503267885E-15
    0.81511472741841846101E+01    0.24512096280624813088E-15    0.26398472386767067319E-15
    0.81599350709909916901E+01    0.12147822484407599969E-15    0.19205712867982824208E-15
    0.81687228677977987701E+01   -0.18288941851601257079E-15    0.13651213194002401398E-15
    0.81775106646046058501E+01   -0.46112098793096822808E-15    0.10946307715992192410E-15
    0.81862984614114111537E+01   -0.46499561158593105614E-15    0.11413227025691346181E-15
    0.81950862582182182337E+01   -0.16186741753719272284E-15    0.16915422074288148362E-15
    0.82038740550250253136E+01    0.28210421691837504231E-15    0.29705659289083404693E-15
    0.82126618518318323936E+01    0.67139942385173409481E-15    0.49319214201925440070E-15
    0.82214496486386394736E+01    0.88256834600242060360E-15    0.70855074518945077413E-15
    0.82302374454454465535E+01    0.85141743456213043522E-15    0.85504415384654614964E-15
    0.82390252422522518572E+01    0.55279872206992542228E-15    0.82877779596564910288E-15
    0.82478130390590589371E+01    0.46170864626676221902E-16    0.58278786541525760275E-15
    0.82566008358658660171E+01   -0.45289438827486744756E-15    0.21658293916514172393E-15
    0.82653886326726730971E+01   -0.63534468396975754836E-15   -0.63892618889854781519E-16
    0.82741764294794801771E+01   -0.35577273071425942614E-15   -0.17318071454798282975E-15
    0.82829642262862872570E+01    0.16959281821889160160E-15   -0.30660701992812206167E-15
    0.82917520230930943370E+01    0.54221848800561560418E-15   -0.70138828776888359132E-15
    0.83005398198998996406E+01    0.55309940400633282078E-15   -0.12088948523127081716E-14
    0.83093276167067067206E+01    0.31362939509559662052E-15   -0.12871909915710114998E-14
    0.83181154135135138006E+01    0.24334064279853052675E-16   -0.60905914801168036380E-15
    0.83269032103203208806E+01   -0.25725501143593473644E-15    0.43271902540054120261E-15
    0.83356910071271279605E+01   -0.56672934207208275802E-15    0.10849393286868279764E-14
    0.83444788039339350405E+01   -0.83924764082977420058E-15    0.10304695914719839141E-14
    0.83532666007407403441E+01   -0.88292064176325246906E-15    0.63939716060978870575E-15
    0.83620543975475474241E+01   -0.60071966887927940042E-15    0.40869433960158481207E-15
    0.83708421943543545041E+01   -0.17155939319772849563E-15    0.40549108378481451248E-15
    0.83796299911611615840E+01    0.10994554309429603532E-15    0.34972446818334047958E-15
    0.83884177879679686640E+01    0.16000805985114699095E-15    0.34216471390760720975E-16
    0.83972055847747757440E+01    0.17201274630330415188E-15   -0.46491878859143036980E-15
    0.84059933815815828240E+01    0.30426744711387026532E-15   -0.90341919212935897201E-15
    0.84147811783883881276E+01    0.41168438315003259347E-15   -0.10382674572473648020E-14
    0.84235689751951952076E+01    0.22303607708199383538E-15   -0.74770523193165485223E-15
    0.84323567720020022875E+01   -0.26497873664111679238E-15   -0.11407381206634159160E-15
    0.84411445688088093675E+01   -0.70772182241165276303E-15    0.59608147708167765727E-15
    0.84499323656156164475E+01   -0.78689087460289737302E-15    0.10909749447736771405E-14
    0.84587201624224235275E+01   -0.54868941703300701924E-15    0.12059897207260951384E-14
    0.84675079592292288311E+01   -0.27578436531028075628E-15    0.92951845260639213982E-15
    0.84762957560360359111E+01   -0.12649882963524397837E-15    0.36010438052128695222E-15
    0.84850835528428429910E+01   -0.10762852301214560723E-16   -0.33056135047504291074E-15
    0.84938713496496500710E+01    0.18844401038725537230E-15   -0.92096797121594194105E-15
    0.85026591464564571510E+01    0.40582521997482321070E-15   -0.11803580250516183989E-14
    0.85114469432632642309E+01    0.47857735010184486389E-15   -0.98053088166478761871E-15
    0.85202347400700713109E+01    0.37445452767107999220E-15   -0.42996658000193767690E-15
    0.85290225368768766145E+01    0.24988927454385980485E-15    0.16247121078013064014E-15
    0.85378103336836836945E+01    0.26464538153834257875E-15    0.55652978597023494884E-15
    0.85465981304904907745E+01    0.40551829152396492616E-15    0.79083815270990108136E-15
    0.85553859272972978545E+01    0.51506161446172691118E-15    0.10209446619919526018E-14
    0.85641737241041049344E+01    0.42826479956073952366E-15    0.11872173997143026504E-14
    0.85729615209109120144E+01    0.86922289131926240539E-16    0.98923163295010727441E-15
    0.85817493177177173180E+01   -0.38669852221557079902E-15    0.28611109832414076502E-15
    0.85905371145245243980E+01   -0.68695741052061940123E-15   -0.58267374975287766110E-15
    0.85993249113313314780E+01   -0.54023820145642291623E-15   -0.10506182111812825509E-14
    0.86081127081381385580E+01   -0.68302354758182782927E-17   -0.85027338746610579340E-15
    0.86169005049449456379E+01    0.51784885097779923875E-15   -0.20758314625010310729E-15
    0.86256883017517527179E+01    0.70940235911022684339E-15    0.43048684407356618632E-15
    0.86344760985585597979E+01    0.64952092760966890437E-15    0.70947612387840747590E-15
    0.86432638953653651015E+01    0.63755477655307365841E-15    0.50429671693146038200E-15
    0.86520516921721721815E+01    0.75895237563270007409E-15   -0.48021255655935695678E-16
    0.86608394889789792614E+01    0.78301559168938345089E-15   -0.62462212585622557671E-15
    0.86696272857857863414E+01    0.51510447659328417357E-15   -0.92857121664467164452E-15
    0.86784150825925934214E+01    0.10005678722957106582E-15   -0.87162487150412558654E-15
    0.86872028793994005014E+01   -0.14515267930149474222E-15   -0.56733877541548375857E-15
    0.86959906762062058050E+01   -0.11553658861432398330E-15   -0.22427781760215834152E-15
    0.87047784730130128850E+01   -0.13427045270926440782E-16   -0.29264513115490892807E-16
    0.87135662698198199649E+01   -0.48739518771000313781E-16   -0.26859550448651778979E-16
    0.87223540666266270449E+01   -0.17420063268089237296E-15   -0.62895694185164796877E-16
    0.87311418634334341249E+01   -0.19786197069681648149E-15    0.52791787979264272881E-16
    0.87399296602402412049E+01   -0.68280282761222150888E-16    0.29387905579623816214E-15
    0.87487174570470482848E+01    0.61567714718523397096E-16    0.39591224000741682007E-15
    0.87575052538538535885E+01    0.70202655729171451029E-16    0.14077749311662123676E-15
    0.87662930506606606684E+01    0.60956412989081041906E-16   -0.39579747380681425894E-15
    0.87750808474674677484E+01    0.21997586526364133968E-15   -0.91722917119928281912E-15
    0.87838686442742748284E+01    0.52891823633149480029E-15   -0.11354432581578563247E-14
    0.87926564410810819084E+01    0.73517412209058219601E-15   -0.92498630060053825575E-15
    0.88014442378878889883E+01    0.66310147551281618698E-15   -0.36700033105864520878E-15
    0.88102320346946942919E+01    0.46070336076869550861E-15    0.26961646136285969406E-15
    0.88190198315015013719E+01    0.41754175755069570793E-15    0.68611866991730305781E-15
    0.88278076283083084519E+01    0.59462298140669454015E-15    0.76508392060029207157E-15
    0.88365954251151155319E+01    0.73786217184717295770E-15    0.61689868336188661348E-15
    0.88453832219219226118E+01    0.56677565196352745557E-15    0.41233896624645747181E-15
    0.88541710187287296918E+01    0.45701584931843083328E-16    0.22273124964879911917E-15
    0.88629588155355367718E+01   -0.63375014777275473863E-15    0.16918040865371767294E-16
    0.88717466123423420754E+01   -0.12114027042992507445E-14   -0.26224724410323887232E-15
    0.88805344091491491554E+01   -0.14790535908676448259E-14   -0.61470410809805937402E-15
    0.88893222059559562354E+01   -0.13419244446711066418E-14   -0.89918585928655289518E-15
    0.88981100027627633153E+01   -0.84905090574492036287E-15   -0.82842273825393040027E-15
    0.89068977995695703953E+01   -0.15833186368051857193E-15   -0.22242026489519556380E-15
    0.89156855963763774753E+01    0.52887400183528196026E-15    0.65543954379478426485E-15
    0.89244733931831827789E+01    0.10146500956818931541E-14    0.11905629036759492648E-14
    0.89332611899899898589E+01    0.11265508692751697269E-14    0.10468279881747946357E-14
    0.89420489867967969388E+01    0.75607122825536227497E-15    0.60696186952343410384E-15
    0.89508367836036040188E+01   -0.35244569803889922026E-16    0.48505548984967048559E-15
    0.89596245804104110988E+01   -0.90368032735844035395E-15    0.66964180209162104865E-15
    0.89684123772172181788E+01   -0.13656876245582751121E-14    0.48392264637494886134E-15
    0.89772001740240252587E+01   -0.12518153702397505490E-14   -0.42138052591964848182E-15
    0.89859879708308305624E+01   -0.98015451495092963446E-15   -0.13419132169085359165E-14
    0.89947757676376376423E+01   -0.10734901345836498552E-14   -0.12431012961289782730E-14
    0.90035635644444447223E+01   -0.13932372382603097012E-14   -0.66587185738650453210E-16
    0.90123513612512518023E+01   -0.11633563698298514764E-14    0.11100926324611698783E-14
    0.90211391580580588823E+01    0.22295795391090781240E-16    0.13566473415129190088E-14
    0.90299269548648659622E+01    0.14605335611890057082E-14    0.92698790029522930555E-15
    0.90387147516716712659E+01    0.20043075817421942452E-14    0.69891609842878208882E-15
    0.90475025484784783458E+01    0.13012098322339368662E-14    0.94655248219626854869E-15
    0.90562903452852854258E+01    0.65096128576495055231E-16    0.10707294584350025603E-14
    0.90650781420920925058E+01   -0.86456744017536193773E-15    0.53583924224002347764E-15
    0.90738659388988995858E+01   -0.13386341581647597353E-14   -0.35656232350984707009E-15
    0.90826537357057066657E+01   -0.16493274385708374499E-14   -0.87625400186777576849E-15
    0.90914415325125137457E+01   -0.18333362787005471053E-14   -0.76170167478866616136E-15
    0.91002293293193190493E+01   -0.15359923790046428240E-14   -0.41974237262477132856E-15
    0.91090171261261261293E+01   -0.57784003150791889378E-15   -0.25530043667114088585E-15
    0.91178049229329332093E+01    0.60810587191055404842E-15   -0.12954838900608325548E-15
    0.91265927197397402892E+01    0.13226312524329530636E-14    0.30972708592281480011E-15
    0.91353805165465473692E+01    0.12635380137222594896E-14    0.95557838659860959853E-15
    0.91441683133533544492E+01    0.70099084072920342164E-15    0.12074930227120129475E-14
    0.91529561101601597528E+01    0.50639438578701749020E-16    0.71604576318124237390E-15
    0.91617439069669668328E+01   -0.51148079201026483162E-15   -0.75210074064630249699E-16
    0.91705317037737739128E+01   -0.98415543125321484086E-15   -0.42590541536656467047E-15
    0.91793195005805809927E+01   -0.12888543977930760512E-14   -0.19434287412266306240E-15
    0.91881072973873880727E+01   -0.12307308116767509071E-14    0.44890213792029411238E-16
    0.91968950941941951527E+01   -0.72215545358298859563E-15   -0.17558728182676448937E-15
    0.92056828910010004563E+01    0.45444431156828521736E-16   -0.57734848366072439529E-15
    0.92144706878078075363E+01    0.72418342257841942085E-15   -0.55167587280750998795E-15
    0.92232584846146146162E+01    0.10549876613829000258E-14    0.12151345794494326377E-16
    0.92320462814214216962E+01    0.98762824250132208931E-15    0.57630278339871117535E-15
    0.92408340782282287762E+01    0.64514028944589376036E-15    0.62111013025508421383E-15
    0.92496218750350358562E+01    0.24553592915117805872E-15    0.19961635185060962243E-15
    0.92584096718418411598E+01   -0.25103662484131166702E-16   -0.26433944245769725882E-15
    0.92671974686486482398E+01   -0.14447218853492859557E-15   -0.48840844970307489054E-15
    0.92759852654554553197E+01   -0.23673104960310007879E-15   -0.51274876508937944432E-15
    0.92847730622622623997E+01   -0.38303413402097651067E-15   -0.47793934407650760750E-15
    0.92935608590690694797E+01   -0.49025888944043700376E-15   -0.41587577160851429333E-15
    0.93023486558758765597E+01   -0.41957842698405769636E-15   -0.28184488722491638080E-15
    0.93111364526826818633E+01   -0.20815561309272825770E-15   -0.85427853200603585340E-16
    0.93199242494894889433E+01   -0.74051543179143279402E-16    0.75764968060424058637E-16
    0.93287120462962960232E+01   -0.16782012275344482350E-15    0.99824794639257531799E-16
    0.93374998431031031032E+01   -0.38874600891725802130E-15   -0.41166986668608194232E-16
    0.93462876399099101832E+01   -0.51642045921211997823E-15   -0.29672612703622512277E-15
    0.93550754367167172632E+01   -0.46173731212152295325E-15   -0.56773330436543541078E-15
    0.93638632335235243431E+01   -0.32283273937767424999E-15   -0.74227982214133781852E-15
    0.93726510303303296467E+01   -0.21253599878029253384E-15   -0.73650456562626010968E-15
    0.93814388271371367267E+01   -0.11766192184589623118E-15   -0.53295914421459553089E-15
    0.93902266239439438067E+01    0.38525291283780803009E-16   -0.20931487312645813881E-15
    0.93990144207507508867E+01    0.25713210918077649324E-15    0.48876623591683452109E-16
    0.94078022175575579666E+01    0.44360004388971450609E-15    0.31749933769621402917E-16
    0.94165900143643650466E+01    0.52552883442984900070E-15   -0.30572996881371283988E-15
    0.94253778111711703502E+01    0.53323707436844229527E-15   -0.73893640828460025641E-15
    0.94341656079779774302E+01    0.50745009046424688677E-15   -0.96249538416934643073E-15
    0.94429534047847845102E+01    0.35476170950276401862E-15   -0.88009449310600220643E-15
    0.94517412015915915902E+01   -0.95999776257017864699E-16   -0.65299367574100477230E-15
    0.94605289983983986701E+01   -0.81319639329790750216E-15   -0.47362324435110944641E-15
    0.94693167952052057501E+01   -0.14052754182048411702E-14   -0.37354767551154779960E-15
    0.94781045920120128301E+01   -0.14210832565280947833E-14   -0.25710818460858105570E-15
    0.94868923888188181337E+01   -0.80231580594748649099E-15   -0.29277244015721301622E-16
    0.94956801856256252137E+01    0.60428065580819296251E-16    0.31750507915047692820E-15
    0.95044679824324322936E+01    0.71808943063251360748E-15    0.66885560817183387115E-15
    0.95132557792392393736E+01    0.99358331477098782167E-15    0.81404314135659979655E-15
    0.95220435760460464536E+01    0.93957387699202888903E-15    0.61821806594937661514E-15
    0.95308313728528535336E+01    0.64941088614119081167E-15    0.22420842641782555858E-15
    0.95396191696596588372E+01    0.19244047182618158055E-15   -0.19777616690622756409E-16
    0.95484069664664659172E+01   -0.30765406256425330050E-15    0.68592902990938824392E-16
    0.95571947632732729971E+01   -0.63407944788116510741E-15    0.26907076790604747647E-15
    0.95659825600800800771E+01   -0.61279933339828137572E-15    0.23286805707950590857E-15
    0.95747703568868871571E+01   -0.29637635893495673294E-15   -0.74785820578634568689E-16
    0.95835581536936942371E+01    0.68836583673553436339E-16   -0.34203062376553044699E-15
    0.95923459505005013170E+01    0.31113818465806488265E-15   -0.32940863067532470333E-15
    0.96011337473073066207E+01    0.50753690291325121955E-15   -0.17001794778304945526E-15
    0.96099215441141137006E+01    0.79272936748221915480E-15   -0.14245208800024593347E-15
    0.96187093409209207806E+01    0.10547500075471608952E-14   -0.26704993221417388498E-15
    0.96274971377277278606E+01    0.96441608206071581933E-15   -0.28252578821530687040E-15
    0.96362849345345349406E+01    0.36676060357518350045E-15   -0.38036259478770602593E-16
    0.96450727313413420205E+01   -0.45613355334677338307E-15    0.24170392959733713833E-15
    0.96538605281481491005E+01   -0.10309249028188697078E-14    0.21812583476888228509E-15
    0.96626483249549544041E+01   -0.11144270263826363012E-14   -0.12831725930505585290E-15
    0.96714361217617614841E+01   -0.80837414825423415329E-15   -0.46604929193065411639E-15
    0.96802239185685685641E+01   -0.33831046679288493781E-15   -0.51386277721741939846E-15
    0.96890117153753756440E+01    0.14287829082674316819E-15   -0.33275243500375698825E-15
    0.96977995121821827240E+01    0.54400036123762444726E-15   -0.13753143714050496834E-15
    0.97065873089889898040E+01    0.75050547497141648071E-15    0.47548742407976030799E-16
    0.97153751057957951076E+01    0.63833640917493214485E-15    0.38638346064760707448E-15
    0.97241629026026021876E+01    0.19451459795297227878E-15    0.85932881122727135910E-15
    0.97329506994094092676E+01   -0.40879716248385016800E-15    0.10622712073677774287E-14
    0.97417384962162163475E+01   -0.90963054539462673314E-15    0.61808486963957801947E-15
    0.97505262930230234275E+01   -0.11111642003178560477E-14   -0.24684727130253271880E-15
    0.97593140898298305075E+01   -0.95566314643591347021E-15   -0.80057008859551203843E-15
    0.97681018866366375875E+01   -0.50977646119881418694E-15   -0.61023589726052902621E-15
    0.97768896834434428911E+01    0.72122073256429118174E-16   -0.64609403881559196040E-16
    0.97856774802502499710E+01    0.60787751195956804206E-15    0.14178768434265044655E-15
    0.97944652770570570510E+01    0.95267199997792904419E-15   -0.14694633266297220046E-15
    0.98032530738638641310E+01    0.10314795235325093095E-14   -0.44014986167492297207E-15
    0.98120408706706712110E+01    0.83716100084913677777E-15   -0.26898267239092158610E-15
    0.98208286674774782909E+01    0.42602814397285244781E-15    0.29592894524333780455E-15
    0.98296164642842835946E+01   -0.79858433644393036997E-16    0.83108170716375817152E-15
    0.98384042610910906745E+01   -0.49597024486702330110E-15    0.10000329631846676248E-14
    0.98471920578978977545E+01   -0.64019291359734163301E-15    0.74507343200560585191E-15
    0.98559798547047048345E+01   -0.45881105143757649255E-15    0.21039610684449877984E-15
    0.98647676515115119145E+01   -0.90431232689644636315E-16   -0.37335509016067313125E-15
    0.98735554483183189944E+01    0.25652778615376750257E-15   -0.80276414717257450053E-15
    0.98823432451251260744E+01    0.48121253056420300448E-15   -0.10007169567083543903E-14
    0.98911310419319313780E+01    0.61911824606305733082E-15   -0.10144693321957645675E-14
    0.98999188387387384580E+01    0.71739750541394099187E-15   -0.91203308272748163838E-15
    0.99087066355455455380E+01    0.73262782240033140092E-15   -0.70732478034466708628E-15
    0.99174944323523526180E+01    0.54482740760024192932E-15   -0.39838038142667058374E-15
    0.99262822291591596979E+01    0.30949696480066736436E-16   -0.41226895445122788331E-16
    0.99350700259659667779E+01   -0.76756190965734460249E-15    0.24511824175944178576E-15
    0.99438578227727720815E+01   -0.13982173291098538476E-14    0.34501480283454815194E-15
    0.99526456195795791615E+01   -0.11198882364580897355E-14    0.21530981097582325875E-15
    0.99614334163863862415E+01   -0.18969300686201704436E-17   -0.65202810803370711152E-16
    0.99702212131931933214E+01    0.37082955808592982317E-15   -0.35266258804631952890E-15
    0.99790090100000004014E+01    0.17708576058171291273E-14   -0.11995302037807426506E-14
