    0.11999999999999999556E+01    0.00000000000000000000E+00    0.00000000000000000000E+00
    0.12087877968068068135E+01   -0.16947975827456680557E-09    0.26082828669526291287E-17
    0.12175755936136136715E+01    0.26056806662618106782E-09   -0.28053038844213895245E-17
    0.12263633904204203073E+01    0.23998561869281908747E-09   -0.38149068522795863640E-17
    0.12351511872272271653E+01   -0.56250337469097019512E-09    0.61636603847560820902E-17
    0.12439389840340340232E+01   -0.54498388835406368509E-09    0.11401539944504402107E-16
    0.12527267808408408811E+01    0.10470004238801179442E-08    0.13732912369932226638E-18
    0.12615145776476475170E+01    0.23855128676759613444E-08   -0.16546303890858549122E-16
    0.12703023744544543749E+01    0.13789657992405606724E-08   -0.19665868202340744969E-16
    0.12790901712612612329E+01   -0.10108524398501688375E-08   -0.70704880426090606331E-17
    0.12878779680680680908E+01   -0.14760669916233912555E-08    0.51977578980891549536E-17
    0.12966657648748749487E+01    0.10130053430483350129E-08    0.46774654377148022172E-17
    0.13054535616816815846E+01    0.28393300660482501489E-08   -0.29115349506637635831E-17
    0.13142413584884884425E+01    0.36993911257666996774E-09   -0.50277467549778969371E-17
    0.13230291552952953005E+01   -0.38941577825798127122E-08   -0.94760872146939093110E-18
    0.13318169521021021584E+01   -0.32693505111505528972E-08   -0.17216202726852375035E-17
    0.13406047489089087943E+01    0.33962811264961742323E-08   -0.11927394409841939729E-16
    0.13493925457157156522E+01    0.72120038892502104809E-08   -0.19391019055560212591E-16
    0.13581803425225225102E+01    0.25732478552593705871E-09   -0.10825527482250100734E-16
    0.13669681393293293681E+01   -0.10358539138157537885E-07    0.66225529911569242732E-17
    0.13757559361361360040E+01   -0.80203843187399588538E-08    0.10909671314405216229E-16
    0.13845437329429428619E+01    0.93468550516550512960E-08   -0.35944985522976480910E-17
    0.13933315297497497198E+01    0.18649248628721262927E-07   -0.10966121780434871872E-16
    0.14021193265565565778E+01    0.69552239533752405565E-10    0.13174983219201957071E-16
    0.14109071233633634357E+01   -0.27246604013540624250E-07    0.48854207042902229282E-16
    0.14196949201701700716E+01   -0.20179986539130166040E-07    0.46257438514267361995E-16
    0.14284827169769769295E+01    0.25986295758586203612E-07   -0.58548140963709066230E-17
    0.14372705137837837874E+01    0.50960784886705680361E-07   -0.46414206464376124472E-16
    0.14460583105905906454E+01    0.51849721981592973299E-08   -0.10144893715904142273E-16
    0.14548461073973975033E+01   -0.55737264360716699364E-07    0.82435708451430480507E-16
    0.14636339042042041392E+01   -0.72549015163814504225E-08    0.14290651607835079427E-15
    0.14724217010110109971E+01    0.18772809428217832805E-06    0.13380834399820820736E-15
    0.14812094978178178550E+01    0.43265674258078735547E-06    0.13217958273919410084E-15
    0.14899972946246244909E+01    0.75486882366687957543E-06    0.22770195087687641021E-15
    0.14987850914314313489E+01    0.16485980196988518315E-05    0.38311307678318212785E-15
    0.15075728882382382068E+01    0.42401269190675502341E-05    0.44969939644060112139E-15
    0.15163606850450450647E+01    0.10315484496900673259E-04    0.32783587881449620352E-15
    0.15251484818518519226E+01    0.23117231433020462119E-04    0.74328335920742630306E-16
    0.15339362786586585585E+01    0.50022266999352019991E-04   -0.16243936208655038136E-15
    0.15427240754654654165E+01    0.10633391926447647018E-03   -0.26186061159139451308E-15
    0.15515118722722722744E+01    0.22185564335134875321E-03   -0.19426187579335049292E-15
    0.15602996690790791323E+01    0.45031194544460097749E-03   -0.28474097975612232167E-16
    0.15690874658858859902E+01    0.88538067851553982519E-03    0.92367716416461128555E-16
    0.15778752626926926261E+01    0.16914986963028511447E-02    0.33084014642873039465E-16
    0.15866630594994994841E+01    0.31421017314584276901E-02   -0.24409963157595784846E-15
    0.15954508563063063420E+01    0.56712906574543017757E-02   -0.67978346466179002851E-15
    0.16042386531131129779E+01    0.99377693440006083236E-02   -0.12009518899540192455E-14
    0.16130264499199198358E+01    0.16890794005775575104E-01   -0.18083566125899627647E-14
    0.16218142467267266937E+01    0.27837035927688328490E-01   -0.26477882869346228874E-14
    0.16306020435335335517E+01    0.44485928742607330766E-01   -0.40519866119930243560E-14
    0.16393898403403404096E+01    0.68855261460615990732E-01   -0.64317944675686087303E-14
    0.16481776371471470455E+01    0.10304162193921170831E+00   -0.10034820676407201545E-13
    0.16569654339539539034E+01    0.14881743821143628148E+00   -0.14810271938341953610E-13
    0.16657532307607607613E+01    0.20686536498489901947E+00   -0.20558612992210304686E-13
    0.16745410275675676193E+01    0.27588328720389027060E+00   -0.27134958875763902590E-13
    0.16833288243743744772E+01    0.35168701885761227688E+00   -0.34351021645473639889E-13
    0.16921166211811811131E+01    0.42634531713932893870E+00   -0.41609601511013455562E-13
    0.17009044179879879710E+01    0.48798822774389177814E+00   -0.47711606411025827325E-13
    0.17096922147947948289E+01    0.52215483940662521523E+00   -0.51136127515349993304E-13
    0.17184800116016014648E+01    0.51392818213740654176E+00   -0.50467163152663995551E-13
    0.17272678084084085448E+01    0.45160185464338303829E+00   -0.44694627622507113465E-13
    0.17360556052152151807E+01    0.33165265676931493521E+00   -0.33401734105730394650E-13
    0.17448434020220220386E+01    0.16264873825438733168E+00   -0.17033362853511071419E-13
    0.17536311988288288966E+01   -0.33637625577819268985E-01    0.26204261299265812778E-14
    0.17624189956356355324E+01   -0.22298204447911257331E+00    0.22042095114326788331E-13
    0.17712067924424426124E+01   -0.36496534796274360257E+00    0.36696059158576529196E-13
    0.17799945892492492483E+01   -0.42406614220857824504E+00    0.42695693878523532699E-13
    0.17887823860560561062E+01   -0.38034745514072393346E+00    0.38199740715050939146E-13
    0.17975701828628629642E+01   -0.23788536037019311631E+00    0.23934415966876786528E-13
    0.18063579796696696000E+01   -0.30466344624747135339E-01    0.32953233193787565210E-14
    0.18151457764764764580E+01    0.18466111990404748822E+00   -0.18272900933040683889E-13
    0.18239335732832833159E+01    0.34357841455055271318E+00   -0.34537688428324786058E-13
    0.18327213700900899518E+01    0.39394169728090228100E+00   -0.40045166269893116975E-13
    0.18415091668968970318E+01    0.31360927530282572961E+00   -0.32194024958765547030E-13
    0.18502969637037036676E+01    0.12602932092304833245E+00   -0.13111499317805846783E-13
    0.18590847605105105256E+01   -0.10478766607234897557E+00    0.10721148150072384910E-13
    0.18678725573173173835E+01   -0.29722344665503119820E+00    0.30825047001746754170E-13
    0.18766603541241240194E+01   -0.37812046864426851478E+00    0.39452648176822990278E-13
    0.18854481509309310994E+01   -0.31097480535930299705E+00    0.32614243301830001714E-13
    0.18942359477377377353E+01   -0.11969229074558852821E+00    0.12663517187254017039E-13
    0.19030237445445445932E+01    0.11855350144306472937E+00   -0.12363308724459505994E-13
    0.19118115413513514511E+01    0.30722510424003995899E+00   -0.32226468400500027693E-13
    0.19205993381581580870E+01    0.36613879206106780817E+00   -0.38268254247567854452E-13
    0.19293871349649649449E+01    0.26419652637226864744E+00   -0.27136949865231935498E-13
    0.19381749317717718029E+01    0.44188832022633642294E-01   -0.36748613548268809973E-14
    0.19469627285785784387E+01   -0.19345802041451404252E+00    0.21025566375778236976E-13
    0.19557505253853855187E+01   -0.34175589871945089016E+00    0.35650854388926547142E-13
    0.19645383221921921546E+01   -0.33325027973059440090E+00    0.33798148312698969920E-13
    0.19733261189989990125E+01   -0.16644971192385168979E+00    0.16121048746984658622E-13
    0.19821139158058058705E+01    0.81829829309871968124E-01   -0.91779317209185229245E-14
    0.19909017126126125063E+01    0.28837364554928818228E+00   -0.29728808709897137098E-13
    0.19996895094194195863E+01    0.35192566252451135123E+00   -0.35549271811366673885E-13
    0.20084773062262262222E+01    0.24424346327324611416E+00   -0.23955334207354840846E-13
    0.20172651030330328581E+01    0.14885053128807460010E-01   -0.14563344470416730748E-15
    0.20260528998398399381E+01   -0.22473524299506530966E+00    0.24257323700903228011E-13
    0.20348406966466465740E+01   -0.34918470171289389681E+00    0.36255252247690817547E-13
    0.20436284934534532098E+01   -0.29168611814543582428E+00    0.29321931562316033384E-13
    0.20524162902602602898E+01   -0.86165128494268120041E-01    0.77584279330433406779E-14
    0.20612040870670673698E+01    0.16195761391647645056E+00   -0.17068027271633510331E-13
    0.20699918838738740057E+01    0.32837279040162442589E+00   -0.32938583226193254564E-13
    0.20787796806806806416E+01    0.32344888175284669529E+00   -0.31890839590778194533E-13
    0.20875674774874877215E+01    0.14414632749398029188E+00   -0.14184487144697198888E-13
    0.20963552742942943574E+01   -0.11087426703652278337E+00    0.10826062329146141905E-13
    0.21051430711011009933E+01   -0.30335595070172122201E+00    0.30070311353367477471E-13
    0.21139308679079080733E+01   -0.33555223914949644515E+00    0.33684325756992829485E-13
    0.21227186647147147092E+01   -0.19101225051173509328E+00    0.19241207799464482295E-13
    0.21315064615215213450E+01    0.59139214295267063248E-01   -0.64666816886976585729E-14
    0.21402942583283284250E+01    0.27917450514044250820E+00   -0.29149999931497566413E-13
    0.21490820551351350609E+01    0.34476095502705134122E+00   -0.35488920941863558313E-13
    0.21578698519419421409E+01    0.22343409128359870142E+00   -0.22294894054461342639E-13
    0.21666576487487487768E+01   -0.15020216079406005505E-01    0.25349584161403039275E-14
    0.21754454455555558567E+01   -0.24623297424898984986E+00    0.25835771884397439835E-13
    0.21842332423623624926E+01   -0.34734095619545701794E+00    0.35436122232538539430E-13
    0.21930210391691691285E+01   -0.25719907926124874198E+00    0.25786308627370493269E-13
    0.22018088359759762085E+01   -0.24524239760522568293E-01    0.21346209815022879577E-14
    0.22105966327827828444E+01    0.21829083696760553934E+00   -0.22252406226480425004E-13
    0.22193844295895894803E+01    0.34058327407791982866E+00   -0.34402209932831753653E-13
    0.22281722263963965602E+01    0.28145972580752920411E+00   -0.28278485686159411857E-13
    0.22369600232032031961E+01    0.68957878241115405649E-01   -0.67588076298220987548E-14
    0.22457478200100098320E+01   -0.18485559775240908986E+00    0.18760459417257240738E-13
    0.22545356168168169120E+01   -0.33684648101852393554E+00    0.33765019278015697589E-13
    0.22633234136236239920E+01   -0.30196462729766532229E+00    0.29794290137009844033E-13
    0.22721112104304301837E+01   -0.10572372532559712321E+00    0.97648497345134551977E-14
    0.22808990072372372637E+01    0.14572099176756078687E+00   -0.15346536619813883362E-13
    0.22896868040440443437E+01    0.32149980797135629951E+00   -0.32470326861038791552E-13
    0.22984746008508509796E+01    0.32425860888968349727E+00   -0.32237655436500375730E-13
    0.23072623976576576155E+01    0.14741458770333212835E+00   -0.14357762335457950712E-13
    0.23160501944644646954E+01   -0.10861378670939025870E+00    0.11016155948515397950E-13
    0.23248379912712713313E+01   -0.30247270273184545530E+00    0.29899415991157735565E-13
    0.23336257880780779672E+01   -0.33527038607995196529E+00    0.32728253535969500021E-13
    0.23424135848848850472E+01   -0.19108313476460098146E+00    0.18237185253147917987E-13
    0.23512013816916916831E+01    0.58439496411399845244E-01   -0.63120802020744586192E-14
    0.23599891784984983190E+01    0.27864266590520114786E+00   -0.27682383972392514210E-13
    0.23687769753053053989E+01    0.34698641268495095114E+00   -0.33983639168041571054E-13
    0.23775647721121124789E+01    0.23068577212170135460E+00   -0.22187241805268731843E-13
    0.23863525689189186707E+01   -0.41956688764851661835E-02    0.10731197117141251544E-14
    0.23951403657257257507E+01   -0.23785229878158933858E+00    0.24004518304259195045E-13
    0.24039281625325328307E+01   -0.34978400327204112186E+00    0.34873570774617859065E-13
    0.24127159593393394665E+01   -0.27632626621110972787E+00    0.27542914415802582452E-13
    0.24215037561461461024E+01   -0.56590763024988360863E-01    0.58615400558323036499E-14
    0.24302915529529531824E+01    0.18980276862131911786E+00   -0.18490798043121424965E-13
    0.24390793497597598183E+01    0.33695557472244103137E+00   -0.33148619292066087026E-13
    0.24478671465665664542E+01    0.31376515019799700035E+00   -0.31003270403886798264E-13
    0.24566549433733735341E+01    0.12877397301544771246E+00   -0.12784868334600290610E-13
    0.24654427401801801700E+01   -0.12504253450231597733E+00    0.12306022781683168679E-13
    0.24742305369869868059E+01   -0.31372641057888273064E+00    0.30907408234212042906E-13
    0.24830183337937938859E+01   -0.34088755363932687903E+00    0.33404705113320847357E-13
    0.24918061306006009659E+01   -0.19852091372853000739E+00    0.19047817293714334265E-13
    0.25005939274074071577E+01    0.42848589079846316485E-01   -0.50523778442256224456E-14
    0.25093817242142142376E+01    0.26567519726211286102E+00   -0.27109615231047890279E-13
    0.25181695210210213176E+01    0.35612180945311294744E+00   -0.35774485786969723771E-13
    0.25269573178278279535E+01    0.26706093932632818388E+00   -0.26473166523430245723E-13
    0.25357451146346345894E+01    0.47694864496491885808E-01   -0.43427124716121179856E-14
    0.25445329114414416694E+01   -0.19326277704337946339E+00    0.19602517160357553762E-13
    0.25533207082482483052E+01   -0.34212707320154295276E+00    0.34076659264047099770E-13
    0.25621085050550549411E+01   -0.32600230099066224154E+00    0.32063644210440761573E-13
    0.25708963018618620211E+01   -0.14973357606608261872E+00    0.14337680358865157160E-13
    0.25796840986686686570E+01    0.98186698469531000222E-01   -0.10105842398161215431E-13
    0.25884718954754752929E+01    0.29706164516487421068E+00   -0.29299179485813218407E-13
    0.25972596922822823728E+01    0.35635257508683065852E+00   -0.34577437766192687538E-13
    0.26060474890890894528E+01    0.24925518938602275743E+00   -0.23724381697877694819E-13
    0.26148352858958960887E+01    0.23081828209696036991E-01   -0.16257619479494860994E-14
    0.26236230827027027246E+01   -0.21452420354378115563E+00    0.21275185099488241664E-13
    0.26324108795095098046E+01   -0.35057941270502557263E+00    0.34198741092812162743E-13
    0.26411986763163164404E+01   -0.32568194351968271505E+00    0.31557912292408255528E-13
    0.26499864731231230763E+01   -0.15347597950543484524E+00    0.14754338846430792582E-13
    0.26587742699299301563E+01    0.90189858373472167608E-01   -0.88908291853539968949E-14
    0.26675620667367367922E+01    0.29424227670164537773E+00   -0.28711447549324512219E-13
    0.26763498635435434281E+01    0.36395223217164551777E+00   -0.35557998826238393458E-13
    0.26851376603503505081E+01    0.27076541449317997889E+00   -0.26516094416988898709E-13
    0.26939254571571571439E+01    0.58961721555196792977E-01   -0.57014852302242679791E-14
    0.27027132539639637798E+01   -0.17990209431909792714E+00    0.17893380801038684010E-13
    0.27115010507707708598E+01   -0.34124622910596674741E+00    0.33666465273102435940E-13
    0.27202888475775779398E+01   -0.35204387476607329477E+00    0.34203602050500215418E-13
    0.27290766443843845757E+01   -0.20968096364197441606E+00    0.19529535936271787906E-13
    0.27378644411911912115E+01    0.21400368290246437469E-01   -0.34254364458588547113E-14
    0.27466522379979982915E+01    0.24385484149618502636E+00   -0.24826211722159254733E-13
    0.27554400348048049274E+01    0.36431778180922291810E+00   -0.35858951088370461904E-13
    0.27642278316116115633E+01    0.32990038203218191581E+00   -0.31915447621520715953E-13
    0.27730156284184186433E+01    0.15665592873219988390E+00   -0.14876102464964374282E-13
    0.27818034252252252791E+01   -0.80347857534111846722E-01    0.79751677642144138411E-14
    0.27905912220320319150E+01   -0.28443553025019147062E+00    0.27442296385580548079E-13
    0.27993790188388389950E+01   -0.37360267024506255140E+00    0.35789637209041135247E-13
    0.28081668156456460750E+01   -0.31003482592958514497E+00    0.29485828980815921121E-13
    0.28169546124524522668E+01   -0.12071278322564631125E+00    0.11121689397357236675E-13
    0.28257424092592593468E+01    0.11580188919879444431E+00   -0.11802687442585660204E-13
    0.28345302060660664267E+01    0.30640982167141966874E+00   -0.30302767441034260957E-13
    0.28433180028728730626E+01    0.37758331913335918539E+00   -0.37155800914848764948E-13
    0.28521057996796796985E+01    0.30019548882524105249E+00   -0.29453189703386333854E-13
    0.28608935964864867785E+01    0.10549539432954115059E+00   -0.10301622313933650885E-13
    0.28696813932932934144E+01   -0.12892562706912943926E+00    0.12617954664337272241E-13
    0.28784691901001000502E+01   -0.31405444984452796087E+00    0.30668586316466684826E-13
    0.28872569869069071302E+01   -0.38107429586259994325E+00    0.37365047006919886035E-13
    0.28960447837137137661E+01   -0.30365813223771159768E+00    0.30215362560603590522E-13
    0.29048325805205204020E+01   -0.11196903577085415282E+00    0.11785382168089703331E-13
    0.29136203773273274820E+01    0.12046531366061351276E+00   -0.11279433033507060818E-13
    0.29224081741341345619E+01    0.30859575283521073485E+00   -0.30668419653925740214E-13
    0.29311959709409407537E+01    0.38497885679806842507E+00   -0.39044905132864242458E-13
    0.29399837677477478337E+01    0.32108830610605509914E+00   -0.32846596423189759826E-13
    0.29487715645545549137E+01    0.14122527605584958565E+00   -0.14424387081875181355E-13
    0.29575593613613615496E+01   -0.88263568035121572897E-01    0.90960224820184996031E-14
    0.29663471581681681855E+01   -0.28672746290935052782E+00    0.29193431499986372113E-13
    0.29751349549749752654E+01   -0.38562868056195814814E+00    0.38943713523002230718E-13
    0.29839227517817819013E+01   -0.34996156376539055977E+00    0.34984431614603472054E-13
    0.29927105485885885372E+01   -0.19349279154480153453E+00    0.18781176953172241014E-13
    0.30014983453953956172E+01    0.28342981427615203394E-01   -0.40666584256419907673E-14
    0.30102861422022022531E+01    0.24089296031742457593E+00   -0.25877163838034340365E-13
    0.30190739390090088889E+01    0.37347829380107300246E+00   -0.39186730927822177384E-13
    0.30278617358158159689E+01    0.38149566978714599674E+00   -0.39271277775194757749E-13
    0.30366495326226230489E+01    0.26388750603902094705E+00   -0.26205651096399424206E-13
    0.30454373294294292407E+01    0.60817238168757066508E-01   -0.45559526449002451106E-14
    0.30542251262362363207E+01   -0.16231244694427496289E+00    0.18553745026456133794E-13
    0.30630129230430434006E+01   -0.33400804357085406293E+00    0.35628692417683299210E-13
    0.30718007198498500365E+01   -0.39920022188785636574E+00    0.41180739760242010228E-13
    0.30805885166566566724E+01   -0.33895003245346816412E+00    0.33735721013611918445E-13
    0.30893763134634637524E+01   -0.17355039234487767974E+00    0.15950726816810893447E-13
    0.30981641102702703883E+01    0.45942326156479536270E-01   -0.65700395482476660415E-14
    0.31069519070770770242E+01    0.25167948960915359491E+00   -0.26874148423473756246E-13
    0.31157397038838841041E+01    0.38063753570019842609E+00   -0.38773163255411458138E-13
    0.31245275006906907400E+01    0.39543196759973109344E+00   -0.38817991440223450410E-13
    0.31333152974974973759E+01    0.29277626779833665349E+00   -0.27074661931661426352E-13
    0.31421030943043044559E+01    0.10316306457641082062E+00   -0.70437145143221580553E-14
    0.31508908911111115358E+01   -0.11670446056664902923E+00    0.15192242434310384582E-13
    0.31596786879179177276E+01   -0.30243127813875003707E+00    0.32997281657348005954E-13
    0.31684664847247248076E+01   -0.40164888769583978467E+00    0.41303669777556762224E-13
    0.31772542815315318876E+01   -0.38672569659230926487E+00    0.37821038665542785198E-13
    0.31860420783383385235E+01   -0.26224527517359480511E+00    0.23584284926907919869E-13
    0.31948298751451451594E+01   -0.64607893188534576412E-01    0.27397601477334161963E-14
    0.32036176719519522393E+01    0.15078819887909217234E+00   -0.18847981406914369373E-13
    0.32124054687587593193E+01    0.32524536500124967553E+00   -0.35252898525822768568E-13
    0.32211932655655655111E+01    0.41137767909468614391E+00   -0.41997132990761065764E-13
    0.32299810623723725911E+01    0.38646219865027314766E+00   -0.37398222793774746760E-13
    0.32387688591791796711E+01    0.25881735763384688953E+00   -0.23061126504466127259E-13
    0.32475566559859858629E+01    0.62805508579002661262E-01   -0.29781097044964746631E-14
    0.32563444527927929428E+01   -0.14999489854921022047E+00    0.17706428579069545191E-13
    0.32651322495996000228E+01   -0.32391711612587315017E+00    0.33878794218696791586E-13
    0.32739200464064062146E+01   -0.41475398872326441069E+00    0.41582302483756555624E-13
    0.32827078432132132946E+01   -0.40079549676357911769E+00    0.38891984385021337647E-13
    0.32914956400200203745E+01   -0.28612822701851908791E+00    0.26380956409055238177E-13
    0.33002834368268265663E+01   -0.10022797243410691559E+00    0.72483676098746589940E-14
    0.33090712336336336463E+01    0.11014399183963825835E+00   -0.13570558080496893743E-13
    0.33178590304404407263E+01    0.29388572982491567576E+00   -0.30928595751738834899E-13
    0.33266468272472478063E+01    0.40742086787910702927E+00   -0.40744349750923225565E-13
    0.33354346240540539981E+01    0.42415756175924013149E+00   -0.40795604968567051121E-13
    0.33442224208608610780E+01    0.34149653484899650246E+00   -0.31230144888950979650E-13
    0.33530102176676681580E+01    0.17994099919839096069E+00   -0.14380583797749976190E-13
    0.33617980144744743498E+01   -0.22974792602190704377E-01    0.58761443454801071312E-14
    0.33705858112812814298E+01   -0.22087348392585534618E+00    0.24938734381887122191E-13
    0.33793736080880885098E+01   -0.36945148533861726925E+00    0.38530651173225496476E-13
    0.33881614048948947016E+01   -0.43690992306534792711E+00    0.43699213954042821069E-13
    0.33969492017017017815E+01   -0.40957521939016383605E+00    0.39371864450705775661E-13
    0.34057369985085088615E+01   -0.29419405291959283000E+00    0.26597474417564365396E-13
    0.34145247953153150533E+01   -0.11653007548639421342E+00    0.83324568010909365493E-14
    0.34233125921221221333E+01    0.85519760041390571748E-01   -0.11458174085845074176E-13
    0.34321003889289292133E+01    0.27011014152377388342E+00   -0.28787271671484992959E-13
    0.34408881857357362932E+01    0.39958635474910109142E+00   -0.40314126458799580142E-13
    0.34496759825425424850E+01    0.44835238689366052611E+00   -0.43805375997103944300E-13
    0.34584637793493495650E+01    0.40781489421268479756E+00   -0.38500755373859455945E-13
    0.34672515761561566450E+01    0.28672903409341610192E+00   -0.25351015504339108035E-13
    0.34760393729629628368E+01    0.10957290399246172319E+00   -0.70551050444109178020E-14
    0.34848271697697699167E+01   -0.88703409678492578516E-01    0.12603632296215296663E-13
    0.34936149665765769967E+01   -0.27012518047686234768E+00    0.29830990994768832026E-13
    0.35024027633833831885E+01   -0.40067707490200177300E+00    0.41595530284625164867E-13
    0.35111905601901902685E+01   -0.45628553579136205132E+00    0.45884704221085426393E-13
    0.35199783569969973485E+01   -0.42759497409536617596E+00    0.41854261521285170332E-13
    0.35287661538038035403E+01   -0.32078986734784376011E+00    0.30037457724309409076E-13
    0.35375539506106106202E+01   -0.15584984506616111899E+00    0.12554248992879594161E-13
    0.35463417474174177002E+01    0.36996217254842048150E-01   -0.71501642325557360180E-14
    0.35551295442242247802E+01    0.22330425575107312741E+00   -0.25293612036298047793E-13
    0.35639173410310309720E+01    0.37073528808449845995E+00   -0.38763147229773350880E-13
    0.35727051378378380520E+01    0.45420010101100788402E+00   -0.45513088264330665804E-13
    0.35814929346446451319E+01    0.46011310772998836871E+00   -0.44591895677245533066E-13
    0.35902807314514513237E+01    0.38853985675928970345E+00   -0.36166609686395002154E-13
    0.35990685282582584037E+01    0.25220299843133209272E+00   -0.21583788715583313588E-13
    0.36078563250650654837E+01    0.74281946698344494817E-01   -0.33302037293941272903E-14
    0.36166441218718716755E+01   -0.11571896250901370085E+00    0.15439916858336425681E-13
    0.36254319186786787554E+01   -0.28721899025009212103E+00    0.31624598901747160235E-13
    0.36342197154854858354E+01   -0.41333074699072075431E+00    0.42724100548028310090E-13
    0.36430075122922929154E+01   -0.47476661190005786661E+00    0.47104756117904398660E-13
    0.36517953090990991072E+01   -0.46293097993657250644E+00    0.44169912228093482043E-13
    0.36605831059059061872E+01   -0.38057253922469386209E+00    0.34421058891396318773E-13
    0.36693709027127132671E+01   -0.24088377560887747064E+00    0.19436268624477530358E-13
    0.36781586995195194589E+01   -0.65408194977363706690E-01    0.16357503077675259541E-14
    0.36869464963263265389E+01    0.11967944570566502183E+00   -0.16263066669467847077E-13
    0.36957342931331336189E+01    0.28757555137407631030E+00   -0.31781425059051880999E-13
    0.37045220899399398107E+01    0.41452238515170752864E+00   -0.42906419923693577284E-13
    0.37133098867467468907E+01    0.48319006479065795823E+00   -0.48142506753136216318E-13
    0.37220976835535539706E+01    0.48492209730203567064E+00   -0.46649127408590595525E-13
    0.37308854803603601624E+01    0.42030744298460798181E+00   -0.38523284058313132921E-13
    0.37396732771671672424E+01    0.29898269551828271506E+00   -0.24989256762981623552E-13
    0.37484610739739743224E+01    0.13789808459795760420E+00   -0.81037779142453193465E-14
    0.37572488707807814023E+01   -0.41331174981608827246E-01    0.98071687321269044876E-14
    0.37660366675875875941E+01   -0.21529012210888925916E+00    0.26530737419793177771E-13
    0.37748244643943946741E+01   -0.36184994435090295228E+00    0.40055156079432502695E-13
    0.37836122612012017541E+01   -0.46304621970967962952E+00    0.48643347330403104729E-13
    0.37924000580080079459E+01   -0.50697470547425182996E+00    0.51100672143929076498E-13
    0.38011878548148150259E+01   -0.48904028638853480615E+00    0.47132690006343273430E-13
    0.38099756516216221058E+01   -0.41232009560967070039E+00    0.37436995737508793724E-13
    0.38187634484284282976E+01   -0.28669023019009504116E+00    0.23396882865926209814E-13
    0.38275512452352353776E+01   -0.12750443650657561356E+00    0.67308075353423402510E-14
    0.38363390420420424576E+01    0.46402645734130561206E-01   -0.10695927878862993306E-13
    0.38451268388488486494E+01    0.21508630197808573103E+00   -0.26969757243627564603E-13
    0.38539146356556557294E+01    0.35972660742457623906E+00   -0.40274264638686941564E-13
    0.38627024324624628093E+01    0.46462423326148699632E+00   -0.49111982330474944489E-13
    0.38714902292692698893E+01    0.51891858342184826736E+00   -0.52514602473580426426E-13
    0.38802780260760760811E+01    0.51745695667167879161E+00   -0.50147642888775706395E-13
    0.38890658228828831611E+01    0.46112874812584481177E+00   -0.42346690130818375549E-13
    0.38978536196896902410E+01    0.35661278748861030552E+00   -0.30061005083258123967E-13
    0.39066414164964964328E+01    0.21533023657707053844E+00   -0.14670762042221922002E-13
    0.39154292133033035128E+01    0.52139264554529843321E-01    0.22070429534559869318E-14
    0.39242170101101105928E+01   -0.11629857097026166657E+00    0.18854295391762505731E-13
    0.39330048069169167846E+01   -0.27331948251727278265E+00    0.33559977710870287422E-13
    0.39417926037237238646E+01   -0.40387664440584025716E+00    0.44790904286877818479E-13
    0.39505804005305309445E+01   -0.49588054900852451823E+00    0.51452703173505459903E-13
    0.39593681973373371363E+01   -0.54131104570492671879E+00    0.53095700560955809147E-13
    0.39681559941441442163E+01   -0.53670604536018107211E+00    0.49847591187469949604E-13
    0.39769437909509512963E+01   -0.48326759585659112561E+00    0.42201066384679200938E-13
    0.39857315877577583763E+01   -0.38658559307858542109E+00    0.30886064067680463436E-13
    0.39945193845645645681E+01   -0.25585567166519818105E+00    0.16874440432540752601E-13
    0.40033071813713716480E+01   -0.10293800063301855596E+00    0.13835760830234954006E-14
    0.40120949781781787280E+01    0.58777530724525878236E-01   -0.14225049239714398846E-13
    0.40208827749849849198E+01    0.21560322324359676438E+00   -0.28603873168468373814E-13
    0.40296705717917919998E+01    0.35468408824181141270E+00   -0.40558637829473520829E-13
    0.40384583685985990797E+01    0.46497556252234878427E+00   -0.49156102466451601217E-13
    0.40472461654054052715E+01    0.53809224774569186511E+00   -0.53803445953526531468E-13
    0.40560339622122123515E+01    0.56880547919748591923E+00   -0.54249196529437144860E-13
    0.40648217590190194315E+01    0.55532441223501483041E+00   -0.50542222813217278276E-13
    0.40736095558258256233E+01    0.49931843435988010338E+00   -0.43001898650323127215E-13
    0.40823973526326327033E+01    0.40559865389967236782E+00   -0.32207293340072171872E-13
    0.40911851494394397832E+01    0.28166738417613823575E+00   -0.18981310271832344746E-13
    0.40999729462462468632E+01    0.13704591309196978433E+00   -0.43428167181448046801E-14
    0.41087607430530530550E+01   -0.17519080272294148409E-01    0.10563016511593618197E-13
    0.41175485398598601350E+01   -0.17086349025556657466E+00    0.24580719224710844741E-13
    0.41263363366666672150E+01   -0.31222188235123737865E+00    0.36721120567584664600E-13
    0.41351241334734734068E+01   -0.43199489830852155769E+00    0.46295425949324861790E-13
    0.41439119302802804867E+01   -0.52233851374405426693E+00    0.52855313595565118190E-13
    0.41526997270870875667E+01   -0.57763995681232771506E+00    0.56041498924195725732E-13
    0.41614875238938937585E+01   -0.59481104910346394021E+00    0.55567363698759381994E-13
    0.41702753207007008385E+01   -0.57334118375238218857E+00    0.51392685486804984078E-13
    0.41790631175075079184E+01   -0.51524134643409458256E+00    0.43865313987345211403E-13
    0.41878509143143141102E+01   -0.42477565280976053996E+00    0.33616724802145041400E-13
    0.41966387111211211902E+01   -0.30807301198103276274E+00    0.21338715802048581576E-13
    0.42054265079279282702E+01   -0.17266772733981439192E+00    0.76898697691718645698E-14
    0.42142143047347353502E+01   -0.26954381540635542758E-01   -0.66140597757367567182E-14
    0.42230021015415415420E+01    0.12036436656789153976E+00   -0.20717215911042281061E-13
    0.42317898983483486219E+01    0.26079543021943946135E+00   -0.33693437167698802021E-13
    0.42405776951551557019E+01    0.38654648639179506331E+00   -0.44693166732296903662E-13
    0.42493654919619618937E+01    0.49093441322428527096E+00   -0.53052073229348583181E-13
    0.42581532887687689737E+01    0.56868426421448903252E+00   -0.58341844748252545055E-13
    0.42669410855755760537E+01    0.61616454858311209275E+00   -0.60392534398310897356E-13
    0.42757288823823822455E+01    0.63147773246126159830E+00   -0.59256287690815034463E-13
    0.42845166791891893254E+01    0.61446654460340510706E+00   -0.55142076388882612376E-13
    0.42933044759959964054E+01    0.56663395030423435728E+00   -0.48366686144374366382E-13
    0.43020922728028034854E+01    0.49095502439718657905E+00   -0.39329585317814016166E-13
    0.43108800696096096772E+01    0.39165020292255231515E+00   -0.28494845177446983056E-13
    0.43196678664164167571E+01    0.27389878801437739231E+00   -0.16381222537417186869E-13
    0.43284556632232238371E+01    0.14352177205610552879E+00   -0.35555557033427812442E-14
    0.43372434600300300289E+01    0.66664102162172899496E-02    0.93827303400896848628E-14
    0.43460312568368371089E+01   -0.13050412222057372613E+00    0.21829181592241596344E-13
    0.43548190536436441889E+01   -0.26210282039480931049E+00    0.33209931422687586964E-13
    0.43636068504504503807E+01   -0.38275277222721715287E+00    0.43036619609534515318E-13
    0.43723946472572574606E+01   -0.48778594067279429369E+00    0.50966711566113080310E-13
    0.43811824440640645406E+01   -0.57339001687089674597E+00    0.56819557439963897317E-13
    0.43899702408708707324E+01   -0.63668996516109477302E+00    0.60534493257571227303E-13
    0.43987580376776778124E+01   -0.67579926027709036340E+00    0.62118112635580034697E-13
    0.44075458344844848924E+01   -0.68981159015339399421E+00    0.61592291248426022306E-13
    0.44163336312912919723E+01   -0.67875993425252600932E+00    0.58950513388911133408E-13
    0.44251214280980981641E+01   -0.64355228245562134948E+00    0.54190650451864376730E-13
    0.44339092249049052441E+01   -0.58587960551224860239E+00    0.47444017267002570215E-13
    0.44426970217117123241E+01   -0.50811611556957270164E+00    0.39057950798449871964E-13
    0.44514848185185185159E+01   -0.41321135670619868474E+00    0.29464991484842677176E-13
    0.44602726153253255958E+01   -0.30457740373148894930E+00    0.18964503522188236026E-13
    0.44690604121321326758E+01   -0.18596838079461741611E+00    0.76968944783289625547E-14
    0.44778482089389388676E+01   -0.61350541418229292967E-01   -0.41322209360855662348E-14
    0.44866360057457459476E+01    0.65228896828709567735E-01   -0.16070286461419728858E-13
    0.44954238025525530276E+01    0.18977122681133432036E+00   -0.27527313731117859813E-13
    0.45042115993593592194E+01    0.30845401768829738831E+00   -0.38015310773862132337E-13
    0.45129993961661662993E+01    0.41775075157926605529E+00   -0.47238961215647384346E-13
    0.45217871929729733793E+01    0.51454002970336432110E+00   -0.54989882925039221321E-13
    0.45305749897797804593E+01    0.59620249521380797031E+00   -0.61039884624621484552E-13
    0.45393627865865866511E+01    0.66068422435863238817E+00   -0.65148440215534755777E-13
    0.45481505833933937311E+01    0.70654038647846961751E+00   -0.67126573375008752675E-13
    0.45569383802002008110E+01    0.73294928453612018249E+00   -0.66898593546577833067E-13
    0.45657261770070070028E+01    0.73969044892184765416E+00   -0.64556222692191772664E-13
    0.45745139738138140828E+01    0.72710921876308343137E+00   -0.60372368257199075617E-13
    0.45833017706206211628E+01    0.69605906772887482514E+00   -0.54690019438516986933E-13
    0.45920895674274273546E+01    0.64783244021138219892E+00   -0.47764232284420440343E-13
    0.46008773642342344345E+01    0.58408588381294312963E+00   -0.39736213467560411191E-13
    0.46096651610410415145E+01    0.50675894581297376007E+00   -0.30773090188248790356E-13
    0.46184529578478477063E+01    0.41799467557649899740E+00   -0.21180502697684363930E-13
    0.46272407546546547863E+01    0.32006880623179478906E+00   -0.11333836445142063035E-13
    0.46360285514614618663E+01    0.21532413980502027040E+00   -0.15331007568258424931E-14
    0.46448163482682689462E+01    0.10611397236144474998E+00    0.80343474688135103520E-14
    0.46536041450750751380E+01   -0.52436524523011745005E-02    0.17194928633033714282E-13
    0.46623919418818822180E+01   -0.11650803459848634025E+00    0.25723744274227722718E-13
    0.46711797386886892980E+01   -0.22555250797708781274E+00    0.33462187425767378638E-13
    0.46799675354954954898E+01   -0.33039799434470834560E+00    0.40497940004619774085E-13
    0.46887553323023025698E+01   -0.42924159917638748940E+00    0.47113854949905793507E-13
    0.46975431291091096497E+01   -0.52047931735073549309E+00    0.53454898985771956719E-13
    0.47063309259159158415E+01   -0.60272601471319120492E+00    0.59284778769342579433E-13
    0.47151187227227229215E+01   -0.67483017416732571370E+00    0.64177024592863910676E-13
    0.47239065195295300015E+01   -0.73588537895416805679E+00    0.67883060998959948125E-13
    0.47326943163363361933E+01   -0.78523487578031625489E+00    0.70431178870106647841E-13
    0.47414821131431432732E+01   -0.82246789711431922409E+00    0.71892082835706117255E-13
    0.47502699099499503532E+01   -0.84741151240864220906E+00    0.72185529585980581547E-13
    0.47590577067567574332E+01   -0.86011314556444518065E+00    0.71193575664601356900E-13
    0.47678455035635636250E+01   -0.86081845362064934868E+00    0.68994952564033107601E-13
    0.47766333003703707050E+01   -0.84994707304433447792E+00    0.65889784689463647061E-13
    0.47854210971771777849E+01   -0.82806610194815277737E+00    0.62168095164495330849E-13
    0.47942088939839839767E+01   -0.79586332203244525285E+00    0.57910675011359459225E-13
    0.48029966907907910567E+01   -0.75412082406410696489E+00    0.53024237517149698826E-13
    0.48117844875975981367E+01   -0.70368910847292409638E+00    0.47380912146537447131E-13
    0.48205722844044043285E+01   -0.64546367729898335153E+00    0.40911499485031652222E-13
    0.48293600812112114085E+01   -0.58036460938139644572E+00    0.33637262238617521083E-13
    0.48381478780180184884E+01   -0.50931858845165589589E+00    0.25678832107616180292E-13
    0.48469356748248246802E+01   -0.43324680052995406809E+00    0.17227794066371445626E-13
    0.48557234716316317602E+01   -0.35305564365910430125E+00    0.85038204411296394687E-14
    0.48645112684384388402E+01   -0.26962827810082734548E+00   -0.26410785707302036488E-15
    0.48732990652452459202E+01   -0.18381702082837381163E+00   -0.88281255227122648746E-14
    0.48820868620520521119E+01   -0.96436599992220276012E-01   -0.16934107006771735755E-13
    0.48908746588588591919E+01   -0.82595549224614029510E-02   -0.24415102457724268642E-13
    0.48996624556656662719E+01    0.79987496696094506632E-01   -0.31305060911180365224E-13
    0.49084502524724724637E+01    0.16762858263122973335E+00   -0.37809327350773028347E-13
    0.49172380492792795437E+01    0.25404426615776970477E+00   -0.44109434566773073076E-13
    0.49260258460860866236E+01    0.33867649157140011784E+00   -0.50214637794875609470E-13
    0.49348136428928928154E+01    0.42102975371885986711E+00   -0.56034387580975534788E-13
    0.49436014396996998954E+01    0.50067084555423702064E+00   -0.61535023587374320965E-13
    0.49523892365065069754E+01    0.57723069979533669915E+00   -0.66759682956216665314E-13
    0.49611770333133140554E+01    0.65040862450954473051E+00   -0.71688106726913648214E-13
    0.49699648301201202472E+01    0.71997361352602295970E+00   -0.76149476399913732204E-13
    0.49787526269269273271E+01    0.78575590577155307592E+00   -0.79968872464925852675E-13
    0.49875404237337344071E+01    0.84763540841764350997E+00   -0.83192194220641990233E-13
    0.49963282205405405989E+01    0.90554056039100738751E+00   -0.86088216620943273994E-13
    0.50051160173473476789E+01    0.95945893768464407536E+00   -0.88894413415320506479E-13
    0.50139038141541547589E+01    0.10094380385091290542E+01   -0.91612420601988737335E-13
    0.50226916109609609506E+01    0.10555519209733403851E+01   -0.94070096291710001340E-13
    0.50314794077677680306E+01    0.10978558551789854292E+01   -0.96093184137059184997E-13
    0.50402672045745751106E+01    0.11363676651335559153E+01   -0.97600075487570415054E-13
    0.50490550013813813024E+01    0.11710799984227568959E+01   -0.98603049250936834711E-13
    0.50578427981881883824E+01    0.12019792529247776969E+01   -0.99176735793634978714E-13
    0.50666305949949954623E+01    0.12290692041548989533E+01   -0.99375967514358592510E-13
    0.50754183918018025423E+01    0.12523939865474364996E+01   -0.99144308112477051561E-13
    0.50842061886086087341E+01    0.12720390187143757466E+01   -0.98328331644380007960E-13
    0.50929939854154158141E+01    0.12881074616852670189E+01   -0.96809561285378828968E-13
    0.51017817822222228941E+01    0.13007007624968500714E+01   -0.94607681705631114305E-13
    0.51105695790290290859E+01    0.13099220507158686466E+01   -0.91847953471770152241E-13
    0.51193573758358361658E+01    0.13158883780870584967E+01   -0.88672352905545759981E-13
    0.51281451726426432458E+01    0.13187336115159089545E+01   -0.85176140563144535582E-13
    0.51369329694494494376E+01    0.13186005628679513535E+01   -0.81376905738334589600E-13
    0.51457207662562565176E+01    0.13156339295965528979E+01   -0.77229408754895655208E-13
    0.51545085630630635976E+01    0.13099803534614118394E+01   -0.72755103615034826037E-13
    0.51632963598698697893E+01    0.13017912237964213151E+01   -0.68191894797950372653E-13
    0.51720841566766768693E+01    0.12912227498305031137E+01   -0.63909605894905246680E-13
    0.51808719534834839493E+01    0.12784329143441364174E+01   -0.60071958427088654304E-13
    0.51896597502902910293E+01    0.12635787609107069773E+01   -0.56430831824981528054E-13
    0.51984475470970972211E+01    0.12468159845347959180E+01   -0.52601756416986324635E-13
    0.52072353439039043010E+01    0.12282994016944597249E+01   -0.48493497683847992536E-13
    0.52160231407107113810E+01    0.12081825541098207832E+01   -0.44324598569563454943E-13
    0.52248109375175184610E+01    0.11866163345021636388E+01   -0.40188614419514248314E-13
    0.52335987343243246528E+01    0.11637477745969115883E+01   -0.35762798700016845223E-13
    0.52423865311311317328E+01    0.11397197035079131844E+01   -0.30608272824166996973E-13
    0.52511743279379388127E+01    0.11146707408802709605E+01   -0.24664034330780246707E-13
    0.52599621247447450045E+01    0.10887350138625302431E+01   -0.18292014201305155022E-13
    0.52687499215515520845E+01    0.10620415639295639476E+01   -0.11833788545677482047E-13
    0.52775377183583591645E+01    0.10347138377768643203E+01   -0.52849954077904697565E-14
    0.52863255151651653563E+01    0.10068695396249647267E+01    0.15015490835320478698E-14
    0.52951133119719724363E+01    0.97862062576314934326E+00    0.84408311352877647530E-14
    0.53039011087787795162E+01    0.95007322215210499028E+00    0.15231599763159139515E-13
    0.53126889055855857080E+01    0.92132745499274826262E+00    0.21790882744774277607E-13
    0.53214767023923927880E+01    0.89247732624948683533E+00    0.28506162426151306685E-13
    0.53302644991991998680E+01    0.86361074726402853319E+00    0.35819496716307968223E-13
    0.53390522960060069479E+01    0.83480963633014571013E+00    0.43614920014104126885E-13
    0.53478400928128131397E+01    0.80615000119042656834E+00    0.51229284435410561139E-13
    0.53566278896196202197E+01    0.77770200354116569841E+00    0.58124364708668782258E-13
    0.53654156864264272997E+01    0.74953004650916510432E+00    0.64378022352313284504E-13
    0.53742034832332334915E+01    0.72169293122446620536E+00    0.70421060259478392204E-13
    0.53829912800400405715E+01    0.69424404175519971449E+00    0.76513548208306167872E-13
    0.53917790768468476514E+01    0.66723152869910240526E+00    0.82606179925226797507E-13
    0.54005668736536538432E+01    0.64069849047083693439E+00    0.88614660889517266809E-13
    0.54093546704604609232E+01    0.61468316418741075768E+00    0.94651289528676258931E-13
    0.54181424672672680032E+01    0.58921914304598754786E+00    0.10097876381768867634E-12
    0.54269302640740750832E+01    0.56433560421661832507E+00    0.10785747061649821334E-12
    0.54357180608808812750E+01    0.54005753433715542045E+00    0.11544655221527425182E-12
    0.54445058576876883549E+01    0.51640595212327977670E+00    0.12376671196847469279E-12
    0.54532936544944954349E+01    0.49339813241134505839E+00    0.13270128241790502346E-12
    0.54620814513013016267E+01    0.47104783510006131841E+00    0.14207427788357922017E-12
    0.54708692481081087067E+01    0.44936553523750705219E+00    0.15174828933310173856E-12
    0.54796570449149157866E+01    0.42835864692952579924E+00    0.16163906697637825161E-12
    0.54884448417217219784E+01    0.40803174073109982345E+00    0.17164504373338168924E-12
    0.54972326385285290584E+01    0.38838675785741300084E+00    0.18161503013692430262E-12
    0.55060204353353361384E+01    0.36942321855402537878E+00    0.19144795788035742590E-12
    0.55148082321421423302E+01    0.35113842690448976436E+00    0.20122251994262623526E-12
    0.55235960289489494102E+01    0.33352766676552003666E+00    0.21115873775576196758E-12
    0.55323838257557564901E+01    0.31658438860986065633E+00    0.22141019855851351066E-12
    0.55411716225625635701E+01    0.30030039104491590418E+00    0.23193828892317816844E-12
    0.55499594193693697619E+01    0.28466599192629832293E+00    0.24266169272657373183E-12
    0.55587472161761768419E+01    0.26967019397905861444E+00    0.25368528430889023158E-12
    0.55675350129829839219E+01    0.25530084064974434277E+00    0.26531292492568478880E-12
    0.55763228097897901137E+01    0.24154476209437272805E+00    0.27784115510929543477E-12
    0.55851106065965971936E+01    0.22838791533048660720E+00    0.29140905284621289674E-12
    0.55938984034034042736E+01    0.21581551301557111433E+00    0.30607197834252301349E-12
    0.56026862002102104654E+01    0.20381214645288031617E+00    0.32194222886012512737E-12
    0.56114739970170175454E+01    0.19236189937439046593E+00    0.33917838922060418796E-12
    0.56202617938238246253E+01    0.18144845251624477922E+00    0.35782368680028097499E-12
    0.56290495906306308171E+01    0.17105518281787127077E+00    0.37771922455084293373E-12
    0.56378373874374378971E+01    0.16116525224977634734E+00    0.39866124229705866843E-12
    0.56466251842442449771E+01    0.15176169148672150055E+00    0.42062526004571976903E-12
    0.56554129810510520571E+01    0.14282747575871515555E+00    0.44379124003715557496E-12
    0.56642007778578582489E+01    0.13434559297177853243E+00    0.46837045439752953654E-12
    0.56729885746646653288E+01    0.12629910739156705035E+00    0.49446776586824505565E-12
    0.56817763714714724088E+01    0.11867121486498730110E+00    0.52210237648504559781E-12
    0.56905641682782786006E+01    0.11144529389992155477E+00    0.55128482507926868990E-12
    0.56993519650850856806E+01    0.10460495065832950412E+00    0.58205926226490362166E-12
    0.57081397618918927606E+01    0.98134057992436629636E-01    0.61450983215921051179E-12
    0.57169275586986989524E+01    0.92016791125263536211E-01    0.64877384780305824729E-12
    0.57257153555055060323E+01    0.86237657007945722754E-01    0.68508413268786922392E-12
    0.57345031523123131123E+01    0.80781520623557215299E-01    0.72380849785980159812E-12
    0.57432909491191193041E+01    0.75633626918122892624E-01    0.76539278037754136970E-12
    0.57520787459259263841E+01    0.70779618493007595559E-01    0.81021270274293170040E-12
    0.57608665427327334640E+01    0.66205550961222256467E-01    0.85848811340701266081E-12
    0.57696543395395405440E+01    0.61897903958627438492E-01    0.91038171012589448793E-12
    0.57784421363463467358E+01    0.57843590085568039050E-01    0.96614868527673029130E-12
    0.57872299331531538158E+01    0.54029960963901599302E-01    0.10261572890542309624E-11
    0.57960177299599608958E+01    0.50444810525299144111E-01    0.10907847083083486971E-11
    0.58048055267667670876E+01    0.47076376817776210970E-01    0.11603498803036933941E-11
    0.58135933235735741675E+01    0.43913341098726327294E-01    0.12351775074628501077E-11
    0.58223811203803812475E+01    0.40944825656586039675E-01    0.13156945494246331003E-11
    0.58311689171871874393E+01    0.38160389926425446194E-01    0.14024139281403067032E-11
    0.58399567139939945193E+01    0.35550024985178396708E-01    0.14958110739573320518E-11
    0.58487445108008015993E+01    0.33104147220700902432E-01    0.15962403849771283067E-11
    0.58575323076076077911E+01    0.30813590521326060523E-01    0.17039828564970986079E-11
    0.58663201044144148710E+01    0.28669597788948196493E-01    0.18193466186235223319E-11
    0.58751079012212219510E+01    0.26663811607947941057E-01    0.19427950323751493263E-11
    0.58838956980280290310E+01    0.24788264122560715874E-01    0.20750942995033756383E-11
    0.58926834948348352228E+01    0.23035366553001947881E-01    0.22173480531143076656E-11
    0.59014712916416423027E+01    0.21397898094533525370E-01    0.23707549793826660390E-11
    0.59102590884484493827E+01    0.19868994549855040904E-01    0.25363122416520437912E-11
    0.59190468852552555745E+01    0.18442136700404059002E-01    0.27148329090279906829E-11
    0.59278346820620626545E+01    0.17111138439059880162E-01    0.29072553966757045457E-11
    0.59366224788688697345E+01    0.15870134845222809428E-01    0.31148561020614331300E-11
    0.59454102756756759263E+01    0.14713570196747956936E-01    0.33391420422673748951E-11
    0.59541980724824830062E+01    0.13636185974102175977E-01    0.35816526328782358634E-11
    0.59629858692892900862E+01    0.12633008963412722253E-01    0.38439294966628099695E-11
    0.59717736660960962780E+01    0.11699339456941335036E-01    0.41276433923084137309E-11
    0.59805614629029033580E+01    0.10830739574926971300E-01    0.44346783503058666909E-11
    0.59893492597097104380E+01    0.10023021843825197230E-01    0.47670677209996233940E-11
    0.59981370565165175179E+01    0.92722379127651473329E-02    0.51268977919339035925E-11
    0.60069248533233237097E+01    0.85746675638371100403E-02    0.55163468582924438533E-11
    0.60157126501301307897E+01    0.79268079979437720134E-02    0.59378471766771997431E-11
    0.60245004469369378697E+01    0.73253633318045166881E-02    0.63941836396374551023E-11
    0.60332882437437440615E+01    0.67672345058694145098E-02    0.68884087289084621192E-11
    0.60420760405505511415E+01    0.62495093981330728308E-02    0.74237189701169500985E-11
    0.60508638373573582214E+01    0.57694533135354674619E-02    0.80035045113875129152E-11
    0.60596516341641644132E+01    0.53244998205931965904E-02    0.86315547749659468971E-11
    0.60684394309709714932E+01    0.49122418297212035523E-02    0.93121976497675268057E-11
    0.60772272277777785732E+01    0.45304231292476069767E-02    0.10050240126685182456E-10
    0.60860150245845856531E+01    0.41769301447712675959E-02    0.10850861141261658687E-10
    0.60948028213913918449E+01    0.38497840844984106308E-02    0.11719646261377654761E-10
    0.61035906181981989249E+01    0.35471334376143050932E-02    0.12662749894502123745E-10
    0.61123784150050060049E+01    0.32672467088516485116E-02    0.13687012056193429847E-10
    0.61211662118118121967E+01    0.30085055933362896824E-02    0.14799935122544938096E-10
    0.61299540086186192767E+01    0.27693983629614193388E-02    0.16009628449843209112E-10
    0.61387418054254263566E+01    0.25485136087306133057E-02    0.17324858733344046118E-10
    0.61475296022322325484E+01    0.23445343055802287703E-02    0.18755195463469846751E-10
    0.61563173990390396284E+01    0.21562320886068494022E-02    0.20311145422102260428E-10
    0.61651051958458467084E+01    0.19824619188492814160E-02    0.22004235935356617947E-10
    0.61738929926526529002E+01    0.18221569341471636084E-02    0.23847083953074655037E-10
    0.61826807894594599802E+01    0.16743236068364245571E-02    0.25853487510373349050E-10
    0.61914685862662670601E+01    0.15380371769012554910E-02    0.28038537790274404702E-10
    0.62002563830730741401E+01    0.14124372636506578402E-02    0.30418738546037727787E-10
    0.62090441798798803319E+01    0.12967238032672407603E-02    0.33012136482918952923E-10
    0.62178319766866874119E+01    0.11901531397984553649E-02    0.35838463537707878777E-10
    0.62266197734934944918E+01    0.10920343683018974169E-02    0.38919328689163762705E-10
    0.62354075703003006836E+01    0.10017259023707152273E-02    0.42278452816229710390E-10
    0.62441953671071077636E+01    0.91863218613911395202E-03    0.45941899991070614327E-10
    0.62529831639139148436E+01    0.84220066783704747044E-03    0.49938289476087367444E-10
    0.62617709607207210354E+01    0.77191889556708958089E-03    0.54299016378777243652E-10
    0.62705587575275281154E+01    0.70731181289486726865E-03    0.59058564113877772991E-10
    0.62793465543343351953E+01    0.64793923071397086823E-03    0.64254893956184480999E-10
    0.62881343511411413871E+01    0.59339341222187566832E-03    0.69929779949201287749E-10
    0.62969221479479484671E+01    0.54329686110791692959E-03    0.76129003693620876575E-10
    0.63057099447547555471E+01    0.49730020406792770256E-03    0.82902546627673866241E-10
    0.63144977415615626271E+01    0.45508022709887460417E-03    0.90305049161268296489E-10
    0.63232855383683688189E+01    0.41633804630466467612E-03    0.98396492775232424519E-10
    0.63320733351751758988E+01    0.38079736489157230009E-03    0.10724273136062897134E-09
    0.63408611319819829788E+01    0.34820288390716001457E-03    0.11691563703813620925E-09
    0.63496489287887891706E+01    0.31831878391140605447E-03    0.12749315340261410580E-09
    0.63584367255955962506E+01    0.29092732215363538038E-03    0.13905956241445964884E-09
    0.63672245224024033305E+01    0.26582752993173900833E-03    0.15170592384864335562E-09
    0.63760123192092095223E+01    0.24283397415075788704E-03    0.16553026445496357326E-09
    0.63848001160160166023E+01    0.22177563262067999969E-03    0.18063718316167319233E-09
    0.63935879128228236823E+01    0.20249482153591685340E-03    0.19713725562107817388E-09
    0.64023757096296298741E+01    0.18484620792189734926E-03    0.21514639520554739775E-09
    0.64111635064364369541E+01    0.16869589516078095995E-03    0.23478516734529437770E-09
    0.64199513032432440340E+01    0.15392055540897279088E-03    0.25617781323892593576E-09
    0.64287391000500511140E+01    0.14040664454565118303E-03    0.27945066275153498048E-09
    0.64375268968568573058E+01    0.12804965478649323486E-03    0.30473031054809641568E-09
    0.64463146936636643858E+01    0.11675342867249279184E-03    0.33214158059721820858E-09
    0.64551024904704714658E+01    0.10642952540805986701E-03    0.36180530865800663675E-09
    0.64638902872772776576E+01    0.96996620865135024249E-04    0.39383592930184991798E-09
    0.64726780840840847375E+01    0.88379966462064378421E-04    0.42833869231756341168E-09
    0.64814658808908918175E+01    0.80510874778395391613E-04    0.46540677247046876665E-09
    0.64902536776976980093E+01    0.73326248793908389997E-04    0.50511845676821741764E-09
    0.64990414745045050893E+01    0.66768148028726708983E-04    0.54753440364256967810E-09
    0.65078292713113121692E+01    0.60783378485802138096E-04    0.59269499738761792704E-09
    0.65166170681181183610E+01    0.55323123957749960593E-04    0.64061788635059806115E-09
    0.65254048649249254410E+01    0.50342596029845609580E-04    0.69129565499240375401E-09
    0.65341926617317325210E+01    0.45800714645470291927E-04    0.74469391874657262681E-09
    0.65429804585385396010E+01    0.41659814310824501969E-04    0.80074978426209898074E-09
    0.65517682553453457928E+01    0.37885366897026859765E-04    0.85937068812870049902E-09
    0.65605560521521528727E+01    0.34445733107010813540E-04    0.92043393979123726302E-09
    0.65693438489589599527E+01    0.31311926840965608203E-04    0.98378658915474205835E-09
    0.65781316457657661445E+01    0.28457400694659268440E-04    0.10492458569625518808E-08
    0.65869194425725732245E+01    0.25857849040832143816E-04    0.11166000376687990898E-08
    0.65957072393793803045E+01    0.23491022539069364986E-04    0.11856097783686778803E-08
    0.66044950361861864963E+01    0.21336562262262401165E-04    0.12560100271801063615E-08
    0.66132828329929935762E+01    0.19375842612851535823E-04    0.13275122890327592692E-08
    0.66220706297998006562E+01    0.17591828677788686370E-04    0.13998074153048746935E-08
    0.66308584266066068480E+01    0.15968945498477149953E-04    0.14725688241122919461E-08
    0.66396462234134139280E+01    0.14492955119715742330E-04    0.15454558190588156471E-08
    0.66484340202202210079E+01    0.13150846909529001889E-04    0.16181170145620149294E-08
    0.66572218170270280879E+01    0.11930733801517373732E-04    0.16901938454835656477E-08
    0.66660096138338342797E+01    0.10821758294088558986E-04    0.17613243562412049159E-08
    0.66747974106406413597E+01    0.98140064353986578791E-05    0.18311472035735143030E-08
    0.66835852074474484397E+01    0.88984270470754670050E-05    0.18993055024651946213E-08
    0.66923730042542546315E+01    0.80667598308341959223E-05    0.19654503085361922434E-08
    0.67011608010610617114E+01    0.73114674241829800768E-05    0.20292439553138731190E-08
    0.67099485978678687914E+01    0.66256739822294474633E-05    0.20903632139030643724E-08
    0.67187363946746749832E+01    0.60031090573808212416E-05    0.21485023028879994520E-08
    0.67275241914814820632E+01    0.54380549724758912774E-05    0.22033756891656211857E-08
    0.67363119882882891432E+01    0.49253000814136873586E-05    0.22547205005880042335E-08
    0.67450997850950962231E+01    0.44600946376256699947E-05    0.23022987131325049002E-08
    0.67538875819019024149E+01    0.40381109862660998169E-05    0.23458987663494509892E-08
    0.67626753787087094949E+01    0.36554072378684362751E-05    0.23853367210619363567E-08
    0.67714631755155165749E+01    0.33083932502197404943E-05    0.24204571998892885659E-08
    0.67802509723223227667E+01    0.29938004766771974020E-05    0.24511339905376299506E-08
    0.67890387691291298466E+01    0.27086535211234887868E-05    0.24772704596405516109E-08
    0.67978265659359369266E+01    0.24502445320960044393E-05    0.24987995037754549134E-08
    0.68066143627427431184E+01    0.22161098644834326654E-05    0.25156831304395520183E-08
    0.68154021595495501984E+01    0.20040082532687698791E-05    0.25279118156326038786E-08
    0.68241899563563572784E+01    0.18119015046945417331E-05    0.25355034967387226249E-08
    0.68329777531631634702E+01    0.16379362948695248131E-05    0.25385024190537975045E-08
    0.68417655499699705501E+01    0.14804278170646600051E-05    0.25369777883283766940E-08
    0.68505533467767776301E+01    0.13378448935694359334E-05    0.25310222683000406430E-08
    0.68593411435835847101E+01    0.12087960702414500331E-05    0.25207503424110754288E-08
    0.68681289403903909019E+01    0.10920173372775387976E-05    0.25062964417457102771E-08
    0.68769167371971979819E+01    0.98636056295537383442E-06    0.24878130081550802283E-08
    0.68857045340040050618E+01    0.89078312133044066064E-06    0.24654685812917654136E-08
    0.68944923308108112536E+01    0.80433845818323041148E-06    0.24394459006641915217E-08
    0.69032801276176183336E+01    0.72616729083371151438E-06    0.24099399318299070992E-08
    0.69120679244244254136E+01    0.65548985063841851331E-06    0.23771557438896221696E-08
    0.69208557212312316054E+01    0.59159858113376769590E-06    0.23413064005415937595E-08
    0.69296435180380386853E+01    0.53385160166327271289E-06    0.23026111452892094383E-08
    0.69384313148448457653E+01    0.48166676770676145521E-06    0.22612938060782370090E-08
    0.69472191116516519571E+01    0.43451613708630097614E-06    0.22175811425617475645E-08
    0.69560069084584590371E+01    0.39192109978105341622E-06    0.21717010427757347619E-08
    0.69647947052652661171E+01    0.35344779685063699704E-06    0.21238807424913785649E-08
    0.69735825020720731970E+01    0.31870302670740536953E-06    0.20743453826121148542E-08
    0.69823702988788793888E+01    0.28733052823393628800E-06    0.20233168246794784932E-08
    0.69911580956856864688E+01    0.25900752206295852837E-06    0.19710125401866023751E-08
    0.69999458924924935488E+01    0.23344167139652426446E-06    0.19176445918747659629E-08
    0.70087336892992997406E+01    0.21036822504120899039E-06    0.18634186544221738805E-08
    0.70175214861061068206E+01    0.18954746856246995237E-06    0.18085330999091264700E-08
    0.70263092829129139005E+01    0.17076241179040502217E-06    0.17531781432832450034E-08
    0.70350970797197200923E+01    0.15381663950461150818E-06    0.16975351903159108118E-08
    0.70438848765265271723E+01    0.13853242570725524518E-06    0.16417765541005977816E-08
    0.70526726733333342523E+01    0.12474896203939975941E-06    0.15860652392520030883E-08
    0.70614604701401404441E+01    0.11232077980459833972E-06    0.15305545395338190114E-08
    0.70702482669469475240E+01    0.10111631931207808881E-06    0.14753875142276945528E-08
    0.70790360637537546040E+01    0.91016601610581842712E-07    0.14206967453994175402E-08
    0.70878238605605616840E+01    0.81914064584617675444E-07    0.13666046379560185150E-08
    0.70966116573673678758E+01    0.73711470128282823901E-07    0.13132238024383945580E-08
    0.71053994541741749558E+01    0.66320932590592392614E-07    0.12606570898088815020E-08
    0.71141872509809820357E+01    0.59663038742318315676E-07    0.12089973861222660216E-08
    0.71229750477877882275E+01    0.53666031478475351648E-07    0.11583276538346241823E-08
    0.71317628445945953075E+01    0.48265095114492017002E-07    0.11087214681966844394E-08
    0.71405506414014023875E+01    0.43401684613111106369E-07    0.10602436240289726465E-08
    0.71493384382082085793E+01    0.39022930361318112040E-07    0.10129504103359220466E-08
    0.71581262350150156593E+01    0.35081099500882845125E-07    0.96688965535793342924E-09
    0.71669140318218227392E+01    0.31533096768828439388E-07    0.92210096036650768870E-09
    0.71757018286286289310E+01    0.28340027884215529398E-07    0.87861631620201165022E-09
    0.71844896254354360110E+01    0.25466789958395076601E-07    0.83646077412843459564E-09
    0.71932774222422430910E+01    0.22881708662581546113E-07    0.79565286721638431636E-09
    0.72020652190490501710E+01    0.20556210115972078136E-07    0.75620485761386245772E-09
    0.72108530158558563627E+01    0.18464517178306237370E-07    0.71812307178195055081E-09
    0.72196408126626634427E+01    0.16583384126051314238E-07    0.68140842346548126213E-09
    0.72284286094694705227E+01    0.14891847856436862022E-07    0.64605696905145801862E-09
    0.72372164062762767145E+01    0.13371007724678971851E-07    0.61206037170229029071E-09
    0.72460042030830837945E+01    0.12003826479465147429E-07    0.57940629590082388796E-09
    0.72547919998898908744E+01    0.10774946224593793455E-07    0.54807873710210973097E-09
    0.72635797966966970662E+01    0.96705278844773547081E-08    0.51805824717084350077E-09
    0.72723675935035041462E+01    0.86781007520480841817E-08    0.48932218122138626571E-09
    0.72811553903103112262E+01    0.77864295103629143817E-08    0.46184517922963630050E-09
    0.72899431871171174180E+01    0.69853940327166319133E-08    0.43559979821152174063E-09
    0.72987309839239244980E+01    0.62658784342341366680E-08    0.41055692690815334662E-09
    0.73075187807307315779E+01    0.56196745198279168259E-08    0.38668579168285159769E-09
    0.73163065775375386579E+01    0.50393913256910927704E-08    0.36395392972055817599E-09
    0.73250943743443448497E+01    0.45183750514257557362E-08    0.34232752322457523915E-09
    0.73338821711511519297E+01    0.40506365475838436053E-08    0.32177197335931271691E-09
    0.73426699679579590097E+01    0.36307845768533076321E-08    0.30225228720061166645E-09
    0.73514577647647652014E+01    0.32539680569769345778E-08    0.28373309927418552954E-09
    0.73602455615715722814E+01    0.29158220173459983155E-08    0.26617864076216400520E-09
    0.73690333583783793614E+01    0.26124196754531703412E-08    0.24955291667252082800E-09
    0.73778211551851855532E+01    0.23402289371473242725E-08    0.23382002130450364571E-09
    0.73866089519919926332E+01    0.20960724509090211757E-08    0.21894436318165851767E-09
    0.73953967487987997131E+01    0.18770931831405589874E-08    0.20489071153001435510E-09
    0.74041845456056067931E+01    0.16807222365862119773E-08    0.19162421604195528290E-09
    0.74129723424124129849E+01    0.15046502774847798926E-08    0.17911051969258088974E-09
    0.74217601392192200649E+01    0.13468015543174733637E-08    0.16731593156294482972E-09
    0.74305479360260271449E+01    0.12053100699894600120E-08    0.15620754072380027534E-09
    0.74393357328328333367E+01    0.10784990868006134844E-08    0.14575321967910573583E-09
    0.74481235296396404166E+01    0.96486198313670553313E-09    0.13592161209807901930E-09
    0.74569113264464474966E+01    0.86304529529511473890E-09    0.12668217994726929150E-09
    0.74656991232532536884E+01    0.77183331279756564447E-09    0.11800528967299719917E-09
    0.74744869200600607684E+01    0.69013392478700128612E-09    0.10986227755902784968E-09
    0.74832747168668678484E+01    0.61696638124744460625E-09    0.10222547371568216820E-09
    0.74920625136736740401E+01    0.55144987526461379040E-09    0.95068209794174679049E-10
    0.75008503104804811201E+01    0.49279358955431392582E-09    0.88364801635011167627E-10
    0.75096381072872882001E+01    0.44028776150319762425E-09    0.82090516534527599866E-10
    0.75184259040940952801E+01    0.39329536923162167098E-09    0.76221558371875708205E-10
    0.75272137009009014719E+01    0.35124472658204054047E-09    0.70735085232938408846E-10
    0.75360014977077085518E+01    0.31362255703219515663E-09    0.65609239835303384270E-10
    0.75447892945145156318E+01    0.27996816202684958715E-09    0.60823199888356610861E-10
    0.75535770913213218236E+01    0.24986833334678324460E-09    0.56357233937629411376E-10
    0.75623648881281289036E+01    0.22295255358648693563E-09    0.52192651140190571758E-10
    0.75711526849349359836E+01    0.19888857793936610120E-09    0.48311573386312974651E-10
    0.75799404817417421754E+01    0.17737827346358992720E-09    0.44696732261672407431E-10
    0.75887282785485492553E+01    0.15815416568117321611E-09    0.41331572829276291292E-10
    0.75975160753553563353E+01    0.14097646377860207332E-09    0.38200544904811841209E-10
    0.76063038721621625271E+01    0.12563028834366391616E-09    0.35289192750644402149E-10
    0.76150916689689696071E+01    0.11192317094117329435E-09    0.32583885178414540230E-10
    0.76238794657757766871E+01    0.99682681557843562837E-10    0.30071525458920954893E-10
    0.76326672625825837670E+01    0.88754315926755781200E-10    0.27739565431915197301E-10
    0.76414550593893899588E+01    0.78999570470526914480E-10    0.25576207562740565704E-10
    0.76502428561961970388E+01    0.70294276125881764258E-10    0.23570455645029270185E-10
    0.76590306530030041188E+01    0.62527332594283569041E-10    0.21711892263947797085E-10
    0.76678184498098103106E+01    0.55599502325390897824E-10    0.19990461846230450991E-10
    0.76766062466166173905E+01    0.49422033938448747733E-10    0.18396569663583505673E-10
    0.76853940434234244705E+01    0.43915204179182939376E-10    0.16921369440056273144E-10
    0.76941818402302306623E+01    0.39007256219170242459E-10    0.15556837150971785910E-10
    0.77029696370370377423E+01    0.34633993149160599623E-10    0.14295472691714318219E-10
    0.77117574338438448223E+01    0.30738408623069693360E-10    0.13129995178957623461E-10
    0.77205452306506510141E+01    0.27269789995010661284E-10    0.12053400657148431732E-10
    0.77293330274574580940E+01    0.24182516004722253704E-10    0.11059239816219566593E-10
    0.77381208242642651740E+01    0.21435296079987028606E-10    0.10141728935037745078E-10
    0.77469086210710722540E+01    0.18991160138954262791E-10    0.92955637512016423772E-11
    0.77556964178778784458E+01    0.16817486453652792058E-10    0.85157007603847176124E-11
    0.77644842146846855258E+01    0.14885420275403941975E-10    0.77973058328598148831E-11
    0.77732720114914926057E+01    0.13168934708229143716E-10    0.71358104805556712779E-11
    0.77820598082982987975E+01    0.11644282386352400297E-10    0.65269801103919925978E-11
    0.77908476051051058775E+01    0.10290116036398203820E-10    0.59669871592331513273E-11
    0.77996354019119129575E+01    0.90876676490244087728E-11    0.54524347623751651421E-11
    0.78084231987187191493E+01    0.80205001083303546613E-11    0.49801689511352003501E-11
    0.78172109955255262292E+01    0.70739988540953212213E-11    0.45469790192215423428E-11
    0.78259987923323333092E+01    0.62349914928978853505E-11    0.41495662265499481510E-11
    0.78347865891391395010E+01    0.54916024029287835294E-11    0.37849492502212153932E-11
    0.78435743859459465810E+01    0.48331730018995837327E-11    0.34508142482548314129E-11
    0.78523621827527536610E+01    0.42502220075475880743E-11    0.31452058321882173931E-11
    0.78611499795595607409E+01    0.37344218070402105139E-11    0.28658487734818509972E-11
    0.78699377763663669327E+01    0.32784707153559475638E-11    0.26099965823793218937E-11
    0.78787255731731740127E+01    0.28758009818214164937E-11    0.23751484134099753380E-11
    0.78875133699799810927E+01    0.25203258482920134523E-11    0.21597322363952350689E-11
    0.78963011667867872845E+01    0.22065049179006031971E-11    0.19628119804743504846E-11
    0.79050889635935943645E+01    0.19295866937131189428E-11    0.17832322808600705429E-11
    0.79138767604004014444E+01    0.16856097124866570269E-11    0.16192739155960631829E-11
    0.79226645572072076362E+01    0.14710091534118634751E-11    0.14691678094413256446E-11
    0.79314523540140147162E+01    0.12822573019773200087E-11    0.13316573641691663592E-11
    0.79402401508208217962E+01    0.11160142311678490366E-11    0.12059446493936964700E-11
    0.79490279476276279880E+01    0.96956365936203224004E-12    0.10912756074610371069E-11
    0.79578157444344350679E+01    0.84091423600237891988E-12    0.98673412812038551672E-12
    0.79666035412412421479E+01    0.72835426138953462322E-12    0.89139891793585243005E-12
    0.79753913380480492279E+01    0.63001250493557667630E-12    0.80453495967190961584E-12
    0.79841791348548554197E+01    0.54394993480175914084E-12    0.72558750420006975280E-12
    0.79929669316616624997E+01    0.46855332621596010351E-12    0.65405867275451602561E-12
    0.80017547284684695796E+01    0.40268141224918369643E-12    0.58941774686291908228E-12
    0.80105425252752748833E+01    0.34540033754163036383E-12    0.53107646893905507349E-12
    0.80193303220820819632E+01    0.29570501833820154280E-12    0.47839868915327980241E-12
    0.80281181188888890432E+01    0.25255745515501964592E-12    0.43078732744187654397E-12
    0.80369059156956961232E+01    0.21510360105159272900E-12    0.38780734771417339221E-12
    0.80456937125025032032E+01    0.18274398172110113183E-12    0.34918606520503786874E-12
    0.80544815093093102831E+01    0.15496417926067191868E-12    0.31462488450089585799E-12
    0.80632693061161173631E+01    0.13116285579265878778E-12    0.28363171460895599429E-12
    0.80720571029229226667E+01    0.11068375894518036432E-12    0.25560241268876643322E-12
    0.80808448997297297467E+01    0.92962940315208726892E-13    0.23004047123819443696E-12
    0.80896326965365368267E+01    0.77600868722770870913E-13    0.20665865614530213498E-12
    0.80984204933433439066E+01    0.64309701298621998335E-13    0.18528919384181040910E-12
    0.81072082901501509866E+01    0.52844216898583754865E-13    0.16577878538762912038E-12
    0.81159960869569580666E+01    0.42978023717117836231E-13    0.14799149269616502070E-12
    0.81247838837637633702E+01    0.34505853604295718145E-13    0.13186895621740073412E-12
    0.81335716805705704502E+01    0.27236891652817743722E-13    0.11741481806152194173E-12
    0.81423594773773775302E+01    0.20972342366096713758E-13    0.10456148250139867518E-12
    0.81511472741841846101E+01    0.15495672108970989347E-13    0.93065791001035738255E-13
    0.81599350709909916901E+01    0.10625140072826923003E-13    0.82616575398171177802E-13
    0.81687228677977987701E+01    0.62963300962176291720E-14    0.73051764641973350920E-13
    0.81775106646046058501E+01    0.25713873560900304885E-14    0.64411986593029602045E-13
    0.81862984614114111537E+01   -0.46227825034243407576E-15    0.56743450264198772365E-13
    0.81950862582182182337E+01   -0.27913575731220674149E-14    0.49916442365713593504E-13
    0.82038740550250253136E+01   -0.44761212309446069212E-14    0.43713224942640261310E-13
    0.82126618518318323936E+01   -0.55937214915726338881E-14    0.38057009564857653587E-13
    0.82214496486386394736E+01   -0.62005068231126487368E-14    0.33070899758030107303E-13
    0.82302374454454465535E+01   -0.63279019432997197546E-14    0.28875821296865417480E-13
    0.82390252422522518572E+01   -0.59948218266201139355E-14    0.25397530613433058596E-13
    0.82478130390590589371E+01   -0.52549696874718557411E-14    0.22421974980504569690E-13
    0.82566008358658660171E+01   -0.42572444257795236737E-14    0.19784084934982404565E-13
    0.82653886326726730971E+01   -0.32293397802308117984E-14    0.17454717651291240849E-13
    0.82741764294794801771E+01   -0.23498777395010867426E-14    0.15467561504279068456E-13
    0.82829642262862872570E+01   -0.16407564939812953012E-14    0.13827869118684102470E-13
    0.82917520230930943370E+01   -0.10246322979033623570E-14    0.12481896694923105931E-13
    0.83005398198998996406E+01   -0.46900609170718701619E-15    0.11323415264474857434E-13
    0.83093276167067067206E+01   -0.50755323146644859820E-16    0.10227464832775068952E-13
    0.83181154135135138006E+01    0.10148329573238954313E-15    0.91190722252360308147E-14
    0.83269032103203208806E+01   -0.11564254524637583188E-15    0.80244322987085468339E-14
    0.83356910071271279605E+01   -0.72746788162712999605E-15    0.70296648927862597066E-14
    0.83444788039339350405E+01   -0.16472023984669870645E-14    0.61918645353061549160E-14
    0.83532666007407403441E+01   -0.26948505179782464341E-14    0.54967113204119375364E-14
    0.83620543975475474241E+01   -0.36891306316192158343E-14    0.48865731239270839619E-14
    0.83708421943543545041E+01   -0.45294774886918864423E-14    0.42997882550510226556E-14
    0.83796299911611615840E+01   -0.51853852607757473750E-14    0.36965141778752179674E-14
    0.83884177879679686640E+01   -0.56367276652486339837E-14    0.30754830408094461094E-14
    0.83972055847747757440E+01   -0.58424404769267614488E-14    0.24741279691766084869E-14
    0.84059933815815828240E+01   -0.57536200696409347616E-14    0.19461635764681981389E-14
    0.84147811783883881276E+01   -0.53372915640746544361E-14    0.15347709259061760789E-14
    0.84235689751951952076E+01   -0.46052924343668617078E-14    0.12468877360284318946E-14
    0.84323567720020022875E+01   -0.36413831195257102470E-14    0.10312662645439663876E-14
    0.84411445688088093675E+01   -0.25795311169338500349E-14    0.79024535706148417405E-15
    0.84499323656156164475E+01   -0.15151691426423210413E-14    0.43788498468236847718E-15
    0.84587201624224235275E+01   -0.44245886837904925441E-15   -0.45340503096999865383E-16
    0.84675079592292288311E+01    0.66540484653206672258E-15   -0.60455804102500194464E-15
    0.84762957560360359111E+01    0.17113651658505641479E-14   -0.11302071277436172110E-14
    0.84850835528428429910E+01    0.24746742101271924504E-14   -0.15005974834612858105E-14
    0.84938713496496500710E+01    0.28151392416783871327E-14   -0.16529537983060078573E-14
    0.85026591464564571510E+01    0.28374670315529555996E-14   -0.16315221129006902096E-14
    0.85114469432632642309E+01    0.27655982931211886436E-14   -0.15334371846026620420E-14
    0.85202347400700713109E+01    0.26784243807099521798E-14   -0.14053291394426069152E-14
    0.85290225368768766145E+01    0.24392341427452813508E-14   -0.12035272239577776416E-14
    0.85378103336836836945E+01    0.19005364765264400912E-14   -0.84541404156449500697E-15
    0.85465981304904907745E+01    0.10957386168649809587E-14   -0.27594626154716169415E-15
    0.85553859272972978545E+01    0.18868866877188485874E-15    0.47727139761217454918E-15
    0.85641737241041049344E+01   -0.69565816678618410542E-15    0.12646626151064410479E-14
    0.85729615209109120144E+01   -0.15248901326230739272E-14    0.18741657289589822916E-14
    0.85817493177177173180E+01   -0.22473335677760097340E-14    0.22212382691599223944E-14
    0.85905371145245243980E+01   -0.27049610683105150223E-14    0.24725102764173045470E-14
    0.85993249113313314780E+01   -0.27477404669347060915E-14    0.28472104799555124703E-14
    0.86081127081381385580E+01   -0.24352502471375261398E-14    0.32779981950383523929E-14
    0.86169005049449456379E+01   -0.20350410450632317772E-14    0.33850740809422833614E-14
    0.86256883017517527179E+01   -0.17434823750161005020E-14    0.28791312879402941073E-14
    0.86344760985585597979E+01   -0.14646642445685976531E-14    0.19012338598833326266E-14
    0.86432638953653651015E+01   -0.97915529270481469703E-15    0.85218108854644447784E-15
    0.86520516921721721815E+01   -0.29000342785378977159E-15   -0.20780258173267485355E-16
    0.86608394889789792614E+01    0.31499809058517064900E-15   -0.77198723841044443920E-15
    0.86696272857857863414E+01    0.58993371847090645917E-15   -0.15346734670312536381E-14
    0.86784150825925934214E+01    0.61155938943472479055E-15   -0.22973654243332032219E-14
    0.86872028793994005014E+01    0.64329701829229133133E-15   -0.29251803612779738651E-14
    0.86959906762062058050E+01    0.80474936370475579735E-15   -0.33013186054368818431E-14
    0.87047784730130128850E+01    0.97127339013426282880E-15   -0.33912241685965457971E-14
    0.87135662698198199649E+01    0.99025129968161044419E-15   -0.31959089820335351916E-14
    0.87223540666266270449E+01    0.88131004089273545631E-15   -0.27060149492875697197E-14
    0.87311418634334341249E+01    0.77462036807525934749E-15   -0.19310259664716970113E-14
    0.87399296602402412049E+01    0.72718975063847476461E-15   -0.96069228256528713458E-15
    0.87487174570470482848E+01    0.67202834768470832769E-15    0.39513922013089771378E-16
    0.87575052538538535885E+01    0.54892132222157254149E-15    0.92087920972592155055E-15
    0.87662930506606606684E+01    0.41615025259745619331E-15    0.16316561194672801404E-14
    0.87750808474674677484E+01    0.38174513285024337487E-15    0.21996623131109470439E-14
    0.87838686442742748284E+01    0.45509091908716644548E-15    0.26660205351818038258E-14
    0.87926564410810819084E+01    0.52326552689769310011E-15    0.30297198558314135225E-14
    0.88014442378878889883E+01    0.49331329313223772178E-15    0.32107955001130856284E-14
    0.88102320346946942919E+01    0.40649961100868312970E-15    0.30557711138763742845E-14
    0.88190198315015013719E+01    0.35519425784119445226E-15    0.24715730751470908911E-14
    0.88278076283083084519E+01    0.31628371832536796319E-15    0.16018858255106646159E-14
    0.88365954251151155319E+01    0.14499332167223736452E-15    0.78531002656470277587E-15
    0.88453832219219226118E+01   -0.22182523184950672042E-15    0.23406462677202949915E-15
    0.88541710187287296918E+01   -0.61703971476393901064E-15   -0.20109017385732289716E-15
    0.88629588155355367718E+01   -0.80319745464153685222E-15   -0.81039679029600072810E-15
    0.88717466123423420754E+01   -0.76164459786150098006E-15   -0.16123110525088466518E-14
    0.88805344091491491554E+01   -0.73532239309578054104E-15   -0.22879538457058472288E-14
    0.88893222059559562354E+01   -0.95172945575084597911E-15   -0.25667239488759667919E-14
    0.88981100027627633153E+01   -0.13807021090156934285E-14   -0.25457106269148762184E-14
    0.89068977995695703953E+01   -0.17986782912705620382E-14   -0.25212178198441321023E-14
    0.89156855963763774753E+01   -0.19951307467540448478E-14   -0.26069657071516849966E-14
    0.89244733931831827789E+01   -0.18812110926880883567E-14   -0.26301043733623534379E-14
    0.89332611899899898589E+01   -0.14655060688549415170E-14   -0.23895343510333793911E-14
    0.89420489867967969388E+01   -0.81166164638280834106E-15   -0.18892839046985165827E-14
    0.89508367836036040188E+01   -0.16254985885854698265E-16   -0.12770971804173280278E-14
    0.89596245804104110988E+01    0.80430059452128386693E-15   -0.65189380096166466767E-15
    0.89684123772172181788E+01    0.15365254438705777582E-14   -0.40270679993871083809E-17
    0.89772001740240252587E+01    0.21049104012974529882E-14    0.67116459263740941843E-15
    0.89859879708308305624E+01    0.24933886019437539900E-14    0.12784226212862170935E-14
    0.89947757676376376423E+01    0.27164295261689411223E-14    0.16874987883935777820E-14
    0.90035635644444447223E+01    0.27701867287213625276E-14    0.18641964909265088902E-14
    0.90123513612512518023E+01    0.26262507831243292557E-14    0.18912015073621096475E-14
    0.90211391580580588823E+01    0.22788700223039438933E-14    0.18496070198967592465E-14
    0.90299269548648659622E+01    0.17821641569753848111E-14    0.17250638438649774326E-14
    0.90387147516716712659E+01    0.12253493421108237578E-14    0.14708457036500688876E-14
    0.90475025484784783458E+01    0.67935555661970288809E-15    0.11329843054998304896E-14
    0.90562903452852854258E+01    0.15591683852592058846E-15    0.84961305747172432245E-15
    0.90650781420920925058E+01   -0.41508297414369127916E-15    0.69419531409285046206E-15
    0.90738659388988995858E+01   -0.11644364084310991336E-14    0.56397099986761088682E-15
    0.90826537357057066657E+01   -0.21355596066592111494E-14    0.29671729247054547399E-15
    0.90914415325125137457E+01   -0.31044456558560838657E-14   -0.12307680934343481829E-15
    0.91002293293193190493E+01   -0.36578093981077627781E-14   -0.53733426913610887444E-15
    0.91090171261261261293E+01   -0.35815566687731433765E-14   -0.80864384986198016482E-15
    0.91178049229329332093E+01   -0.31223553172884521292E-14   -0.97586585422834235250E-15
    0.91265927197397402892E+01   -0.26869825210803194408E-14   -0.11694489640642891763E-14
    0.91353805165465473692E+01   -0.23277333287411754592E-14   -0.14282275294610535709E-14
    0.91441683133533544492E+01   -0.16966714828730493110E-14   -0.16541251840944482251E-14
    0.91529561101601597528E+01   -0.57050941693201263599E-15   -0.17375305095822994930E-14
    0.91617439069669668328E+01    0.75321482016088451928E-15   -0.16669287640884101627E-14
    0.91705317037737739128E+01    0.17595454175114394711E-14   -0.14990589617230634533E-14
    0.91793195005805809927E+01    0.22934905065111912812E-14   -0.12708018650576589487E-14
    0.91881072973873880727E+01    0.26555645800037617505E-14   -0.97539130529011485986E-15
    0.91968950941941951527E+01    0.31124688006277712553E-14   -0.61796499987156848893E-15
    0.92056828910010004563E+01    0.35116656029115744995E-14   -0.25561819737362939307E-15
    0.92144706878078075363E+01    0.35176141119659396182E-14    0.51129715855864686256E-16
    0.92232584846146146162E+01    0.30895558001595980224E-14    0.31817600809460470030E-15
    0.92320462814214216962E+01    0.25431399503924608178E-14    0.63134966304078353236E-15
    0.92408340782282287762E+01    0.21121870381285283314E-14    0.10374496284257840782E-14
    0.92496218750350358562E+01    0.16229298586223896709E-14    0.14621254079747374736E-14
    0.92584096718418411598E+01    0.76284757308739500455E-15    0.17610484525645861846E-14
    0.92671974686486482398E+01   -0.42889123211376722086E-15    0.18273043832823081646E-14
    0.92759852654554553197E+01   -0.15225162936589997808E-14    0.16537752873484967829E-14
    0.92847730622622623997E+01   -0.21933708115629703425E-14    0.13387088004212440650E-14
    0.92935608590690694797E+01   -0.25921520728832173343E-14    0.10516078390045227544E-14
    0.93023486558758765597E+01   -0.30728653498166902460E-14    0.90951129900385684397E-15
    0.93111364526826818633E+01   -0.36784905956118549488E-14    0.83446773602134841260E-15
    0.93199242494894889433E+01   -0.40603082236494727208E-14    0.59814618134500199032E-15
    0.93287120462962960232E+01   -0.39083109495373571638E-14    0.80776907357822692155E-16
    0.93374998431031031032E+01   -0.32920855490196326854E-14   -0.55460674392459192601E-15
    0.93462876399099101832E+01   -0.24860907180301216308E-14   -0.10432191701009574035E-14
    0.93550754367167172632E+01   -0.15988575229375083359E-14   -0.13271790941710177944E-14
    0.93638632335235243431E+01   -0.51470415241625492415E-15   -0.15864526258889575855E-14
    0.93726510303303296467E+01    0.79941388885723498778E-15   -0.19478603305028128434E-14
    0.93814388271371367267E+01    0.20772163974477017917E-14   -0.22734268761171151141E-14
    0.93902266239439438067E+01    0.29757898234992183726E-14   -0.23356880189392304325E-14
    0.93990144207507508867E+01    0.34507521558152024704E-14   -0.21307062924566191016E-14
    0.94078022175575579666E+01    0.37629188268586519726E-14   -0.18949577346143029715E-14
    0.94165900143643650466E+01    0.40636375302261525680E-14   -0.17825137726388394787E-14
    0.94253778111711703502E+01    0.41112995886215188598E-14   -0.16378936140784840639E-14
    0.94341656079779774302E+01    0.35662742533819874038E-14   -0.12060897304385586317E-14
    0.94429534047847845102E+01    0.24847772792979708042E-14   -0.49476038014266895354E-15
    0.94517412015915915902E+01    0.13389028029967654452E-14    0.20693561161616119553E-15
    0.94605289983983986701E+01    0.49903440758819754894E-15    0.69910197729453664057E-15
    0.94693167952052057501E+01   -0.14497782276926128996E-15    0.11287407463941047123E-14
    0.94781045920120128301E+01   -0.91636669350901989711E-15    0.17430769459869027332E-14
    0.94868923888188181337E+01   -0.18523117387249518917E-14    0.24724764747322919060E-14
    0.94956801856256252137E+01   -0.26300767090003634809E-14    0.29292488183033351583E-14
    0.95044679824324322936E+01   -0.29745760369673080984E-14    0.28726934736457864555E-14
    0.95132557792392393736E+01   -0.29676002244973661330E-14    0.25259325719743905938E-14
    0.95220435760460464536E+01   -0.28598344034136355915E-14    0.22609630629328280627E-14
    0.95308313728528535336E+01   -0.27053731758911661457E-14    0.20727877621238095021E-14
    0.95396191696596588372E+01   -0.23092267000129239653E-14    0.15678833972130430977E-14
    0.95484069664664659172E+01   -0.15260813116160755382E-14    0.52398640295552183059E-15
    0.95571947632732729971E+01   -0.48721967954568220071E-15   -0.72481803548657913984E-15
    0.95659825600800800771E+01    0.53037733450081546396E-15   -0.16474881248485708690E-14
    0.95747703568868871571E+01    0.13651764535557799563E-14   -0.21264916358813186273E-14
    0.95835581536936942371E+01    0.20411142440471690052E-14   -0.25134164529979798591E-14
    0.95923459505005013170E+01    0.26233144366964998211E-14   -0.30718588308127113241E-14
    0.96011337473073066207E+01    0.30928001388620338880E-14   -0.35722848664081644918E-14
    0.96099215441141137006E+01    0.33672874280419853117E-14   -0.35762723319855490985E-14
    0.96187093409209207806E+01    0.33796960219821538361E-14   -0.29618167836218298860E-14
    0.96274971377277278606E+01    0.31195551267519739276E-14   -0.20296634081788243820E-14
    0.96362849345345349406E+01    0.26309656468407282614E-14   -0.11467471077144319925E-14
    0.96450727313413420205E+01    0.19937434936862875430E-14   -0.43834856718179833533E-15
    0.96538605281481491005E+01    0.12767465534919641092E-14    0.18821922777660090805E-15
    0.96626483249549544041E+01    0.49026455676813623851E-15    0.88330978194904957417E-15
    0.96714361217617614841E+01   -0.37793043111096847302E-15    0.17238349553928491257E-14
    0.96802239185685685641E+01   -0.12393713354019045326E-14    0.26225691886742337389E-14
    0.96890117153753756440E+01   -0.18547743270115597827E-14    0.33181002151743626941E-14
    0.96977995121821827240E+01   -0.20197229240376637268E-14    0.35679715667624083361E-14
    0.97065873089889898040E+01   -0.18115301256270005028E-14    0.33921198229601855772E-14
    0.97153751057957951076E+01   -0.15481584991748861731E-14    0.30499730584493274206E-14
    0.97241629026026021876E+01   -0.14425466889066077692E-14    0.27356912363806579088E-14
    0.97329506994094092676E+01   -0.13675223569415730099E-14    0.23641973022803938756E-14
    0.97417384962162163475E+01   -0.10441654122491958769E-14    0.17178579533590762766E-14
    0.97505262930230234275E+01   -0.37469863283323619914E-15    0.71789001798862134476E-15
    0.97593140898298305075E+01    0.46124875871477221078E-15   -0.49347369949092353832E-15
    0.97681018866366375875E+01    0.11663160814736954164E-14   -0.16757390865272976806E-14
    0.97768896834434428911E+01    0.15026070782715729286E-14   -0.26221584395888451823E-14
    0.97856774802502499710E+01    0.14132122948658207977E-14   -0.32344004144475963875E-14
    0.97944652770570570510E+01    0.10955611386978117133E-14   -0.35606579990312907641E-14
    0.98032530738638641310E+01    0.88625452764143401153E-15   -0.37370463701201570398E-14
    0.98120408706706712110E+01    0.95589668516174569053E-15   -0.38318746952631328630E-14
    0.98208286674774782909E+01    0.11257828944442431485E-14   -0.37477661747649719639E-14
    0.98296164642842835946E+01    0.10821902025004055753E-14   -0.33152634146500580799E-14
    0.98384042610910906745E+01    0.71617789274052706099E-15   -0.24511560477024916190E-14
    0.98471920578978977545E+01    0.19415691034257512248E-15   -0.12187589410714037656E-14
    0.98559798547047048345E+01   -0.25380275535928265568E-15    0.21637538362212892156E-15
    0.98647676515115119145E+01   -0.51627293676673157149E-15    0.16464053433409684371E-14
    0.98735554483183189944E+01   -0.59712215240834120107E-15    0.28820860312812759526E-14
    0.98823432451251260744E+01   -0.54315519111017313510E-15    0.38077574406666117606E-14
    0.98911310419319313780E+01   -0.41504181626262646204E-15    0.43906650934630442596E-14
    0.98999188387387384580E+01   -0.30432452639478872016E-15    0.46437511532677091413E-14
    0.99087066355455455380E+01   -0.32197521519947716811E-15    0.45873118577174826882E-14
    0.99174944323523526180E+01   -0.49571276821119095956E-15    0.42252358722693894877E-14
    0.99262822291591596979E+01   -0.66265677961188022929E-15    0.35317249891966327468E-14
    0.99350700259659667779E+01   -0.59179173220143663968E-15    0.24716077970437275317E-14
    0.99438578227727720815E+01   -0.32885141195718772118E-15    0.10541469221441110657E-14
    0.99526456195795791615E+01   -0.25679400548415001564E-15   -0.61697587480678062264E-15
    0.99614334163863862415E+01   -0.34412573100425894397E-15   -0.23162821735978887288E-14
    0.99702212131931933214E+01    0.26762897667498087512E-15   -0.37771029120108159638E-14
    0.99790090100000004014E+01   -0.10451126455353232321E-14   -0.54801467194058910193E-14
