    0.11999999999999999556E+01    0.00000000000000000000E+00    0.00000000000000000000E+00
    0.12087877968068068135E+01   -0.19448117708548504119E-11    0.39528210303437301085E-16
    0.12175755936136136715E+01    0.28705249196946596291E-11    0.42456281602557840424E-16
    0.12263633904204203073E+01    0.27783894384872432083E-11    0.34610767495408910093E-16
    0.12351511872272271653E+01   -0.61469288345440911613E-11    0.10729532304306726848E-16
    0.12439389840340340232E+01   -0.61542675950580926496E-11    0.11793024706219157022E-18
    0.12527267808408408811E+01    0.11304917238964740853E-10    0.22045496096099544623E-16
    0.12615145776476475170E+01    0.26189352736747243472E-10    0.51392324552386827520E-16
    0.12703023744544543749E+01    0.15352119099777804368E-10    0.49167267797844509676E-16
    0.12790901712612612329E+01   -0.10871645393959486311E-10    0.11679705954543529407E-16
    0.12878779680680680908E+01   -0.16252320406587983648E-10   -0.26044178275251563033E-16
    0.12966657648748749487E+01    0.10735719885827014040E-10   -0.32237677590660086127E-16
    0.13054535616816815846E+01    0.30866953645723873613E-10   -0.94620659316200633374E-17
    0.13142413584884884425E+01    0.44286859537389511521E-11    0.17348337396781110979E-16
    0.13230291552952953005E+01   -0.41867113743594316017E-10    0.27366663831328562317E-16
    0.13318169521021021584E+01   -0.35708170965386765678E-10    0.16388847026750994716E-16
    0.13406047489089087943E+01    0.35897600799745019650E-10   -0.50107184273979870637E-17
    0.13493925457157156522E+01    0.77621540573042497265E-10   -0.17862408374701972498E-16
    0.13581803425225225102E+01    0.38753937136598173126E-11   -0.75604550122997832215E-17
    0.13669681393293293681E+01   -0.11014339513071711191E-09    0.23028857047252315441E-16
    0.13757559361361360040E+01   -0.86799728690115038411E-10    0.54645548757852307440E-16
    0.13845437329429428619E+01    0.97519669419564423615E-10    0.66376423354621209700E-16
    0.13933315297497497198E+01    0.19828354896661027238E-09    0.48260870975914559472E-16
    0.14021193265565565778E+01    0.37539706627295385672E-11    0.41121597059724406413E-17
    0.14109071233633634357E+01   -0.28665530198633446989E-09   -0.49832009437878718561E-16
    0.14196949201701700716E+01   -0.21886333328219223854E-09   -0.89498291085577782506E-16
    0.14284827169769769295E+01    0.25900125356360447686E-09   -0.90734966619011495852E-16
    0.14372705137837837874E+01    0.51182160350230658796E-09   -0.42012785155089642555E-16
    0.14460583105905906454E+01   -0.21530777972339387706E-12    0.31928286902093386825E-16
    0.14548461073973975033E+01   -0.74889745349047065991E-09    0.52435495252219692024E-16
    0.14636339042042041392E+01   -0.55688057466383071928E-09   -0.63232458036300696893E-16
    0.14724217010110109971E+01    0.69554812291854450107E-09   -0.29123864478295672791E-15
    0.14812094978178178550E+01    0.13490409228597892911E-08   -0.46391458480398496791E-15
    0.14899972946246244909E+01    0.25798488780348842227E-10   -0.42862452798800338241E-15
    0.14987850914314313489E+01   -0.18287081234236764492E-08   -0.24328597033987021037E-15
    0.15075728882382382068E+01   -0.10279513877994920935E-08   -0.13458088413822421108E-15
    0.15163606850450450647E+01    0.29638745135667887938E-08   -0.23586544625547499671E-15
    0.15251484818518519226E+01    0.64427341080130216429E-08   -0.42890098256304344466E-15
    0.15339362786586585585E+01    0.75925156347105631479E-08   -0.50197391731372295590E-15
    0.15427240754654654165E+01    0.14366237740229863644E-07   -0.39171019259136663303E-15
    0.15515118722722722744E+01    0.45345028248115434377E-07   -0.21409889428183655752E-15
    0.15602996690790791323E+01    0.12471763923616809141E-06   -0.97851978109736309418E-16
    0.15690874658858859902E+01    0.29409919352634151277E-06   -0.58379267260864749836E-16
    0.15778752626926926261E+01    0.66602771454279799072E-06   -0.28169791206912865107E-16
    0.15866630594994994841E+01    0.15045928419078993955E-05    0.59930422053135668865E-16
    0.15954508563063063420E+01    0.33837728320896269127E-05    0.21448528577234262272E-15
    0.16042386531131129779E+01    0.74296228498337228477E-05    0.35385277616413215927E-15
    0.16130264499199198358E+01    0.15853951996828721886E-04    0.31536462431568960764E-15
    0.16218142467267266937E+01    0.33147278187717063374E-04   -0.47953948204918240367E-16
    0.16306020435335335517E+01    0.67806745770745662362E-04   -0.74567112114314212553E-15
    0.16393898403403404096E+01    0.13597152336338176972E-03   -0.15695273333329087022E-14
    0.16481776371471470455E+01    0.26693947777688099236E-03   -0.20596127221509774232E-14
    0.16569654339539539034E+01    0.51203535105045778607E-03   -0.16494536188541639059E-14
    0.16657532307607607613E+01    0.96071403517398643555E-03   -0.21153645993627653421E-15
    0.16745410275675676193E+01    0.17611988498417397928E-02    0.14128595067198450980E-14
    0.16833288243743744772E+01    0.31535300362760801049E-02    0.18848213112064068445E-14
    0.16921166211811811131E+01    0.55141340214028070066E-02    0.71757831702090724383E-15
    0.17009044179879879710E+01    0.94089642252008238305E-02   -0.10285416396737072559E-14
    0.17096922147947948289E+01    0.15663020026412319968E-01   -0.18067108873823630545E-14
    0.17184800116016014648E+01    0.25433671295182015692E-01   -0.10666179811206606667E-14
    0.17272678084084085448E+01    0.40271686059677881675E-01    0.49148592729965109153E-15
    0.17360556052152151807E+01    0.62168872825069804167E-01    0.17770108555807285351E-14
    0.17448434020220220386E+01    0.93557659658372038791E-01    0.20918995844921885493E-14
    0.17536311988288288966E+01    0.13720484055234516418E+00    0.14238780255735956899E-14
    0.17624189956356355324E+01    0.19603689887819653048E+00    0.49018620851900404970E-15
    0.17712067924424426124E+01    0.27277033845351167374E+00    0.29512724276848745705E-15
    0.17799945892492492483E+01    0.36936547085087795272E+00    0.12796029510340976325E-14
    0.17887823860560561062E+01    0.48637999183115598889E+00    0.28615501657556369384E-14
    0.17975701828628629642E+01    0.62214544136019978016E+00    0.39694795470201260968E-14
    0.18063579796696696000E+01    0.77192032944164290509E+00    0.38488066589202554393E-14
    0.18151457764764764580E+01    0.92727515764207368854E+00    0.24364624661275706647E-14
    0.18239335732832833159E+01    0.10757083672532619101E+01    0.33540344104767434409E-15
    0.18327213700900899518E+01    0.12007998977988945111E+01   -0.14489860870865757667E-14
    0.18415091668968970318E+01    0.12835043811200392838E+01   -0.21955020019545313923E-14
    0.18502969637037036676E+01    0.13040170623045153064E+01   -0.21534366940913848281E-14
    0.18590847605105105256E+01    0.12447465850234273876E+01   -0.23501371768715185389E-14
    0.18678725573173173835E+01    0.10942298871849795994E+01   -0.36415713026896925392E-14
    0.18766603541241240194E+01    0.85081757477931729827E+00   -0.60117222485423564106E-14
    0.18854481509309310994E+01    0.52559926320203442796E+00   -0.86224833505757736284E-14
    0.18942359477377377353E+01    0.14451822252940554892E+00   -0.10173397311473875862E-13
    0.19030237445445445932E+01   -0.25282833704225587956E+00   -0.95933086318003438113E-14
    0.19118115413513514511E+01   -0.61733567465694128007E+00   -0.69749302961615091990E-14
    0.19205993381581580870E+01   -0.89647096500314715772E+00   -0.37564618715418467481E-14
    0.19293871349649649449E+01   -0.10438244786342132375E+01   -0.11934771942130208547E-14
    0.19381749317717718029E+01   -0.10293777543745363801E+01    0.13247607177161255272E-14
    0.19469627285785784387E+01   -0.84711474059975955253E+00    0.54783768293121395873E-14
    0.19557505253853855187E+01   -0.52010885145755358927E+00    0.11167081845569079992E-13
    0.19645383221921921546E+01   -0.10110149838223490837E+00    0.15320201678269860433E-13
    0.19733261189989990125E+01    0.33607183751510133485E+00    0.14823560273201022199E-13
    0.19821139158058058705E+01    0.70867598556155664280E+00    0.10103057634991412620E-13
    0.19909017126126125063E+01    0.94066164629232718042E+00    0.45317740726977827452E-14
    0.19996895094194195863E+01    0.98082670221099965691E+00    0.35899947070231942513E-15
    0.20084773062262262222E+01    0.81658343961346835371E+00   -0.35020026893468543479E-14
    0.20172651030330328581E+01    0.47762478871026931015E+00   -0.88335965493969170578E-14
    0.20260528998398399381E+01    0.34248735861187602769E-01   -0.14559691416907477772E-13
    0.20348406966466465740E+01   -0.41601770371514357194E+00   -0.17161254683079357289E-13
    0.20436284934534532098E+01   -0.77151166335715881672E+00   -0.14386920107278451834E-13
    0.20524162902602602898E+01   -0.94911101738816605611E+00   -0.74904541282307570693E-14
    0.20612040870670673698E+01   -0.90364639197533669357E+00    0.46554244846643095157E-15
    0.20699918838738740057E+01   -0.64337872505473603368E+00    0.72411392884230332191E-14
    0.20787796806806806416E+01   -0.22900416208917095950E+00    0.12055890705395913732E-13
    0.20875674774874877215E+01    0.24129912438820519394E+00    0.14554292549160926932E-13
    0.20963552742942943574E+01    0.65235530373956274186E+00    0.14112664320535272944E-13
    0.21051430711011009933E+01    0.90081359728886112315E+00    0.10262340181140432736E-13
    0.21139308679079080733E+01    0.92412739922471054399E+00    0.33861052984897579146E-14
    0.21227186647147147092E+01    0.71513886008219906820E+00   -0.50809332388125439674E-14
    0.21315064615215213450E+01    0.32419332678781459522E+00   -0.12884131553802212034E-13
    0.21402942583283284250E+01   -0.14920839113631312323E+00   -0.17507351123719027728E-13
    0.21490820551351350609E+01   -0.58371912295040517815E+00   -0.17308096682886608860E-13
    0.21578698519419421409E+01   -0.86842477290147634950E+00   -0.12592045872852169917E-13
    0.21666576487487487768E+01   -0.92899568816921507253E+00   -0.53105183495991510401E-14
    0.21754454455555558567E+01   -0.74804993723526347349E+00    0.23468069514104021676E-14
    0.21842332423623624926E+01   -0.37329831743463454119E+00    0.89149215347506629932E-14
    0.21930210391691691285E+01    0.98299614827051573496E-01    0.13446363307633520270E-13
    0.22018088359759762085E+01    0.54488342193123828761E+00    0.15044284061776972340E-13
    0.22105966327827828444E+01    0.84909847537939320272E+00    0.13010944502751076616E-13
    0.22193844295895894803E+01    0.93088518508237505511E+00    0.74855006622141642689E-14
    0.22281722263963965602E+01    0.77017907325040357858E+00   -0.22697545619268340975E-15
    0.22369600232032031961E+01    0.40814071011299918323E+00   -0.80686436706863439217E-14
    0.22457478200100098320E+01   -0.61108444954822836725E-01   -0.13867100010189564904E-13
    0.22545356168168169120E+01   -0.51394946271912222979E+00   -0.15931604259038810454E-13
    0.22633234136236239920E+01   -0.83250558270205521350E+00   -0.13596564238187060600E-13
    0.22721112104304301837E+01   -0.93507015189315900727E+00   -0.75061457275496519728E-14
    0.22808990072372372637E+01   -0.79415792304661270151E+00    0.61608301342416819554E-15
    0.22896868040440443437E+01   -0.44689790992335870490E+00    0.84115474250146969248E-14
    0.22984746008508509796E+01    0.15340009091707556416E-01    0.13625951318478835797E-13
    0.23072623976576576155E+01    0.47383360985374600727E+00    0.15049980317411684260E-13
    0.23160501944644646954E+01    0.81125066224556907635E+00    0.12928295877357767803E-13
    0.23248379912712713313E+01    0.94056601205710621549E+00    0.82568858043050189813E-14
    0.23336257880780779672E+01    0.83036807022694436586E+00    0.19098221919523797994E-14
    0.23424135848848850472E+01    0.51043856505777807087E+00   -0.53125220653637897293E-14
    0.23512013816916916831E+01    0.61380267614718875269E-01   -0.11940668319508454787E-13
    0.23599891784984983190E+01   -0.40337186445557871028E+00   -0.15759007284024609935E-13
    0.23687769753053053989E+01   -0.76737354031078852667E+00   -0.15197937929129020033E-13
    0.23775647721121124789E+01   -0.94229147576355942739E+00   -0.10803843322699148570E-13
    0.23863525689189186707E+01   -0.88674920463278505967E+00   -0.47410236773250633918E-14
    0.23951403657257257507E+01   -0.61494244864641256498E+00    0.11951024464711847523E-14
    0.24039281625325328307E+01   -0.19490984034550687398E+00    0.66075915614950029074E-14
    0.24127159593393394665E+01    0.27153604422815302843E+00    0.11336274644505276787E-13
    0.24215037561461461024E+01    0.67417412612645133407E+00    0.14034061322251232780E-13
    0.24302915529529531824E+01    0.91852449967616811577E+00    0.12844205897302037782E-13
    0.24390793497597598183E+01    0.94844118583163716796E+00    0.76340714097453702552E-14
    0.24478671465665664542E+01    0.75984029891608462215E+00    0.85700906117084093195E-15
    0.24566549433733735341E+01    0.39737742360630068372E+00   -0.45765906877402893561E-14
    0.24654427401801801700E+01   -0.55642448828788527992E-01   -0.77954476367503818887E-14
    0.24742305369869868059E+01   -0.49611285479338751436E+00   -0.97225251433474917343E-14
    0.24830183337937938859E+01   -0.82635903405544974820E+00   -0.10785611277194479609E-13
    0.24918061306006009659E+01   -0.97554612905999404937E+00   -0.98273615727769695766E-14
    0.25005939274074071577E+01   -0.91239718229259747506E+00   -0.57363281745034043718E-14
    0.25093817242142142376E+01   -0.65284279967849345727E+00    0.57972554428196940545E-15
    0.25181695210210213176E+01   -0.25476579931856735417E+00    0.66046104768515833178E-14
    0.25269573178278279535E+01    0.19712411525294756820E+00    0.10390849012149411477E-13
    0.25357451146346345894E+01    0.60858174091190542221E+00    0.11785885497593807321E-13
    0.25445329114414416694E+01    0.89536652194246324488E+00    0.11496100115582558752E-13
    0.25533207082482483052E+01    0.10016053048456194929E+01    0.97684624986703904454E-14
    0.25621085050550549411E+01    0.90878194105620146992E+00    0.63510228973469423240E-14
    0.25708963018618620211E+01    0.63733396185234136855E+00    0.14001003350779151515E-14
    0.25796840986686686570E+01    0.24264302835561615823E+00   -0.40363358965048945459E-14
    0.25884718954754752929E+01   -0.19825076752914361222E+00   -0.85185226357394684917E-14
    0.25972596922822823728E+01   -0.60240984288404109126E+00   -0.10936564318609001937E-13
    0.26060474890890894528E+01   -0.89568842335343201722E+00   -0.10913198331989763801E-13
    0.26148352858958960887E+01   -0.10263026773792771618E+01   -0.89418060559548088058E-14
    0.26236230827027027246E+01   -0.97389075877284481120E+00   -0.61569770308220331511E-14
    0.26324108795095098046E+01   -0.75026641636246971245E+00   -0.34639681213471473361E-14
    0.26411986763163164404E+01   -0.39668689279566138328E+00   -0.74521268483660565060E-15
    0.26499864731231230763E+01    0.24395837608286015386E-01    0.26279261815319201367E-14
    0.26587742699299301563E+01    0.44159308323504065097E+00    0.63785262982485542629E-14
    0.26675620667367367922E+01    0.78649643416667547324E+00    0.88967813417152841005E-14
    0.26763498635435434281E+01    0.10042252018745621012E+01    0.88173714749469740207E-14
    0.26851376603503505081E+01    0.10624677303481617763E+01    0.67040112512116221335E-14
    0.26939254571571571439E+01    0.95499366723452461247E+00    0.44459561268078610100E-14
    0.27027132539639637798E+01    0.70095624299146674918E+00    0.30493104736821863182E-14
    0.27115010507707708598E+01    0.34141014387827173238E+00    0.16508159308742359828E-14
    0.27202888475775779398E+01   -0.68579337558374642292E-01   -0.92967017456076929437E-15
    0.27290766443843845757E+01   -0.46896703385899141114E+00   -0.43572955895203023889E-14
    0.27378644411911912115E+01   -0.80326949079617881999E+00   -0.70791152075261044116E-14
    0.27466522379979982915E+01   -0.10265939125910270580E+01   -0.81181694083723078384E-14
    0.27554400348048049274E+01   -0.11114823345468516358E+01   -0.79865728208210821382E-14
    0.27642278316116115633E+01   -0.10498331783197831779E+01   -0.77293033187018218818E-14
    0.27730156284184186433E+01   -0.85309713864624259205E+00   -0.76919130984426349636E-14
    0.27818034252252252791E+01   -0.54940230115401156308E+00   -0.74732490147445178112E-14
    0.27905912220320319150E+01   -0.17846534931227256426E+00   -0.67147606431926149029E-14
    0.27993790188388389950E+01    0.21391559053124306611E+00   -0.55508961914385504053E-14
    0.28081668156456460750E+01    0.58175043537856996334E+00   -0.43044189839385111572E-14
    0.28169546124524522668E+01    0.88449310930445290690E+00   -0.30681905952840172968E-14
    0.28257424092592593468E+01    0.10909558015428788558E+01   -0.17410255422881674039E-14
    0.28345302060660664267E+01    0.11819134053932225381E+01   -0.37331802843336935651E-15
    0.28433180028728730626E+01    0.11514204192777479641E+01    0.73567485480618712537E-15
    0.28521057996796796985E+01    0.10060254601306826139E+01    0.14364068969296129104E-14
    0.28608935964864867785E+01    0.76319489537115947630E+00    0.21087153960062801589E-14
    0.28696813932932934144E+01    0.44870587126552369250E+00    0.33091282690184575590E-14
    0.28784691901001000502E+01    0.93325411575080494120E-01    0.49451329813578562258E-14
    0.28872569869069071302E+01   -0.27045255349894814501E+00    0.61283327541107015477E-14
    0.28960447837137137661E+01   -0.61144932552833153316E+00    0.63085260405135941066E-14
    0.29048325805205204020E+01   -0.90258573970017308419E+00    0.63465930775016758249E-14
    0.29136203773273274820E+01   -0.11227353841892191433E+01    0.76732545110764777892E-14
    0.29224081741341345619E+01   -0.12578866488433098070E+01    0.10207009835549729755E-13
    0.29311959709409407537E+01   -0.13016769585916045937E+01    0.11767499518261652405E-13
    0.29399837677477478337E+01   -0.12549265875806616677E+01    0.10316530654466096875E-13
    0.29487715645545549137E+01   -0.11248049615827047099E+01    0.63228628647302646270E-14
    0.29575593613613615496E+01   -0.92353254009192864427E+00    0.21841254956902358152E-14
    0.29663471581681681855E+01   -0.66676777721310587221E+00   -0.31832010083434242953E-15
    0.29751349549749752654E+01   -0.37203262085544003268E+00   -0.14057634098594389561E-14
    0.29839227517817819013E+01   -0.57255137535794482784E-01   -0.23605481622363480960E-14
    0.29927105485885885372E+01    0.26057270431574042213E+00   -0.41482808483029900706E-14
    0.30014983453953956172E+01    0.56635002157672276191E+00   -0.68707497731114179976E-14
    0.30102861422022022531E+01    0.84754001650515586874E+00   -0.98189739223064064013E-14
    0.30190739390090088889E+01    0.10945952697304794921E+01   -0.11855523048294275308E-13
    0.30278617358158159689E+01    0.13009959172700027441E+01   -0.12273437475171474467E-13
    0.30366495326226230489E+01    0.14631449667589138119E+01   -0.11537329924230844127E-13
    0.30454373294294292407E+01    0.15800752539229290239E+01   -0.10918432421392740794E-13
    0.30542251262362363207E+01    0.16530280215180841452E+01   -0.11404966768773233934E-13
    0.30630129230430434006E+01    0.16850056472100038985E+01   -0.13012810274201886623E-13
    0.30718007198498500365E+01    0.16802991801156448304E+01   -0.14891736061748279843E-13
    0.30805885166566566724E+01    0.16440241986886725556E+01   -0.15733811387555386038E-13
    0.30893763134634637524E+01    0.15817236708790654021E+01   -0.14612833162283261518E-13
    0.30981641102702703883E+01    0.14990201834334251352E+01   -0.12034519494337475025E-13
    0.31069519070770770242E+01    0.14013278197232088562E+01   -0.99022356299913262288E-14
    0.31157397038838841041E+01    0.12936585639106077394E+01   -0.96164753159635798651E-14
    0.31245275006906907400E+01    0.11804695011173367281E+01   -0.10311505570213361044E-13
    0.31333152974974973759E+01    0.10655836584989091254E+01   -0.98448016103689067166E-14
    0.31421030943043044559E+01    0.95216172886472250081E+00   -0.75038044944255642614E-14
    0.31508908911111115358E+01    0.84270308564745943780E+00   -0.49897762803792490974E-14
    0.31596786879179177276E+01    0.73908898948387957706E+00   -0.42644736397621432384E-14
    0.31684664847247248076E+01    0.64263945261029764566E+00   -0.52189991398262478240E-14
    0.31772542815315318876E+01    0.55418301355802057628E+00   -0.60833191632598175777E-14
    0.31860420783383385235E+01    0.47413478564006539262E+00   -0.55808300738300715453E-14
    0.31948298751451451594E+01    0.40257278862091877558E+00   -0.40584225932046232933E-14
    0.32036176719519522393E+01    0.33931023282099737060E+00   -0.26670321346321374771E-14
    0.32124054687587593193E+01    0.28396428945507945496E+00   -0.22104752342235857895E-14
    0.32211932655655655111E+01    0.23601395608652334102E+00   -0.26911424724767291272E-14
    0.32299810623723725911E+01    0.19485025032235306353E+00   -0.33466347094075686654E-14
    0.32387688591791796711E+01    0.15981893609554928548E+00   -0.30857979340002274163E-14
    0.32475566559859858629E+01    0.13025191001367567023E+00   -0.15129467819776828185E-14
    0.32563444527927929428E+01    0.10549375989794168573E+00    0.29660832278030378403E-15
    0.32651322495996000228E+01    0.84919667514074342884E-01    0.73203997868268656110E-15
    0.32739200464064062146E+01    0.67947455563096087472E-01   -0.41512409552668084457E-15
    0.32827078432132132946E+01    0.54045923294245415414E-01   -0.14699365986164401294E-14
    0.32914956400200203745E+01    0.42737868039450510604E-01   -0.90296991095026714590E-15
    0.33002834368268265663E+01    0.33601198581088669026E-01    0.67375743730349296828E-15
    0.33090712336336336463E+01    0.26267493723450805604E-01    0.13065488860055802283E-14
    0.33178590304404407263E+01    0.20418884798591014490E-01    0.18770803395182927989E-15
    0.33266468272472478063E+01    0.15784282497277386109E-01   -0.13745798247659013606E-14
    0.33354346240540539981E+01    0.12134757153534960275E-01   -0.16619554133229098465E-14
    0.33442224208608610780E+01    0.92787482636806396796E-02   -0.44003383513351014559E-15
    0.33530102176676681580E+01    0.70574270590616338533E-02    0.11209052059382070467E-14
    0.33617980144744743498E+01    0.53401845981153502063E-02    0.17579752033029139666E-14
    0.33705858112812814298E+01    0.40204595881219874071E-02    0.10355594887322994425E-14
    0.33793736080880885098E+01    0.30120985831515343853E-02   -0.52438765262380940765E-15
    0.33881614048948947016E+01    0.22459651287126953904E-02   -0.16603504385183353861E-14
    0.33969492017017017815E+01    0.16670532779138923576E-02   -0.12494719144271700521E-14
    0.34057369985085088615E+01    0.12319421919068367522E-02    0.48573911323362273714E-15
    0.34145247953153150533E+01    0.90656630905780141196E-03    0.18799607021315271685E-14
    0.34233125921221221333E+01    0.66444735404372226670E-03    0.15273903247705859330E-14
    0.34321003889289292133E+01    0.48511765786407964234E-03   -0.11823897454472888338E-15
    0.34408881857357362932E+01    0.35287886643103482005E-03   -0.13593949325036984625E-14
    0.34496759825425424850E+01    0.25578160255358147563E-03   -0.11771807070938969711E-14
    0.34584637793493495650E+01    0.18476532955264887963E-03   -0.11170541866473284449E-15
    0.34672515761561566450E+01    0.13302488356847368177E-03    0.65800003109148967919E-15
    0.34760393729629628368E+01    0.95464712981816753730E-04    0.46054079508109927923E-15
    0.34848271697697699167E+01    0.68292874548765955035E-04   -0.54514650822281020393E-15
    0.34936149665765769967E+01    0.48705629454544926288E-04   -0.15806953185177746167E-14
    0.35024027633833831885E+01    0.34630328081467828133E-04   -0.17064423216291862602E-14
    0.35111905601901902685E+01    0.24548889597887029823E-04   -0.59789038719791692582E-15
    0.35199783569969973485E+01    0.17350491418079021547E-04    0.90551158494159264621E-15
    0.35287661538038035403E+01    0.12226195219386931911E-04    0.14826525986342658890E-14
    0.35375539506106106202E+01    0.85903860510981857945E-05    0.69478120533832844108E-15
    0.35463417474174177002E+01    0.60180910609206902958E-05   -0.56857832285946997909E-15
    0.35551295442242247802E+01    0.42038384001907838495E-05   -0.11409892807401867670E-14
    0.35639173410310309720E+01    0.29280350918977249968E-05   -0.70264238562310720625E-15
    0.35727051378378380520E+01    0.20334870023176836874E-05    0.20678895795889697338E-15
    0.35814929346446451319E+01    0.14083323282035734497E-05    0.84146963423435616960E-15
    0.35902807314514513237E+01    0.97263268776194520652E-06    0.75906892115191917192E-15
    0.35990685282582584037E+01    0.66986151543792077916E-06    0.32135190339835638950E-16
    0.36078563250650654837E+01    0.46005136658059177098E-06   -0.72846404421736071215E-15
    0.36166441218718716755E+01    0.31506825846086047098E-06   -0.82631130256740991245E-15
    0.36254319186786787554E+01    0.21521955802495324874E-06   -0.17271301917609200023E-15
    0.36342197154854858354E+01    0.14662934852268092434E-06    0.57201791208585616516E-15
    0.36430075122922929154E+01    0.99635096049079123145E-07    0.71990804947337514906E-15
    0.36517953090990991072E+01    0.67517413957676914816E-07    0.25760659756975643597E-15
    0.36605831059059061872E+01    0.45627613999095163062E-07   -0.30194501229048659628E-15
    0.36693709027127132671E+01    0.30763034436808855625E-07   -0.54995911122912124697E-15
    0.36781586995195194589E+01    0.20692856557463457277E-07   -0.49164797615675198801E-15
    0.36869464963263265389E+01    0.13884143446507948534E-07   -0.32173228517669398264E-15
    0.36957342931331336189E+01    0.92893478200837480962E-08   -0.14872713464377516669E-15
    0.37045220899399398107E+01    0.61978490951531568917E-08    0.10470381488800695744E-16
    0.37133098867467468907E+01    0.41273535388275358694E-08    0.86802591685671819448E-16
    0.37220976835535539706E+01    0.27437978167069958263E-08   -0.48858099601670883213E-16
    0.37308854803603601624E+01    0.18196235152518647222E-08   -0.37680645957630808304E-15
    0.37396732771671672424E+01    0.12025905960167939258E-08   -0.57608336400884298372E-15
    0.37484610739739743224E+01    0.79227586322163609118E-09   -0.27779358338238778037E-15
    0.37572488707807814023E+01    0.52147778648050037094E-09    0.47572155069255566574E-15
    0.37660366675875875941E+01    0.34319240158752003827E-09    0.11455760807491016111E-14
    0.37748244643943946741E+01    0.22532325320246430777E-09    0.11832501990099357940E-14
    0.37836122612012017541E+01    0.14710946179714071059E-09    0.51915185162607832049E-15
    0.37924000580080079459E+01    0.95598528430421248922E-10   -0.42637846679483493733E-15
    0.38011878548148150259E+01    0.62239152890853316554E-10   -0.10165266391415453782E-14
    0.38099756516216221058E+01    0.40711993223264966376E-10   -0.74727371657587226079E-15
    0.38187634484284282976E+01    0.26560910164192148046E-10    0.32533765811078359723E-15
    0.38275512452352353776E+01    0.17102791877744599351E-10    0.13620547481016987725E-14
    0.38363390420420424576E+01    0.10902522296649436661E-10    0.13563127644833395334E-14
    0.38451268388488486494E+01    0.70246585872848733357E-11    0.16251989036771542781E-15
    0.38539146356556557294E+01    0.46209574865357052097E-11   -0.12703856504271083399E-14
    0.38627024324624628093E+01    0.30267061750380450048E-11   -0.18556681739459484840E-14
    0.38714902292692698893E+01    0.19055544875412155051E-11   -0.13257227998070606592E-14
    0.38802780260760760811E+01    0.11634387258538131721E-11   -0.22333233129589917813E-15
    0.38890658228828831611E+01    0.73996041135636610134E-12    0.65203526585324901950E-15
    0.38978536196896902410E+01    0.50863029988105764402E-12    0.72462171742240893833E-15
    0.39066414164964964328E+01    0.34517007015044688929E-12   -0.38833110939911660068E-16
    0.39154292133033035128E+01    0.20584463251693096719E-12   -0.10044703058701168076E-14
    0.39242170101101105928E+01    0.10940021458214835421E-12   -0.13401925713977097881E-14
    0.39330048069169167846E+01    0.67899610052719334993E-13   -0.77114565668188528314E-15
    0.39417926037237238646E+01    0.56486866315344613341E-13    0.19610152899264677834E-15
    0.39505804005305309445E+01    0.43305948315445689321E-13    0.83153105910780909507E-15
    0.39593681973373371363E+01    0.21899951812209852703E-13    0.77433354652449692614E-15
    0.39681559941441442163E+01    0.58524057465108484461E-14    0.14354768231624622520E-15
    0.39769437909509512963E+01    0.35913943614883677051E-14   -0.62797030272541589035E-15
    0.39857315877577583763E+01    0.79227568639746693156E-14   -0.10285151229466775853E-14
    0.39945193845645645681E+01    0.81311908383729721593E-14   -0.77224427139706311986E-15
    0.40033071813713716480E+01    0.28001232414065130001E-14   -0.23323705393266738748E-16
    0.40120949781781787280E+01   -0.19858918738901205002E-14    0.72689682795918086341E-15
    0.40208827749849849198E+01   -0.20677789226871868747E-14    0.97289528608723448018E-15
    0.40296705717917919998E+01    0.69390904045174410047E-15    0.48707741613910981293E-15
    0.40384583685985990797E+01    0.24559263754779451003E-14   -0.43882171197628316968E-15
    0.40472461654054052715E+01    0.18897354024963880584E-14   -0.95960167554869215059E-15
    0.40560339622122123515E+01    0.25531181018309335464E-15   -0.35251658423317127051E-15
    0.40648217590190194315E+01   -0.87361976569418756536E-15    0.10145456717634725993E-14
    0.40736095558258256233E+01   -0.94699810555827109548E-15    0.17535638098390117760E-14
    0.40823973526326327033E+01   -0.26733976003347079161E-15    0.98048200018795216909E-15
    0.40911851494394397832E+01    0.49229101642015086094E-15   -0.46479118427154946023E-15
    0.40999729462462468632E+01    0.77518837691897285868E-15   -0.95097633797665361382E-15
    0.41087607430530530550E+01    0.58350922350581326523E-15   -0.20156940274925818472E-16
    0.41175485398598601350E+01    0.44321610907240695125E-15    0.11172168976552247568E-14
    0.41263363366666672150E+01    0.72254804405517501617E-15    0.11846791686338148953E-14
    0.41351241334734734068E+01    0.10914093170567489613E-14    0.32281270073512781283E-15
    0.41439119302802804867E+01    0.94382120221953628381E-15   -0.35675577805267834038E-15
    0.41526997270870875667E+01    0.26925900577658922992E-15   -0.17858955940773539984E-15
    0.41614875238938937585E+01   -0.20895684073884907071E-15    0.51871558829316777173E-15
    0.41702753207007008385E+01    0.76151454025953737646E-16    0.10120689341632953614E-14
    0.41790631175075079184E+01    0.77359979506691091124E-15    0.91116001175087224023E-15
    0.41878509143143141102E+01    0.10273656151835546881E-14    0.33300198127303382700E-15
    0.41966387111211211902E+01    0.45586569605445679987E-15   -0.23170067912550452008E-15
    0.42054265079279282702E+01   -0.49605862271634665138E-15   -0.23236705656358735069E-15
    0.42142143047347353502E+01   -0.10961812605766545269E-14    0.41619436242839333824E-15
    0.42230021015415415420E+01   -0.93041864095991108310E-15    0.10343052820945017298E-14
    0.42317898983483486219E+01   -0.12425622724947703995E-15    0.80689307712614483513E-15
    0.42405776951551557019E+01    0.67387908658493760377E-15   -0.19035097705816265376E-15
    0.42493654919619618937E+01    0.65826799311365441700E-15   -0.92516154730346471951E-15
    0.42581532887687689737E+01   -0.33059110160295856819E-15   -0.64724357819270072173E-15
    0.42669410855755760537E+01   -0.13221807033475365684E-14    0.11472873415560740252E-15
    0.42757288823823822455E+01   -0.11260265297843419070E-14    0.26723920431146038494E-15
    0.42845166791891893254E+01    0.16608318111494784918E-15   -0.36015591023852709860E-15
    0.42933044759959964054E+01    0.10641300934970049915E-14   -0.76479863437270557077E-15
    0.43020922728028034854E+01    0.43108789794100194451E-15   -0.20763280571401868466E-15
    0.43108800696096096772E+01   -0.10721157852195639761E-14    0.62039070071651386169E-15
    0.43196678664164167571E+01   -0.18196283630814396394E-14    0.46805570845776987033E-15
    0.43284556632232238371E+01   -0.11081454801106025354E-14   -0.70200203545426002686E-15
    0.43372434600300300289E+01    0.23137627127651549416E-15   -0.14592690031498889826E-14
    0.43460312568368371089E+01    0.97043412544773705811E-15   -0.69943237979289243154E-15
    0.43548190536436441889E+01    0.64606411025496244769E-15    0.86642206810670770396E-15
    0.43636068504504503807E+01   -0.32188316207865020027E-15    0.15781244893913073068E-14
    0.43723946472572574606E+01   -0.10637070216064953411E-14    0.76790643289282841377E-15
    0.43811824440640645406E+01   -0.80660820988917740110E-15   -0.63862696269868816811E-15
    0.43899702408708707324E+01    0.48073224331503276047E-15   -0.13376926755347030966E-14
    0.43987580376776778124E+01    0.17725261749231236604E-14   -0.86970298121951029654E-15
    0.44075458344844848924E+01    0.18291088442332390985E-14    0.28917749691116626928E-15
    0.44163336312912919723E+01    0.51586781629106074027E-15    0.12203639743529710084E-14
    0.44251214280980981641E+01   -0.98441852010578328944E-15    0.11340444489933698719E-14
    0.44339092249049052441E+01   -0.14108458010293345084E-14   -0.11051705676696569659E-16
    0.44426970217117123241E+01   -0.56277806892997950157E-15   -0.12198056903711097343E-14
    0.44514848185185185159E+01    0.79906108253686920305E-15   -0.12988120270772809230E-14
    0.44602726153253255958E+01    0.16655578462179576372E-14   -0.14440819180062870227E-15
    0.44690604121321326758E+01    0.13894629840673196500E-14    0.10975331142580005281E-14
    0.44778482089389388676E+01    0.11293640163775442058E-15    0.13329627247125601606E-14
    0.44866360057457459476E+01   -0.11233513507424249581E-14    0.63252245607051779758E-15
    0.44954238025525530276E+01   -0.12004929235739033441E-14   -0.16352579332395230777E-15
    0.45042115993593592194E+01   -0.92522639471608100445E-16   -0.51995861544540972599E-15
    0.45129993961661662993E+01    0.10334541224326089020E-14   -0.57542635342079496334E-15
    0.45217871929729733793E+01    0.10855023909854830574E-14   -0.57685351575831074221E-15
    0.45305749897797804593E+01    0.13327595547536364393E-15   -0.38771613656551845059E-15
    0.45393627865865866511E+01   -0.91239838554090623437E-15    0.20584156440217682258E-15
    0.45481505833933937311E+01   -0.12690681719187787870E-14    0.87045038529839896698E-15
    0.45569383802002008110E+01   -0.80535023639033255501E-15    0.82160091718838555703E-15
    0.45657261770070070028E+01    0.43340195901313040412E-16   -0.16857551597051731832E-15
    0.45745139738138140828E+01    0.55040801872549518559E-15   -0.11100906118980336017E-14
    0.45833017706206211628E+01    0.23132005463709397714E-15   -0.77872379764098213162E-15
    0.45920895674274273546E+01   -0.57972018212758561768E-15    0.66352968166115096532E-15
    0.46008773642342344345E+01   -0.91573064721714196519E-15    0.16198913745581737279E-14
    0.46096651610410415145E+01   -0.29893352465752468037E-15    0.98367361337083618306E-15
    0.46184529578478477063E+01    0.49168587491493107568E-15   -0.38696202202239176892E-15
    0.46272407546546547863E+01    0.31492225512414031492E-15   -0.75558200299875718646E-15
    0.46360285514614618663E+01   -0.78749714337414554396E-15    0.34439912504042793323E-15
    0.46448163482682689462E+01   -0.14802116838539493243E-14    0.16359617947835368979E-14
    0.46536041450750751380E+01   -0.81232182721664443700E-15    0.17398758460701426142E-14
    0.46623919418818822180E+01    0.48919395929107204734E-15    0.63935786349753373483E-15
    0.46711797386886892980E+01    0.94100123182822546059E-15   -0.60034182448242133495E-15
    0.46799675354954954898E+01    0.13247167186044897318E-15   -0.91368672852218452371E-15
    0.46887553323023025698E+01   -0.87930489357823738687E-15    0.36564223759727327000E-16
    0.46975431291091096497E+01   -0.96762461403414206838E-15    0.16216657353232438022E-14
    0.47063309259159158415E+01   -0.15439318360729057448E-15    0.24109180834947260773E-14
    0.47151187227227229215E+01    0.71949051145069705027E-15    0.13153149112663704139E-14
    0.47239065195295300015E+01    0.10012931114203805232E-14   -0.99190176359964733512E-15
    0.47326943163363361933E+01    0.69043626663903248978E-15   -0.23473006743105316023E-14
    0.47414821131431432732E+01    0.20390861465332143981E-15   -0.14036321212303890213E-14
    0.47502699099499503532E+01    0.27361552436962917153E-16    0.70019594868650089599E-15
    0.47590577067567574332E+01    0.39104485268152947059E-15    0.17285445013145988911E-14
    0.47678455035635636250E+01    0.10064698022312978035E-14    0.94996039421755616870E-15
    0.47766333003703707050E+01    0.12323307555010845569E-14   -0.32126605431272595201E-15
    0.47854210971771777849E+01    0.74184128339950959900E-15   -0.70091293988495296672E-15
    0.47942088939839839767E+01   -0.26853290338813796384E-16   -0.37159473507382212103E-15
    0.48029966907907910567E+01   -0.34745184411416370258E-15   -0.35353791933842717762E-15
    0.48117844875975981367E+01   -0.37477259561627820577E-16   -0.83064182579824055086E-15
    0.48205722844044043285E+01    0.39427623418891028296E-15   -0.89527329003863352633E-15
    0.48293600812112114085E+01    0.42614350782303293767E-15   -0.12306854642782126175E-16
    0.48381478780180184884E+01    0.89750066281833857522E-16    0.91538036223881370607E-15
    0.48469356748248246802E+01   -0.23092780233290312676E-15    0.57655956284554171003E-15
    0.48557234716316317602E+01   -0.31370380890217718900E-15   -0.94320788905742716328E-15
    0.48645112684384388402E+01   -0.24661565279639150541E-15   -0.20428192493753973574E-14
    0.48732990652452459202E+01   -0.13263314011370281098E-15   -0.14914409262111934314E-14
    0.48820868620520521119E+01    0.13141191784651084979E-15    0.11652244236301950255E-15
    0.48908746588588591919E+01    0.62860433013558665925E-15    0.12134347358076618403E-14
    0.48996624556656662719E+01    0.10513596793198175504E-14    0.10255991764975852682E-14
    0.49084502524724724637E+01    0.85120619601056737900E-15    0.11375227259567853272E-15
    0.49172380492792795437E+01   -0.10352877857633327730E-16   -0.55899758341559451879E-15
    0.49260258460860866236E+01   -0.64671411639951740194E-15   -0.53000194184557901761E-15
    0.49348136428928928154E+01   -0.12488187736282261265E-15    0.79046211758885543678E-16
    0.49436014396996998954E+01    0.12337846235117843780E-14    0.84874815636650191011E-15
    0.49523892365065069754E+01    0.19525455570658627828E-14    0.13298880147903520925E-14
    0.49611770333133140554E+01    0.11134873501948134987E-14    0.12666488420046324223E-14
    0.49699648301201202472E+01   -0.42603756115571777223E-15    0.73641675852794397285E-15
    0.49787526269269273271E+01   -0.10648180662912595632E-14    0.66456584796705303931E-16
    0.49875404237337344071E+01   -0.32191330635557679005E-15   -0.35218770856236886967E-15
    0.49963282205405405989E+01    0.79522285782836424966E-15   -0.27089937099583354135E-15
    0.50051160173473476789E+01    0.11627419720770605841E-14    0.19818709580654157304E-15
    0.50139038141541547589E+01    0.69175249250567920108E-15    0.53056014398792908778E-15
    0.50226916109609609506E+01    0.78313632913345284201E-17    0.22796737040804946055E-15
    0.50314794077677680306E+01   -0.44943824294172087230E-15   -0.59851179999018381729E-15
    0.50402672045745751106E+01   -0.69393310811754925770E-15   -0.12558109608509880530E-14
    0.50490550013813813024E+01   -0.72153203097158430439E-15   -0.11865990770726020268E-14
    0.50578427981881883824E+01   -0.20620893420478999368E-15   -0.51948066500223838393E-15
    0.50666305949949954623E+01    0.97633388293927534309E-15    0.18584317284298902938E-15
    0.50754183918018025423E+01    0.20027548458209868399E-14    0.50909273672205816760E-15
    0.50842061886086087341E+01    0.15243448119194454654E-14    0.41387562098218328239E-15
    0.50929939854154158141E+01   -0.61997362654762975718E-15    0.11002623808176222270E-15
    0.51017817822222228941E+01   -0.24819975934109230688E-14   -0.13558789873163564749E-15
    0.51105695790290290859E+01   -0.19293478794112573987E-14   -0.16012508497671203539E-15
    0.51193573758358361658E+01    0.55511029627085620779E-15   -0.30213345973966047806E-16
    0.51281451726426432458E+01    0.20624227734690832669E-14    0.19036226513043063787E-16
    0.51369329694494494376E+01    0.76221237732297002842E-15   -0.15331536393547386105E-15
    0.51457207662562565176E+01   -0.16870042029294454564E-14   -0.41797284490257670983E-15
    0.51545085630630635976E+01   -0.23044611713725270245E-14   -0.53429319983709762594E-15
    0.51632963598698697893E+01   -0.52684125168539340528E-15   -0.42565289098258561582E-15
    0.51720841566766768693E+01    0.13225874276956774706E-14   -0.22645373734065865552E-15
    0.51808719534834839493E+01    0.12030377707958521138E-14   -0.74772776651736818932E-16
    0.51896597502902910293E+01   -0.23834064704175826862E-15    0.41565353564170429125E-16
    0.51984475470970972211E+01   -0.99500894619828559520E-15    0.17779490156291201300E-15
    0.52072353439039043010E+01   -0.36335270104607096033E-15    0.24312503990775555989E-15
    0.52160231407107113810E+01    0.51771650517174507461E-15    0.49683133648861496480E-16
    0.52248109375175184610E+01    0.48454381843604034449E-15   -0.38113283471120756283E-15
    0.52335987343243246528E+01   -0.21730864645709957671E-15   -0.66439253252680260629E-15
    0.52423865311311317328E+01   -0.57681950611045993616E-15   -0.42924118071993352681E-15
    0.52511743279379388127E+01   -0.20835476608006420317E-15    0.15545714614348041947E-15
    0.52599621247447450045E+01    0.32167485739296535246E-15    0.46315598936384032852E-15
    0.52687499215515520845E+01    0.34440495693838204534E-15    0.14406568292500616429E-15
    0.52775377183583591645E+01   -0.19058775921015946826E-15   -0.39383955886259119484E-15
    0.52863255151651653563E+01   -0.84346416930006367879E-15   -0.47392271629096556820E-15
    0.52951133119719724363E+01   -0.11497244857354864335E-14    0.41807401895150343576E-16
    0.53039011087787795162E+01   -0.92887321826199373970E-15    0.64071982669403779119E-15
    0.53126889055855857080E+01   -0.40361816706236696239E-15    0.79946248117493350013E-15
    0.53214767023923927880E+01   -0.12959797734323745731E-15    0.49902716435893747374E-15
    0.53302644991991998680E+01   -0.48895397557861267276E-15    0.90089371306666383825E-16
    0.53390522960060069479E+01   -0.11098093560304338789E-14   -0.91456560910093852037E-16
    0.53478400928128131397E+01   -0.11049513408786371156E-14    0.53393087372667892576E-16
    0.53566278896196202197E+01   -0.16299512852424109953E-15    0.35159002233707133664E-15
    0.53654156864264272997E+01    0.82908001037191956951E-15    0.44106400465143148569E-15
    0.53742034832332334915E+01    0.76870784071788680934E-15    0.95898776050074852832E-16
    0.53829912800400405715E+01   -0.21530666311697837057E-15   -0.41866794732636311808E-15
    0.53917790768468476514E+01   -0.81286171254354832305E-15   -0.51858921555286888099E-15
    0.54005668736536538432E+01   -0.15201138975213627990E-15   -0.15465799064929133789E-16
    0.54093546704604609232E+01    0.10963036542384443498E-14    0.48593635368326949621E-15
    0.54181424672672680032E+01    0.16067848892391203431E-14    0.24924622184234781174E-15
    0.54269302640740750832E+01    0.93819878800133368937E-15   -0.63192935859289165776E-15
    0.54357180608808812750E+01   -0.16206015555136973090E-15   -0.12641032622912961734E-14
    0.54445058576876883549E+01   -0.75592712050763807134E-15   -0.10136507169363033501E-14
    0.54532936544944954349E+01   -0.56523683142849878055E-15   -0.23619054618872808722E-15
    0.54620814513013016267E+01    0.72430637654683010774E-16    0.26541335668454461620E-15
    0.54708692481081087067E+01    0.60395197887354786589E-15    0.19231123002944146090E-15
    0.54796570449149157866E+01    0.61063484027003600272E-15   -0.79527893410169672037E-16
    0.54884448417217219784E+01    0.84442690621285839437E-16   -0.14184459844145955297E-15
    0.54972326385285290584E+01   -0.49214194514321127873E-15   -0.33554529880647818376E-16
    0.55060204353353361384E+01   -0.55131598789474746200E-15    0.15097686311210529834E-16
    0.55148082321421423302E+01    0.23254983374067073495E-16    0.60463981662987368446E-16
    0.55235960289489494102E+01    0.81799861439063239572E-15    0.39106740203930679589E-15
    0.55323838257557564901E+01    0.12825484367219431268E-14    0.93428598040134933070E-15
    0.55411716225625635701E+01    0.11050540034948010802E-14    0.99263118701888192084E-15
    0.55499594193693697619E+01    0.36558622141104100412E-15    0.33393643641528385965E-16
    0.55587472161761768419E+01   -0.43960623433087599788E-15   -0.12960364627762065302E-14
    0.55675350129829839219E+01   -0.66733697783591656167E-15   -0.15414214504633073221E-14
    0.55763228097897901137E+01   -0.78566072327205742722E-16   -0.19552690937540575396E-15
    0.55851106065965971936E+01    0.85249372275575954674E-15    0.13281002088566155250E-14
    0.55938984034034042736E+01    0.13524471058457922526E-14    0.12242882626854708013E-14
    0.56026862002102104654E+01    0.99492836932044906044E-15   -0.49881995260534803183E-15
    0.56114739970170175454E+01   -0.27320408091371987370E-16   -0.20179934990635539095E-14
    0.56202617938238246253E+01   -0.10214633837205897061E-14   -0.18966387209494913503E-14
    0.56290495906306308171E+01   -0.11189832715093511317E-14   -0.61935226009956773922E-15
    0.56378373874374378971E+01    0.18668288241311568644E-16    0.35474941933058269554E-15
    0.56466251842442449771E+01    0.15181359193835010591E-14    0.31945368854294326123E-15
    0.56554129810510520571E+01    0.18233029050492767244E-14   -0.26742792983845264313E-15
    0.56642007778578582489E+01    0.39250300416919306217E-15   -0.70008401848060281237E-15
    0.56729885746646653288E+01   -0.13924281290827712790E-14   -0.77229520545539936437E-15
    0.56817763714714724088E+01   -0.17074663096006774154E-14   -0.63706314515094810799E-15
    0.56905641682782786006E+01   -0.39589967428070454058E-15   -0.37658086101372323176E-15
    0.56993519650850856806E+01    0.97448491915336145475E-15    0.55444507825327990398E-16
    0.57081397618918927606E+01    0.10691968557330060756E-14    0.52281221021663600141E-15
    0.57169275586986989524E+01    0.16703050844155100449E-15    0.58587309190566009268E-15
    0.57257153555055060323E+01   -0.58969853783564815151E-15   -0.20138869283076472416E-16
    0.57345031523123131123E+01   -0.60564498742583357118E-15   -0.80466388582822046385E-15
    0.57432909491191193041E+01   -0.18193517641762614819E-15   -0.81580524737861847078E-15
    0.57520787459259263841E+01    0.18441164930546545783E-15    0.23322486317728657176E-15
    0.57608665427327334640E+01    0.35794011488324975297E-15    0.13760419048728249958E-14
    0.57696543395395405440E+01    0.41676036051507437842E-15    0.14122805718361079152E-14
    0.57784421363463467358E+01    0.29654111908439925037E-15    0.32727320561253738385E-15
    0.57872299331531538158E+01   -0.16127787454824427545E-15   -0.70632274722162252922E-15
    0.57960177299599608958E+01   -0.77636260505265141854E-15   -0.69161688709578673871E-15
    0.58048055267667670876E+01   -0.88783234171782966538E-15    0.22155192500016306682E-15
    0.58135933235735741675E+01   -0.50809382484939998486E-16    0.11725798233073232551E-14
    0.58223811203803812475E+01    0.11316333065030302969E-14    0.14812414075025631354E-14
    0.58311689171871874393E+01    0.13812839779640286010E-14    0.10481731849214863002E-14
    0.58399567139939945193E+01    0.24324604087099062563E-15    0.26472218555954908949E-15
    0.58487445108008015993E+01   -0.11231207268268664320E-14   -0.23138848093165131266E-15
    0.58575323076076077911E+01   -0.12274759027483777149E-14   -0.15298597808131029479E-16
    0.58663201044144148710E+01   -0.31283362047017078634E-16    0.67857136337909944496E-15
    0.58751079012212219510E+01    0.10748419126453053969E-14    0.11258557808274356980E-14
    0.58838956980280290310E+01    0.99507659377017493193E-15    0.85236799203344503077E-15
    0.58926834948348352228E+01    0.90176984187018322711E-16    0.10416007921224449680E-15
    0.59014712916416423027E+01   -0.54468614057116072294E-15   -0.50979530091692180289E-15
    0.59102590884484493827E+01   -0.35258020161728463001E-15   -0.61820392779610678018E-15
    0.59190468852552555745E+01    0.35423455726075752578E-15   -0.28468766514732482639E-15
    0.59278346820620626545E+01    0.96224147445078632408E-15    0.18224765406276644427E-15
    0.59366224788688697345E+01    0.10782363265947803508E-14    0.44580887327135030952E-15
    0.59454102756756759263E+01    0.66306040807795607868E-15    0.30092939867899793401E-15
    0.59541980724824830062E+01    0.62207560811023880749E-18   -0.20692393486444860018E-15
    0.59629858692892900862E+01   -0.48398525019401577297E-15   -0.79642996781833842078E-15
    0.59717736660960962780E+01   -0.53555646147484815164E-15   -0.10895632201629219742E-14
    0.59805614629029033580E+01   -0.24791272906643761989E-15   -0.79117130700673184008E-15
    0.59893492597097104380E+01    0.10630718559388657127E-15    0.74377212977417470218E-16
    0.59981370565165175179E+01    0.34011271560671703699E-15    0.98088466078390215011E-15
    0.60069248533233237097E+01    0.41152153279601216563E-15    0.12000543775178718865E-14
    0.60157126501301307897E+01    0.29476548560136230531E-15    0.52617727966383668685E-15
    0.60245004469369378697E+01   -0.68073480876029213670E-16   -0.38414959523056468028E-15
    0.60332882437437440615E+01   -0.57272114450781612927E-15   -0.69459400422992678435E-15
    0.60420760405505511415E+01   -0.75320803206607456080E-15   -0.29319922792040986348E-15
    0.60508638373573582214E+01   -0.10189466623202771533E-15    0.22001485012665651319E-15
    0.60596516341641644132E+01    0.11612202011274056183E-14    0.37368078447694685800E-15
    0.60684394309709714932E+01    0.18681843953317585252E-14    0.34610879079870479320E-15
    0.60772272277777785732E+01    0.10787646722067791665E-14    0.50901430765315446087E-15
    0.60860150245845856531E+01   -0.54559970882482186337E-15    0.74865734990830172849E-15
    0.60948028213913918449E+01   -0.12314981319885443342E-14    0.56479438979761453152E-15
    0.61035906181981989249E+01   -0.22604192905544903171E-15   -0.13947454364270998324E-15
    0.61123784150050060049E+01    0.11050649751190938829E-14   -0.67456822813754836863E-15
    0.61211662118118121967E+01    0.10089699119700729451E-14   -0.30650138769317255814E-15
    0.61299540086186192767E+01   -0.34385028613598327488E-15    0.77770875329393889901E-15
    0.61387418054254263566E+01   -0.11230393006687656382E-14    0.15714205138378596883E-14
    0.61475296022322325484E+01   -0.36978063646333140745E-15    0.12962239470364596793E-14
    0.61563173990390396284E+01    0.62445285014701685129E-15    0.12254892665836366942E-15
    0.61651051958458467084E+01    0.17778845848089524553E-15   -0.11140953560031302661E-14
    0.61738929926526529002E+01   -0.12736538545818922762E-14   -0.15322462930869960110E-14
    0.61826807894594599802E+01   -0.16020299205821903291E-14   -0.74012480396159350531E-15
    0.61914685862662670601E+01    0.32837972749708868227E-16    0.73614927632436165080E-15
    0.62002563830730741401E+01    0.16652194885331744432E-14    0.15335570495138178789E-14
    0.62090441798798803319E+01    0.97495543655646595697E-15    0.64467864822386695353E-15
    0.62178319766866874119E+01   -0.15002796292632120619E-14   -0.12933004700939865115E-14
    0.62266197734934944918E+01   -0.28373528488005907602E-14   -0.24504620734119677832E-14
    0.62354075703003006836E+01   -0.13842719427675577111E-14   -0.17500966929543895843E-14
    0.62441953671071077636E+01    0.11686235533737628459E-14    0.15718633076752479230E-17
    0.62529831639139148436E+01    0.20866038615992838638E-14    0.11967236672219894217E-14
    0.62617709607207210354E+01    0.85525673735562673319E-15    0.10538962140414449753E-14
    0.62705587575275281154E+01   -0.69896874342561184211E-15    0.58676064475481877309E-18
    0.62793465543343351953E+01   -0.10073264900488732684E-14   -0.10423283476481271930E-14
    0.62881343511411413871E+01   -0.42246081277509479666E-15   -0.13534969716949770672E-14
    0.62969221479479484671E+01   -0.11605116081371285433E-15   -0.76681095461421334851E-15
    0.63057099447547555471E+01   -0.32675728828714947530E-15    0.17768997999809538189E-15
    0.63144977415615626271E+01   -0.29877491801923487772E-15    0.62522895385547454485E-15
    0.63232855383683688189E+01    0.33535489493664354597E-15    0.23832112024806533903E-15
    0.63320733351751758988E+01    0.81627397190187779656E-15   -0.42134526909726726664E-15
    0.63408611319819829788E+01    0.29167969470772959272E-15   -0.60418910539656858687E-15
    0.63496489287887891706E+01   -0.83726105699055690903E-15   -0.28260745590480322968E-15
    0.63584367255955962506E+01   -0.12186092587204765163E-14   -0.78248977657502773861E-16
    0.63672245224024033305E+01   -0.23040644970131308176E-15   -0.36376954220244583373E-15
    0.63760123192092095223E+01    0.11419618045502467248E-14   -0.76077476540604037944E-15
    0.63848001160160166023E+01    0.15068072632321179670E-14   -0.69921670267962861015E-15
    0.63935879128228236823E+01    0.67810268649298712887E-15   -0.18977526848836334835E-15
    0.64023757096296298741E+01   -0.32713127578003145127E-15    0.21016809897688829679E-15
    0.64111635064364369541E+01   -0.64412391312563571131E-15    0.10488205780424872652E-15
    0.64199513032432440340E+01   -0.41257925885719665788E-15   -0.31169466509561358085E-15
    0.64287391000500511140E+01   -0.22201079465105971666E-15   -0.59246689141985773601E-15
    0.64375268968568573058E+01   -0.23844966430874088122E-15   -0.54758885781966260870E-15
    0.64463146936636643858E+01   -0.15288865924494353496E-15   -0.31264300849688662104E-15
    0.64551024904704714658E+01    0.18780559076838460943E-15   -0.47396231122694531058E-16
    0.64638902872772776576E+01    0.44298054305182610317E-15    0.24843506568487252217E-15
    0.64726780840840847375E+01    0.22417285962307587944E-15    0.58321816762066660298E-15
    0.64814658808908918175E+01   -0.32394664467396110661E-15    0.76979121425222652984E-15
    0.64902536776976980093E+01   -0.62431589235565354723E-15    0.54988943049397922771E-15
    0.64990414745045050893E+01   -0.32414811614443038914E-15   -0.20606577207835913218E-16
    0.65078292713113121692E+01    0.32257117176603668395E-15   -0.44113152946040878894E-15
    0.65166170681181183610E+01    0.77842694545912549493E-15   -0.23115703880574947456E-15
    0.65254048649249254410E+01    0.71694660982493220477E-15    0.52260533135445847460E-15
    0.65341926617317325210E+01    0.20194108812660830009E-15    0.12334536009746361678E-14
    0.65429804585385396010E+01   -0.40187562305128472867E-15    0.13813046576389159716E-14
    0.65517682553453457928E+01   -0.61667112922013172814E-15    0.91000425512730599701E-15
    0.65605560521521528727E+01   -0.18157219431009684807E-15    0.15759104179871241500E-15
    0.65693438489589599527E+01    0.65079650365611971743E-15   -0.37098653647926932888E-15
    0.65781316457657661445E+01    0.12581314878273768052E-14   -0.28108576570498445228E-15
    0.65869194425725732245E+01    0.11435118493239169965E-14    0.40919478586448443990E-15
    0.65957072393793803045E+01    0.28815442892235437324E-15    0.11920785560942308351E-14
    0.66044950361861864963E+01   -0.86847695290669794960E-15    0.14629951508296765626E-14
    0.66132828329929935762E+01   -0.16075228719237972727E-14    0.99620770442764955253E-15
    0.66220706297998006562E+01   -0.13393181129940205753E-14    0.59541765899856203203E-16
    0.66308584266066068480E+01   -0.17028019880765108078E-15   -0.77009626135375691549E-15
    0.66396462234134139280E+01    0.97537343129505824045E-15   -0.89108661641543169297E-15
    0.66484340202202210079E+01    0.11759171504218278937E-14   -0.98418001088159756730E-16
    0.66572218170270280879E+01    0.43682621398198824631E-15    0.10726059033611030489E-14
    0.66660096138338342797E+01   -0.42105021303646325090E-15    0.16609631411681427646E-14
    0.66747974106406413597E+01   -0.68776732758919957870E-15    0.11021307637521110749E-14
    0.66835852074474484397E+01   -0.35058345093529758817E-15   -0.28581388041037692613E-15
    0.66923730042542546315E+01    0.18237500491666863332E-15   -0.16052943224373734273E-14
    0.67011608010610617114E+01    0.56559804971846315193E-15   -0.19283914932005600468E-14
    0.67099485978678687914E+01    0.67831720920384721493E-15   -0.85813164214762402109E-15
    0.67187363946746749832E+01    0.52868255180045844069E-15    0.94236076626797030374E-15
    0.67275241914814820632E+01    0.18566660721321497924E-15    0.18791748390102994872E-14
    0.67363119882882891432E+01   -0.17944115830156948065E-15    0.86561776881198638229E-15
    0.67450997850950962231E+01   -0.26250664317455290199E-15   -0.12386811149042465254E-14
    0.67538875819019024149E+01    0.16561767287325640748E-15   -0.23268997562489932646E-14
    0.67626753787087094949E+01    0.88371306416169808248E-15   -0.13597440393773474976E-14
    0.67714631755155165749E+01    0.11952195885760545916E-14    0.50834885045642917781E-15
    0.67802509723223227667E+01    0.63133357028816585352E-15    0.14919922648540705920E-14
    0.67890387691291298466E+01   -0.33360605525805235857E-15    0.11745728487496846069E-14
    0.67978265659359369266E+01   -0.67037791280885900277E-15    0.50681715861639589270E-15
    0.68066143627427431184E+01   -0.47981978618841194184E-17    0.27510918315295772020E-15
    0.68154021595495501984E+01    0.85527544952964404864E-15    0.24392413032187997365E-15
    0.68241899563563572784E+01    0.89940266052758158998E-15   -0.69319857548599919627E-16
    0.68329777531631634702E+01    0.10278396304465364619E-15   -0.37931152526899699934E-15
    0.68417655499699705501E+01   -0.66026954100511535105E-15    0.73407430723173592073E-16
    0.68505533467767776301E+01   -0.66903849386801270000E-15    0.12615065624814525882E-14
    0.68593411435835847101E+01   -0.19720236496361590865E-16    0.19428962921659078945E-14
    0.68681289403903909019E+01    0.66061283277890382693E-15    0.10426594936080260979E-14
    0.68769167371971979819E+01    0.75520757785497453044E-15   -0.82024366018661621377E-15
    0.68857045340040050618E+01    0.59650712478189290560E-16   -0.18443185667017814509E-14
    0.68944923308108112536E+01   -0.95254332295062701623E-15   -0.10610276656473860312E-14
    0.69032801276176183336E+01   -0.12919513599801307350E-14    0.64407074230296255921E-15
    0.69120679244244254136E+01   -0.41085116488149208625E-15    0.17175410303677499057E-14
    0.69208557212312316054E+01    0.90248235413987339449E-15    0.15140353830521352735E-14
    0.69296435180380386853E+01    0.11558149614747084434E-14    0.54035972397359544389E-15
    0.69384313148448457653E+01   -0.11928639114919419700E-15   -0.31132911873740744615E-15
    0.69472191116516519571E+01   -0.16568672909699087586E-14   -0.42532435926499470835E-15
    0.69560069084584590371E+01   -0.18944082598408554665E-14    0.26914157671624917113E-15
    0.69647947052652661171E+01   -0.68652195618988387244E-15    0.12302696928394723154E-14
    0.69735825020720731970E+01    0.75816882275316327965E-15    0.16746245451332732713E-14
    0.69823702988788793888E+01    0.12540272698105016925E-14    0.12518593500997776042E-14
    0.69911580956856864688E+01    0.58382270160997468011E-15    0.35178496723112471013E-15
    0.69999458924924935488E+01   -0.61737484446628967300E-15   -0.34029823745921894758E-15
    0.70087336892992997406E+01   -0.13248098771745954166E-14   -0.42685451400317396193E-15
    0.70175214861061068206E+01   -0.78999813115339427863E-15    0.11539982298944478924E-16
    0.70263092829129139005E+01    0.69242271718387584692E-15    0.52987623111162179855E-15
    0.70350970797197200923E+01    0.17447167405843714684E-14    0.58125449314474618236E-15
    0.70438848765265271723E+01    0.12438781711416155836E-14    0.15249266534254284531E-17
    0.70526726733333342523E+01   -0.32069567581107917698E-15   -0.61929285227710895887E-15
    0.70614604701401404441E+01   -0.13477119021483792688E-14   -0.44435266199819120734E-15
    0.70702482669469475240E+01   -0.93826835041133718230E-15    0.50773717286459017092E-15
    0.70790360637537546040E+01    0.21051843673660545002E-15    0.10871730003820992999E-14
    0.70878238605605616840E+01    0.85369282793782535331E-15    0.37433464904133354222E-15
    0.70966116573673678758E+01    0.55027922414020026655E-15   -0.91844766144186457209E-15
    0.71053994541741749558E+01   -0.19228423699087374898E-15   -0.11246486117008577683E-14
    0.71141872509809820357E+01   -0.65169270678037795949E-15    0.25930115813420391776E-15
    0.71229750477877882275E+01   -0.47610463929678280287E-15    0.17431686300812484661E-14
    0.71317628445945953075E+01    0.15722754212364833292E-15    0.16252693125356513913E-14
    0.71405506414014023875E+01    0.59476142216255554298E-15    0.27491952398647182336E-16
    0.71493384382082085793E+01    0.20781972692170240708E-15   -0.14019483456039512529E-14
    0.71581262350150156593E+01   -0.82786065295062455195E-15   -0.14252952392435218116E-14
    0.71669140318218227392E+01   -0.14248294976331208825E-14   -0.31812427225761775385E-15
    0.71757018286286289310E+01   -0.74604905955369339915E-15    0.82647944113548971365E-15
    0.71844896254354360110E+01    0.63470319811451550133E-15    0.11640050101016917305E-14
    0.71932774222422430910E+01    0.12768680468732331842E-14    0.54672481580525516850E-15
    0.72020652190490501710E+01    0.57598019488913990562E-15   -0.49485164798888475622E-15
    0.72108530158558563627E+01   -0.52140196597803299771E-15   -0.10457115423379879918E-14
    0.72196408126626634427E+01   -0.77701653777199823881E-15   -0.51720848824371001069E-15
    0.72284286094694705227E+01   -0.12338590880347413584E-15    0.72346718009349551326E-15
    0.72372164062762767145E+01    0.48884095755049922339E-15    0.16583685985971489520E-14
    0.72460042030830837945E+01    0.35643833148502206005E-15    0.15612288346597522042E-14
    0.72547919998898908744E+01   -0.29311289412953771102E-15    0.54735253031001577611E-15
    0.72635797966966970662E+01   -0.84046116872421050050E-15   -0.68309336767256056955E-15
    0.72723675935035041462E+01   -0.10055650042221774288E-14   -0.13169666975136423466E-14
    0.72811553903103112262E+01   -0.91953091913568909183E-15   -0.88161642185797911245E-15
    0.72899431871171174180E+01   -0.74112068392915127392E-15    0.34760769814698600947E-15
    0.72987309839239244980E+01   -0.45051339313228234808E-15    0.13890722238646087713E-14
    0.73075187807307315779E+01   -0.29179658265022262440E-16    0.13832662627085574438E-14
    0.73163065775375386579E+01    0.32908906719302124667E-15    0.41767115066138742273E-15
    0.73250943743443448497E+01    0.34688097604747716953E-15   -0.65374585422476516791E-15
    0.73338821711511519297E+01    0.12863113910680482763E-16   -0.10714836326853952752E-14
    0.73426699679579590097E+01   -0.31310611214564075615E-15   -0.71924462665841970124E-15
    0.73514577647647652014E+01   -0.25793614372032005570E-15   -0.17513356696688117783E-16
    0.73602455615715722814E+01    0.17598171317091561364E-15    0.38402069392322246514E-15
    0.73690333583783793614E+01    0.65013456650558535372E-15    0.37716345048343939780E-16
    0.73778211551851855532E+01    0.81927885875431899485E-15   -0.82262279019844124867E-15
    0.73866089519919926332E+01    0.56809857054634974200E-15   -0.13091520289917107411E-14
    0.73953967487987997131E+01    0.41655662967547997727E-16   -0.79313308196144334756E-15
    0.74041845456056067931E+01   -0.41485416563913714242E-15    0.23988941017631420558E-15
    0.74129723424124129849E+01   -0.48275769489053815399E-15    0.66933398442903100060E-15
    0.74217601392192200649E+01   -0.18919469167904050907E-15    0.75102332172537146910E-16
    0.74305479360260271449E+01    0.64688446873964391380E-16   -0.74997815639446710255E-15
    0.74393357328328333367E+01   -0.10904004052871065904E-16   -0.83132351278566539331E-15
    0.74481235296396404166E+01   -0.14806478632803669436E-15   -0.15909986049412700180E-15
    0.74569113264464474966E+01    0.14108415919953086583E-15    0.46801886342365274778E-15
    0.74656991232532536884E+01    0.74309669308130843506E-15    0.45243008596437389945E-15
    0.74744869200600607684E+01    0.80661483762504029373E-15   -0.52158703704913640011E-16
    0.74832747168668678484E+01   -0.15918915836979811603E-15   -0.49924549351255789633E-15
    0.74920625136736740401E+01   -0.12744957502801541669E-14   -0.47903675399567375138E-15
    0.75008503104804811201E+01   -0.11060474915160075994E-14    0.38124344453675450324E-16
    0.75096381072872882001E+01    0.39251230919341838997E-15    0.66845875587886485300E-15
    0.75184259040940952801E+01    0.14087078896702783807E-14    0.80171256149774807578E-15
    0.75272137009009014719E+01    0.43580623991909419101E-15    0.12847812431915982672E-15
    0.75360014977077085518E+01   -0.15921533042440583030E-14   -0.91810792644754282248E-15
    0.75447892945145156318E+01   -0.22901551815566562691E-14   -0.14872726119762167997E-14
    0.75535770913213218236E+01   -0.76196610340414291387E-15   -0.11155697050940179762E-14
    0.75623648881281289036E+01    0.12824327824056340001E-14   -0.12113147673851231014E-15
    0.75711526849349359836E+01    0.17296230865223941898E-14    0.75762481608474043768E-15
    0.75799404817417421754E+01    0.48135945693691117981E-15    0.88324100761189000617E-15
    0.75887282785485492553E+01   -0.87244392243762498179E-15    0.10274010186955504826E-15
    0.75975160753553563353E+01   -0.11227162592906256188E-14   -0.99757239938654854763E-15
    0.76063038721621625271E+01   -0.51545705158676288294E-15   -0.13299527438917000720E-14
    0.76150916689689696071E+01    0.62393053557808517567E-16   -0.33859801458889010133E-15
    0.76238794657757766871E+01    0.15935811975514041819E-15    0.11359226931779792425E-14
    0.76326672625825837670E+01   -0.82071045560051939798E-16    0.15944182917848955126E-14
    0.76414550593893899588E+01   -0.36002806910324383491E-15    0.57862571024940368068E-15
    0.76502428561961970388E+01   -0.51155536928706855362E-15   -0.76405689129599128339E-15
    0.76590306530030041188E+01   -0.50717579264841013556E-15   -0.11065397951672652029E-14
    0.76678184498098103106E+01   -0.37935609425418450136E-15   -0.44330457569099224740E-15
    0.76766062466166173905E+01   -0.19080260850779461912E-15    0.21079070388441365571E-15
    0.76853940434234244705E+01   -0.27241670467442565855E-16    0.23114796754725645632E-15
    0.76941818402302306623E+01    0.37141026571151725323E-16    0.56664807582257927854E-17
    0.77029696370370377423E+01    0.21253678787150412458E-16    0.12973964372091790712E-15
    0.77117574338438448223E+01    0.77175131458940071153E-16    0.51303993425815230779E-15
    0.77205452306506510141E+01    0.30427745266589074433E-15    0.60438919406828377312E-15
    0.77293330274574580940E+01    0.44858712280292237423E-15    0.28712703873737732250E-15
    0.77381208242642651740E+01   -0.48975354517482318282E-17    0.14120706935315100930E-15
    0.77469086210710722540E+01   -0.10954832651516766608E-14    0.60098177442385369384E-15
    0.77556964178778784458E+01   -0.18315452542855413178E-14    0.11611187226397804875E-14
    0.77644842146846855258E+01   -0.10618888836123165450E-14    0.91828899189326653021E-15
    0.77732720114914926057E+01    0.86157830615142305289E-15   -0.11792682276446606764E-15
    0.77820598082982987975E+01    0.19035111433697974750E-14   -0.75050482568316260239E-15
    0.77908476051051058775E+01    0.62452603254648731470E-15   -0.67748865264547486136E-16
    0.77996354019119129575E+01   -0.17399134896064306565E-14    0.11861852189202698341E-14
    0.78084231987187191493E+01   -0.25101978173955233047E-14    0.14239398869230015367E-14
    0.78172109955255262292E+01   -0.71867039532601622308E-15    0.28664331918549244115E-15
    0.78259987923323333092E+01    0.17575402420379137930E-14   -0.76494716659419968798E-15
    0.78347865891391395010E+01    0.24989592980554945622E-14   -0.35181801095230339766E-15
    0.78435743859459465810E+01    0.10429926641290266880E-14    0.96074977135548186913E-15
    0.78523621827527536610E+01   -0.11866974295367353243E-14    0.14159189577792255324E-14
    0.78611499795595607409E+01   -0.25186078783600809492E-14    0.33561772585428635051E-15
    0.78699377763663669327E+01   -0.21895206515258889257E-14   -0.10586083754383015273E-14
    0.78787255731731740127E+01   -0.55180429636242365262E-15   -0.12766448056351252231E-14
    0.78875133699799810927E+01    0.11107590611841830661E-14   -0.28528482624281159560E-15
    0.78963011667867872845E+01    0.14533750476733449522E-14    0.74612752078716654060E-15
    0.79050889635935943645E+01    0.28484326889391200637E-15    0.87267224555486141899E-15
    0.79138767604004014444E+01   -0.11744100208920207223E-14    0.14395919205160216645E-15
    0.79226645572072076362E+01   -0.15583386475340624642E-14   -0.78510814582596920852E-15
    0.79314523540140147162E+01   -0.63909634257610549329E-15   -0.12540014133738659990E-14
    0.79402401508208217962E+01    0.75818486262347136315E-15   -0.95231801542404608912E-15
    0.79490279476276279880E+01    0.16573500242038795989E-14   -0.10094433189598154643E-15
    0.79578157444344350679E+01    0.15602038457645804452E-14    0.65400555693126398802E-15
    0.79666035412412421479E+01    0.55948695787473170956E-15    0.76765917711707635010E-15
    0.79753913380480492279E+01   -0.73438709615362073948E-15    0.26801906633500093117E-15
    0.79841791348548554197E+01   -0.15352782357214589471E-14   -0.38185199262652369333E-15
    0.79929669316616624997E+01   -0.13678008534499355578E-14   -0.77254025713520210102E-15
    0.80017547284684695796E+01   -0.34792935220694072143E-15   -0.81135704811446868049E-15
    0.80105425252752748833E+01    0.86919192292579948500E-15   -0.60179234468957735148E-15
    0.80193303220820819632E+01    0.13261422638099608006E-14   -0.27089593329723961064E-15
    0.80281181188888890432E+01    0.43115196835087706290E-15    0.61739922766418796219E-16
    0.80369059156956961232E+01   -0.12011238389174291994E-14    0.23764758622658509658E-15
    0.80456937125025032032E+01   -0.19300040478199590891E-14    0.11244887003558222624E-15
    0.80544815093093102831E+01   -0.82245770341562156054E-15   -0.23455870523019517925E-15
    0.80632693061161173631E+01    0.93261980296431366068E-15   -0.37992088639887763314E-15
    0.80720571029229226667E+01    0.12472640979620560756E-14    0.74945648514622774008E-16
    0.80808448997297297467E+01   -0.24349212889316686487E-15    0.89610524628933748460E-15
    0.80896326965365368267E+01   -0.15703402594535780857E-14    0.12309273574499948455E-14
    0.80984204933433439066E+01   -0.96921974774441518590E-15    0.57302667247537439772E-15
    0.81072082901501509866E+01    0.76337878815797045421E-15   -0.43768800456614073403E-15
    0.81159960869569580666E+01    0.13786547576730784096E-14   -0.68563817072360876542E-15
    0.81247838837637633702E+01    0.15050469802081417612E-15   -0.18714104676857422426E-16
    0.81335716805705704502E+01   -0.12135693861812460668E-14    0.46455896833529502112E-15
    0.81423594773773775302E+01   -0.91138818857758294690E-15   -0.89687191092303829959E-16
    0.81511472741841846101E+01    0.67140838032971249507E-15   -0.97134843707138996153E-15
    0.81599350709909916901E+01    0.16723708411586268755E-14   -0.78745347533240889849E-15
    0.81687228677977987701E+01    0.10933585954903797404E-14    0.51360331974183392626E-15
    0.81775106646046058501E+01   -0.24531852319572924927E-15    0.12647934055784203928E-14
    0.81862984614114111537E+01   -0.95476659273520889113E-15    0.23079201748657909047E-15
    0.81950862582182182337E+01   -0.48699836091240463307E-15   -0.14995846138307461860E-14
    0.82038740550250253136E+01    0.69179077707665474223E-15   -0.17200488999177872980E-14
    0.82126618518318323936E+01    0.16490902866620396905E-14    0.74343604889253994595E-16
    0.82214496486386394736E+01    0.15793354577256027518E-14    0.19408417152015491153E-14
    0.82302374454454465535E+01    0.38571178150392469617E-15    0.19132734279949114138E-14
    0.82390252422522518572E+01   -0.10124697361030706238E-14    0.31428534299737574121E-15
    0.82478130390590589371E+01   -0.13989771128245293229E-14   -0.95588990663353022411E-15
    0.82566008358658660171E+01   -0.48584888086183477979E-15   -0.74569349665347785467E-15
    0.82653886326726730971E+01    0.77851801178682984500E-15    0.36770168291728117155E-15
    0.82741764294794801771E+01    0.12710447218313760699E-14    0.11972027101352753606E-14
    0.82829642262862872570E+01    0.75141469896599885093E-15    0.12069251809108270357E-14
    0.82917520230930943370E+01   -0.19716256820617062092E-15    0.61840439312142276072E-15
    0.83005398198998996406E+01   -0.84420001000952834478E-15   -0.12323406619812193346E-15
    0.83093276167067067206E+01   -0.79039725498372953285E-15   -0.68805780070058735424E-15
    0.83181154135135138006E+01   -0.10182896536079374065E-15   -0.86012044807113143000E-15
    0.83269032103203208806E+01    0.71341934355796077027E-15   -0.50699919963178872089E-15
    0.83356910071271279605E+01    0.10404867019630922691E-14    0.29120223969678417272E-15
    0.83444788039339350405E+01    0.63922215932617391508E-15    0.10558136468845619079E-14
    0.83532666007407403441E+01   -0.18662097026284964792E-15    0.10876412196745834739E-14
    0.83620543975475474241E+01   -0.87665974662615173354E-15    0.16086648208958733015E-15
    0.83708421943543545041E+01   -0.97182946993701611605E-15   -0.97923332267782022494E-15
    0.83796299911611615840E+01   -0.37899605821139615992E-15   -0.12352961141890159695E-14
    0.83884177879679686640E+01    0.45232715129168273575E-15   -0.32061070892568806798E-15
    0.83972055847747757440E+01    0.73900119026297226589E-15    0.92824224906702728421E-15
    0.84059933815815828240E+01    0.10138139508680520918E-15    0.14789039123705795944E-14
    0.84147811783883881276E+01   -0.89073910151926477057E-15    0.10376961319656437530E-14
    0.84235689751951952076E+01   -0.12648762947453196411E-14    0.71598266691227455397E-16
    0.84323567720020022875E+01   -0.72127536494705106844E-15   -0.67213649426605806457E-15
    0.84411445688088093675E+01    0.88459187045517188103E-16   -0.62539114237679332055E-15
    0.84499323656156164475E+01    0.43412809810481611928E-15    0.22004623393379308717E-15
    0.84587201624224235275E+01    0.32192614957005245575E-15    0.11511287465930843445E-14
    0.84675079592292288311E+01    0.24896126752962037127E-15    0.13018776614746297130E-14
    0.84762957560360359111E+01    0.42741560906936200823E-15    0.55042685019431411890E-15
    0.84850835528428429910E+01    0.53929978053682640063E-15   -0.32244490962130907070E-15
    0.84938713496496500710E+01    0.26597276050555966175E-15   -0.51704336289132480807E-15
    0.85026591464564571510E+01   -0.22205128328405826575E-15   -0.27078090645308893661E-16
    0.85114469432632642309E+01   -0.47889386306997850216E-15    0.55850791756665969096E-15
    0.85202347400700713109E+01   -0.34102190032103288224E-15    0.76574867286911226855E-15
    0.85290225368768766145E+01   -0.91385829361983465700E-16    0.57201774882489907435E-15
    0.85378103336836836945E+01   -0.58730666068279072411E-16    0.18850063508271654301E-15
    0.85465981304904907745E+01   -0.24044112059120841693E-15   -0.20501882100838777238E-15
    0.85553859272972978545E+01   -0.40997041054026939566E-15   -0.49929599681704039621E-15
    0.85641737241041049344E+01   -0.46029692408043141660E-15   -0.58145346595530777445E-15
    0.85729615209109120144E+01   -0.49618562374258094231E-15   -0.34840603735863573024E-15
    0.85817493177177173180E+01   -0.56923744346979130446E-15    0.15320795900205678853E-15
    0.85905371145245243980E+01   -0.47619214392434680108E-15    0.63793459548779525216E-15
    0.85993249113313314780E+01   -0.26624607983427118614E-16    0.75778174503568416318E-15
    0.86081127081381385580E+01    0.49435573767456110214E-15    0.40031830269771129629E-15
    0.86169005049449456379E+01    0.42232120011776121335E-15   -0.20950448495121931512E-15
    0.86256883017517527179E+01   -0.43320763877630394951E-15   -0.68110994247962603850E-15
    0.86344760985585597979E+01   -0.11999986520696464198E-14   -0.68417786188565159127E-15
    0.86432638953653651015E+01   -0.78411781938134678781E-15   -0.17447982441327689613E-15
    0.86520516921721721815E+01    0.66953920101884755853E-15    0.42017244007592533422E-15
    0.86608394889789792614E+01    0.16636935761413270824E-14    0.41513309000743332652E-15
    0.86696272857857863414E+01    0.10618485516923026271E-14   -0.39351870152312614752E-15
    0.86784150825925934214E+01   -0.49205877905044770961E-15   -0.12411818273022880393E-14
    0.86872028793994005014E+01   -0.13792036345142334015E-14   -0.11098952196925828996E-14
    0.86959906762062058050E+01   -0.84935639508835756737E-15    0.36326960592976661777E-16
    0.87047784730130128850E+01    0.36473448877400098728E-15    0.10859077537056432769E-14
    0.87135662698198199649E+01    0.11274387080252709922E-14    0.10542571729276211966E-14
    0.87223540666266270449E+01    0.10035066831533622280E-14    0.17658818098289826285E-15
    0.87311418634334341249E+01    0.32887016935785492318E-15   -0.55827221922899544680E-15
    0.87399296602402412049E+01   -0.25097194650101155465E-15   -0.60130775245759696445E-15
    0.87487174570470482848E+01   -0.22390209943467482905E-15   -0.26042834875326334507E-15
    0.87575052538538535885E+01    0.41630455067199628909E-15   -0.53169548177079134299E-16
    0.87662930506606606684E+01    0.10299664042365164612E-14   -0.76252165327378556299E-16
    0.87750808474674677484E+01    0.92515591226317209951E-15   -0.11529673207512295943E-15
    0.87838686442742748284E+01    0.23398465212908717543E-15   -0.97470421061394803219E-16
    0.87926564410810819084E+01   -0.11318648197116188657E-15   -0.18884251188801595273E-15
    0.88014442378878889883E+01    0.41103435321830035466E-15   -0.41139000121362450445E-15
    0.88102320346946942919E+01    0.10464762796467477671E-14   -0.37821296005248823689E-15
    0.88190198315015013719E+01    0.65086652959500847197E-15    0.27685348267032755938E-15
    0.88278076283083084519E+01   -0.64665587570297692165E-15    0.12010502160203186336E-14
    0.88365954251151155319E+01   -0.13307807004657391139E-14    0.14304028382070990353E-14
    0.88453832219219226118E+01   -0.39347911213966569158E-15    0.53714087914379554479E-15
    0.88541710187287296918E+01    0.11883878904663875385E-14   -0.56425228516128974235E-15
    0.88629588155355367718E+01    0.15797043892965630772E-14   -0.57338833428927610151E-15
    0.88717466123423420754E+01    0.33684258361251820395E-15    0.51459124322321546927E-15
    0.88805344091491491554E+01   -0.11062482927741444403E-14    0.12523090065899947233E-14
    0.88893222059559562354E+01   -0.12572335908987400235E-14    0.55392499715802793327E-15
    0.88981100027627633153E+01   -0.18227033775495258702E-15   -0.86302957703794565013E-15
    0.89068977995695703953E+01    0.92791587491933468515E-15   -0.14360287553388836140E-14
    0.89156855963763774753E+01    0.11371827089508767013E-14   -0.74250962298295482457E-15
    0.89244733931831827789E+01    0.43011602421275517656E-15    0.95768838616931146805E-16
    0.89332611899899898589E+01   -0.58565228642077817356E-15    0.52981498114627318754E-16
    0.89420489867967969388E+01   -0.11574694825874461644E-14   -0.44570297306320880313E-15
    0.89508367836036040188E+01   -0.87601132282954562565E-15   -0.29781077788347352922E-15
    0.89596245804104110988E+01   -0.98700783530524734495E-16    0.60525553443698988635E-15
    0.89684123772172181788E+01    0.27241351564100522957E-15    0.11224905565882577597E-14
    0.89772001740240252587E+01   -0.19887161785713081127E-15    0.41749381607943013732E-15
    0.89859879708308305624E+01   -0.80454692785251441618E-15   -0.80702827666675643464E-15
    0.89947757676376376423E+01   -0.53035732180815448347E-15   -0.11440253815035537173E-14
    0.90035635644444447223E+01    0.51561605001511842656E-15   -0.18709502395017314090E-15
    0.90123513612512518023E+01    0.10495425008725687450E-14    0.10544283770901157169E-14
    0.90211391580580588823E+01    0.27776032840856196020E-15    0.13827792076090459225E-14
    0.90299269548648659622E+01   -0.86898619339470438556E-15    0.55789217783228604329E-15
    0.90387147516716712659E+01   -0.84148283483774304705E-15   -0.74608423913822725729E-15
    0.90475025484784783458E+01    0.48614972828122351970E-15   -0.15575388690173945298E-14
    0.90562903452852854258E+01    0.15555959451132530277E-14   -0.12015516931265879385E-14
    0.90650781420920925058E+01    0.10845625074285171309E-14    0.18044747970075356704E-15
    0.90738659388988995858E+01   -0.35338021415339634614E-15    0.14700870750998819444E-14
    0.90826537357057066657E+01   -0.11749543299000291378E-14    0.14928956900287757211E-14
    0.90914415325125137457E+01   -0.65241683035799793514E-15    0.31483933732154262892E-15
    0.91002293293193190493E+01    0.50906206133292580417E-15   -0.73561677981718424431E-15
    0.91090171261261261293E+01    0.12135353672342886119E-14   -0.59909456290264042905E-15
    0.91178049229329332093E+01    0.10024981430041457787E-14    0.31998513674558148851E-15
    0.91265927197397402892E+01    0.15669671471738156996E-15    0.84929840723891603713E-15
    0.91353805165465473692E+01   -0.65125593128593527553E-15    0.51761175014800009171E-15
    0.91441683133533544492E+01   -0.78483044205196427386E-15   -0.78508977479636952945E-16
    0.91529561101601597528E+01   -0.13285636662797626054E-15   -0.27029053254932525652E-15
    0.91617439069669668328E+01    0.65979727865842339520E-15   -0.15146869182541847779E-15
    0.91705317037737739128E+01    0.78734554118650919927E-15   -0.19179267689650840866E-15
    0.91793195005805809927E+01    0.17270829249802662679E-15   -0.36885356678003260221E-15
    0.91881072973873880727E+01   -0.46229420151885858459E-15   -0.11298257079225334685E-15
    0.91968950941941951527E+01   -0.51012225040936120655E-15    0.76356441226393102814E-15
    0.92056828910010004563E+01   -0.18274414620958463960E-15    0.14446081019904133738E-14
    0.92144706878078075363E+01   -0.70579166773748095204E-16    0.93611097974933743680E-15
    0.92232584846146146162E+01   -0.25779648242937201158E-15   -0.58455156249484165570E-15
    0.92320462814214216962E+01   -0.21969698075025558271E-15   -0.17293630656092467456E-14
    0.92408340782282287762E+01    0.34190011200612325042E-15   -0.14205559156834366454E-14
    0.92496218750350358562E+01    0.90095916051798786671E-15   -0.77114816218327794562E-16
    0.92584096718418411598E+01    0.70534693204013281882E-15    0.10045183506816496817E-14
    0.92671974686486482398E+01   -0.18733685711926193126E-15    0.10074773757940924664E-14
    0.92759852654554553197E+01   -0.85018189290065387136E-15    0.13543647808849837638E-15
    0.92847730622622623997E+01   -0.58133051450822995674E-15   -0.84250666883006747460E-15
    0.92935608590690694797E+01    0.25911174484373372012E-15   -0.11695951113772836993E-14
    0.93023486558758765597E+01    0.75870126511616110098E-15   -0.54392124878035402967E-15
    0.93111364526826818633E+01    0.49153564808869690767E-15    0.56894902431392647130E-15
    0.93199242494894889433E+01   -0.17139005476160561840E-15    0.11971119988868534397E-14
    0.93287120462962960232E+01   -0.62148081991023930761E-15    0.76933895805806336151E-15
    0.93374998431031031032E+01   -0.55952324621596595260E-15   -0.26080493052529514781E-15
    0.93462876399099101832E+01   -0.78251657441541474288E-16   -0.94314498528981928024E-15
    0.93550754367167172632E+01    0.47459778165596376268E-15   -0.80047046556591893675E-15
    0.93638632335235243431E+01    0.70977784900303163295E-15   -0.12853386348488530634E-15
    0.93726510303303296467E+01    0.48144792955271492175E-15    0.49344870426103060067E-15
    0.93814388271371367267E+01    0.42648231424821349366E-16    0.69446679250540547970E-15
    0.93902266239439438067E+01   -0.21175233164828888345E-15    0.42899903168745349291E-15
    0.93990144207507508867E+01   -0.14677979368260502779E-15   -0.84004319871222212160E-16
    0.94078022175575579666E+01    0.43220080751783802325E-16   -0.50728954385199930961E-15
    0.94165900143643650466E+01    0.14708244966165666375E-15   -0.61595976946320046349E-15
    0.94253778111711703502E+01    0.18215204998920871544E-15   -0.45286562843558656752E-15
    0.94341656079779774302E+01    0.26492550193721244935E-15   -0.22633094047791920141E-15
    0.94429534047847845102E+01    0.34729910478015457941E-15   -0.10592163496663228556E-15
    0.94517412015915915902E+01    0.21485227620470613597E-15   -0.11957889853870790938E-15
    0.94605289983983986701E+01   -0.21681366794766946434E-15   -0.17124524306661706066E-15
    0.94693167952052057501E+01   -0.69918197234058698187E-15   -0.10334610875293826387E-15
    0.94781045920120128301E+01   -0.85354022949478342003E-15    0.16802708062398229445E-15
    0.94868923888188181337E+01   -0.52351942250711451999E-15    0.51165673590303630542E-15
    0.94956801856256252137E+01    0.10341648204059422216E-15    0.64721097776343363140E-15
    0.95044679824324322936E+01    0.64096694796617458871E-15    0.43891904312706589417E-15
    0.95132557792392393736E+01    0.71008805814657014124E-15    0.87417428627319365020E-16
    0.95220435760460464536E+01    0.19751243843879627942E-15   -0.70497137181325521065E-16
    0.95308313728528535336E+01   -0.51501657549721810191E-15    0.97081718126048879873E-16
    0.95396191696596588372E+01   -0.73785118106640310946E-15    0.41581355879730813273E-15
    0.95484069664664659172E+01   -0.11094139526418555259E-15    0.57610654674687532009E-15
    0.95571947632732729971E+01    0.96317665904383571275E-15    0.34381197562702096191E-15
    0.95659825600800800771E+01    0.16610907570129639829E-14   -0.23861725241289355663E-15
    0.95747703568868871571E+01    0.13828353016335268778E-14   -0.70989918054722719723E-15
    0.95835581536936942371E+01    0.14664666865498479516E-15   -0.48083190519150438382E-15
    0.95923459505005013170E+01   -0.13142922981925389026E-14    0.41856479150129229864E-15
    0.96011337473073066207E+01   -0.17809370753143829989E-14    0.99921858982307008673E-15
    0.96099215441141137006E+01   -0.55409067726317860486E-15    0.30473754905995424257E-15
    0.96187093409209207806E+01    0.14191521254328505503E-14   -0.12270425706347256164E-14
    0.96274971377277278606E+01    0.20685578783124591062E-14   -0.19594767326077759897E-14
    0.96362849345345349406E+01    0.48335302968944449466E-15   -0.93306828736552555035E-15
    0.96450727313413420205E+01   -0.16926991131319963439E-14    0.86913701012683286338E-15
    0.96538605281481491005E+01   -0.20614809503533978026E-14    0.16547589089733171464E-14
    0.96626483249549544041E+01   -0.29280738794010579106E-15    0.77687531585770683706E-15
    0.96714361217617614841E+01    0.16064199424882887587E-14   -0.80847794127825724481E-15
    0.96802239185685685641E+01    0.17863134081606550417E-14   -0.17252342959410872438E-14
    0.96890117153753756440E+01    0.47273944832992088565E-15   -0.13005611718499921841E-14
    0.96977995121821827240E+01   -0.83766574185514095846E-15    0.15973503688377315830E-15
    0.97065873089889898040E+01   -0.11701242285133833389E-14    0.15219356174271700301E-14
    0.97153751057957951076E+01   -0.68342642354733384056E-15    0.15134789242714850693E-14
    0.97241629026026021876E+01    0.15994408515985038162E-16   -0.58485613473152879974E-16
    0.97329506994094092676E+01    0.53411960295144030831E-15   -0.17364716882031863558E-14
    0.97417384962162163475E+01    0.74894875148377557641E-15   -0.18095807624483966368E-14
    0.97505262930230234275E+01    0.63774101965005311698E-15   -0.26822946604688450784E-15
    0.97593140898298305075E+01    0.23453118910759944387E-15    0.11987045806274728786E-14
    0.97681018866366375875E+01   -0.26824175068821115478E-15    0.12689670196752696812E-14
    0.97768896834434428911E+01   -0.50865871988427449945E-15    0.44246051245298980812E-15
    0.97856774802502499710E+01   -0.24423511844721491284E-15    0.39238365037056903629E-16
    0.97944652770570570510E+01    0.29877367387119151817E-15    0.39803770031480399164E-15
    0.98032530738638641310E+01    0.54685682710262823498E-15    0.65466015263134143997E-15
    0.98120408706706712110E+01    0.18598925450996091412E-15    0.18526182419836217960E-15
    0.98208286674774782909E+01   -0.45428591473003481604E-15   -0.40149809358823230186E-15
    0.98296164642842835946E+01   -0.79742945969526896976E-15   -0.12132270482028952157E-15
    0.98384042610910906745E+01   -0.66107924991925774220E-15    0.96219144430916146968E-15
    0.98471920578978977545E+01   -0.35587362306543763991E-15    0.16935070401474820047E-14
    0.98559798547047048345E+01   -0.21785999892695930396E-15    0.12151991426656012918E-14
    0.98647676515115119145E+01   -0.25016510135946847747E-15   -0.35683267615101540599E-16
    0.98735554483183189944E+01   -0.26918899688584089642E-15   -0.91615433703834510391E-15
    0.98823432451251260744E+01   -0.21736604810808570452E-15   -0.71357756241766806248E-15
    0.98911310419319313780E+01   -0.20519952538144133832E-15    0.38866436759756349778E-15
    0.98999188387387384580E+01   -0.27314925794431263894E-15    0.15625579152136009262E-14
    0.99087066355455455380E+01   -0.25386280264274826162E-15    0.18085796434751357751E-14
    0.99174944323523526180E+01   -0.66620220750448570621E-18    0.73510058139521050538E-15
    0.99262822291591596979E+01    0.30020038423864244097E-15   -0.72680130987349891369E-15
    0.99350700259659667779E+01    0.26996934841977167816E-15   -0.95847156450917023861E-15
    0.99438578227727720815E+01   -0.75568000531507783348E-16    0.38608736777952439034E-15
    0.99526456195795791615E+01   -0.15034942289225805099E-15    0.15026243153285151696E-14
    0.99614334163863862415E+01    0.15615095515809623899E-15    0.83388039657635055446E-15
    0.99702212131931933214E+01   -0.27202580988937337088E-15   -0.88958761946965237308E-16
    0.99790090100000004014E+01    0.10347436567203848005E-14    0.10752524164048258621E-15
