    0.11999999999999999556E+01    0.00000000000000000000E+00    0.00000000000000000000E+00
    0.12087877968068068135E+01   -0.17695138830160384865E-09   -0.33004850970570364455E-17
    0.12175755936136136715E+01    0.27125466126824303015E-09   -0.88405367521097054913E-17
    0.12263633904204203073E+01    0.25073273697076132990E-09   -0.91670018618692826159E-17
    0.12351511872272271653E+01   -0.58521343910050385556E-09    0.45614366699418174220E-17
    0.12439389840340340232E+01   -0.56834894352327235961E-09    0.16455761951168281962E-16
    0.12527267808408408811E+01    0.10882967875930353454E-08    0.11543698508104850561E-16
    0.12615145776476475170E+01    0.24825890214790303512E-08   -0.37813700471981031761E-17
    0.12703023744544543749E+01    0.14365632849393119329E-08   -0.12746862580967900760E-16
    0.12790901712612612329E+01   -0.10504137200532012809E-08   -0.89744892271969468371E-17
    0.12878779680680680908E+01   -0.15364771352922987547E-08   -0.31283830426769893703E-18
    0.12966657648748749487E+01    0.10515064352615643967E-08    0.42725913479924887803E-17
    0.13054535616816815846E+01    0.29527370038915925347E-08    0.44876891411492820812E-17
    0.13142413584884884425E+01    0.38762260644160657123E-09    0.43189560535946196041E-17
    0.13230291552952953005E+01   -0.40463517519738108614E-08    0.34457346457221564181E-17
    0.13318169521021021584E+01   -0.34011440838017188702E-08   -0.26625105456012588021E-17
    0.13406047489089087943E+01    0.35245479508773358423E-08   -0.14173406879458100200E-16
    0.13493925457157156522E+01    0.74944550955784949198E-08   -0.22416630450605319896E-16
    0.13581803425225225102E+01    0.27544670608607756591E-09   -0.18436784985564150502E-16
    0.13669681393293293681E+01   -0.10754490813674009378E-07   -0.45296609475678834882E-17
    0.13757559361361360040E+01   -0.83382646919051840136E-08    0.77420870493292103569E-17
    0.13845437329429428619E+01    0.96896577103232945994E-08    0.12452044995050428664E-16
    0.13933315297497497198E+01    0.19359831968373853098E-07    0.17378840596680824811E-16
    0.14021193265565565778E+01    0.88236502525606181361E-10    0.31013437886693675742E-16
    0.14109071233633634357E+01   -0.28284048287737772886E-07    0.45270598663755566241E-16
    0.14196949201701700716E+01   -0.21039058991522278453E-07    0.42860569089754248307E-16
    0.14284827169769769295E+01    0.26691523910467564170E-07    0.27634866992057658969E-16
    0.14372705137837837874E+01    0.52244596747410020050E-07    0.34814852432947439739E-16
    0.14460583105905906454E+01    0.37715335904335156084E-08    0.84864781218595658791E-16
    0.14548461073973975033E+01   -0.62175615080902016053E-07    0.12910025105685975455E-15
    0.14636339042042041392E+01   -0.19202109708023071974E-07    0.80774556025636948617E-16
    0.14724217010110109971E+01    0.16498751192900354931E-06   -0.74714626505222723051E-16
    0.14812094978178178550E+01    0.37603349620122314764E-06   -0.22703662343114351054E-15
    0.14899972946246244909E+01    0.60857741717053961633E-06   -0.25159511115992650961E-15
    0.14987850914314313489E+01    0.13039358165013609501E-05   -0.15667325308887428323E-15
    0.15075728882382382068E+01    0.34762145493949486014E-05   -0.71951084505331548612E-16
    0.15163606850450450647E+01    0.86681523633250840072E-05   -0.88809411385152114721E-16
    0.15251484818518519226E+01    0.19648535882284157042E-04   -0.15695087490562571678E-15
    0.15339362786586585585E+01    0.42935146220680062753E-04   -0.16162031651111576360E-15
    0.15427240754654654165E+01    0.92403068332474176216E-04   -0.52704917554288021398E-16
    0.15515118722722722744E+01    0.19561835241551983134E-03    0.11965707964804809391E-15
    0.15602996690790791323E+01    0.40299131996442659476E-03    0.25862099907939347338E-15
    0.15690874658858859902E+01    0.80409401919526494150E-03    0.27941780177519471243E-15
    0.15778752626926926261E+01    0.15600714602831125197E-02    0.15321986283401371889E-15
    0.15866630594994994841E+01    0.29448666504014874186E-02   -0.64822979171069649149E-16
    0.15954508563063063420E+01    0.54056979075462344500E-02   -0.27485945145384707497E-15
    0.16042386531131129779E+01    0.96415619321045722273E-02   -0.43114779245996503088E-15
    0.16130264499199198358E+01    0.16693052606659739695E-01   -0.59055903953888353688E-15
    0.16218142467267266937E+01    0.28053175084145811485E-01   -0.82557108754499931195E-15
    0.16306020435335335517E+01    0.45766215428945329624E-01   -0.11100921051304037116E-14
    0.16393898403403404096E+01    0.72401937027415971815E-01   -0.13429940581140623606E-14
    0.16481776371471470455E+01    0.11090652902908312849E+00   -0.14955303488962822276E-14
    0.16569654339539539034E+01    0.16424382322387418021E+00   -0.16887542556698506883E-14
    0.16657532307607607613E+01    0.23458585218207342327E+00   -0.20723974369981203601E-14
    0.16745410275675676193E+01    0.32230209693286537842E+00   -0.26571040920268256279E-14
    0.16833288243743744772E+01    0.42468939915318637546E+00   -0.32986516910549458177E-14
    0.16921166211811811131E+01    0.53449924416524752235E+00   -0.38208940643714369200E-14
    0.17009044179879879710E+01    0.63905608459279761302E+00   -0.41242338075557922557E-14
    0.17096922147947948289E+01    0.72079429057843003026E+00   -0.42209319939488532702E-14
    0.17184800116016014648E+01    0.75868600714500156190E+00   -0.42268667585339428148E-14
    0.17272678084084085448E+01    0.73211654766587364040E+00   -0.42421630067287237319E-14
    0.17360556052152151807E+01    0.62692289187637939563E+00   -0.41409510738385665694E-14
    0.17448434020220220386E+01    0.44115577851419096600E+00   -0.35312226942698304706E-14
    0.17536311988288288966E+01    0.18959781247579851615E+00   -0.21268289027122703310E-14
    0.17624189956356355324E+01   -0.93284315870609216259E-01   -0.17687899341715523836E-15
    0.17712067924424426124E+01   -0.35739395309596827532E+00    0.16401091232862743302E-14
    0.17799945892492492483E+01   -0.54735927653625360279E+00    0.27901945482741656638E-14
    0.17887823860560561062E+01   -0.61503122436853352450E+00    0.32316685660196892719E-14
    0.17975701828628629642E+01   -0.53506610862886239133E+00    0.31241725247251679402E-14
    0.18063579796696696000E+01   -0.31945210026779469192E+00    0.23987722032935792053E-14
    0.18151457764764764580E+01   -0.19041161574473577239E-01    0.82843061035838101021E-15
    0.18239335732832833159E+01    0.28669461772081689110E+00   -0.14666431307597763264E-14
    0.18327213700900899518E+01    0.50683850454420276144E+00   -0.37435290853347725291E-14
    0.18415091668968970318E+01    0.56849128489211753212E+00   -0.49914689460984588575E-14
    0.18502969637037036676E+01    0.44717312572112988267E+00   -0.44721572060153351700E-14
    0.18590847605105105256E+01    0.17744621527009524220E+00   -0.20759908569217896865E-14
    0.18678725573173173835E+01   -0.15441637482589179453E+00    0.15001003584825623425E-14
    0.18766603541241240194E+01   -0.43066460649176463438E+00    0.48322364264273661627E-14
    0.18854481509309310994E+01   -0.54607901812806258768E+00    0.63712681790605986198E-14
    0.18942359477377377353E+01   -0.45505902544854232028E+00    0.51798704513034587504E-14
    0.19030237445445445932E+01   -0.18888781237901147714E+00    0.14206448842058555554E-14
    0.19118115413513514511E+01    0.15379539873795497473E+00   -0.34030108075172313886E-14
    0.19205993381581580870E+01    0.43402409381740697514E+00   -0.67757805169606472540E-14
    0.19293871349649649449E+01    0.53090999497751778513E+00   -0.66818715495648844053E-14
    0.19381749317717718029E+01    0.40290566482053785657E+00   -0.32182989764616236136E-14
    0.19469627285785784387E+01    0.10357245436155491924E+00    0.15415202243879575427E-14
    0.19557505253853855187E+01   -0.24266121065891091413E+00    0.51746710478364960533E-14
    0.19645383221921921546E+01   -0.48197443973466735923E+00    0.62277898922952209704E-14
    0.19733261189989990125E+01   -0.49983878490563449226E+00    0.44906490499954102929E-14
    0.19821139158058058705E+01   -0.28775442599433315172E+00    0.87622942150490259978E-15
    0.19909017126126125063E+01    0.54479909092442775631E-01   -0.29680937923907492571E-14
    0.19996895094194195863E+01    0.37175228663405740503E+00   -0.52713180735711198582E-14
    0.20084773062262262222E+01    0.51518707482208248027E+00   -0.48069919064430980541E-14
    0.20172651030330328581E+01    0.40833044607686547200E+00   -0.16279992226861015265E-14
    0.20260528998398399381E+01    0.10152779802209405124E+00    0.24302855352742631817E-14
    0.20348406966466465740E+01   -0.25104774438065158293E+00    0.47180552734968950188E-14
    0.20436284934534532098E+01   -0.47884310382483974422E+00    0.39211586069254180276E-14
    0.20524162902602602898E+01   -0.47309350090563845326E+00    0.11673757173249109721E-14
    0.20612040870670673698E+01   -0.22950224385938947091E+00   -0.13750901842253725043E-14
    0.20699918838738740057E+01    0.13309572798979488195E+00   -0.24537503208934575764E-14
    0.20787796806806806416E+01    0.42549611833233563774E+00   -0.21781239581355663561E-14
    0.20875674774874877215E+01    0.49837960274626108559E+00   -0.11989920663859781302E-14
    0.20963552742942943574E+01    0.32106569869576784271E+00   -0.38395406496532764267E-16
    0.21051430711011009933E+01   -0.19895773653346673915E-01    0.96186309411336456726E-15
    0.21139308679079080733E+01   -0.35503540376977105186E+00    0.15202029465307715638E-14
    0.21227186647147147092E+01   -0.50613922646029574359E+00    0.14557023326886741724E-14
    0.21315064615215213450E+01   -0.39012633500653104424E+00    0.85757333708117958571E-15
    0.21402942583283284250E+01   -0.74322667513577356235E-01    0.10642908116163931144E-15
    0.21490820551351350609E+01    0.27673762160572079605E+00   -0.44345766861030470202E-15
    0.21578698519419421409E+01    0.48725165584979862610E+00   -0.79875841164336507297E-15
    0.21666576487487487768E+01    0.44519382116307459896E+00   -0.11474183810865666688E-14
    0.21754454455555558567E+01    0.16495327106263435457E+00   -0.12816115848317437037E-14
    0.21842332423623624926E+01   -0.20153847674162289616E+00   -0.48944844117416559832E-15
    0.21930210391691691285E+01   -0.45741461282437823055E+00    0.14949006418542321293E-14
    0.22018088359759762085E+01   -0.47503144320385087829E+00    0.35070895224692798294E-14
    0.22105966327827828444E+01   -0.24737491615223225483E+00    0.36423977539548640143E-14
    0.22193844295895894803E+01    0.11400895188243730105E+00    0.12510546564920057976E-14
    0.22281722263963965602E+01    0.41814976272128090429E+00   -0.21031711836072972312E-14
    0.22369600232032031961E+01    0.49775844916920758410E+00   -0.40991670054730866437E-14
    0.22457478200100098320E+01    0.31500953589418090317E+00   -0.36046488017976532030E-14
    0.22545356168168169120E+01   -0.28240696260860582295E-01   -0.11531783952748160929E-14
    0.22633234136236239920E+01   -0.35779580919265613348E+00    0.17774490178868568945E-14
    0.22721112104304301837E+01   -0.50429004019961787275E+00    0.35777151307354670262E-14
    0.22808990072372372637E+01   -0.38326923368608206699E+00    0.32412386624788258215E-14
    0.22896868040440443437E+01   -0.58308334658992252986E-01    0.95090757177499812173E-15
    0.22984746008508509796E+01    0.29308263401039047480E+00   -0.20128574814178810326E-14
    0.23072623976576576155E+01    0.48963868081307121427E+00   -0.39104115270928433415E-14
    0.23160501944644646954E+01    0.43602584498898261378E+00   -0.33386793734565137308E-14
    0.23248379912712713313E+01    0.15493039227567800831E+00   -0.22420035940882616721E-15
    0.23336257880780779672E+01   -0.21115662070093835223E+00    0.34695254228767775515E-14
    0.23424135848848850472E+01   -0.46598128160020646504E+00    0.48994354348210782869E-14
    0.23512013816916916831E+01   -0.47617320155718589891E+00    0.28932467332316113207E-14
    0.23599891784984983190E+01   -0.24497688709196302481E+00   -0.84673378041702152081E-15
    0.23687769753053053989E+01    0.11019053407180467996E+00   -0.35126506733142100348E-14
    0.23775647721121124789E+01    0.41333802859562046583E+00   -0.35468273683213526760E-14
    0.23863525689189186707E+01    0.50617541045534986122E+00   -0.13018309389936514478E-14
    0.23951403657257257507E+01    0.33703723566352494778E+00    0.16514900483258091107E-14
    0.24039281625325328307E+01   -0.10441491341406435468E-02    0.34292300595222468052E-14
    0.24127159593393394665E+01   -0.33524894545033090409E+00    0.28822954860077180781E-14
    0.24215037561461461024E+01   -0.50407545289782595965E+00    0.45464010589326320339E-15
    0.24302915529529531824E+01   -0.42290702438354094150E+00   -0.21845674073530316541E-14
    0.24390793497597598183E+01   -0.12664322233873595569E+00   -0.34369657114555875039E-14
    0.24478671465665664542E+01    0.23289899269084446409E+00   -0.27276255241759840283E-14
    0.24566549433733735341E+01    0.47339026722511018397E+00   -0.59904599476958790233E-15
    0.24654427401801801700E+01    0.48216848080633589735E+00    0.15479149475795738179E-14
    0.24742305369869868059E+01    0.25780738197805647127E+00    0.22179601072838357763E-14
    0.24830183337937938859E+01   -0.95463317667723104898E-01    0.92910493123314199324E-15
    0.24918061306006009659E+01   -0.40438338002587687070E+00   -0.13259079654857352401E-14
    0.25005939274074071577E+01   -0.51408970748484883462E+00   -0.29373315726720167002E-14
    0.25093817242142142376E+01   -0.37606858484222238648E+00   -0.28134536449187738786E-14
    0.25181695210210213176E+01   -0.61332310233539362454E-01   -0.93485587872284910551E-15
    0.25269573178278279535E+01    0.28420142190623209899E+00    0.15701778986017333861E-14
    0.25357451146346345894E+01    0.49799618374351894978E+00    0.28774056556331606117E-14
    0.25445329114414416694E+01    0.47419682805286689220E+00    0.18351373569231038106E-14
    0.25533207082482483052E+01    0.22659080352503929712E+00   -0.76745358085823059490E-15
    0.25621085050550549411E+01   -0.12366749345824307182E+00   -0.28139106134406025326E-14
    0.25708963018618620211E+01   -0.41682425900551772768E+00   -0.28416704879306689440E-14
    0.25796840986686686570E+01   -0.52119456787500539896E+00   -0.11694760202960612237E-14
    0.25884718954754752929E+01   -0.38510196244809913324E+00    0.85479933934912321927E-15
    0.25972596922822823728E+01   -0.71625380642115613061E-01    0.20312740960556375146E-14
    0.26060474890890894528E+01    0.27197672460125260629E+00    0.18803836390194823144E-14
    0.26148352858958960887E+01    0.49259078672130135468E+00    0.73726445427371810880E-15
    0.26236230827027027246E+01    0.49615714907981128823E+00   -0.45324492912100655425E-15
    0.26324108795095098046E+01    0.27841543253940126412E+00   -0.81657175664919897226E-15
    0.26411986763163164404E+01   -0.64528780598154839021E-01   -0.22411218498034519343E-15
    0.26499864731231230763E+01   -0.37754091065172129538E+00    0.73383651449767274713E-15
    0.26587742699299301563E+01   -0.52467122625531714686E+00    0.12912763088377091297E-14
    0.26675620667367367922E+01   -0.44710360046482416907E+00    0.97482323381560891209E-15
    0.26763498635435434281E+01   -0.17655234230181454658E+00   -0.16154868836903645968E-15
    0.26851376603503505081E+01    0.17190598411171398308E+00   -0.14580484890029602526E-14
    0.26939254571571571439E+01    0.44615251771365155298E+00   -0.20157384017013747566E-14
    0.27027132539639637798E+01    0.53026991420024327528E+00   -0.13676329604016622940E-14
    0.27115010507707708598E+01    0.39399518294301938415E+00    0.16751360918988883390E-15
    0.27202888475775779398E+01    0.93365117615200457490E-01    0.17717100736609844781E-14
    0.27290766443843845757E+01   -0.24815963555233502835E+00    0.25772067037662563773E-14
    0.27378644411911912115E+01   -0.48695553708661343251E+00    0.20322185749010148940E-14
    0.27466522379979982915E+01   -0.52527013036265446377E+00    0.19017918946506216789E-15
    0.27554400348048049274E+01   -0.35254779982782341596E+00   -0.22050775844381724449E-14
    0.27642278316116115633E+01   -0.38197768664759566837E-01   -0.39954494437671421169E-14
    0.27730156284184186433E+01    0.29339698054602642019E+00   -0.40303235401115785932E-14
    0.27818034252252252791E+01    0.50841526848884843748E+00   -0.18065829484593322915E-14
    0.27905912220320319150E+01    0.52214722812076208580E+00    0.17899228856334769779E-14
    0.27993790188388389950E+01    0.33390047876077982858E+00    0.45756695690570735128E-14
    0.28081668156456460750E+01    0.16751040193575612164E-01    0.46849405629502315695E-14
    0.28169546124524522668E+01   -0.30856970901697777787E+00    0.22055286083786206749E-14
    0.28257424092592593468E+01   -0.51617176558441923984E+00   -0.11044459641677759697E-14
    0.28345302060660664267E+01   -0.52756306570241340292E+00   -0.34360629846007609680E-14
    0.28433180028728730626E+01   -0.34268732418721492561E+00   -0.40225697338181020205E-14
    0.28521057996796796985E+01   -0.30562126447335573320E-01   -0.30649679538149796153E-14
    0.28608935964864867785E+01    0.29435816919098634070E+00   -0.13346469636775143894E-14
    0.28696813932932934144E+01    0.51124030383949881085E+00    0.24435932028947493977E-15
    0.28784691901001000502E+01    0.54137932715053249666E+00    0.10115144115389644207E-14
    0.28872569869069071302E+01    0.37772779035877840359E+00    0.81453331831657964210E-15
    0.28960447837137137661E+01    0.79042371881413928114E-01   -0.51306170745205744623E-16
    0.29048325805205204020E+01   -0.24901209423684544930E+00   -0.10122586598266798137E-14
    0.29136203773273274820E+01   -0.48911432554266720540E+00   -0.15067409306637936504E-14
    0.29224081741341345619E+01   -0.55774749921225508231E+00   -0.13432795134582201678E-14
    0.29311959709409407537E+01   -0.43464781683106296084E+00   -0.81440087073029717471E-15
    0.29399837677477478337E+01   -0.16232639302199575182E+00   -0.36989684932093603984E-15
    0.29487715645545549137E+01    0.16631746319785287169E+00   -0.23744832996431143745E-15
    0.29575593613613615496E+01    0.43852752273840323038E+00   -0.34668921124806592314E-15
    0.29663471581681681855E+01    0.56382291290461272748E+00   -0.46504065129929753552E-15
    0.29751349549749752654E+01    0.50378187913303573708E+00   -0.33776106348123252151E-15
    0.29839227517817819013E+01    0.27838148360494374689E+00    0.19746173006979929251E-15
    0.29927105485885885372E+01   -0.38238359436751884202E-01    0.11121519795556141174E-14
    0.30014983453953956172E+01   -0.34210439448647905758E+00    0.21323555333684607358E-14
    0.30102861422022022531E+01   -0.53688201910827548780E+00    0.27266183358201152030E-14
    0.30190739390090088889E+01   -0.56343790788369463307E+00    0.22804856438602215203E-14
    0.30278617358158159689E+01   -0.41365050639571609992E+00    0.58563222074971664807E-15
    0.30366495326226230489E+01   -0.13540141501011632164E+00   -0.17466625434784756565E-14
    0.30454373294294292407E+01    0.18378994452079921995E+00   -0.35925599788373398681E-14
    0.30542251262362363207E+01    0.44737438218102193455E+00   -0.40914130529299297832E-14
    0.30630129230430434006E+01    0.57745226183618636462E+00   -0.31121788122954533310E-14
    0.30718007198498500365E+01    0.53525702974560851466E+00   -0.11195585713627823135E-14
    0.30805885166566566724E+01    0.33514975151859710545E+00    0.11136053080099607313E-14
    0.30893763134634637524E+01    0.37779728932152430165E-01    0.27844335611511885805E-14
    0.30981641102702703883E+01   -0.27089260667055298226E+00    0.33235721436687152744E-14
    0.31069519070770770242E+01   -0.50263968115827450944E+00    0.25710996163537188192E-14
    0.31157397038838841041E+01   -0.59142596876860376032E+00    0.80490057545212026358E-15
    0.31245275006906907400E+01   -0.51428881527314507238E+00   -0.13100310331795128731E-14
    0.31333152974974973759E+01   -0.29462713274885371506E+00   -0.29559329557468408019E-14
    0.31421030943043044559E+01    0.66878419917051259297E-02   -0.35114980047222786879E-14
    0.31508908911111115358E+01    0.30646202687373841345E+00   -0.28025086728609351212E-14
    0.31596786879179177276E+01    0.52311532050293418905E+00   -0.11690383931306898109E-14
    0.31684664847247248076E+01    0.60025730830622037182E+00    0.58924183340588728789E-15
    0.31772542815315318876E+01    0.51879162504440978765E+00    0.16000096710858832082E-14
    0.31860420783383385235E+01    0.30079361228224243963E+00    0.14983336490861967075E-14
    0.31948298751451451594E+01    0.47716746804692530479E-02    0.65144402984982933701E-15
    0.32036176719519522393E+01   -0.29230372520353559151E+00   -0.23536405145509994308E-15
    0.32124054687587593193E+01   -0.51551674422260473918E+00   -0.60536815674937690867E-15
    0.32211932655655655111E+01   -0.60907982497888357720E+00   -0.26006391707438692519E-15
    0.32299810623723725911E+01   -0.55050700961282172941E+00    0.62205988546134283346E-15
    0.32387688591791796711E+01   -0.35649408018390799091E+00    0.15734895065903342622E-14
    0.32475566559859858629E+01   -0.75461519643968411053E-01    0.20759196440818393507E-14
    0.32563444527927929428E+01    0.22422555702340943307E+00    0.18081036404448702886E-14
    0.32651322495996000228E+01    0.47035297677199056077E+00    0.77316303142747099562E-15
    0.32739200464064062146E+01    0.60532355099799606268E+00   -0.66245647665855092863E-15
    0.32827078432132132946E+01    0.59938426174814718461E+00   -0.18616245942393633806E-14
    0.32914956400200203745E+01    0.45492359207019622547E+00   -0.22125178826172419812E-14
    0.33002834368268265663E+01    0.20645693482648097561E+00   -0.14376790346004548685E-14
    0.33090712336336336463E+01   -0.88415930311611393155E-01    0.25598651899706737012E-15
    0.33178590304404407263E+01   -0.36377936619833162180E+00    0.21489252676810341685E-14
    0.33266468272472478063E+01   -0.55952749740637930387E+00    0.32327358208981056282E-14
    0.33354346240540539981E+01   -0.63367209893406140075E+00    0.28247090914970843185E-14
    0.33442224208608610780E+01   -0.57214694652862985169E+00    0.11021323962147763610E-14
    0.33530102176676681580E+01   -0.38988010499560776800E+00   -0.11085055812024056034E-14
    0.33617980144744743498E+01   -0.12606597342172015663E+00   -0.29948484326901786144E-14
    0.33705858112812814298E+01    0.16381419164931390609E+00   -0.41259321669237658791E-14
    0.33793736080880885098E+01    0.42045118471442688435E+00   -0.42872640121385445646E-14
    0.33881614048948947016E+01    0.59332361216449092112E+00   -0.32761597912609783892E-14
    0.33969492017017017815E+01    0.64942384821303789089E+00   -0.10706313930761378080E-14
    0.34057369985085088615E+01    0.57918590893324650715E+00    0.17946097760525027834E-14
    0.34145247953153150533E+01    0.39808783874763792321E+00    0.42362867142601603459E-14
    0.34233125921221221333E+01    0.14170052433674226733E+00    0.52659025846723641394E-14
    0.34321003889289292133E+01   -0.14133447078546909625E+00    0.46232560714351975488E-14
    0.34408881857357362932E+01   -0.39841140485275022831E+00    0.27371184184282996447E-14
    0.34496759825425424850E+01   -0.58318339182629386208E+00    0.27597172699600165883E-15
    0.34584637793493495650E+01   -0.66361744003904032940E+00   -0.21499031939676282887E-14
    0.34672515761561566450E+01   -0.62647172643635995470E+00   -0.39984145883177756012E-14
    0.34760393729629628368E+01   -0.47973487935027764317E+00   -0.47840224353608442443E-14
    0.34848271697697699167E+01   -0.25017116318694770927E+00   -0.42578619363955925384E-14
    0.34936149665765769967E+01    0.22245598325555185348E-01   -0.26837112328426840894E-14
    0.35024027633833831885E+01    0.29103976082387356117E+00   -0.81796086368562355166E-15
    0.35111905601901902685E+01    0.51134659807087967653E+00    0.58269622654308437906E-15
    0.35199783569969973485E+01    0.64766573834569618473E+00    0.12391413272772172131E-14
    0.35287661538038035403E+01    0.67880949102445042875E+00    0.13177735127513382551E-14
    0.35375539506106106202E+01    0.60091825375727547787E+00    0.10962460034386811167E-14
    0.35463417474174177002E+01    0.42786453382732808626E+00    0.77222140409572962859E-15
    0.35551295442242247802E+01    0.18782855737955075903E+00    0.52791526345532344668E-15
    0.35639173410310309720E+01   -0.81351860690019650590E-01    0.59911708941114086583E-15
    0.35727051378378380520E+01   -0.33818802193217256669E+00    0.11228218538468370467E-14
    0.35814929346446451319E+01   -0.54426875091775794857E+00    0.18720795804886144477E-14
    0.35902807314514513237E+01   -0.66982987061088816727E+00    0.22641459048537900232E-14
    0.35990685282582584037E+01   -0.69744911404104059649E+00    0.17989930837972611579E-14
    0.36078563250650654837E+01   -0.62455747213316414879E+00    0.47684141762832293350E-15
    0.36166441218718716755E+01   -0.46294759808543267665E+00   -0.12627634597302393509E-14
    0.36254319186786787554E+01   -0.23638734358158963733E+00   -0.28809521270613685035E-14
    0.36342197154854858354E+01    0.22874397789662801600E-01   -0.39612377043825933499E-14
    0.36430075122922929154E+01    0.27907276437698208538E+00   -0.42207387044014433722E-14
    0.36517953090990991072E+01    0.49801087673213595419E+00   -0.34998576583638319434E-14
    0.36605831059059061872E+01    0.65129124921938641446E+00   -0.18560393345059354317E-14
    0.36693709027127132671E+01    0.71991732926870133369E+00    0.29758792703356271675E-15
    0.36781586995195194589E+01    0.69647354441416531312E+00    0.22642304087365998556E-14
    0.36869464963263265389E+01    0.58522355651939228505E+00    0.34557370801571810832E-14
    0.36957342931331336189E+01    0.40132208107219174975E+00    0.37407167720270210498E-14
    0.37045220899399398107E+01    0.16839391975350784247E+00    0.33377827997899049070E-14
    0.37133098867467468907E+01   -0.84858970793708257685E-01    0.24590005000984074694E-14
    0.37220976835535539706E+01   -0.32818350780903160491E+00    0.11842262195278764185E-14
    0.37308854803603601624E+01   -0.53339142236763092964E+00   -0.29555230822340099952E-15
    0.37396732771671672424E+01   -0.67769031784437627763E+00   -0.14791435554831031134E-14
    0.37484610739739743224E+01   -0.74583427621344877689E+00   -0.18458717292122835740E-14
    0.37572488707807814023E+01   -0.73149916977088758063E+00   -0.13946611214150621054E-14
    0.37660366675875875941E+01   -0.63767394574195734869E+00   -0.72799232637599045199E-15
    0.37748244643943946741E+01   -0.47567272407636956855E+00   -0.44044114938187847667E-15
    0.37836122612012017541E+01   -0.26364826879401176418E+00   -0.55565962084544817578E-15
    0.37924000580080079459E+01   -0.24360751371970048446E-01   -0.73704337206803261271E-15
    0.38011878548148150259E+01    0.21747264567163404614E+00   -0.90772403299421460237E-15
    0.38099756516216221058E+01    0.43770926586408120951E+00   -0.14034366019875711448E-14
    0.38187634484284282976E+01    0.61509144171542928792E+00   -0.24032620669300613567E-14
    0.38275512452352353776E+01    0.73328752094300519992E+00   -0.34243371080579602071E-14
    0.38363390420420424576E+01    0.78209374196642322818E+00   -0.36575911775910816077E-14
    0.38451268388488486494E+01    0.75810114683158491555E+00   -0.27446798697692545217E-14
    0.38539146356556557294E+01    0.66475571360477525573E+00   -0.10634313838252568900E-14
    0.38627024324624628093E+01    0.51158783381704653337E+00    0.74182425859433695172E-15
    0.38714902292692698893E+01    0.31314047772481490295E+00    0.22604840617573206493E-14
    0.38802780260760760811E+01    0.87439929654191672626E-01    0.33176120235218224907E-14
    0.38890658228828831611E+01   -0.14578798982425672515E+00    0.37104698705830499999E-14
    0.38978536196896902410E+01   -0.36685081713117700941E+00    0.31630680779757816276E-14
    0.39066414164964964328E+01   -0.55772171979072249215E+00    0.16179840586651930876E-14
    0.39154292133033035128E+01   -0.70351650217167105428E+00   -0.51338227492248530128E-15
    0.39242170101101105928E+01   -0.79347319168525376476E+00   -0.25234314198999821065E-14
    0.39330048069169167846E+01   -0.82161474458303740409E+00   -0.38057312150231193379E-14
    0.39417926037237238646E+01   -0.78700539662595025980E+00   -0.40944992294082027740E-14
    0.39505804005305309445E+01   -0.69345568567948145944E+00   -0.34572179527829085679E-14
    0.39593681973373371363E+01   -0.54901466719913649683E+00   -0.22156275948369997538E-14
    0.39681559941441442163E+01   -0.36510834441357176150E+00   -0.79545376929720140338E-15
    0.39769437909509512963E+01   -0.15547859125920535095E+00    0.45403756585267168894E-15
    0.39857315877577583763E+01    0.64907294011741875628E-01    0.13386085273051343383E-14
    0.39945193845645645681E+01    0.28096875026202572379E+00    0.17516278718202596750E-14
    0.40033071813713716480E+01    0.47856788900285773813E+00    0.16120507094287374071E-14
    0.40120949781781787280E+01    0.64534385829469032014E+00    0.93358777902227519945E-15
    0.40208827749849849198E+01    0.77140517305070310794E+00   -0.47187254749061556150E-16
    0.40296705717917919998E+01    0.84981187268548563640E+00   -0.89309026971662798271E-15
    0.40384583685985990797E+01    0.87677489715546008675E+00   -0.12030424444949105794E-14
    0.40472461654054052715E+01    0.85172825370915827836E+00   -0.82855812991387151468E-15
    0.40560339622122123515E+01    0.77715367895160303302E+00    0.14328277624648747473E-15
    0.40648217590190194315E+01    0.65825993233913149272E+00    0.15284866982301439337E-14
    0.40736095558258256233E+01    0.50255449529421980515E+00    0.31131572258597049452E-14
    0.40823973526326327033E+01    0.31927882257909068198E+00    0.46113949876045253179E-14
    0.40911851494394397832E+01    0.11881063780670621244E+00    0.56492675003382075940E-14
    0.40999729462462468632E+01   -0.87951472743201808413E-01    0.59219400673733220832E-14
    0.41087607430530530550E+01   -0.29020734285579219414E+00    0.54247456923041526880E-14
    0.41175485398598601350E+01   -0.47781562671820482224E+00    0.44699582877578798884E-14
    0.41263363366666672150E+01   -0.64177198375532851227E+00    0.34046517627296649139E-14
    0.41351241334734734068E+01   -0.77462701357046748196E+00    0.23589833697847357445E-14
    0.41439119302802804867E+01   -0.87075007896449374556E+00    0.13168975920637360569E-14
    0.41526997270870875667E+01   -0.92649983475895059115E+00    0.34377415749545305882E-15
    0.41614875238938937585E+01   -0.94028535871578200478E+00   -0.36270599051307351873E-15
    0.41702753207007008385E+01   -0.91248559887945424052E+00   -0.67402630021582012102E-15
    0.41790631175075079184E+01   -0.84531232857625804300E+00   -0.70742537883047740378E-15
    0.41878509143143141102E+01   -0.74257494499212428618E+00   -0.73769493769924650442E-15
    0.41966387111211211902E+01   -0.60939085499510081689E+00   -0.97775066756813277281E-15
    0.42054265079279282702E+01   -0.45187260743250456940E+00   -0.14647613295622978827E-14
    0.42142143047347353502E+01   -0.27678835602959789286E+00   -0.20996672631248568787E-14
    0.42230021015415415420E+01   -0.91225561932799112408E-01   -0.27214850851148582171E-14
    0.42317898983483486219E+01    0.97715663458671608854E-01   -0.31964465462482046850E-14
    0.42405776951551557019E+01    0.28320938920938720784E+00   -0.35046967233407511221E-14
    0.42493654919619618937E+01    0.45894842899948157244E+00   -0.37239225723252908807E-14
    0.42581532887687689737E+01    0.61933355906124343271E+00   -0.38770914592314670436E-14
    0.42669410855755760537E+01    0.75963248833482588385E+00   -0.38264610852017236269E-14
    0.42757288823823822455E+01    0.87607234698394576000E+00   -0.34183381136828466284E-14
    0.42845166791891893254E+01    0.96589334339693566633E+00   -0.27363959959777792710E-14
    0.42933044759959964054E+01    0.10273610153415415613E+01   -0.21254919352423844139E-14
    0.43020922728028034854E+01    0.10597264671465826957E+01   -0.19050392106123840758E-14
    0.43108800696096096772E+01    0.10631661627552961846E+01   -0.21121659896754477301E-14
    0.43196678664164167571E+01    0.10386866403333616660E+01   -0.25517650023069694447E-14
    0.43284556632232238371E+01    0.98800984348431852844E+00   -0.29960596978515417326E-14
    0.43372434600300300289E+01    0.91344595241343640168E+00   -0.32859995876441866401E-14
    0.43460312568368371089E+01    0.81775138927924662102E+00   -0.32929469330558169517E-14
    0.43548190536436441889E+01    0.70398726613000250918E+00   -0.28825315071906987299E-14
    0.43636068504504503807E+01    0.57538894640819826520E+00   -0.19764545729368577238E-14
    0.43723946472572574606E+01    0.43524323249278373815E+00   -0.65605566020083032685E-15
    0.43811824440640645406E+01    0.28678429738098476509E+00    0.81936777640044538518E-15
    0.43899702408708707324E+01    0.13311361408958397035E+00    0.21082252622955592102E-14
    0.43987580376776778124E+01   -0.22867389301759775272E-01    0.29029141265975432397E-14
    0.44075458344844848924E+01   -0.17849749962798922009E+00    0.30423467495282075536E-14
    0.44163336312912919723E+01   -0.33138050740060132071E+00    0.26078027643286771890E-14
    0.44251214280980981641E+01   -0.47939462757046324981E+00    0.18762859887721694541E-14
    0.44339092249049052441E+01   -0.62068325952439373783E+00    0.10936144723495587219E-14
    0.44426970217117123241E+01   -0.75364237008165324561E+00    0.29763324165799661665E-15
    0.44514848185185185159E+01   -0.87690835242835396546E+00   -0.58081682100637028812E-15
    0.44602726153253255958E+01   -0.98934649903458482534E+00   -0.14949693350107058628E-14
    0.44690604121321326758E+01   -0.10900429087358598501E+01   -0.22335988072350449572E-14
    0.44778482089389388676E+01   -0.11783007367310043279E+01   -0.26024900981481168727E-14
    0.44866360057457459476E+01   -0.12536373729574024072E+01   -0.25917747645009238324E-14
    0.44954238025525530276E+01   -0.13157820050433488568E+01   -0.23566797954899657530E-14
    0.45042115993593592194E+01   -0.13646735208045501775E+01   -0.21060696432807825641E-14
    0.45129993961661662993E+01   -0.14004598463046635803E+01   -0.20016920580577850234E-14
    0.45217871929729733793E+01   -0.14234989482355973056E+01   -0.20788705089420689959E-14
    0.45305749897797804593E+01   -0.14343552088751292395E+01   -0.22252252851538130183E-14
    0.45393627865865866511E+01   -0.14337798244987569607E+01   -0.23343805364233036511E-14
    0.45481505833933937311E+01   -0.14226826082151284858E+01   -0.25196812419304539896E-14
    0.45569383802002008110E+01   -0.14020972852239816930E+01   -0.30793771618179935334E-14
    0.45657261770070070028E+01   -0.13731392803244608647E+01   -0.41499881119860888300E-14
    0.45745139738138140828E+01   -0.13369642593842792078E+01   -0.54481147726890130657E-14
    0.45833017706206211628E+01   -0.12947334872477263001E+01   -0.64784215442269224093E-14
    0.45920895674274273546E+01   -0.12475829347124116619E+01   -0.69416226249165942279E-14
    0.46008773642342344345E+01   -0.11965961309581250038E+01   -0.68774659439360081270E-14
    0.46096651610410415145E+01   -0.11427814878599444892E+01   -0.64668718345930303757E-14
    0.46184529578478477063E+01   -0.10870531575518900258E+01   -0.58375062542053831248E-14
    0.46272407546546547863E+01   -0.10302205400370922916E+01   -0.50758958081673446434E-14
    0.46360285514614618663E+01   -0.97298277953204703739E+00   -0.43282266611057790053E-14
    0.46448163482682689462E+01   -0.91593053686175851524E+00   -0.37931264071531154013E-14
    0.46536041450750751380E+01   -0.85955637797667250322E+00   -0.35774380095478884041E-14
    0.46623919418818822180E+01   -0.80426637537294654035E+00   -0.35917484488226309373E-14
    0.46711797386886892980E+01   -0.75039067613708509974E+00   -0.36479082356635393749E-14
    0.46799675354954954898E+01   -0.69819347630661587889E+00   -0.36383109075333979877E-14
    0.46887553323023025698E+01   -0.64788217302662032271E+00   -0.35754848954310811057E-14
    0.46975431291091096497E+01   -0.59961554356976098923E+00   -0.34579961078817062193E-14
    0.47063309259159158415E+01   -0.55351143395522928170E+00   -0.31737695239640118350E-14
    0.47151187227227229215E+01   -0.50965345692159647051E+00   -0.26155484970497414129E-14
    0.47239065195295300015E+01   -0.46809703462774920890E+00   -0.18746838042355413529E-14
    0.47326943163363361933E+01   -0.42887379390621499509E+00   -0.12309541706413011727E-14
    0.47414821131431432732E+01   -0.39199400625685554278E+00   -0.89414066795851874365E-15
    0.47502699099499503532E+01   -0.35744846913246108855E+00   -0.81197378985036143470E-15
    0.47590577067567574332E+01   -0.32520972067415887530E+00   -0.81662630333466383998E-15
    0.47678455035635636250E+01   -0.29523300633994220554E+00   -0.90162819931640385426E-15
    0.47766333003703707050E+01   -0.26745782059279332721E+00   -0.12386051929467420898E-14
    0.47854210971771777849E+01   -0.24181015021217550087E+00   -0.18786004337886572588E-14
    0.47942088939839839767E+01   -0.21820476928623458446E+00   -0.25397047487916699643E-14
    0.48029966907907910567E+01   -0.19654732088060047901E+00   -0.28248869698836550368E-14
    0.48117844875975981367E+01   -0.17673629741959706596E+00   -0.26043730242144365359E-14
    0.48205722844044043285E+01   -0.15866501078203223973E+00   -0.20776992647182480254E-14
    0.48293600812112114085E+01   -0.14222355550719817385E+00   -0.14502945181291456811E-14
    0.48381478780180184884E+01   -0.12730074461237916861E+00   -0.69300355385934674244E-15
    0.48469356748248246802E+01   -0.11378596608737148732E+00    0.24805012100708718107E-15
    0.48557234716316317602E+01   -0.10157095695400059077E+00    0.10843450249492327254E-14
    0.48645112684384388402E+01   -0.90551182520356446326E-01    0.12618358083114664788E-14
    0.48732990652452459202E+01   -0.80626752881476623780E-01    0.56016088342545340714E-15
    0.48820868620520521119E+01   -0.71703140579625304629E-01   -0.51280163622163825306E-15
    0.48908746588588591919E+01   -0.63691537893934252468E-01   -0.12039740937627282416E-14
    0.48996624556656662719E+01   -0.56509035331039819683E-01   -0.13187398084218550070E-14
    0.49084502524724724637E+01   -0.50078682148987377354E-01   -0.13242578179543416228E-14
    0.49172380492792795437E+01   -0.44329418239679264924E-01   -0.16278210483568698870E-14
    0.49260258460860866236E+01   -0.39195934872108824376E-01   -0.20142884148396590201E-14
    0.49348136428928928154E+01   -0.34618388514475621764E-01   -0.19652107483426526419E-14
    0.49436014396996998954E+01   -0.30542048782011766567E-01   -0.13196534020399562733E-14
    0.49523892365065069754E+01   -0.26916953028262465691E-01   -0.43564221862580796094E-15
    0.49611770333133140554E+01   -0.23697572203891528742E-01    0.23930106667956189842E-15
    0.49699648301201202472E+01   -0.20842475973160339703E-01    0.55167504308885905556E-15
    0.49787526269269273271E+01   -0.18313990188565471007E-01    0.60276395816068021234E-15
    0.49875404237337344071E+01   -0.16077861698040592925E-01    0.53110149736393521852E-15
    0.49963282205405405989E+01   -0.14103013010598165755E-01    0.39661545072795226899E-15
    0.50051160173473476789E+01   -0.12361396971039936149E-01    0.19103890710047110838E-15
    0.50139038141541547589E+01   -0.10827793130371583807E-01   -0.12208457266733568366E-15
    0.50226916109609609506E+01   -0.94793869520338278761E-02   -0.54164670832172597160E-15
    0.50314794077677680306E+01   -0.82952850585181394510E-02   -0.96392444970648643227E-15
    0.50402672045745751106E+01   -0.72563013998030428259E-02   -0.12174183477836235703E-14
    0.50490550013813813024E+01   -0.63450520940204974477E-02   -0.12085880050057947221E-14
    0.50578427981881883824E+01   -0.55460478611881990074E-02   -0.10152869171429863438E-14
    0.50666305949949954623E+01   -0.48456351867325435367E-02   -0.77781068288581381050E-15
    0.50754183918018025423E+01   -0.42318631389030494233E-02   -0.52164562858591131531E-15
    0.50842061886086087341E+01   -0.36942896684878396424E-02   -0.15208481626505020264E-15
    0.50929939854154158141E+01   -0.32237252257299384151E-02    0.35755279753927240599E-15
    0.51017817822222228941E+01   -0.28120091557062572123E-02    0.83603097776359591934E-15
    0.51105695790290290859E+01   -0.24519082644960709175E-02    0.10392515392742051660E-14
    0.51193573758358361658E+01   -0.21370651381516087008E-02    0.86727208442390129917E-15
    0.51281451726426432458E+01   -0.18619166912362237771E-02    0.42343608148391865554E-15
    0.51369329694494494376E+01   -0.16215775930485645979E-02   -0.10573031181495247475E-15
    0.51457207662562565176E+01   -0.14117339963690711015E-02   -0.56677447051567168967E-15
    0.51545085630630635976E+01   -0.12285821178913353471E-02   -0.86429294523158929865E-15
    0.51632963598698697893E+01   -0.10687854201862040208E-02   -0.94699842017310989901E-15
    0.51720841566766768693E+01   -0.92942510752780957244E-03   -0.79937661345771057020E-15
    0.51808719534834839493E+01   -0.80794254359289950466E-03   -0.44144037953284501375E-15
    0.51896597502902910293E+01   -0.70208683305655655762E-03    0.70092078001126211444E-16
    0.51984475470970972211E+01   -0.60988039626319134976E-03    0.64020925457028127466E-15
    0.52072353439039043010E+01   -0.52959213668181046291E-03    0.11385868560999848880E-14
    0.52160231407107113810E+01   -0.45970958531744982164E-03    0.14398884660990136929E-14
    0.52248109375175184610E+01   -0.39890965540430561431E-03    0.15030045700211114297E-14
    0.52335987343243246528E+01   -0.34603200335984020744E-03    0.14091701234625562013E-14
    0.52423865311311317328E+01   -0.30006020753115247033E-03    0.12694667612100669624E-14
    0.52511743279379388127E+01   -0.26010631003427599553E-03    0.10943550962113897878E-14
    0.52599621247447450045E+01   -0.22539567217039226913E-03    0.79979534468805368148E-15
    0.52687499215515520845E+01   -0.19525205418882731465E-03    0.36029872504730230879E-15
    0.52775377183583591645E+01   -0.16908401406167652883E-03   -0.92966557022484388310E-16
    0.52863255151651653563E+01   -0.14637483036991988318E-03   -0.38669747566957025979E-15
    0.52951133119719724363E+01   -0.12667397021585592308E-03   -0.48680699743015007868E-15
    0.53039011087787795162E+01   -0.10958903178149225714E-03   -0.50492564013462226764E-15
    0.53126889055855857080E+01   -0.94778145379022750634E-04   -0.51738269230497173889E-15
    0.53214767023923927880E+01   -0.81943043906215100921E-04   -0.44268394441872661585E-15
    0.53302644991991998680E+01   -0.70823762830922611490E-04   -0.15532268754962998754E-15
    0.53390522960060069479E+01   -0.61194066814213474398E-04    0.32265430399737414932E-15
    0.53478400928128131397E+01   -0.52857236759790347217E-04    0.78864034583942025182E-15
    0.53566278896196202197E+01   -0.45642217144281377762E-04    0.99762290938453831085E-15
    0.53654156864264272997E+01   -0.39400102967939806971E-04    0.80354635864481444689E-15
    0.53742034832332334915E+01   -0.34001394915963810547E-04    0.23997401771365838983E-15
    0.53829912800400405715E+01   -0.29333601882912770835E-04   -0.44474703326714664181E-15
    0.53917790768468476514E+01   -0.25299070823210732789E-04   -0.90555771169677540123E-15
    0.54005668736536538432E+01   -0.21813045582658744043E-04   -0.97299733790256964333E-15
    0.54093546704604609232E+01   -0.18801897515853336479E-04   -0.80782996640649625792E-15
    0.54181424672672680032E+01   -0.16201723238464830551E-04   -0.68104191268446168201E-15
    0.54269302640740750832E+01   -0.13957110141666551403E-04   -0.64188464797835079789E-15
    0.54357180608808812750E+01   -0.12020033195751967406E-04   -0.49328875815992277522E-15
    0.54445058576876883549E+01   -0.10348883945722031874E-04   -0.87974890625002314511E-16
    0.54532936544944954349E+01   -0.89075859724589296485E-05    0.45728488972043185110E-15
    0.54620814513013016267E+01   -0.76648873025010572324E-05    0.88787781691859219902E-15
    0.54708692481081087067E+01   -0.65937342625819913140E-05    0.10521408069723603518E-14
    0.54796570449149157866E+01   -0.56707173230655053217E-05    0.96967429150998592735E-15
    0.54884448417217219784E+01   -0.48755891486633711951E-05    0.71840969364824821255E-15
    0.54972326385285290584E+01   -0.41908259024686852570E-05    0.34427586055935903308E-15
    0.55060204353353361384E+01   -0.36012741902181888172E-05   -0.10119326072309796281E-15
    0.55148082321421423302E+01   -0.30938375965838715993E-05   -0.48843068899979961448E-15
    0.55235960289489494102E+01   -0.26572013498697311744E-05   -0.65789178510287939487E-15
    0.55323838257557564901E+01   -0.22815950192421554232E-05   -0.58890184747206981467E-15
    0.55411716225625635701E+01   -0.19585766992858664686E-05   -0.47946907759091873138E-15
    0.55499594193693697619E+01   -0.16808586775172523123E-05   -0.55072189151533983205E-15
    0.55587472161761768419E+01   -0.14421523196644692638E-05   -0.78040657776521613987E-15
    0.55675350129829839219E+01   -0.12370326470822315733E-05   -0.91349643889614220550E-15
    0.55763228097897901137E+01   -0.10608224294049188222E-05   -0.75210181455413966435E-15
    0.55851106065965971936E+01   -0.90948687328179860941E-06   -0.36180514971096973782E-15
    0.55938984034034042736E+01   -0.77954837216891270263E-06    0.38145864720461184701E-16
    0.56026862002102104654E+01   -0.66801055213228277793E-06    0.28809032445662792860E-15
    0.56114739970170175454E+01   -0.57229229204029092281E-06    0.35133071787729521094E-15
    0.56202617938238246253E+01   -0.49017155884248315101E-06    0.22485829205192072570E-15
    0.56290495906306308171E+01   -0.41973442868857847638E-06   -0.11809515930676621379E-15
    0.56378373874374378971E+01   -0.35933377667344663552E-06   -0.65022444012766237810E-15
    0.56466251842442449771E+01   -0.30755244178518083956E-06   -0.11839084373370470033E-14
    0.56554129810510520571E+01   -0.26317136499918792877E-06   -0.14363186316167326457E-14
    0.56642007778578582489E+01   -0.22514258486093740949E-06   -0.12617433657061057020E-14
    0.56729885746646653288E+01   -0.19256475180785087155E-06   -0.79141646501831418993E-15
    0.56817763714714724088E+01   -0.16466328101022653028E-06   -0.28224201982573299199E-15
    0.56905641682782786006E+01   -0.14077264754617171744E-06    0.11961248481993979290E-15
    0.56993519650850856806E+01   -0.12032112863273252336E-06    0.42514004976523123043E-15
    0.57081397618918927606E+01   -0.10281791776979496875E-06    0.66091325636029737852E-15
    0.57169275586986989524E+01   -0.87841453029076828923E-07    0.76892252156832048051E-15
    0.57257153555055060323E+01   -0.75029958715643298207E-07    0.67398926263103508883E-15
    0.57345031523123131123E+01   -0.64073006313165487128E-07    0.39897102297969839419E-15
    0.57432909491191193041E+01   -0.54704265769720974316E-07    0.67597024531932522197E-16
    0.57520787459259263841E+01   -0.46695401598520482796E-07   -0.20255432146644294054E-15
    0.57608665427327334640E+01   -0.39850549938651275823E-07   -0.37817946861406808486E-15
    0.57696543395395405440E+01   -0.34001845641609983412E-07   -0.48020682431002423609E-15
    0.57784421363463467358E+01   -0.29005431228765115605E-07   -0.52036032550582794608E-15
    0.57872299331531538158E+01   -0.24738038972341279381E-07   -0.48943746906859802643E-15
    0.57960177299599608958E+01   -0.21094119840209608867E-07   -0.39571046791518606290E-15
    0.58048055267667670876E+01   -0.17983248484200259127E-07   -0.28159514383719389740E-15
    0.58135933235735741675E+01   -0.15328023489562879104E-07   -0.17079416848088096428E-15
    0.58223811203803812475E+01   -0.13062193991181469247E-07   -0.55944431086944577118E-17
    0.58311689171871874393E+01   -0.11129059532551794499E-07    0.30657112993234212527E-15
    0.58399567139939945193E+01   -0.94801285784910731530E-08    0.74522923956693717628E-15
    0.58487445108008015993E+01   -0.80739073698428099968E-08    0.11092320088734091180E-14
    0.58575323076076077911E+01   -0.68749212183692015642E-08    0.11759349471820542039E-14
    0.58663201044144148710E+01   -0.58528415440394757853E-08    0.91384927305920612301E-15
    0.58751079012212219510E+01   -0.49817419760832951824E-08    0.49027654300614132398E-15
    0.58838956980280290310E+01   -0.42394756455827225432E-08    0.85368098763665676025E-16
    0.58926834948348352228E+01   -0.36071135570129719195E-08   -0.24158609201430762018E-15
    0.59014712916416423027E+01   -0.30684912913484538872E-08   -0.49964710628378895571E-15
    0.59102590884484493827E+01   -0.26098047798970032106E-08   -0.66060118404301164464E-15
    0.59190468852552555745E+01   -0.22192667104415828787E-08   -0.65498140070110475389E-15
    0.59278346820620626545E+01   -0.18868194082795209491E-08   -0.46359727836477582673E-15
    0.59366224788688697345E+01   -0.16038761186589257094E-08   -0.17356942110243539202E-15
    0.59454102756756759263E+01   -0.13631123476380192462E-08    0.79410004038074417790E-16
    0.59541980724824830062E+01   -0.11582798003479427651E-08    0.20287510547552389819E-15
    0.59629858692892900862E+01   -0.98404867406616429092E-09    0.19105976699699545066E-15
    0.59717736660960962780E+01   -0.83587614808857040214E-09    0.12086511089873155156E-15
    0.59805614629029033580E+01   -0.70988796190010575648E-09    0.11285504805462833463E-15
    0.59893492597097104380E+01   -0.60278288240047572717E-09    0.22448303958852733768E-15
    0.59981370565165175179E+01   -0.51174750253171224963E-09    0.34720319750816665060E-15
    0.60069248533233237097E+01   -0.43438437066764966060E-09    0.28592847099220062389E-15
    0.60157126501301307897E+01   -0.36865233136246738711E-09    0.36961589982820883136E-18
    0.60245004469369378697E+01   -0.31281273028353522140E-09   -0.28550016903063803014E-15
    0.60332882437437440615E+01   -0.26538567782403386850E-09   -0.32895653843290725861E-15
    0.60420760405505511415E+01   -0.22511094475988284009E-09   -0.18347597375877078792E-15
    0.60508638373573582214E+01   -0.19091545926651732908E-09   -0.14779280537215846305E-15
    0.60596516341641644132E+01   -0.16188679246604948583E-09   -0.38622492783564684810E-15
    0.60684394309709714932E+01   -0.13724903026905547403E-09   -0.70648108313466857131E-15
    0.60772272277777785732E+01   -0.11634242192213892167E-09   -0.79606825477361649863E-15
    0.60860150245845856531E+01   -0.98604985472729031054E-10   -0.57031865947965108736E-15
    0.60948028213913918449E+01   -0.83558018132407899132E-10   -0.20060066651577931742E-15
    0.61035906181981989249E+01   -0.70795108056187726715E-10    0.14559617524082208916E-15
    0.61123784150050060049E+01   -0.59971804742158706345E-10    0.47296737529577388202E-15
    0.61211662118118121967E+01   -0.50795804201141214913E-10    0.83561393611480764611E-15
    0.61299540086186192767E+01   -0.43017753414873365854E-10    0.11482056421112840269E-14
    0.61387418054254263566E+01   -0.36424789213176561326E-10    0.12216272865343251804E-14
    0.61475296022322325484E+01   -0.30836505475337050303E-10    0.99614674159608099058E-15
    0.61563173990390396284E+01   -0.26100868466310736220E-10    0.65844628315072136114E-15
    0.61651051958458467084E+01   -0.22089341516042756935E-10    0.44095160864576736742E-15
    0.61738929926526529002E+01   -0.18692042743649566781E-10    0.35730942495744779460E-15
    0.61826807894594599802E+01   -0.15814799080249847457E-10    0.22428332791328966184E-15
    0.61914685862662670601E+01   -0.13377871620625427820E-10   -0.65893758933480071292E-16
    0.62002563830730741401E+01   -0.11314464112943768451E-10   -0.38899152382908696200E-15
    0.62090441798798803319E+01   -0.95682911865437857696E-11   -0.56005046598972512011E-15
    0.62178319766866874119E+01   -0.80910274644792439402E-11   -0.57435826034835500649E-15
    0.62266197734934944918E+01   -0.68410022290177060048E-11   -0.58609979795791653386E-15
    0.62354075703003006836E+01   -0.57829809848998343100E-11   -0.66042185057954223846E-15
    0.62441953671071077636E+01   -0.48877100061579719006E-11   -0.64964277813391909219E-15
    0.62529831639139148436E+01   -0.41306453429216924266E-11   -0.40540332216721551066E-15
    0.62617709607207210354E+01   -0.34905514112347068037E-11   -0.47027187372759439576E-16
    0.62705587575275281154E+01   -0.29489883180030930425E-11    0.12108238546881493480E-15
    0.62793465543343351953E+01   -0.24905621130999897318E-11   -0.10150031003801352182E-16
    0.62881343511411413871E+01   -0.21028723268739874058E-11   -0.16800000875615589268E-15
    0.62969221479479484671E+01   -0.17755949404902301797E-11   -0.15681991296863411692E-16
    0.63057099447547555471E+01   -0.14994241627608929533E-11    0.43262337368732549517E-15
    0.63144977415615626271E+01   -0.12659114654423891188E-11    0.83084035983322291406E-15
    0.63232855383683688189E+01   -0.10680669462494245339E-11    0.89077734947634065622E-15
    0.63320733351751758988E+01   -0.90064098836216681021E-12    0.64041113530902381530E-15
    0.63408611319819829788E+01   -0.75951458714103904053E-12    0.30082646492495753046E-15
    0.63496489287887891706E+01   -0.64089477878109785158E-12    0.59874281812322590406E-16
    0.63584367255955962506E+01   -0.54111701609059819108E-12   -0.11808789053720938341E-16
    0.63672245224024033305E+01   -0.45696617375044981295E-12    0.79511964301088491557E-16
    0.63760123192092095223E+01   -0.38589098008787666615E-12    0.28992579882134761421E-15
    0.63848001160160166023E+01   -0.32585864691820434751E-12    0.54380466719725769567E-15
    0.63935879128228236823E+01   -0.27511778911812141267E-12    0.73560460556565046483E-15
    0.64023757096296298741E+01   -0.23212096096444842136E-12    0.77197481831811671863E-15
    0.64111635064364369541E+01   -0.19558313368414616650E-12    0.64542454854726542280E-15
    0.64199513032432440340E+01   -0.16450939210432551044E-12    0.45467118404241104985E-15
    0.64287391000500511140E+01   -0.13812355020974183328E-12    0.30333499328463392123E-15
    0.64375268968568573058E+01   -0.11577651743739482371E-12    0.18298120626753388517E-15
    0.64463146936636643858E+01   -0.96925195773965820376E-13   -0.41457416623680761856E-17
    0.64551024904704714658E+01   -0.81168113702210418225E-13   -0.30744069907867292514E-15
    0.64638902872772776576E+01   -0.68223344948359431861E-13   -0.64292937403808637314E-15
    0.64726780840840847375E+01   -0.57770803006878239324E-13   -0.84747425784177553132E-15
    0.64814658808908918175E+01   -0.49293655992457324120E-13   -0.77599969278031397576E-15
    0.64902536776976980093E+01   -0.42165973622174461225E-13   -0.38642618062648596472E-15
    0.64990414745045050893E+01   -0.35937763518532896794E-13    0.19119578115318078483E-15
    0.65078292713113121692E+01   -0.30476800945883594392E-13    0.67345164272368173426E-15
    0.65166170681181183610E+01   -0.25763812384166290395E-13    0.82283425119370414949E-15
    0.65254048649249254410E+01   -0.21630637043411726113E-13    0.65809295804473100715E-15
    0.65341926617317325210E+01   -0.17805445285966774976E-13    0.39958024470238371670E-15
    0.65429804585385396010E+01   -0.14203836881254717041E-13    0.20206468582139704757E-15
    0.65517682553453457928E+01   -0.11059107170452503702E-13    0.36662849100977780681E-17
    0.65605560521521528727E+01   -0.86619131077885158226E-14   -0.33503505497672551681E-15
    0.65693438489589599527E+01   -0.70357466495439395943E-14   -0.82961584514717335928E-15
    0.65781316457657661445E+01   -0.59482254736642329205E-14   -0.13383831220205406924E-14
    0.65869194425725732245E+01   -0.51915358274914703509E-14   -0.16671771845159428387E-14
    0.65957072393793803045E+01   -0.47413846514031726240E-14   -0.16684505391559510026E-14
    0.66044950361861864963E+01   -0.46054093803096745850E-14   -0.12973343586948948360E-14
    0.66132828329929935762E+01   -0.46194423141922967144E-14   -0.64083777238462907583E-15
    0.66220706297998006562E+01   -0.44964859341631642871E-14    0.12654692244141380746E-15
    0.66308584266066068480E+01   -0.40746425921286218457E-14    0.84350270524400819313E-15
    0.66396462234134139280E+01   -0.34426592371725359044E-14    0.14127438933554972141E-14
    0.66484340202202210079E+01   -0.27721783931974941553E-14    0.17380693689627681856E-14
    0.66572218170270280879E+01   -0.21013834758788064369E-14    0.16557654662788956899E-14
    0.66660096138338342797E+01   -0.13533538854140982166E-14    0.10293451869210560970E-14
    0.66747974106406413597E+01   -0.53774148816180298972E-15   -0.33444629513451251155E-16
    0.66835852074474484397E+01    0.15406114978354874343E-15   -0.11234258557397964702E-14
    0.66923730042542546315E+01    0.50834588806667824889E-15   -0.18217279049950216018E-14
    0.67011608010610617114E+01    0.49035894261603230575E-15   -0.20308513764603653450E-14
    0.67099485978678687914E+01    0.24630682584940512437E-15   -0.19350827011381943363E-14
    0.67187363946746749832E+01   -0.51230140169011712855E-16   -0.16743935481547116868E-14
    0.67275241914814820632E+01   -0.31235102256293808449E-15   -0.11742474948508559433E-14
    0.67363119882882891432E+01   -0.51466576584645328554E-15   -0.34767382068459004949E-15
    0.67450997850950962231E+01   -0.65576107537811398286E-15    0.64866676509844425777E-15
    0.67538875819019024149E+01   -0.73587130174874441603E-15    0.14792114166053263918E-14
    0.67626753787087094949E+01   -0.76437605377577329725E-15    0.19386020814896443130E-14
    0.67714631755155165749E+01   -0.75588188695811194294E-15    0.20987773303095039012E-14
    0.67802509723223227667E+01   -0.70082912138609324926E-15    0.20846824085583872098E-14
    0.67890387691291298466E+01   -0.54115390353243138802E-15    0.18062329903248312474E-14
    0.67978265659359369266E+01   -0.21364142305272761744E-15    0.10546486281408671875E-14
    0.68066143627427431184E+01    0.25743910614473248929E-15   -0.12900495496165600666E-15
    0.68154021595495501984E+01    0.72704358132615695017E-15   -0.13078095380082789862E-14
    0.68241899563563572784E+01    0.10225376236740394791E-14   -0.19947709366618306519E-14
    0.68329777531631634702E+01    0.10579082066860836836E-14   -0.20650705317272757876E-14
    0.68417655499699705501E+01    0.85931231960834133916E-15   -0.17433845819532875465E-14
    0.68505533467767776301E+01    0.52118233056307362504E-15   -0.12690828653480355527E-14
    0.68593411435835847101E+01    0.15295327119984846689E-15   -0.68930983599949838598E-15
    0.68681289403903909019E+01   -0.17854664837388243480E-15    0.35370572718335532516E-16
    0.68769167371971979819E+01   -0.48968927234905482666E-15    0.86019277289736084870E-15
    0.68857045340040050618E+01   -0.82567158933706345608E-15    0.16291346389606375577E-14
    0.68944923308108112536E+01   -0.11389205208592624822E-14    0.21586900202407378411E-14
    0.69032801276176183336E+01   -0.12551006779158982163E-14    0.23150075167654483972E-14
    0.69120679244244254136E+01   -0.10208282427930259183E-14    0.20566335035035362003E-14
    0.69208557212312316054E+01   -0.47101458322525761324E-15    0.14551346300281234784E-14
    0.69296435180380386853E+01    0.17736584963767874369E-15    0.65409108952565482722E-15
    0.69384313148448457653E+01    0.66280099569268619874E-15   -0.21518931608074274562E-15
    0.69472191116516519571E+01    0.80495176069174963624E-15   -0.10666208050508710934E-14
    0.69560069084584590371E+01    0.58258133069440846837E-15   -0.17863023337575608669E-14
    0.69647947052652661171E+01    0.16880129110050902521E-15   -0.21619622949117877114E-14
    0.69735825020720731970E+01   -0.17984966904096063531E-15   -0.19818201009881215569E-14
    0.69823702988788793888E+01   -0.33567258074174004280E-15   -0.12522998966812571178E-14
    0.69911580956856864688E+01   -0.38411724308079255160E-15   -0.27683543383641794878E-15
    0.69999458924924935488E+01   -0.44752539670520522102E-15    0.55003185935683938298E-15
    0.70087336892992997406E+01   -0.48472167369417715538E-15    0.99428767519732414356E-15
    0.70175214861061068206E+01   -0.34688473765587256767E-15    0.10513124882910017398E-14
    0.70263092829129139005E+01   -0.15685503111356081784E-16    0.87551079862147331404E-15
    0.70350970797197200923E+01    0.30438054401264475843E-15    0.67110277165241095700E-15
    0.70438848765265271723E+01    0.39963184114794290641E-15    0.53592456067525941949E-15
    0.70526726733333342523E+01    0.28769764789928904740E-15    0.34408740731073748710E-15
    0.70614604701401404441E+01    0.15705641939953839205E-15   -0.11129008603396382372E-15
    0.70702482669469475240E+01    0.94324416822948631154E-16   -0.79812357711505667151E-15
    0.70790360637537546040E+01   -0.24496493655947309935E-16   -0.13501069458667324417E-14
    0.70878238605605616840E+01   -0.30124429017866714097E-15   -0.14194581811370419490E-14
    0.70966116573673678758E+01   -0.56828113675087197630E-15   -0.10579122400507411684E-14
    0.71053994541741749558E+01   -0.54489418967646033553E-15   -0.61331223590887287117E-15
    0.71141872509809820357E+01   -0.26796517474512246793E-15   -0.28668140612573083960E-15
    0.71229750477877882275E+01   -0.18922160692263830203E-15    0.73299060749401700169E-16
    0.71317628445945953075E+01   -0.61303187810619708724E-15    0.68053849113023739150E-15
    0.71405506414014023875E+01   -0.11355456108772329338E-14    0.14610493210126501639E-14
    0.71493384382082085793E+01   -0.98965706044513717850E-15    0.20818950694916354193E-14
    0.71581262350150156593E+01   -0.63188258247682789498E-17    0.22495444977241767610E-14
    0.71669140318218227392E+01    0.10431716774554268364E-14    0.19095451762228303661E-14
    0.71757018286286289310E+01    0.13359292532783863441E-14    0.12202447641615002334E-14
    0.71844896254354360110E+01    0.97202610876413288721E-15    0.45622157578708306753E-15
    0.71932774222422430910E+01    0.71786440904851175913E-15   -0.12533083926376691855E-15
    0.72020652190490501710E+01    0.90611277975786322555E-15   -0.43611893908690461358E-15
    0.72108530158558563627E+01    0.97139693487041138066E-15   -0.59076040390207659081E-15
    0.72196408126626634427E+01    0.27245653830178838895E-15   -0.72607514140450032528E-15
    0.72284286094694705227E+01   -0.97297494358821508936E-15   -0.81072333963853779773E-15
    0.72372164062762767145E+01   -0.18996207551922885470E-14   -0.68988491695343661992E-15
    0.72460042030830837945E+01   -0.19884885871918369619E-14   -0.29069836769362079979E-15
    0.72547919998898908744E+01   -0.15405500630041299875E-14    0.27072583140765328437E-15
    0.72635797966966970662E+01   -0.10937297979751669765E-14    0.78450641147838159919E-15
    0.72723675935035041462E+01   -0.71960808657919453680E-15    0.10809926681272277947E-14
    0.72811553903103112262E+01   -0.10757719939244146922E-15    0.10886137456088082050E-14
    0.72899431871171174180E+01    0.81845521693699585334E-15    0.83595945582390356516E-15
    0.72987309839239244980E+01    0.16406119054212463014E-14    0.43014032144652395295E-15
    0.73075187807307315779E+01    0.19044713329882998892E-14    0.20867026174015121744E-17
    0.73163065775375386579E+01    0.16344654646671795250E-14   -0.34829229758658395884E-15
    0.73250943743443448497E+01    0.12191373145540490576E-14   -0.56605332781652569547E-15
    0.73338821711511519297E+01    0.87677930645384456383E-15   -0.62679458753819283596E-15
    0.73426699679579590097E+01    0.43091678947554583972E-15   -0.52476828306985818792E-15
    0.73514577647647652014E+01   -0.30586629826304390801E-15   -0.26989739350576278031E-15
    0.73602455615715722814E+01   -0.11102346309191857083E-14    0.11144053740744592721E-15
    0.73690333583783793614E+01   -0.15005145552000046078E-14    0.56917053889658252326E-15
    0.73778211551851855532E+01   -0.12652473180412835066E-14    0.10193053536960731129E-14
    0.73866089519919926332E+01   -0.68034872419669094376E-15    0.13548350676507858738E-14
    0.73953967487987997131E+01   -0.12823137073831169922E-15    0.14936329207931245427E-14
    0.74041845456056067931E+01    0.32759895518932442743E-15    0.14227372410236446707E-14
    0.74129723424124129849E+01    0.85006164005614673369E-15    0.11813659698564005348E-14
    0.74217601392192200649E+01    0.14012592010634274549E-14    0.80490085897756503937E-15
    0.74305479360260271449E+01    0.16121008911109628146E-14    0.31057672825770879546E-15
    0.74393357328328333367E+01    0.12120145598690545269E-14   -0.23947956277037653177E-15
    0.74481235296396404166E+01    0.46128218562116394127E-15   -0.68554184386509160748E-15
    0.74569113264464474966E+01   -0.67093703412671917326E-16   -0.85587461736282507445E-15
    0.74656991232532536884E+01   -0.11970965567401997891E-15   -0.73671643128559618464E-15
    0.74744869200600607684E+01   -0.63123989366216315528E-17   -0.50933075549017775206E-15
    0.74832747168668678484E+01   -0.12047069265755883042E-15   -0.34843349429826827450E-15
    0.74920625136736740401E+01   -0.41536245839226854956E-15   -0.22078828623153981395E-15
    0.75008503104804811201E+01   -0.51588757698443564580E-15    0.38933678274636216722E-16
    0.75096381072872882001E+01   -0.23769471620237554195E-15    0.47608023244283686568E-15
    0.75184259040940952801E+01    0.19598429771959816532E-15    0.90750911043423912620E-15
    0.75272137009009014719E+01    0.50563894470155139853E-15    0.10809160287664758978E-14
    0.75360014977077085518E+01    0.73603252100589171673E-15    0.87438571607400047485E-15
    0.75447892945145156318E+01    0.11215065544864339829E-14    0.37040502902760897357E-15
    0.75535770913213218236E+01    0.16312521584638083997E-14   -0.16155901717181745582E-15
    0.75623648881281289036E+01    0.18414941727429130607E-14   -0.38414183496387730098E-15
    0.75711526849349359836E+01    0.13986168740109264003E-14   -0.16738396390620996184E-15
    0.75799404817417421754E+01    0.48395888499057023547E-15    0.19926262842108945247E-15
    0.75887282785485492553E+01   -0.37154624168715291984E-15    0.24689427050125156207E-15
    0.75975160753553563353E+01   -0.87589812094465791369E-15   -0.16017090463707685623E-15
    0.76063038721621625271E+01   -0.12091059286946361462E-14   -0.65201817113654397989E-15
    0.76150916689689696071E+01   -0.16123697159271435479E-14   -0.78186686173427253464E-15
    0.76238794657757766871E+01   -0.19471647914053125089E-14   -0.49165653352452759744E-15
    0.76326672625825837670E+01   -0.18254018781124421208E-14   -0.82608950054952338618E-16
    0.76414550593893899588E+01   -0.10928900789054392049E-14    0.12947776407220707536E-15
    0.76502428561961970388E+01   -0.36210351712777588547E-16    0.39453493221053501981E-16
    0.76590306530030041188E+01    0.91193278435350472474E-15   -0.26100477280933211164E-15
    0.76678184498098103106E+01    0.15164021745225874458E-14   -0.56443573281112155078E-15
    0.76766062466166173905E+01    0.17587040757468546707E-14   -0.66269080317474692917E-15
    0.76853940434234244705E+01    0.16533039511960596072E-14   -0.47677198193116452271E-15
    0.76941818402302306623E+01    0.11717053606527963122E-14   -0.98833074576322797202E-16
    0.77029696370370377423E+01    0.36800236963119779569E-15    0.31066955979841335799E-15
    0.77117574338438448223E+01   -0.50231022053714232376E-15    0.63935319482485832689E-15
    0.77205452306506510141E+01   -0.11031644730029926484E-14    0.84530826935191136233E-15
    0.77293330274574580940E+01   -0.12799750920520737740E-14    0.91985689650669641228E-15
    0.77381208242642651740E+01   -0.11569135341845555207E-14    0.86110981080880502345E-15
    0.77469086210710722540E+01   -0.95049784566378874081E-15    0.67265781265841546559E-15
    0.77556964178778784458E+01   -0.75821898898882991413E-15    0.37085021714441770421E-15
    0.77644842146846855258E+01   -0.53283966933423103430E-15    0.25155643260170843447E-17
    0.77732720114914926057E+01   -0.17531876114042503437E-15   -0.33452144202935483287E-15
    0.77820598082982987975E+01    0.36831143734528169757E-15   -0.51977276379594755700E-15
    0.77908476051051058775E+01    0.10194139304572800019E-14   -0.51620799980217155828E-15
    0.77996354019119129575E+01    0.15314922180484038328E-14   -0.44687764832829172864E-15
    0.78084231987187191493E+01    0.16638405676878253464E-14   -0.47017351110153742755E-15
    0.78172109955255262292E+01    0.14649518608875855962E-14   -0.54472305369627181455E-15
    0.78259987923323333092E+01    0.12820779939144973045E-14   -0.40223118212731470962E-15
    0.78347865891391395010E+01    0.13256919048736561399E-14    0.13802968194171904964E-15
    0.78435743859459465810E+01    0.12955968559412354674E-14    0.87938037166042720611E-15
    0.78523621827527536610E+01    0.70022892492363248324E-15    0.13962755507077976508E-14
    0.78611499795595607409E+01   -0.43547240692374584976E-15    0.14387053712334458598E-14
    0.78699377763663669327E+01   -0.14134245218639077024E-14    0.11146647472469196022E-14
    0.78787255731731740127E+01   -0.16144812337119533681E-14    0.69382107272246903589E-15
    0.78875133699799810927E+01   -0.12141007728092679933E-14    0.36187257008865710111E-15
    0.78963011667867872845E+01   -0.87205263122120614300E-15    0.13870063734243780309E-15
    0.79050889635935943645E+01   -0.83571453332812280627E-15   -0.96215988207152377573E-16
    0.79138767604004014444E+01   -0.63967646225109517470E-15   -0.50931616745532203505E-15
    0.79226645572072076362E+01    0.20112956733308014387E-15   -0.11247541356953850586E-14
    0.79314523540140147162E+01    0.14872339586900581941E-14   -0.16872952714983502631E-14
    0.79402401508208217962E+01    0.25251309979493299365E-14   -0.18208198418982639043E-14
    0.79490279476276279880E+01    0.28361254698692544156E-14   -0.13521768123282791768E-14
    0.79578157444344350679E+01    0.24963624735677809696E-14   -0.44632558083217519071E-15
    0.79666035412412421479E+01    0.18496393677680623621E-14    0.56803445330125881035E-15
    0.79753913380480492279E+01    0.11463456672515431022E-14    0.14108654400396607906E-14
    0.79841791348548554197E+01    0.46736684811383516797E-15    0.19288987278562910772E-14
    0.79929669316616624997E+01   -0.17999002008220639460E-15    0.20900002656471404583E-14
    0.80017547284684695796E+01   -0.78533842201260292621E-15    0.19543210857443344154E-14
    0.80105425252752748833E+01   -0.13074219228884395487E-14    0.16195240026629220671E-14
    0.80193303220820819632E+01   -0.16634511331844266026E-14    0.11688864880880234162E-14
    0.80281181188888890432E+01   -0.17420623724769117353E-14    0.65435912750285361200E-15
    0.80369059156956961232E+01   -0.14328032598720021270E-14    0.10184009315335443644E-15
    0.80456937125025032032E+01   -0.68542590362567002394E-15   -0.46879457790803025223E-15
    0.80544815093093102831E+01    0.38851723215407937103E-15   -0.10041090722965758762E-14
    0.80632693061161173631E+01    0.14612764411879361730E-14   -0.13927776983345136108E-14
    0.80720571029229226667E+01    0.21576293170017199947E-14   -0.15185869920433580434E-14
    0.80808448997297297467E+01    0.23379759717802197571E-14   -0.13535764068903411293E-14
    0.80896326965365368267E+01    0.21655513778731138573E-14   -0.98217994959587102151E-15
    0.80984204933433439066E+01    0.18391540640355496765E-14   -0.51797222699877169122E-15
    0.81072082901501509866E+01    0.13434534328728726015E-14   -0.20179354626870182625E-16
    0.81159960869569580666E+01    0.55928369689604208888E-15    0.49709803085839937987E-15
    0.81247838837637633702E+01   -0.43448632673125224387E-15    0.10034520945416814610E-14
    0.81335716805705704502E+01   -0.13025459192845650642E-14    0.14201476274945010928E-14
    0.81423594773773775302E+01   -0.17744844522440714149E-14    0.16374188476244044506E-14
    0.81511472741841846101E+01   -0.19283168845252547441E-14    0.15486932622990699595E-14
    0.81599350709909916901E+01   -0.20039627522836156749E-14    0.11078806827403389426E-14
    0.81687228677977987701E+01   -0.19743562883251543020E-14    0.39350879780141357374E-15
    0.81775106646046058501E+01   -0.14895091982264830760E-14   -0.40264810612441037674E-15
    0.81862984614114111537E+01   -0.39075548920605171769E-15   -0.10980638524111882992E-14
    0.81950862582182182337E+01    0.85997433328710318333E-15   -0.16249562525624747916E-14
    0.82038740550250253136E+01    0.15521426086566587602E-14   -0.19779513650205883575E-14
    0.82126618518318323936E+01    0.15094614068226199526E-14   -0.20814331580355188221E-14
    0.82214496486386394736E+01    0.12703394600894622977E-14   -0.17826109892011826925E-14
    0.82302374454454465535E+01    0.13529422548618093573E-14   -0.10346372145220438643E-14
    0.82390252422522518572E+01    0.15764388877516687533E-14   -0.45248784598639415435E-16
    0.82478130390590589371E+01    0.13451491221690384724E-14    0.86061574121331042202E-15
    0.82566008358658660171E+01    0.43916733403167849619E-15    0.15237383220195548085E-14
    0.82653886326726730971E+01   -0.71112918612607579838E-15    0.20261577738627794788E-14
    0.82741764294794801771E+01   -0.15434068574907036108E-14    0.24542636864804740894E-14
    0.82829642262862872570E+01   -0.18944781413884728076E-14    0.26804145540412670420E-14
    0.82917520230930943370E+01   -0.19419682738085638449E-14    0.24648907888167058419E-14
    0.83005398198998996406E+01   -0.18291493294476619530E-14    0.17246945862123202457E-14
    0.83093276167067067206E+01   -0.14944049487392733478E-14    0.63347039692711337844E-15
    0.83181154135135138006E+01   -0.82351496282186652845E-15   -0.53559833066329088516E-15
    0.83269032103203208806E+01    0.16617095779851694387E-15   -0.15758097711927441829E-14
    0.83356910071271279605E+01    0.12777866549127760571E-14   -0.23435614254301014637E-14
    0.83444788039339350405E+01    0.21719393399058668724E-14   -0.26695676582963990007E-14
    0.83532666007407403441E+01    0.24921332569137366545E-14   -0.23811156019957316403E-14
    0.83620543975475474241E+01    0.21056136631146055182E-14   -0.14881087210006356146E-14
    0.83708421943543545041E+01    0.12650711264993195475E-14   -0.31444030228032139969E-15
    0.83796299911611615840E+01    0.39136217957122398829E-15    0.69729392470678022390E-15
    0.83884177879679686640E+01   -0.32679004696088685886E-15    0.13389626317217300334E-14
    0.83972055847747757440E+01   -0.10291193899430473567E-14    0.17284542931374157131E-14
    0.84059933815815828240E+01   -0.18385511562319948967E-14    0.20208811797494506750E-14
    0.84147811783883881276E+01   -0.25527859483393422374E-14    0.21384766375004321040E-14
    0.84235689751951952076E+01   -0.28034111285768828224E-14    0.18558700567578332608E-14
    0.84323567720020022875E+01   -0.24483515277767850196E-14    0.10681766546324905549E-14
    0.84411445688088093675E+01   -0.16971643287773955229E-14   -0.85915122420244820837E-16
    0.84499323656156164475E+01   -0.84502202324428849273E-15   -0.13193420340102372114E-14
    0.84587201624224235275E+01   -0.14262880007337292676E-16   -0.23290476633042139890E-14
    0.84675079592292288311E+01    0.78698958680373112088E-15   -0.29001759302517247917E-14
    0.84762957560360359111E+01    0.14496760920066128972E-14   -0.29850546060786448362E-14
    0.84850835528428429910E+01    0.17296623762526031945E-14   -0.26805729920405413214E-14
    0.84938713496496500710E+01    0.14753432333896142571E-14   -0.20690435668046261526E-14
    0.85026591464564571510E+01    0.82156506604539842973E-15   -0.11025327314169506681E-14
    0.85114469432632642309E+01    0.73792412020241602926E-16    0.25916140281840486893E-15
    0.85202347400700713109E+01   -0.55926800700795745490E-15    0.17965204731437292008E-14
    0.85290225368768766145E+01   -0.10622161653784213413E-14    0.30232022975104791092E-14
    0.85378103336836836945E+01   -0.14640801480921924496E-14    0.35213127801450552634E-14
    0.85465981304904907745E+01   -0.16962734983867853766E-14    0.32379331997090574041E-14
    0.85553859272972978545E+01   -0.16491764239019931453E-14    0.24017287692527332693E-14
    0.85641737241041049344E+01   -0.13238053120546051538E-14    0.12509034595984946894E-14
    0.85729615209109120144E+01   -0.86314453073929631347E-15   -0.80601508558534305267E-16
    0.85817493177177173180E+01   -0.41348115895626760644E-15   -0.14479584047534672171E-14
    0.85905371145245243980E+01    0.45948614216264811187E-18   -0.25941179646656204080E-14
    0.85993249113313314780E+01    0.43380030647742841417E-15   -0.32561742434811199563E-14
    0.86081127081381385580E+01    0.89847032391900568320E-15   -0.33639118072998880145E-14
    0.86169005049449456379E+01    0.13145662267373788462E-14   -0.30507259798277795439E-14
    0.86256883017517527179E+01    0.15680773145952263210E-14   -0.24078165973478148940E-14
    0.86344760985585597979E+01    0.15799953654845991106E-14   -0.13094211107605292449E-14
    0.86432638953653651015E+01    0.13420830541778353103E-14    0.34149522797754463928E-15
    0.86520516921721721815E+01    0.93060225505095840628E-15    0.21923870569237637833E-14
    0.86608394889789792614E+01    0.47544284410607699333E-15    0.34879631974796499501E-14
    0.86696272857857863414E+01    0.72512878178579105680E-16    0.37467312836670126307E-14
    0.86784150825925934214E+01   -0.27901202138094958173E-15    0.32772048749877604229E-14
    0.86872028793994005014E+01   -0.61653073035123612564E-15    0.27249019837506362172E-14
    0.86959906762062058050E+01   -0.90088073047710053548E-15    0.21905116693057971437E-14
    0.87047784730130128850E+01   -0.10142295454871908299E-14    0.11146029448437890433E-14
    0.87135662698198199649E+01   -0.90685853484239306111E-15   -0.80270161393469226936E-15
    0.87223540666266270449E+01   -0.70411555591705701720E-15   -0.28693135119526948470E-14
    0.87311418634334341249E+01   -0.58099595853646591585E-15   -0.39808374551378115154E-14
    0.87399296602402412049E+01   -0.53776598161723476238E-15   -0.37862167488449191106E-14
    0.87487174570470482848E+01   -0.38405534216840668013E-15   -0.29438418379609217550E-14
    0.87575052538538535885E+01   -0.22684130273756513596E-18   -0.21535765976139414931E-14
    0.87662930506606606684E+01    0.45640194831809729865E-15   -0.13220632610622821014E-14
    0.87750808474674677484E+01    0.70819498685790919596E-15    0.39226861830331555075E-16
    0.87838686442742748284E+01    0.67490931659483504414E-15    0.18634699645143455660E-14
    0.87926564410810819084E+01    0.55060164613670311901E-15    0.33473654668122996849E-14
    0.88014442378878889883E+01    0.55867344327301075266E-15    0.37992487578913824755E-14
    0.88102320346946942919E+01    0.72186081343359214170E-15    0.33598478576790082648E-14
    0.88190198315015013719E+01    0.88436817010960280130E-15    0.26528267288282748759E-14
    0.88278076283083084519E+01    0.85829046763570547772E-15    0.19565698009622787583E-14
    0.88365954251151155319E+01    0.53471442709522891902E-15    0.99422666698373746902E-15
    0.88453832219219226118E+01   -0.60379327358483683125E-16   -0.45449258158062683449E-15
    0.88541710187287296918E+01   -0.75301370611780949935E-15   -0.20325322506702366416E-14
    0.88629588155355367718E+01   -0.13146730814147975392E-14   -0.30903503264002010448E-14
    0.88717466123423420754E+01   -0.15995203503753046603E-14   -0.33275029565087430178E-14
    0.88805344091491491554E+01   -0.15896215782406641614E-14   -0.29755831686712943096E-14
    0.88893222059559562354E+01   -0.13208302545653677768E-14   -0.23766203335422464705E-14
    0.88981100027627633153E+01   -0.81334949596587634742E-15   -0.15965863625304516481E-14
    0.89068977995695703953E+01   -0.89606848796680724290E-16   -0.51831445975609901976E-15
    0.89156855963763774753E+01    0.76813797136150239706E-15    0.84773290413190219897E-15
    0.89244733931831827789E+01    0.15955196285664533745E-14    0.22492803913699355189E-14
    0.89332611899899898589E+01    0.21716074579323153632E-14    0.33399913841952051026E-14
    0.89420489867967969388E+01    0.22743000434720642756E-14    0.38448281056242060569E-14
    0.89508367836036040188E+01    0.18035565668204471044E-14    0.36270854603754232090E-14
    0.89596245804104110988E+01    0.91766106914971366196E-15    0.27050220277469327444E-14
    0.89684123772172181788E+01   -0.19908022020087687327E-16    0.12516945370901514620E-14
    0.89772001740240252587E+01   -0.72775254852317564589E-15   -0.42350681809660695729E-15
    0.89859879708308305624E+01   -0.12218972001379933740E-14   -0.19259938803306704303E-14
    0.89947757676376376423E+01   -0.16659258454244740162E-14   -0.29206874869211612750E-14
    0.90035635644444447223E+01   -0.20681080439596521620E-14   -0.33026894292755303932E-14
    0.90123513612512518023E+01   -0.22109071080894139868E-14   -0.31870048956986702646E-14
    0.90211391580580588823E+01   -0.18760570203132334959E-14   -0.26759457903648619689E-14
    0.90299269548648659622E+01   -0.10525603636406568010E-14   -0.17014131175233467349E-14
    0.90387147516716712659E+01    0.77199686212177802046E-16   -0.22995191501225581171E-15
    0.90475025484784783458E+01    0.12556291290674605174E-14    0.14001902668433643414E-14
    0.90562903452852854258E+01    0.22398898445526387802E-14    0.25368223538451881398E-14
    0.90650781420920925058E+01    0.28501554013201549690E-14    0.27575218754487320345E-14
    0.90738659388988995858E+01    0.29966965781498570927E-14    0.22723844674841250050E-14
    0.90826537357057066657E+01    0.26639718090944455108E-14    0.16154101803551733036E-14
    0.90914415325125137457E+01    0.18775421568775257766E-14    0.10456269208806998503E-14
    0.91002293293193190493E+01    0.70127347831248434999E-15    0.40182403847986809432E-15
    0.91090171261261261293E+01   -0.72813884684413763680E-15   -0.47831514598561004941E-15
    0.91178049229329332093E+01   -0.21789927370968848133E-14   -0.14043299206170141620E-14
    0.91265927197397402892E+01   -0.33610088438184563342E-14   -0.19889823804794248839E-14
    0.91353805165465473692E+01   -0.39913042976534409473E-14   -0.20194772704337259109E-14
    0.91441683133533544492E+01   -0.38758684967498795431E-14   -0.15903101504518476670E-14
    0.91529561101601597528E+01   -0.30064280677463878623E-14   -0.93740240993645386909E-15
    0.91617439069669668328E+01   -0.16101347490016883674E-14   -0.26664156789936457415E-15
    0.91705317037737739128E+01   -0.46335170987056351851E-16    0.27514137673596101580E-15
    0.91793195005805809927E+01    0.13594632839954357363E-14    0.56892485876410906916E-15
    0.91881072973873880727E+01    0.24025465603703727482E-14    0.55192010079817842213E-15
    0.91968950941941951527E+01    0.29877734470622995440E-14    0.31826379513635428762E-15
    0.92056828910010004563E+01    0.30968816929383010151E-14    0.14606479223817309745E-15
    0.92144706878078075363E+01    0.27419778076382668427E-14    0.26300088715119383246E-15
    0.92232584846146146162E+01    0.19216569043251988323E-14    0.53382685864955671977E-15
    0.92320462814214216962E+01    0.65526398706437059030E-15    0.52610437461909812803E-15
    0.92408340782282287762E+01   -0.89304936995882767443E-15    0.20215995834376535736E-16
    0.92496218750350358562E+01   -0.23534784853487147909E-14   -0.63977501994523246793E-15
    0.92584096718418411598E+01   -0.33258601383894299669E-14   -0.90174938264869458358E-15
    0.92671974686486482398E+01   -0.36376750229585191745E-14   -0.62704496402095481054E-15
    0.92759852654554553197E+01   -0.33777292846957819978E-14   -0.19832204337966556300E-15
    0.92847730622622623997E+01   -0.26658993317535864307E-14   -0.16787863214731791232E-16
    0.92935608590690694797E+01   -0.14881964744418111421E-14   -0.86066493828716203424E-16
    0.93023486558758765597E+01    0.14105741303493241339E-15   -0.16091813920068607087E-15
    0.93111364526826818633E+01    0.19056211382125786302E-14   -0.12175397622710770549E-15
    0.93199242494894889433E+01    0.32360413272729186770E-14   -0.75055823329355840925E-16
    0.93287120462962960232E+01    0.37328795512000571247E-14   -0.12629339633372208595E-15
    0.93374998431031031032E+01    0.34744834351118870808E-14   -0.19684188914614826116E-15
    0.93462876399099101832E+01    0.27998932817900674145E-14   -0.13185388036069028429E-15
    0.93550754367167172632E+01    0.18936623181010249058E-14    0.83414886685273865358E-16
    0.93638632335235243431E+01    0.70085878949580175558E-15    0.30218703113546368553E-15
    0.93726510303303296467E+01   -0.77202881913807978687E-15    0.42169038119788630572E-15
    0.93814388271371367267E+01   -0.22311700137006959198E-14    0.53179659256484880925E-15
    0.93902266239439438067E+01   -0.32745447725300174247E-14    0.78807778566109963869E-15
    0.93990144207507508867E+01   -0.37199059602785918210E-14    0.11842062115930117692E-14
    0.94078022175575579666E+01   -0.36611306061797236186E-14    0.15138179606576717456E-14
    0.94165900143643650466E+01   -0.32112150388485587540E-14    0.15517561273619336651E-14
    0.94253778111711703502E+01   -0.23148246517573805078E-14    0.12176319116838069162E-14
    0.94341656079779774302E+01   -0.91002628323400647310E-15    0.58458912910700882242E-15
    0.94429534047847845102E+01    0.78937759167505754322E-15   -0.18208242512091092931E-15
    0.94517412015915915902E+01    0.22936154758904460840E-14   -0.89771566304656613700E-15
    0.94605289983983986701E+01    0.31577449281852560674E-14   -0.14389237191715073545E-14
    0.94693167952052057501E+01    0.32463422583583400263E-14   -0.17863904567449644052E-14
    0.94781045920120128301E+01    0.26888756531024298170E-14   -0.19555432451532354701E-14
    0.94868923888188181337E+01    0.17065599331628223091E-14   -0.18921873270298532725E-14
    0.94956801856256252137E+01    0.50016328327949636375E-15   -0.14833715992361718108E-14
    0.95044679824324322936E+01   -0.78638022313517012284E-15   -0.69690060280069093370E-15
    0.95132557792392393736E+01   -0.20568252799518084852E-14    0.31759659598489456123E-15
    0.95220435760460464536E+01   -0.31587026645708400890E-14    0.12949914297281483802E-14
    0.95308313728528535336E+01   -0.37666281981617889824E-14    0.19870782004483079419E-14
    0.95396191696596588372E+01   -0.34933029708600946931E-14    0.22404877553741131985E-14
    0.95484069664664659172E+01   -0.22474592026887410705E-14    0.20106589780320531579E-14
    0.95571947632732729971E+01   -0.45533140239774073909E-15    0.13575321827103497544E-14
    0.95659825600800800771E+01    0.12109910777307577744E-14    0.41827178005922606511E-15
    0.95747703568868871571E+01    0.22833522230204374839E-14   -0.62855536664610899870E-15
    0.95835581536936942371E+01    0.26739403648396965149E-14   -0.15882559628714150746E-14
    0.95923459505005013170E+01    0.25434126636486859628E-14   -0.22639040444567470207E-14
    0.96011337473073066207E+01    0.21318061675688609734E-14   -0.24865187032644486774E-14
    0.96099215441141137006E+01    0.16200373734324411552E-14   -0.21954587901251541665E-14
    0.96187093409209207806E+01    0.10239622584764677716E-14   -0.15211258829601625638E-14
    0.96274971377277278606E+01    0.24012841314345846638E-15   -0.71787567057571446766E-15
    0.96362849345345349406E+01   -0.74832607573164737792E-15    0.61895387870463684588E-16
    0.96450727313413420205E+01   -0.17346167804867001210E-14    0.89747011910127024107E-15
    0.96538605281481491005E+01   -0.24092227772412824381E-14    0.18968136749958461347E-14
    0.96626483249549544041E+01   -0.25736670389424870008E-14    0.28939232980871942298E-14
    0.96714361217617614841E+01   -0.22282248881936998786E-14    0.34644002491844460174E-14
    0.96802239185685685641E+01   -0.15193886054613006912E-14    0.32835181520756694450E-14
    0.96890117153753756440E+01   -0.66282000118332980541E-15    0.23944413238672743023E-14
    0.96977995121821827240E+01    0.14204381265590885762E-15    0.10882548039680011254E-14
    0.97065873089889898040E+01    0.79035933966363267681E-15   -0.35532839481564812742E-15
    0.97153751057957951076E+01    0.12701209184433074957E-14   -0.17480942492137448961E-14
    0.97241629026026021876E+01    0.15765125241172711472E-14   -0.28788501252420448181E-14
    0.97329506994094092676E+01    0.16505806726244029396E-14   -0.34540290715630994946E-14
    0.97417384962162163475E+01    0.14179552999948386097E-14   -0.32666736890035507569E-14
    0.97505262930230234275E+01    0.86446847218375878020E-15   -0.24237139683225414886E-14
    0.97593140898298305075E+01    0.76640476099369105047E-16   -0.12968913724322488849E-14
    0.97681018866366375875E+01   -0.75785158853230218605E-15   -0.18465725771480273495E-15
    0.97768896834434428911E+01   -0.13897823577711924755E-14    0.90628998427593808523E-15
    0.97856774802502499710E+01   -0.16391944259395509987E-14    0.20435052150167735714E-14
    0.97944652770570570510E+01   -0.15381950972688757088E-14    0.30233552588495969937E-14
    0.98032530738638641310E+01   -0.12830957656642246857E-14    0.34094695071966733696E-14
    0.98120408706706712110E+01   -0.99098477707761696120E-15    0.29712253243512688137E-14
    0.98208286674774782909E+01   -0.55780854401290697914E-15    0.19667461370194974911E-14
    0.98296164642842835946E+01    0.13776755623771902770E-15    0.85677369359282887390E-15
    0.98384042610910906745E+01    0.93613201757737475130E-15   -0.15713967768719975888E-15
    0.98471920578978977545E+01    0.14420294231651477843E-14   -0.11794004451544312702E-14
    0.98559798547047048345E+01    0.14234527007833017963E-14   -0.22358196316257099737E-14
    0.98647676515115119145E+01    0.10698220780557001649E-14   -0.30174780006740329724E-14
    0.98735554483183189944E+01    0.74482640368787116155E-15   -0.31274888237910060529E-14
    0.98823432451251260744E+01    0.58027838052502265807E-15   -0.24822322805339863463E-14
    0.98911310419319313780E+01    0.39808566722759594318E-15   -0.13585013294885939427E-14
    0.98999188387387384580E+01   -0.26364826041742981293E-16   -0.75267794150389301980E-16
    0.99087066355455455380E+01   -0.72464156717728212240E-15    0.12357187090210716649E-14
    0.99174944323523526180E+01   -0.14862775398190240802E-14    0.24908695107134444952E-14
    0.99262822291591596979E+01   -0.19128132474495379700E-14    0.34128595995509457387E-14
    0.99350700259659667779E+01   -0.16658160440080620806E-14    0.36098559227727788266E-14
    0.99438578227727720815E+01   -0.89347424807318073853E-15    0.29742322561168702577E-14
    0.99526456195795791615E+01   -0.28874007184348418935E-15    0.18109957882105195352E-14
    0.99614334163863862415E+01   -0.13436122377902126052E-15    0.15477386024666807203E-15
    0.99702212131931933214E+01    0.52529850918138321052E-15   -0.25487318922169160380E-14
    0.99790090100000004014E+01    0.94076027500934511882E-15   -0.28605452097554629634E-14
