    0.11999999999999999556E+01    0.00000000000000000000E+00    0.00000000000000000000E+00
    0.12087877968068068135E+01   -0.19631374173162421271E-12   -0.31889935490629035877E-18
    0.12175755936136136715E+01    0.28539969660314783116E-12   -0.11717864872431092444E-17
    0.12263633904204203073E+01    0.28133403357919699789E-12   -0.12400271158796035152E-17
    0.12351511872272271653E+01   -0.60947320271357302376E-12    0.74502799145985143636E-18
    0.12439389840340340232E+01   -0.61756598033169104951E-12    0.21875647911424662828E-17
    0.12527267808408408811E+01    0.11161490412681444338E-11    0.95454449267003605375E-18
    0.12615145776476475170E+01    0.26016911895483458493E-11   -0.13776644732934306694E-17
    0.12703023744544543749E+01    0.15327947936553969884E-11   -0.18849882221131379348E-17
    0.12790901712612612329E+01   -0.10718782063131186137E-11   -0.27674027429484106076E-18
    0.12878779680680680908E+01   -0.16161375825025518158E-11    0.10296401682130107112E-17
    0.12966657648748749487E+01    0.10529020012195043701E-11    0.68550685804034540676E-18
    0.13054535616816815846E+01    0.30555254719045825295E-11    0.63348396188252653157E-18
    0.13142413584884884425E+01    0.45264462481377992657E-12    0.31074748786978844536E-17
    0.13230291552952953005E+01   -0.41281392594460049477E-11    0.64108515748871228070E-17
    0.13318169521021021584E+01   -0.35404241276048381284E-11    0.61300332555306707487E-17
    0.13406047489089087943E+01    0.35181641040512696923E-11    0.16044500611239704621E-17
    0.13493925457157156522E+01    0.76565556179461839452E-11   -0.85286818800517169497E-19
    0.13581803425225225102E+01    0.42022859432800680521E-12    0.11931384818165053719E-16
    0.13669681393293293681E+01   -0.10818313779675923900E-10    0.45009843752569727207E-16
    0.13757559361361360040E+01   -0.85774237822007827013E-11    0.93425366759420924591E-16
    0.13845437329429428619E+01    0.95157502045496281026E-11    0.12737460257042047563E-15
    0.13933315297497497198E+01    0.19477949072068775327E-10    0.97518307843677436110E-16
    0.14021193265565565778E+01    0.47983637660679907772E-12   -0.21873442727902878025E-16
    0.14109071233633634357E+01   -0.28022586728928158124E-10   -0.18527719258757760003E-15
    0.14196949201701700716E+01   -0.21547809989828630191E-10   -0.29625871274265700762E-15
    0.14284827169769769295E+01    0.25128849492893371085E-10   -0.29211162377280471759E-15
    0.14372705137837837874E+01    0.50030745233546540271E-10   -0.20225213018226564057E-15
    0.14460583105905906454E+01    0.29284889330611630078E-12   -0.12183818733783354788E-15
    0.14548461073973975033E+01   -0.72866353123418783060E-10   -0.15269735332664093772E-15
    0.14636339042042041392E+01   -0.54784184197265084544E-10   -0.33741112201145310590E-15
    0.14724217010110109971E+01    0.66480235304618552832E-10   -0.59093599676986379854E-15
    0.14812094978178178550E+01    0.12948582924758914148E-09   -0.70193341654032440520E-15
    0.14899972946246244909E+01   -0.13754551925932855856E-11   -0.50267382971777982647E-15
    0.14987850914314313489E+01   -0.19038977325123953453E-09   -0.62481865183785193396E-16
    0.15075728882382382068E+01   -0.13920376575714135946E-09    0.37543019050466028835E-15
    0.15163606850450450647E+01    0.18020686894215030895E-09    0.69300813837149983785E-15
    0.15251484818518519226E+01    0.34628477928278711607E-09    0.10418034560471657732E-14
    0.15339362786586585585E+01    0.14690255642957736830E-10    0.15452370171078207437E-14
    0.15427240754654654165E+01   -0.43691442885679640917E-09    0.19214062858777581089E-14
    0.15515118722722722744E+01   -0.18421597946323313414E-09    0.16457860443831908304E-14
    0.15602996690790791323E+01    0.93768331261431184591E-09    0.60639099680339282427E-15
    0.15690874658858859902E+01    0.20621268450261315654E-08   -0.56325973452897327773E-15
    0.15778752626926926261E+01    0.29064367031172594287E-08   -0.10628222479716119840E-14
    0.15866630594994994841E+01    0.58493110626049668057E-08   -0.72141623257240341306E-15
    0.15954508563063063420E+01    0.16330727666912365226E-07   -0.61781641940632613759E-16
    0.16042386531131129779E+01    0.41885765769875157537E-07    0.31394957254073523056E-15
    0.16130264499199198358E+01    0.95711526858022556004E-07    0.21383753868419079676E-15
    0.16218142467267266937E+01    0.21127797709100084271E-06   -0.14928822886303982787E-15
    0.16306020435335335517E+01    0.46418133634338429191E-06   -0.35954008921736957181E-15
    0.16393898403403404096E+01    0.10149498247677435855E-05   -0.11709698513309527595E-15
    0.16481776371471470455E+01    0.21740797860288582151E-05    0.35788640665879367675E-15
    0.16569654339539539034E+01    0.45398452038853966581E-05    0.29704354978525075515E-15
    0.16657532307607607613E+01    0.92988325665224647352E-05   -0.74951549230024318434E-15
    0.16745410275675676193E+01    0.18655526099907667229E-04   -0.19635279712827065173E-14
    0.16833288243743744772E+01    0.36712208412645035301E-04   -0.17990020802442020159E-14
    0.16921166211811811131E+01    0.70790472892728724071E-04    0.16503192006421144451E-15
    0.17009044179879879710E+01    0.13355994608311305563E-03    0.23195332395186602026E-14
    0.17096922147947948289E+01    0.24689851118378421937E-03    0.26726784901109412072E-14
    0.17184800116016014648E+01    0.44691899767158134102E-03    0.10512758682429353465E-14
    0.17272678084084085448E+01    0.79247873774540404396E-03   -0.85962867106407995065E-15
    0.17360556052152151807E+01    0.13769706062529073979E-02   -0.14154620266411290294E-14
    0.17448434020220220386E+01    0.23440740396870533672E-02   -0.42206439012651583319E-15
    0.17536311988288288966E+01    0.39116057468174076847E-02    0.11114918659048691151E-14
    0.17624189956356355324E+01    0.63995420025391496974E-02    0.18065492880451067015E-14
    0.17712067924424426124E+01    0.10266371223484952596E-01    0.79759153756940184128E-15
    0.17799945892492492483E+01    0.16152816033450118072E-01   -0.13965899092280081916E-14
    0.17887823860560561062E+01    0.24926898272854224742E-01   -0.28297386829428948592E-14
    0.17975701828628629642E+01    0.37729971397626627105E-01   -0.19457212549351723594E-14
    0.18063579796696696000E+01    0.56018005201572969309E-01    0.40421874128322412824E-15
    0.18151457764764764580E+01    0.81571747835244012848E-01    0.16602641023723344332E-14
    0.18239335732832833159E+01    0.11647715990198727332E+00    0.58883777378608301634E-15
    0.18327213700900899518E+01    0.16305578552301638884E+00   -0.11216997403357002628E-14
    0.18415091668968970318E+01    0.22369119381742955111E+00   -0.11050278743524289340E-14
    0.18502969637037036676E+01    0.30059977365628054446E+00    0.65408532609878187057E-15
    0.18590847605105105256E+01    0.39547988069703760017E+00    0.19983116816810030468E-14
    0.18678725573173173835E+01    0.50905453206511508402E+00    0.15443760692020543548E-14
    0.18766603541241240194E+01    0.64058286661397334516E+00    0.38449433512318429898E-15
    0.18854481509309310994E+01    0.78733086200791158049E+00    0.30619737912543409471E-15
    0.18942359477377377353E+01    0.94406831356977150005E+00    0.12778976884188651237E-14
    0.19030237445445445932E+01    0.11028059281591067187E+01    0.16085431696742727492E-14
    0.19118115413513514511E+01    0.12527556156424948242E+01    0.39039702848675843315E-15
    0.19205993381581580870E+01    0.13806125631243648666E+01   -0.11788478498515401332E-14
    0.19293871349649649449E+01    0.14714853846388999958E+01   -0.15161703515809414267E-14
    0.19381749317717718029E+01    0.15101272508867222832E+01   -0.94866276239844067878E-15
    0.19469627285785784387E+01    0.14826618353470368827E+01   -0.13640586544455559834E-14
    0.19557505253853855187E+01    0.13787227844258989062E+01   -0.36350841836993560468E-14
    0.19645383221921921546E+01    0.11935150679310049249E+01   -0.62710763733226600394E-14
    0.19733261189989990125E+01    0.92960060946655098668E+00   -0.72931325845155287389E-14
    0.19821139158058058705E+01    0.59837381066949857367E+00   -0.67184585590181775831E-14
    0.19909017126126125063E+01    0.22025596024681773355E+00   -0.63314168122874169983E-14
    0.19996895094194195863E+01   -0.17624163978813908726E+00   -0.71834876256221713764E-14
    0.20084773062262262222E+01   -0.55642103687640132037E+00   -0.81621179182461687097E-14
    0.20172651030330328581E+01   -0.88309941268946912096E+00   -0.74177879751717126864E-14
    0.20260528998398399381E+01   -0.11209463447286043269E+01   -0.44146805030161079962E-14
    0.20348406966466465740E+01   -0.12410736456012285700E+01   -0.13892267001415205098E-15
    0.20436284934534532098E+01   -0.12257695404752149138E+01    0.42407058349392807808E-14
    0.20524162902602602898E+01   -0.10721871138221736874E+01    0.82899085039516686567E-14
    0.20612040870670673698E+01   -0.79376645158327241436E+00    0.11952627034425919165E-13
    0.20699918838738740057E+01   -0.42040570968608331759E+00    0.14896256285392956343E-13
    0.20787796806806806416E+01    0.43084459948419051925E-02    0.16526823332608310998E-13
    0.20875674774874877215E+01    0.42834465808395616460E+00    0.16553325722850202081E-13
    0.20963552742942943574E+01    0.79737103708256329426E+00    0.15208222410831533943E-13
    0.21051430711011009933E+01    0.10622088137750309578E+01    0.12613994264612756574E-13
    0.21139308679079080733E+01    0.11863219979370449586E+01    0.81128130705312674711E-14
    0.21227186647147147092E+01    0.11511115535342302252E+01    0.95260977702654713430E-15
    0.21315064615215213450E+01    0.95926552045235535804E+00   -0.79690835331523030358E-14
    0.21402942583283284250E+01    0.63571549443163011262E+00   -0.15624024522003377141E-13
    0.21490820551351350609E+01    0.22403856253173728974E+00   -0.19252168805354611938E-13
    0.21578698519419421409E+01   -0.21898884375531191271E+00   -0.19066718647841146618E-13
    0.21666576487487487768E+01   -0.63104070836673287204E+00   -0.17505474804750703358E-13
    0.21754454455555558567E+01   -0.95361265860196642308E+00   -0.15740373279824551045E-13
    0.21842332423623624926E+01   -0.11405488896559774492E+01   -0.12039161752531308957E-13
    0.21930210391691691285E+01   -0.11644228195100503331E+01   -0.45791262168698802053E-14
    0.22018088359759762085E+01   -0.10214410476002799832E+01    0.50933225248102608467E-14
    0.22105966327827828444E+01   -0.73191577759110171275E+00    0.12848825386265368606E-13
    0.22193844295895894803E+01   -0.33705697411095147942E+00    0.16121975773821795310E-13
    0.22281722263963965602E+01    0.10628389295925133595E+00    0.16117767823789258252E-13
    0.22369600232032031961E+01    0.53425048058891100311E+00    0.15295230326547585539E-13
    0.22457478200100098320E+01    0.88548562480660053531E+00    0.14003059783780789475E-13
    0.22545356168168169120E+01    0.11095789519741627860E+01    0.10595531324064151610E-13
    0.22633234136236239920E+01    0.11745119702798072492E+01    0.43001995801510258612E-14
    0.22721112104304301837E+01    0.10716651627314854878E+01   -0.31811433755777448071E-14
    0.22808990072372372637E+01    0.81608420290487981852E+00   -0.92420336567696715403E-14
    0.22896868040440443437E+01    0.44461225993391401135E+00   -0.12580042825817423472E-13
    0.22984746008508509796E+01    0.10418042979795360051E-01   -0.13526750541887744004E-13
    0.23072623976576576155E+01   -0.42531975880920924737E+00   -0.12881681238822501721E-13
    0.23160501944644646954E+01   -0.80193901772384434956E+00   -0.11042417805955975245E-13
    0.23248379912712713313E+01   -0.10676327911703247242E+01   -0.80500212131577679816E-14
    0.23336257880780779672E+01   -0.11870773734820703194E+01   -0.39138007587160962139E-14
    0.23424135848848850472E+01   -0.11455459381264021523E+01    0.10751201282661982936E-14
    0.23512013816916916831E+01   -0.95013020464707997892E+00    0.60666824648649286262E-14
    0.23599891784984983190E+01   -0.62869020245726514595E+00    0.97654297120251698863E-14
    0.23687769753053053989E+01   -0.22487680419616157268E+00    0.11312979274098531181E-13
    0.23775647721121124789E+01    0.20817356289293181826E+00    0.11144913695625817570E-13
    0.23863525689189186707E+01    0.61485062488618991150E+00    0.10464392273691361022E-13
    0.23951403657257257507E+01    0.94454258089562681544E+00    0.96865792814325949185E-14
    0.24039281625325328307E+01    0.11579375344812519177E+01    0.78301550197893066167E-14
    0.24127159593393394665E+01    0.12309128296468796471E+01    0.39860018724535374166E-14
    0.24215037561461461024E+01    0.11571562881338972595E+01   -0.10052569971674511866E-14
    0.24302915529529531824E+01    0.94793492556752079192E+00   -0.50754087562674758306E-14
    0.24390793497597598183E+01    0.62961440079166219874E+00   -0.70960144848370590927E-14
    0.24478671465665664542E+01    0.24014925283176935533E+00   -0.79006977066001723906E-14
    0.24566549433733735341E+01   -0.17598962784442612195E+00   -0.87416146014538379356E-14
    0.24654427401801801700E+01   -0.57324229210299393333E+00   -0.93971594286100869813E-14
    0.24742305369869868059E+01   -0.90980519117817892916E+00   -0.84552095476415240804E-14
    0.24830183337937938859E+01   -0.11519597049507059872E+01   -0.52211214162625368410E-14
    0.24918061306006009659E+01   -0.12773269340043138520E+01   -0.68954579889710135822E-15
    0.25005939274074071577E+01   -0.12761391992881550017E+01    0.36138418132721579952E-14
    0.25093817242142142376E+01   -0.11516124035064108089E+01    0.71276002495733241170E-14
    0.25181695210210213176E+01   -0.91870232091024039978E+00    0.10239774834391853968E-13
    0.25269573178278279535E+01   -0.60162215917818528954E+00    0.13148232777563075111E-13
    0.25357451146346345894E+01   -0.23096222575423083767E+00    0.15256010786438321245E-13
    0.25445329114414416694E+01    0.15971573751477946557E+00    0.15807869002119495324E-13
    0.25533207082482483052E+01    0.53731019999037665791E+00    0.14707014171657022020E-13
    0.25621085050550549411E+01    0.87195926554338087922E+00    0.12396825157764275119E-13
    0.25708963018618620211E+01    0.11392885125898803977E+01    0.90667850164769038741E-14
    0.25796840986686686570E+01    0.13220152994535108171E+01    0.44111186617494576407E-14
    0.25884718954754752929E+01    0.14104270323518890429E+01   -0.14380267950030852391E-14
    0.25972596922822823728E+01    0.14023907068113961039E+01   -0.69951254933825185704E-14
    0.26060474890890894528E+01    0.13026421396544247688E+01   -0.10315518689119091131E-13
    0.26148352858958960887E+01    0.11215362132876267598E+01   -0.11149276934789107660E-13
    0.26236230827027027246E+01    0.87366220213870315892E+00   -0.11558375875025681991E-13
    0.26324108795095098046E+01    0.57630430782992048133E+00   -0.13414319382445364611E-13
    0.26411986763163164404E+01    0.24790513052359858248E+00   -0.15741084555947837435E-13
    0.26499864731231230763E+01   -0.93234151246011406911E-01   -0.15760686403584940499E-13
    0.26587742699299301563E+01   -0.43006510838657197038E+00   -0.12552070699295266706E-13
    0.26675620667367367922E+01   -0.74769132954952899350E+00   -0.85539946262235200504E-14
    0.26763498635435434281E+01   -0.10339049739230867786E+01   -0.65818345836086527567E-14
    0.26851376603503505081E+01   -0.12795608535553859575E+01   -0.64014067496632295751E-14
    0.26939254571571571439E+01   -0.14786562355732024709E+01   -0.54174663850724867636E-14
    0.27027132539639637798E+01   -0.16281904569546032935E+01   -0.22744653737111765095E-14
    0.27115010507707708598E+01   -0.17279170508080055058E+01    0.13980441534198867335E-14
    0.27202888475775779398E+01   -0.17799356929975691521E+01    0.31778781741441232042E-14
    0.27290766443843845757E+01   -0.17882314551024791616E+01    0.25952072226326571445E-14
    0.27378644411911912115E+01   -0.17581765712502235299E+01    0.11589768405761926112E-14
    0.27466522379979982915E+01   -0.16960083309741929014E+01    0.43992609699089815654E-15
    0.27554400348048049274E+01   -0.16083473714368279328E+01    0.83256126661879112463E-15
    0.27642278316116115633E+01   -0.15017943925890688828E+01    0.18949590511401585184E-14
    0.27730156284184186433E+01   -0.13825731966716434673E+01    0.30521654759762040109E-14
    0.27818034252252252791E+01   -0.12562924343961634488E+01    0.39322091846756016612E-14
    0.27905912220320319150E+01   -0.11277959223197870919E+01    0.44240748699045809944E-14
    0.27993790188388389950E+01   -0.10010706830432414272E+01    0.46169669210831954822E-14
    0.28081668156456460750E+01   -0.87924496279353592243E+00    0.45719585617696087816E-14
    0.28169546124524522668E+01   -0.76462003441367931700E+00    0.41370950623674514649E-14
    0.28257424092592593468E+01   -0.65874509160595551283E+00    0.31926183081383317567E-14
    0.28345302060660664267E+01   -0.56252275116626171414E+00    0.21660186260588657989E-14
    0.28433180028728730626E+01   -0.47631973098751362317E+00    0.19846136697851042787E-14
    0.28521057996796796985E+01   -0.40008174034942778352E+00    0.29771801728150461578E-14
    0.28608935964864867785E+01   -0.33344529978620945920E+00    0.39161582329887545908E-14
    0.28696813932932934144E+01   -0.27582952688683071152E+00    0.30892559218423763377E-14
    0.28784691901001000502E+01   -0.22651301884543803555E+00    0.68046372926819428424E-15
    0.28872569869069071302E+01   -0.18469905927693408554E+00   -0.73179825024740906392E-15
    0.28960447837137137661E+01   -0.14956239105312579829E+00    0.76978278985536387912E-15
    0.29048325805205204020E+01   -0.12028825380739875672E+00    0.34335850395176024383E-14
    0.29136203773273274820E+01   -0.96098480148137183088E-01    0.35680757004019997454E-14
    0.29224081741341345619E+01   -0.76268279739125283134E-01    0.37378166012157685479E-15
    0.29311959709409407537E+01   -0.60137819440812118055E-01   -0.24650269591595064700E-14
    0.29399837677477478337E+01   -0.47116078511268977280E-01   -0.13805573066173900617E-14
    0.29487715645545549137E+01   -0.36681962503114409757E-01    0.22310215507962409253E-14
    0.29575593613613615496E+01   -0.28382279554544490030E-01    0.37167011657183008610E-14
    0.29663471581681681855E+01   -0.21827528647930482392E-01    0.11855705616198011820E-14
    0.29751349549749752654E+01   -0.16687006090318971807E-01   -0.20690415574410282168E-14
    0.29839227517817819013E+01   -0.12683057700883491187E-01   -0.20866631434686865763E-14
    0.29927105485885885372E+01   -0.95851125045268818770E-02    0.72098603646866783592E-15
    0.30014983453953956172E+01   -0.72037521444490099434E-02    0.25875206704968464544E-14
    0.30102861422022022531E+01   -0.53848361125288443652E-02    0.13994317287067343589E-14
    0.30190739390090088889E+01   -0.40040386497246947470E-02   -0.98544656112225176334E-15
    0.30278617358158159689E+01   -0.29620924933645418654E-02   -0.16709956682820344255E-14
    0.30366495326226230489E+01   -0.21803700904219572992E-02   -0.22969836615362601049E-15
    0.30454373294294292407E+01   -0.15971577272546947073E-02    0.14503888421317978886E-14
    0.30542251262362363207E+01   -0.11644265634059099059E-02    0.17455544107430873788E-14
    0.30630129230430434006E+01   -0.84501730256287394243E-03    0.78813567697327492382E-15
    0.30718007198498500365E+01   -0.61046269860268414890E-03   -0.26691469313954780350E-15
    0.30805885166566566724E+01   -0.43907024827607613960E-03   -0.42810855070001764816E-15
    0.30893763134634637524E+01   -0.31443141661409304902E-03    0.51047764646622706388E-15
    0.30981641102702703883E+01   -0.22422946858193000953E-03    0.17759441805723920082E-14
    0.31069519070770770242E+01   -0.15924201397999373500E-03    0.20204183598294203679E-14
    0.31157397038838841041E+01   -0.11263197332358454417E-03    0.67133276909862908904E-15
    0.31245275006906907400E+01   -0.79347681601077524436E-04   -0.98114667177290590350E-15
    0.31333152974974973759E+01   -0.55679236071679430247E-04   -0.95528582314177951584E-15
    0.31421030943043044559E+01   -0.38922549883067144552E-04    0.88073235376346199578E-15
    0.31508908911111115358E+01   -0.27105889187371213687E-04    0.21959533155661811615E-14
    0.31596786879179177276E+01   -0.18806579599217005468E-04    0.10142562003313936935E-14
    0.31684664847247248076E+01   -0.13000365299643528713E-04   -0.15151786492670205684E-14
    0.31772542815315318876E+01   -0.89536607555592937098E-05   -0.24113641450872411565E-14
    0.31860420783383385235E+01   -0.61450140717636996654E-05   -0.67074435882672947611E-15
    0.31948298751451451594E+01   -0.42025482111533981667E-05    0.13831399248781263566E-14
    0.32036176719519522393E+01   -0.28640602334036530048E-05    0.11903471851308505470E-14
    0.32124054687587593193E+01   -0.19450255661688693618E-05   -0.78460472847885707419E-15
    0.32211932655655655111E+01   -0.13162116843412003551E-05   -0.19383468371780412217E-14
    0.32299810623723725911E+01   -0.88776923340145453271E-06   -0.99104834753199846929E-15
    0.32387688591791796711E+01   -0.59680623272479243304E-06    0.58069673225990579135E-15
    0.32475566559859858629E+01   -0.39985130334402966988E-06    0.80644230252952945469E-15
    0.32563444527927929428E+01   -0.26695350446654373246E-06   -0.27462520181379880391E-15
    0.32651322495996000228E+01   -0.17758902964523384811E-06   -0.10557829487967025689E-14
    0.32739200464064062146E+01   -0.11777616539838397203E-06   -0.62988501973047539199E-15
    0.32827078432132132946E+01   -0.77870091603693941674E-07    0.21709450763311265577E-15
    0.32914956400200203745E+01   -0.51312463274288473978E-07    0.33507167519145425767E-15
    0.33002834368268265663E+01   -0.33681758791535089542E-07   -0.29065068771562509417E-15
    0.33090712336336336463E+01   -0.22022419770482177378E-07   -0.76566394225520776522E-15
    0.33178590304404407263E+01   -0.14359953199269870020E-07   -0.57302574565548280972E-15
    0.33266468272472478063E+01   -0.93415304115228966523E-08   -0.13877311217471221125E-15
    0.33354346240540539981E+01   -0.60563084927535434739E-08   -0.92927076774637994302E-16
    0.33442224208608610780E+01   -0.39064973013562520230E-08   -0.43832734458612580232E-15
    0.33530102176676681580E+01   -0.25073798256168811356E-08   -0.68040080015417036651E-15
    0.33617980144744743498E+01   -0.16071217523803407028E-08   -0.54060947778699363014E-15
    0.33705858112812814298E+01   -0.10305158373130091958E-08   -0.26174621769466839277E-15
    0.33793736080880885098E+01   -0.65870545249484992293E-09   -0.18488133642627214233E-15
    0.33881614048948947016E+01   -0.41718327201824530626E-09   -0.28525749732824676974E-15
    0.33969492017017017815E+01   -0.26199243407103557068E-09   -0.27542127918276023085E-15
    0.34057369985085088615E+01   -0.16511763942189319128E-09   -0.45819045093929505209E-16
    0.34145247953153150533E+01   -0.10520594899967503301E-09    0.17856696739006450626E-15
    0.34233125921221221333E+01   -0.66870939899868776107E-10    0.17398612815472565950E-15
    0.34321003889289292133E+01   -0.41432231217511582938E-10    0.50375283981441500688E-16
    0.34408881857357362932E+01   -0.25078964724740492987E-10    0.80148722992628525199E-16
    0.34496759825425424850E+01   -0.15520417405929825503E-10    0.24140695569519670679E-15
    0.34584637793493495650E+01   -0.10125546592664910752E-10    0.14664020713546344576E-15
    0.34672515761561566450E+01   -0.65918762652201877278E-11   -0.38918498525926237580E-15
    0.34760393729629628368E+01   -0.39139318975633092348E-11   -0.86553567857031242292E-15
    0.34848271697697699167E+01   -0.21177779133575733363E-11   -0.58613298447691755106E-15
    0.34936149665765769967E+01   -0.12657046734350298386E-11    0.31852040341823672979E-15
    0.35024027633833831885E+01   -0.95932777001450857611E-12    0.76158801865687317335E-15
    0.35111905601901902685E+01   -0.70687045438155546273E-12    0.22036197919417471127E-16
    0.35199783569969973485E+01   -0.37043580290164768936E-12   -0.10901488639879486329E-14
    0.35287661538038035403E+01   -0.11338628703011168186E-12   -0.10944024311749422026E-14
    0.35375539506106106202E+01   -0.53970097609073986889E-13    0.17776531156319699161E-15
    0.35463417474174177002E+01   -0.10124273386456916081E-12    0.11305952483407639480E-14
    0.35551295442242247802E+01   -0.10678741524594687221E-12    0.44173083957002828489E-15
    0.35639173410310309720E+01   -0.42028076583968779122E-13   -0.10436328371544738370E-14
    0.35727051378378380520E+01    0.16925399116586808928E-13   -0.13276279783704190737E-14
    0.35814929346446451319E+01    0.16475383425244625847E-13    0.10493089884779605724E-15
    0.35902807314514513237E+01   -0.15343835024345984387E-13    0.15178233565904566556E-14
    0.35990685282582584037E+01   -0.26686344782292738632E-13    0.11916867058772307262E-14
    0.36078563250650654837E+01   -0.86204115955102522895E-14   -0.36404341128872885212E-15
    0.36166441218718716755E+01    0.98775581982828255705E-14   -0.12095703175567879196E-14
    0.36254319186786787554E+01    0.82834119597985547801E-14   -0.46300274088636641008E-15
    0.36342197154854858354E+01   -0.40334447402955533023E-14    0.76563168756910901804E-15
    0.36430075122922929154E+01   -0.87545550646558879373E-14    0.98408243766756979741E-15
    0.36517953090990991072E+01   -0.26894801380397974471E-14    0.32225815310133728802E-16
    0.36605831059059061872E+01    0.38702966971183072853E-14   -0.10764957606925912920E-14
    0.36693709027127132671E+01    0.34881016656745637516E-14   -0.13942898284301055172E-14
    0.36781586995195194589E+01   -0.82379075237681156355E-15   -0.78635681924037852290E-15
    0.36869464963263265389E+01   -0.27430560588912421588E-14    0.18181455142179212178E-15
    0.36957342931331336189E+01   -0.89553461025332565762E-15    0.62254922096325120179E-15
    0.37045220899399398107E+01    0.14852932299009436552E-14   -0.15637170434035791645E-16
    0.37133098867467468907E+01    0.17812944808634486717E-14   -0.12042175209471232893E-14
    0.37220976835535539706E+01    0.55437614084153014259E-15   -0.15198035100824851931E-14
    0.37308854803603601624E+01   -0.36695174222345298538E-15   -0.21415863265566756206E-15
    0.37396732771671672424E+01   -0.24350074604040066953E-15    0.15310839344003595155E-14
    0.37484610739739743224E+01    0.37033213127398443374E-15    0.17652889335529332083E-14
    0.37572488707807814023E+01    0.66206349624960676822E-15    0.18688460352488998746E-15
    0.37660366675875875941E+01    0.27471005761656151582E-15   -0.12968422456642179008E-14
    0.37748244643943946741E+01   -0.58643917774777043252E-15   -0.87571730902251954338E-15
    0.37836122612012017541E+01   -0.12735813381348115904E-14    0.98807074847357876408E-15
    0.37924000580080079459E+01   -0.11711540322359688199E-14    0.23089821281866141907E-14
    0.38011878548148150259E+01   -0.32496948359554199852E-15    0.19131244843283758505E-14
    0.38099756516216221058E+01    0.51042305530853923911E-15    0.45157005044429252639E-15
    0.38187634484284282976E+01    0.68749011474708994543E-15   -0.68044433124420579498E-15
    0.38275512452352353776E+01    0.38604585998194069362E-15   -0.64381102524064982499E-15
    0.38363390420420424576E+01    0.25640259777711619713E-15    0.44655527324653848407E-15
    0.38451268388488486494E+01    0.50099674604735578360E-15    0.16793332865868424384E-14
    0.38539146356556557294E+01    0.62487175623925898277E-15    0.18880158862512850657E-14
    0.38627024324624628093E+01    0.20761565057006762497E-15    0.68540467212684394414E-15
    0.38714902292692698893E+01   -0.40219898106274038940E-15   -0.84241903751613108711E-15
    0.38802780260760760811E+01   -0.51296822551749241384E-15   -0.11216633247332963442E-14
    0.38890658228828831611E+01   -0.82436323946036826610E-16    0.93900346323645841988E-16
    0.38978536196896902410E+01    0.10960165841428867335E-15    0.13363912901895709399E-14
    0.39066414164964964328E+01   -0.48506066703811091106E-15    0.11627509728745655872E-14
    0.39154292133033035128E+01   -0.12832938722654804152E-14   -0.21639278320946488398E-15
    0.39242170101101105928E+01   -0.12187674288712374207E-14   -0.14080949841066257331E-14
    0.39330048069169167846E+01   -0.16412893884731359573E-15   -0.14223357525240883903E-14
    0.39417926037237238646E+01    0.76471556987348785081E-15   -0.43977111218474977630E-15
    0.39505804005305309445E+01    0.56231197083326016683E-15    0.69061704029263042689E-15
    0.39593681973373371363E+01   -0.43102841889100890019E-15    0.11564985106530222422E-14
    0.39681559941441442163E+01   -0.10222620066296016458E-14    0.64312062698745593953E-15
    0.39769437909509512963E+01   -0.55196863203067284823E-15   -0.39052382120202782574E-15
    0.39857315877577583763E+01    0.53765339348001763088E-15   -0.94702591452580769679E-15
    0.39945193845645645681E+01    0.13708424492258812864E-14   -0.42411132236890661293E-15
    0.40033071813713716480E+01    0.14166486209754987953E-14    0.65698707442008259864E-15
    0.40120949781781787280E+01    0.72532305303664014651E-15    0.12043872214176054705E-14
    0.40208827749849849198E+01   -0.15710717618661398453E-15    0.74623084189517723305E-15
    0.40296705717917919998E+01   -0.49287568255759554562E-15   -0.16159046040492473808E-15
    0.40384583685985990797E+01    0.71275540803729871706E-16   -0.67757059307831183456E-15
    0.40472461654054052715E+01    0.10894238606388051205E-14   -0.46417555246009408387E-15
    0.40560339622122123515E+01    0.16886707325123531195E-14    0.21191232123409276993E-15
    0.40648217590190194315E+01    0.13370445130574029082E-14    0.76726883411531148110E-15
    0.40736095558258256233E+01    0.22494604521236890807E-15    0.67759034530163010693E-15
    0.40823973526326327033E+01   -0.92595461932965355865E-15   -0.63618474422666183042E-16
    0.40911851494394397832E+01   -0.12371613358898527786E-14   -0.71848234089899936177E-15
    0.40999729462462468632E+01   -0.28301116397770216133E-15   -0.46836000454728020203E-15
    0.41087607430530530550E+01    0.12605282235387615073E-14    0.53493718792334228829E-15
    0.41175485398598601350E+01    0.18970479722245249414E-14    0.11336091344933363860E-14
    0.41263363366666672150E+01    0.85802515424317507725E-15    0.54552260378864221548E-15
    0.41351241334734734068E+01   -0.74312560886291499570E-15   -0.52409173960674848491E-15
    0.41439119302802804867E+01   -0.10623920180861971395E-14   -0.74432275191789296184E-15
    0.41526997270870875667E+01    0.25039406539081665115E-15    0.57877600534720444553E-16
    0.41614875238938937585E+01    0.15931929428909949857E-14    0.59560804510309868298E-15
    0.41702753207007008385E+01    0.14331344724669501415E-14   -0.10066374091496824394E-15
    0.41790631175075079184E+01    0.10939338967830679469E-15   -0.12026682727175524470E-14
    0.41878509143143141102E+01   -0.87519599100442940885E-15   -0.11078470764559611101E-14
    0.41966387111211211902E+01   -0.77838072773979468978E-15    0.37157017200734035035E-15
    0.42054265079279282702E+01   -0.24440242315694432578E-15    0.15920303914710304295E-14
    0.42142143047347353502E+01   -0.87874889684591549435E-16    0.11328803980434465812E-14
    0.42230021015415415420E+01   -0.16716321439139324620E-15   -0.41679264666544243438E-15
    0.42317898983483486219E+01    0.16113161158802420890E-15   -0.13031435633734787208E-14
    0.42405776951551557019E+01    0.85061183034134819646E-15   -0.70897486563029825864E-15
    0.42493654919619618937E+01    0.99332466196880442206E-15    0.53441297743330870984E-15
    0.42581532887687689737E+01    0.58660829983407394657E-16    0.11862862184393782138E-14
    0.42669410855755760537E+01   -0.11205765040955741236E-14    0.85698815936987189553E-15
    0.42757288823823822455E+01   -0.11838324944408330011E-14    0.23410399096362618597E-16
    0.42845166791891893254E+01    0.96399297500876487892E-16   -0.59630342369878579042E-15
    0.42933044759959964054E+01    0.14584453116529905002E-14   -0.54015899732176493296E-15
    0.43020922728028034854E+01    0.15781386122643979098E-14    0.12464829195010522906E-15
    0.43108800696096096772E+01    0.39444000125693670605E-15    0.75107219412721868522E-15
    0.43196678664164167571E+01   -0.10893640534024887016E-14    0.66911824707450039304E-15
    0.43284556632232238371E+01   -0.17711255157078914991E-14   -0.22192459177092884870E-16
    0.43372434600300300289E+01   -0.11638488251323158205E-14   -0.45550788592154214877E-15
    0.43460312568368371089E+01    0.28680439388692105288E-15   -0.43832367380027889557E-16
    0.43548190536436441889E+01    0.12594445732418323463E-14    0.70313271657450390188E-15
    0.43636068504504503807E+01    0.61721524295633391370E-15    0.82496053837076754436E-15
    0.43723946472572574606E+01   -0.11750722231513724837E-14    0.19699434402356076964E-15
    0.43811824440640645406E+01   -0.21871940945034550537E-14   -0.27830854261260002984E-15
    0.43899702408708707324E+01   -0.11848264336224518587E-14    0.60596016087256864699E-16
    0.43987580376776778124E+01    0.71699124983070819449E-15    0.62540052046257706068E-15
    0.44075458344844848924E+01    0.13809498018405354782E-14    0.36056577088821629155E-15
    0.44163336312912919723E+01    0.27735969509876379800E-15   -0.70350230834448868577E-15
    0.44251214280980981641E+01   -0.97723330653250144585E-15   -0.12782832491688259202E-14
    0.44339092249049052441E+01   -0.85098473989105348677E-15   -0.46441930080173313209E-15
    0.44426970217117123241E+01    0.20147550338984401849E-15    0.93384938701498000578E-15
    0.44514848185185185159E+01    0.64909115487650890490E-15    0.13263794898055418054E-14
    0.44602726153253255958E+01    0.40482591546509668297E-16    0.23513482829501017975E-15
    0.44690604121321326758E+01   -0.50396234307645436847E-15   -0.12105190483239898377E-14
    0.44778482089389388676E+01    0.29162365660663691801E-17   -0.16301573338924727503E-14
    0.44866360057457459476E+01    0.98028686755548746234E-15   -0.70235673558223795469E-15
    0.44954238025525530276E+01    0.10688213400240113839E-14    0.80673904837556741173E-15
    0.45042115993593592194E+01   -0.10525988592197788411E-15    0.16715431184182520124E-14
    0.45129993961661662993E+01   -0.14720214418981150463E-14    0.98158910847480370794E-15
    0.45217871929729733793E+01   -0.17710275967944482743E-14   -0.96059036229944772363E-15
    0.45305749897797804593E+01   -0.76108741909993867699E-15   -0.23210200457534189501E-14
    0.45393627865865866511E+01    0.73419913703503447273E-15   -0.13649294825523686977E-14
    0.45481505833933937311E+01    0.13897259133371150825E-14    0.12182021098129233809E-14
    0.45569383802002008110E+01    0.23993597798093284171E-15    0.25170829880345997202E-14
    0.45657261770070070028E+01   -0.21508269517433696257E-14    0.77818095976744546194E-15
    0.45745139738138140828E+01   -0.32947354353323360581E-14   -0.21031244570013994108E-14
    0.45833017706206211628E+01   -0.10574729528296853493E-14   -0.28002073905972571174E-14
    0.45920895674274273546E+01    0.31533536045392571061E-14   -0.70652085518811022775E-15
    0.46008773642342344345E+01    0.48790372583248832499E-14    0.13923982617245339750E-14
    0.46096651610410415145E+01    0.16711363299125595457E-14    0.10583478065827525057E-14
    0.46184529578478477063E+01   -0.32671762017897852380E-14   -0.75212542914321717550E-15
    0.46272407546546547863E+01   -0.45700530895605962073E-14   -0.13687535803459594383E-14
    0.46360285514614618663E+01   -0.10917641676223752566E-14   -0.68324457856357269208E-16
    0.46448163482682689462E+01    0.29266559347896392489E-14    0.11771374114567082863E-14
    0.46536041450750751380E+01    0.32469245502761883702E-14    0.63376882957844816966E-15
    0.46623919418818822180E+01    0.24773251391335098103E-15   -0.80797715341480756437E-15
    0.46711797386886892980E+01   -0.25848588594948333630E-14   -0.10374366368264156995E-14
    0.46799675354954954898E+01   -0.28438670138723469491E-14    0.32097912158351150916E-15
    0.46887553323023025698E+01   -0.93038100734062086945E-15    0.14269667049733506953E-14
    0.46975431291091096497E+01    0.13769716795414093818E-14    0.82961231783649755479E-15
    0.47063309259159158415E+01    0.25863123898837084692E-14   -0.49125112331625709808E-15
    0.47151187227227229215E+01    0.21433795548837378904E-14   -0.53901195781277398005E-15
    0.47239065195295300015E+01    0.54695488894947555979E-15    0.90876640216538574425E-15
    0.47326943163363361933E+01   -0.98948544637408709370E-15    0.19285865810049696177E-14
    0.47414821131431432732E+01   -0.13845735675887080820E-14    0.10571340386523584898E-14
    0.47502699099499503532E+01   -0.40802472726835830054E-15   -0.69362633267104837660E-15
    0.47590577067567574332E+01    0.12689890044606515778E-14   -0.12501924915429831895E-14
    0.47678455035635636250E+01    0.23846946250266915607E-14   -0.24287628331479479931E-15
    0.47766333003703707050E+01    0.17999143924819099328E-14    0.59542601072544992125E-15
    0.47854210971771777849E+01   -0.34999279457677970686E-15   -0.84414124381480822113E-16
    0.47942088939839839767E+01   -0.21491154546779468775E-14   -0.13371621971419342775E-14
    0.48029966907907910567E+01   -0.15981197507632253602E-14   -0.12954651830617234012E-14
    0.48117844875975981367E+01    0.94304821104781252122E-15    0.19017100684964816305E-15
    0.48205722844044043285E+01    0.27950743378563449240E-14    0.12529268071935575266E-14
    0.48293600812112114085E+01    0.19532921266708884980E-14    0.53255860770269867162E-15
    0.48381478780180184884E+01   -0.62291049460187216464E-15   -0.91674809825048588327E-15
    0.48469356748248246802E+01   -0.23807983901286027146E-14   -0.10390026613117471364E-14
    0.48557234716316317602E+01   -0.20175007677123424288E-14    0.53296146992506976899E-15
    0.48645112684384388402E+01   -0.39427390314183457024E-15    0.20371286865083756826E-14
    0.48732990652452459202E+01    0.89130532085319619623E-15    0.18361511551546939045E-14
    0.48820868620520521119E+01    0.95033244670340880560E-15    0.27245656854491023625E-15
    0.48908746588588591919E+01   -0.89950196367888841881E-16   -0.10376752215384951147E-14
    0.48996624556656662719E+01   -0.13398356957590274489E-14   -0.97196567094146553999E-15
    0.49084502524724724637E+01   -0.17275927092686342750E-14    0.30154688829743099886E-15
    0.49172380492792795437E+01   -0.91400755309285488698E-15    0.17228496501625734295E-14
    0.49260258460860866236E+01    0.21132681291591624436E-15    0.20212176148089175467E-14
    0.49348136428928928154E+01    0.43944536625710637227E-15    0.64069550687949390228E-15
    0.49436014396996998954E+01   -0.36092733375773100106E-15   -0.13948049084132800557E-14
    0.49523892365065069754E+01   -0.11202575126620279266E-14   -0.20561826401140086761E-14
    0.49611770333133140554E+01   -0.92541391933804124343E-15   -0.50806022739820565965E-15
    0.49699648301201202472E+01   -0.70870578176015092691E-16    0.15227663807451244375E-14
    0.49787526269269273271E+01    0.50941745292650294143E-15    0.16074830031903837432E-14
    0.49875404237337344071E+01    0.43124207493577888642E-15   -0.40185786491581525501E-15
    0.49963282205405405989E+01    0.14726634468884241173E-15   -0.21465979940048411010E-14
    0.50051160173473476789E+01    0.17815168478058633929E-15   -0.17113858445365650700E-14
    0.50139038141541547589E+01    0.46946180427844304131E-15    0.12373475060244101721E-15
    0.50226916109609609506E+01    0.61812816862727570833E-15    0.11751809118843661762E-14
    0.50314794077677680306E+01    0.43820151574013979509E-15    0.49642659202093718176E-15
    0.50402672045745751106E+01    0.12480873479618430714E-15   -0.89503376694895736968E-15
    0.50490550013813813024E+01   -0.51847747415428477453E-16   -0.15164935845067831205E-14
    0.50578427981881883824E+01   -0.23969701474329059135E-16   -0.83594806085400450596E-15
    0.50666305949949954623E+01    0.98184036043054384400E-16    0.59143605762563765800E-15
    0.50754183918018025423E+01    0.17511770871198352795E-15    0.15895140743199767776E-14
    0.50842061886086087341E+01    0.11373631030563471509E-15    0.11275333362861416557E-14
    0.50929939854154158141E+01   -0.14441945109630663715E-15   -0.63092820337245029013E-15
    0.51017817822222228941E+01   -0.61086928244209853194E-15   -0.19478885108956699669E-14
    0.51105695790290290859E+01   -0.11293626542845313506E-14   -0.11667505091135341076E-14
    0.51193573758358361658E+01   -0.12573648627169273772E-14    0.10599262667643891089E-14
    0.51281451726426432458E+01   -0.54873905980332217553E-15    0.21068991866492455883E-14
    0.51369329694494494376E+01    0.73437157050697383884E-15    0.54387377990003023130E-15
    0.51457207662562565176E+01    0.13582573701611372513E-14   -0.17766918200025868242E-14
    0.51545085630630635976E+01    0.31308251376754346999E-15   -0.19503801530318274649E-14
    0.51632963598698697893E+01   -0.16088012762842462249E-14    0.29836758449202489808E-15
    0.51720841566766768693E+01   -0.22181896495583644293E-14    0.22929601497179432388E-14
    0.51808719534834839493E+01   -0.49688947264478424737E-15    0.18064977759963791235E-14
    0.51896597502902910293E+01    0.17774951211060246825E-14   -0.37077470282247258155E-15
    0.51984475470970972211E+01    0.19938678460553383044E-14   -0.18342150088497171116E-14
    0.52072353439039043010E+01   -0.14875818611555942206E-15   -0.14129079862627841662E-14
    0.52160231407107113810E+01   -0.23198474967459618559E-14    0.24307664800418760125E-16
    0.52248109375175184610E+01   -0.23396283575978313900E-14    0.10470178260555296138E-14
    0.52335987343243246528E+01   -0.39310621035308855404E-15    0.10254464063207826987E-14
    0.52423865311311317328E+01    0.16660265127058550409E-14    0.18803477141521663612E-15
    0.52511743279379388127E+01    0.21555255421894788640E-14   -0.86155491078622815179E-15
    0.52599621247447450045E+01    0.67473220229395211370E-15   -0.15130387853666963228E-14
    0.52687499215515520845E+01   -0.16479996123746425354E-14   -0.13676993982273498982E-14
    0.52775377183583591645E+01   -0.25832886786439024057E-14   -0.40304769517761990430E-15
    0.52863255151651653563E+01   -0.71645461294233994169E-15    0.94612488604819063196E-15
    0.52951133119719724363E+01    0.24093292911727551092E-14    0.18038492060129006173E-14
    0.53039011087787795162E+01    0.32159699409845087480E-14    0.13462112452646583082E-14
    0.53126889055855857080E+01    0.23532716962283483984E-15   -0.22255495689385203256E-15
    0.53214767023923927880E+01   -0.34320501407282864462E-14   -0.13141603477307364666E-14
    0.53302644991991998680E+01   -0.35682069701429836098E-14   -0.48381123432917313852E-15
    0.53390522960060069479E+01   -0.84629654492355972029E-16    0.15716171597236553245E-14
    0.53478400928128131397E+01    0.28246575196349440491E-14    0.24102134266130169718E-14
    0.53566278896196202197E+01    0.19404691976918638909E-14    0.75563180765373260565E-15
    0.53654156864264272997E+01   -0.12238932385949133607E-14   -0.16652960586464588328E-14
    0.53742034832332334915E+01   -0.28884375848056685484E-14   -0.21881854463652091871E-14
    0.53829912800400405715E+01   -0.15735615842204860956E-14   -0.48573059805810212713E-15
    0.53917790768468476514E+01    0.87208667072651342656E-15    0.11941807122211606264E-14
    0.54005668736536538432E+01    0.20277526139394370456E-14    0.99309527071927289013E-15
    0.54093546704604609232E+01    0.12706307318189931110E-14   -0.42072691755184985312E-15
    0.54181424672672680032E+01   -0.38286368500120040003E-15   -0.11884857093139863365E-14
    0.54269302640740750832E+01   -0.14482416208867316685E-14   -0.73588901189922384074E-15
    0.54357180608808812750E+01   -0.97210015826610594645E-15   -0.14439210701656099645E-15
    0.54445058576876883549E+01    0.71468146419857484954E-15   -0.31114484053537537218E-15
    0.54532936544944954349E+01    0.19098082604936617422E-14   -0.65952376769787986944E-15
    0.54620814513013016267E+01    0.11138749771702592817E-14   -0.16059485155851176728E-15
    0.54708692481081087067E+01   -0.10392999477052284320E-14    0.95322946878400247580E-15
    0.54796570449149157866E+01   -0.21834905251719146934E-14    0.12739906722718636913E-14
    0.54884448417217219784E+01   -0.99405805745126316707E-15    0.15435231117897829706E-15
    0.54972326385285290584E+01    0.10667403494530754283E-14   -0.11216408488022908918E-14
    0.55060204353353361384E+01    0.15948259703863744657E-14   -0.87121510181457017710E-15
    0.55148082321421423302E+01    0.16642029484921283373E-15    0.69745004738559260187E-15
    0.55235960289489494102E+01   -0.13892694117802191500E-14    0.15827662616226894094E-14
    0.55323838257557564901E+01   -0.14352077254895068482E-14    0.51714885122927745405E-15
    0.55411716225625635701E+01   -0.31609255626877933483E-15   -0.13705760103333440283E-14
    0.55499594193693697619E+01    0.56118912920349534084E-15   -0.20364250694876627875E-14
    0.55587472161761768419E+01    0.53207868893851547049E-15   -0.95917059859643723464E-15
    0.55675350129829839219E+01    0.94757537459082349516E-16    0.53169035325189439337E-15
    0.55763228097897901137E+01   -0.93303977034573736082E-16    0.10785773551769745826E-14
    0.55851106065965971936E+01   -0.42706760569960841118E-17    0.67739591014312763852E-15
    0.55938984034034042736E+01    0.40421073018330669062E-16    0.14386675923684787484E-15
    0.56026862002102104654E+01   -0.94286028607474127381E-17   -0.51459637245900284434E-16
    0.56114739970170175454E+01    0.11073725956450057465E-15   -0.72312082333076285850E-16
    0.56202617938238246253E+01    0.44349788844203732468E-15   -0.11279825015923554103E-15
    0.56290495906306308171E+01    0.52856721604616833742E-15    0.17225171206131151166E-16
    0.56378373874374378971E+01   -0.21526891137100637604E-16    0.50743179398120084932E-15
    0.56466251842442449771E+01   -0.76004349205865054905E-15    0.96608347333979674453E-15
    0.56554129810510520571E+01   -0.68792121593715997343E-15    0.65223338117480669814E-15
    0.56642007778578582489E+01    0.44824390845483571029E-15   -0.50006044636538353203E-15
    0.56729885746646653288E+01    0.14851797497592452247E-14   -0.13938478279148587509E-14
    0.56817763714714724088E+01    0.11036294228097959859E-14   -0.90677990374878863725E-15
    0.56905641682782786006E+01   -0.43832705936211006415E-15    0.59280150716061489405E-15
    0.56993519650850856806E+01   -0.14740525522272200780E-14    0.14628191789918305598E-14
    0.57081397618918927606E+01   -0.95247928738985290766E-15    0.69221338770524922468E-15
    0.57169275586986989524E+01    0.27625504064770828011E-15   -0.88538267935693006890E-15
    0.57257153555055060323E+01    0.65020742337376190167E-15   -0.16776011528614271495E-14
    0.57345031523123131123E+01   -0.21024141220167169650E-15   -0.10939999559375738432E-14
    0.57432909491191193041E+01   -0.12744868505888634683E-14    0.10445049599369831349E-15
    0.57520787459259263841E+01   -0.15057117937285954809E-14    0.84766088390979047286E-15
    0.57608665427327334640E+01   -0.91194863839252078456E-15    0.66908978140296154133E-15
    0.57696543395395405440E+01   -0.17855747924691509208E-15   -0.16893520176150467448E-15
    0.57784421363463467358E+01    0.16258537499239808246E-15   -0.89179510645556010197E-15
    0.57872299331531538158E+01    0.57712823937564784598E-16   -0.72384199312219242442E-15
    0.57960177299599608958E+01   -0.25037741223214865008E-15    0.34851380459898864519E-15
    0.58048055267667670876E+01   -0.45260755194483807234E-15    0.13042818268684389762E-14
    0.58135933235735741675E+01   -0.35651753455457548118E-15    0.10963691002005389627E-14
    0.58223811203803812475E+01   -0.23677748421755497009E-16   -0.73494220821510765047E-16
    0.58311689171871874393E+01    0.27854707247530061190E-15   -0.92038763304932998207E-15
    0.58399567139939945193E+01    0.29927565279545098774E-15   -0.60291987083656496808E-15
    0.58487445108008015993E+01   -0.14309907583745741616E-16    0.31981420701348102738E-15
    0.58575323076076077911E+01   -0.49009122820704875011E-15    0.74819774672587691045E-15
    0.58663201044144148710E+01   -0.78590019898660716758E-15    0.39427001209132828369E-15
    0.58751079012212219510E+01   -0.60557681937646250075E-15   -0.84496359983958520457E-16
    0.58838956980280290310E+01   -0.53317846082579017061E-16   -0.10680081031207675836E-15
    0.58926834948348352228E+01    0.28273293295002574600E-15    0.14113577891846470502E-15
    0.59014712916416423027E+01   -0.60910065048433521279E-16    0.16998351419363627922E-15
    0.59102590884484493827E+01   -0.71130188721204249499E-15   -0.41556071627062085971E-16
    0.59190468852552555745E+01   -0.74446136721245696781E-15   -0.57211750663055971032E-16
    0.59278346820620626545E+01    0.11702434878719009040E-15    0.27858528882047295506E-15
    0.59366224788688697345E+01    0.91251281944181937465E-15    0.45123949534039378047E-15
    0.59454102756756759263E+01    0.57197057482587049068E-15   -0.61024216488315467384E-16
    0.59541980724824830062E+01   -0.59323462982154628451E-15   -0.91210857985555759980E-15
    0.59629858692892900862E+01   -0.11235407900272695078E-14   -0.11297284559935156822E-14
    0.59717736660960962780E+01   -0.22496705408435023727E-15   -0.37425538361650529356E-15
    0.59805614629029033580E+01    0.11622304136107105131E-14    0.42122673936876187404E-15
    0.59893492597097104380E+01    0.15248793237293933396E-14    0.17301418736645414207E-15
    0.59981370565165175179E+01    0.51005627608837791058E-15   -0.86243573119348713616E-15
    0.60069248533233237097E+01   -0.84359440319562332811E-15   -0.13194814598659248346E-14
    0.60157126501301307897E+01   -0.12683150022031289427E-14   -0.51536542529637412110E-15
    0.60245004469369378697E+01   -0.28506839381298162806E-15    0.55174257732858841135E-15
    0.60332882437437440615E+01    0.15292074024002766691E-14    0.51589002244698961523E-15
    0.60420760405505511415E+01    0.26783469560778991287E-14   -0.52579301406254250981E-15
    0.60508638373573582214E+01    0.17456341001205797355E-14   -0.11474827562636474493E-14
    0.60596516341641644132E+01   -0.89037756979963359788E-15   -0.50171188278604843659E-15
    0.60684394309709714932E+01   -0.26012599251961818218E-14    0.56072797330407439578E-15
    0.60772272277777785732E+01   -0.11699861423659023338E-14    0.70053397749327963446E-15
    0.60860150245845856531E+01    0.20945360854697014168E-14   -0.15511111553953608288E-15
    0.60948028213913918449E+01    0.33351463885433068354E-14   -0.81928643656796478219E-15
    0.61035906181981989249E+01    0.74013345343827818951E-15   -0.43363658764809651108E-15
    0.61123784150050060049E+01   -0.29539636425032032847E-14    0.52604587979687116757E-15
    0.61211662118118121967E+01   -0.37635888988867992159E-14    0.10248929153655228841E-14
    0.61299540086186192767E+01   -0.10889156714188901327E-14    0.70223824766386945269E-15
    0.61387418054254263566E+01    0.20527109835789219054E-14    0.68719011179192600435E-16
    0.61475296022322325484E+01    0.27227094916489615847E-14   -0.23032489088516072607E-15
    0.61563173990390396284E+01    0.75840217967529080919E-15    0.56857727352128948040E-17
    0.61651051958458467084E+01   -0.18845698897356982610E-14    0.56861917760749630885E-15
    0.61738929926526529002E+01   -0.29092711936133006813E-14    0.10853385442646191968E-14
    0.61826807894594599802E+01   -0.11706129458959288214E-14    0.12231249053989069897E-14
    0.61914685862662670601E+01    0.21774922382727663677E-14    0.85174525290737107741E-15
    0.62002563830730741401E+01    0.38692691102821747781E-14    0.12951268847613973075E-15
    0.62090441798798803319E+01    0.16088664261993238740E-14   -0.56953058670491941949E-15
    0.62178319766866874119E+01   -0.26379211625614122944E-14   -0.80234653050769840013E-15
    0.62266197734934944918E+01   -0.41378124029657024986E-14   -0.32106564210938256027E-15
    0.62354075703003006836E+01   -0.96456755170520948357E-15    0.57820937030062246370E-15
    0.62441953671071077636E+01    0.32043150879975299071E-14    0.10538353225879568432E-14
    0.62529831639139148436E+01    0.35458868213602516916E-14    0.51002629869375500876E-15
    0.62617709607207210354E+01   -0.57876912824648144948E-17   -0.54776577803432733698E-15
    0.62705587575275281154E+01   -0.30484421812219817239E-14   -0.89959774234222454174E-15
    0.62793465543343351953E+01   -0.23291919206431834781E-14   -0.46786655342060334116E-16
    0.62881343511411413871E+01    0.75327249719349879912E-15    0.10674254167702351389E-14
    0.62969221479479484671E+01    0.26910543591761442579E-14    0.11836537555462007132E-14
    0.63057099447547555471E+01    0.19133508126855606657E-14    0.22189643062643357558E-15
    0.63144977415615626271E+01   -0.35964945186104947479E-15   -0.73232803406596124444E-15
    0.63232855383683688189E+01   -0.20465839459093841559E-14   -0.73367224173267602159E-15
    0.63320733351751758988E+01   -0.19219729733407247696E-14    0.13307662652998211903E-15
    0.63408611319819829788E+01   -0.15663133193684585670E-15    0.10995097738274064181E-14
    0.63496489287887891706E+01    0.17113886174647762168E-14    0.14271777579915544744E-14
    0.63584367255955962506E+01    0.18447161961879712964E-14    0.84934868713877253123E-15
    0.63672245224024033305E+01   -0.11787476658216389640E-16   -0.24485150221360597170E-15
    0.63760123192092095223E+01   -0.18603358475596033031E-14   -0.94538097331506411646E-15
    0.63848001160160166023E+01   -0.15952700695082755586E-14   -0.57978620039474135656E-15
    0.63935879128228236823E+01    0.43324324215287726298E-15    0.50301035934479569665E-15
    0.64023757096296298741E+01    0.18478008393526497131E-14    0.12047406936867546566E-14
    0.64111635064364369541E+01    0.11550766777672102953E-14    0.82176050615750790597E-15
    0.64199513032432440340E+01   -0.58694552935581521685E-15   -0.27111954180946739128E-15
    0.64287391000500511140E+01   -0.13696960640223667208E-14   -0.11345593983860818490E-14
    0.64375268968568573058E+01   -0.55677818784500730913E-15   -0.10966305352800213002E-14
    0.64463146936636643858E+01    0.80605608726350279535E-15   -0.15513662608412509187E-15
    0.64551024904704714658E+01    0.13748779897734905575E-14    0.10054458114480965451E-14
    0.64638902872772776576E+01    0.63578326217957717733E-15    0.13301615541853187105E-14
    0.64726780840840847375E+01   -0.91623143734542155971E-15    0.32145927427314832828E-15
    0.64814658808908918175E+01   -0.20163237538342514384E-14   -0.11061823226926151185E-14
    0.64902536776976980093E+01   -0.14959994926371580080E-14   -0.13228550572977595972E-14
    0.64990414745045050893E+01    0.39300000760112316712E-15    0.90296938826386453566E-16
    0.65078292713113121692E+01    0.16968996650553538609E-14    0.15436734832875707824E-14
    0.65166170681181183610E+01    0.76972324507683990325E-15    0.12978769258224867531E-14
    0.65254048649249254410E+01   -0.15096641071072182779E-14   -0.29699579513254683698E-15
    0.65341926617317325210E+01   -0.25090672923702142953E-14   -0.12326040913716392009E-14
    0.65429804585385396010E+01   -0.99910284904890401561E-15   -0.41856499292640400058E-15
    0.65517682553453457928E+01    0.12671005754687223309E-14    0.96765290315420937525E-15
    0.65605560521521528727E+01    0.17974468450684078738E-14    0.11714721316666618282E-14
    0.65693438489589599527E+01    0.29440718654543225398E-15    0.97719933612941642723E-16
    0.65781316457657661445E+01   -0.13538148219988626231E-14   -0.80967845086117939104E-15
    0.65869194425725732245E+01   -0.14573105961653427016E-14   -0.57759264012676916055E-15
    0.65957072393793803045E+01   -0.10764123892925210777E-15    0.16666243258202046783E-15
    0.66044950361861864963E+01    0.14231523493359972701E-14    0.30243051420604223652E-15
    0.66132828329929935762E+01    0.18924244676494552966E-14   -0.25790108482869467522E-15
    0.66220706297998006562E+01    0.85812494572779589835E-15   -0.62110891446157861574E-15
    0.66308584266066068480E+01   -0.95254534505383947753E-15   -0.21989430142210551172E-15
    0.66396462234134139280E+01   -0.19098486645441357282E-14    0.46533185083710189163E-15
    0.66484340202202210079E+01   -0.95305690675001585025E-15    0.65354793174308590765E-15
    0.66572218170270280879E+01    0.97142494956337831983E-15    0.27732603774613464616E-15
    0.66660096138338342797E+01    0.17110240907958671702E-14   -0.48983177934861494606E-16
    0.66747974106406413597E+01    0.42601754112825979735E-15    0.11469833728047857164E-15
    0.66835852074474484397E+01   -0.12775191508224879307E-14    0.54055147504163125499E-15
    0.66923730042542546315E+01   -0.13836600298482632750E-14    0.74897992917530953248E-15
    0.67011608010610617114E+01    0.35609708221210546240E-16    0.60217525928039794718E-15
    0.67099485978678687914E+01    0.11222095765394624749E-14    0.33674039198353577624E-15
    0.67187363946746749832E+01    0.70327883909697856923E-15    0.15722751046681975352E-15
    0.67275241914814820632E+01   -0.37874003185850995866E-15    0.10772155709055304077E-16
    0.67363119882882891432E+01   -0.67692163422221999150E-15   -0.18357194441956264210E-15
    0.67450997850950962231E+01   -0.25890810963342284112E-16   -0.25196463040275107211E-15
    0.67538875819019024149E+01    0.51799050930051739894E-15    0.58740807402740620667E-16
    0.67626753787087094949E+01    0.23764421999116947280E-15    0.56807718063323685964E-15
    0.67714631755155165749E+01   -0.38458795906440448400E-15    0.57944053471022595545E-15
    0.67802509723223227667E+01   -0.50587232636701277286E-15   -0.28118458214456469599E-15
    0.67890387691291298466E+01   -0.54021831131966000579E-16   -0.12283770562446120718E-14
    0.67978265659359369266E+01    0.32047331600092826595E-15   -0.96929072644363546046E-15
    0.68066143627427431184E+01    0.19240714685458159333E-15    0.55153724694805629739E-15
    0.68154021595495501984E+01   -0.12790912205945015241E-15    0.15952968986756769520E-14
    0.68241899563563572784E+01   -0.12566599467262135382E-15    0.62302366184859223633E-15
    0.68329777531631634702E+01    0.21576829494498973627E-15   -0.15139677282860512207E-14
    0.68417655499699705501E+01    0.44985867401522067601E-15   -0.23666074412877050664E-14
    0.68505533467767776301E+01    0.26070652460604684242E-15   -0.89418311273183823157E-15
    0.68593411435835847101E+01   -0.19049445907306684201E-15    0.11589015113372680151E-14
    0.68681289403903909019E+01   -0.51091252263664411214E-15    0.14924062338376850596E-14
    0.68769167371971979819E+01   -0.45144920365376608384E-15   -0.11875241289473205398E-16
    0.68857045340040050618E+01   -0.44005981774040350358E-16   -0.14705384297301814824E-14
    0.68944923308108112536E+01    0.45094378493930484067E-15   -0.13674928623478117097E-14
    0.69032801276176183336E+01    0.68228907139323935049E-15    0.61797813659401972096E-17
    0.69120679244244254136E+01    0.47362823311222724687E-15    0.13276918377268749658E-14
    0.69208557212312316054E+01    0.46265809466036065159E-16    0.15409717757892097269E-14
    0.69296435180380386853E+01   -0.16759435581501833232E-15    0.49502976760132486619E-15
    0.69384313148448457653E+01   -0.48508202559314822801E-17   -0.95891701211987431256E-15
    0.69472191116516519571E+01    0.23065487359477576175E-15   -0.13935848769905405777E-14
    0.69560069084584590371E+01    0.16412619353475090717E-15   -0.12486854546598547273E-15
    0.69647947052652661171E+01   -0.18736188536627700018E-15    0.16350375750261734999E-14
    0.69735825020720731970E+01   -0.49098975591635321426E-15    0.17897863432956704585E-14
    0.69823702988788793888E+01   -0.56468469006140126558E-15   -0.10428076506023929299E-15
    0.69911580956856864688E+01   -0.58276328007421645631E-15   -0.19443478034284992762E-14
    0.69999458924924935488E+01   -0.71652984926014664163E-15   -0.15741531168262837775E-14
    0.70087336892992997406E+01   -0.73906193639643335994E-15    0.44538128667909548223E-15
    0.70175214861061068206E+01   -0.26904734869394151049E-15    0.15793254312589565311E-14
    0.70263092829129139005E+01    0.54251984447293532271E-15    0.57536536146204420044E-15
    0.70350970797197200923E+01    0.87195103381079199775E-15   -0.10291343282779685413E-14
    0.70438848765265271723E+01    0.18425486650390728001E-15   -0.11320812033902782711E-14
    0.70526726733333342523E+01   -0.81181689059723171506E-15    0.24922229185141203971E-15
    0.70614604701401404441E+01   -0.80522935799188316209E-15    0.13102052391843792701E-14
    0.70702482669469475240E+01    0.37261371886434063058E-15    0.94662893957276117227E-15
    0.70790360637537546040E+01    0.11976823400583551385E-14    0.29635945740481461782E-17
    0.70878238605605616840E+01    0.31294171106932861711E-15   -0.16104150376717404443E-15
    0.70966116573673678758E+01   -0.14941925400785745543E-14    0.53398832906399349178E-15
    0.71053994541741749558E+01   -0.20879664849763855741E-14    0.10402526833695400788E-14
    0.71141872509809820357E+01   -0.70734350748370295382E-15    0.71777253928908512168E-15
    0.71229750477877882275E+01    0.92952306230616623209E-15    0.10219822510804081257E-15
    0.71317628445945953075E+01    0.82904434728753615531E-15    0.22528351948125144534E-16
    0.71405506414014023875E+01   -0.76350233052621839966E-15    0.50321348653358160138E-15
    0.71493384382082085793E+01   -0.18477310155261461291E-14    0.86581203977754772202E-15
    0.71581262350150156593E+01   -0.12440394977906894139E-14    0.67323776421949823793E-15
    0.71669140318218227392E+01    0.14038698948789403122E-15    0.21380727275353261309E-15
    0.71757018286286289310E+01    0.78639256815249207457E-15    0.39791856729401671593E-17
    0.71844896254354360110E+01    0.40347105379416273528E-15    0.15185562642768297117E-15
    0.71932774222422430910E+01   -0.12782202020805149351E-15    0.36044930966532555957E-15
    0.72020652190490501710E+01   -0.13870789170202316565E-15    0.37925200891024780684E-15
    0.72108530158558563627E+01    0.96314523831976297921E-16    0.25791083218024596260E-15
    0.72196408126626634427E+01    0.23392725316486239353E-16    0.16820403321786782704E-15
    0.72284286094694705227E+01   -0.34135947851084304541E-15    0.15684376787828110185E-15
    0.72372164062762767145E+01   -0.50473047686327420612E-15    0.13336637368111022951E-15
    0.72460042030830837945E+01   -0.23498435209371220821E-15    0.22157025587114556028E-16
    0.72547919998898908744E+01    0.10742672038985949788E-15   -0.14640352493966074810E-15
    0.72635797966966970662E+01    0.72836136203279228994E-16   -0.28046403299024721332E-15
    0.72723675935035041462E+01   -0.29088217529272632201E-15   -0.30200493676506910227E-15
    0.72811553903103112262E+01   -0.52535363720774161177E-15   -0.19345426474779741077E-15
    0.72899431871171174180E+01   -0.30896922031799373760E-15   -0.20526353047510878523E-16
    0.72987309839239244980E+01    0.22913895746526423794E-15    0.92003360985620628517E-16
    0.73075187807307315779E+01    0.68223211139782036433E-15    0.63791717338430164752E-16
    0.73163065775375386579E+01    0.66434566877249331214E-15   -0.48773608941105774965E-16
    0.73250943743443448497E+01    0.81830370242800414464E-16   -0.11224332106935676342E-15
    0.73338821711511519297E+01   -0.64158078848302385187E-15   -0.74707319280914211087E-16
    0.73426699679579590097E+01   -0.72518052467599065379E-15   -0.21271708910926914951E-16
    0.73514577647647652014E+01    0.14222105674717850454E-15   -0.33520963850004839303E-16
    0.73602455615715722814E+01    0.11077467231869533911E-14   -0.45657756734238521892E-16
    0.73690333583783793614E+01    0.89072256187871517814E-15    0.73298066604405911813E-16
    0.73778211551851855532E+01   -0.57652649353584049772E-15    0.29347831139852963674E-15
    0.73866089519919926332E+01   -0.17207079494063796874E-14    0.38101534998885973170E-15
    0.73953967487987997131E+01   -0.11417053763160637602E-14    0.19379291001586217656E-15
    0.74041845456056067931E+01    0.53876868389450444447E-15   -0.41790229767673837134E-16
    0.74129723424124129849E+01    0.13764743634229460230E-14    0.49985031542429690586E-16
    0.74217601392192200649E+01    0.45738159513956187713E-15    0.46356318562760334085E-15
    0.74305479360260271449E+01   -0.10821784016336402721E-14    0.68676511355681635315E-15
    0.74393357328328333367E+01   -0.15755689936014676138E-14    0.31813597444337813153E-15
    0.74481235296396404166E+01   -0.62772111699721690674E-15   -0.32591495811119606749E-15
    0.74569113264464474966E+01    0.80982794804543653598E-15   -0.52854261211904499629E-15
    0.74656991232532536884E+01    0.15248861132979603410E-14   -0.75890062548242480673E-16
    0.74744869200600607684E+01    0.92380093998926239167E-15    0.42834269627461638703E-15
    0.74832747168668678484E+01   -0.61543781341476152513E-15    0.33692092691250845343E-15
    0.74920625136736740401E+01   -0.17473446081701427317E-14   -0.22117074702325947132E-15
    0.75008503104804811201E+01   -0.11559209347748392632E-14   -0.57728082335777503927E-15
    0.75096381072872882001E+01    0.88299642383244326525E-15   -0.43136816569000729714E-15
    0.75184259040940952801E+01    0.23142102424089537617E-14   -0.21082581905840591504E-15
    0.75272137009009014719E+01    0.15138758429973436864E-14   -0.40605857668738678392E-15
    0.75360014977077085518E+01   -0.59321072778409474238E-15   -0.85588042343062398125E-15
    0.75447892945145156318E+01   -0.15541998327225231877E-14   -0.97198406074477534232E-15
    0.75535770913213218236E+01   -0.36670939706900659084E-15   -0.55240868453755669863E-15
    0.75623648881281289036E+01    0.13643191383213053815E-14   -0.79079453622942347445E-16
    0.75711526849349359836E+01    0.15902041208447900906E-14   -0.70613658974600122956E-16
    0.75799404817417421754E+01    0.21358183929025410346E-15   -0.40357338476767469517E-15
    0.75887282785485492553E+01   -0.11936768460101593435E-14   -0.54617884539212869777E-15
    0.75975160753553563353E+01   -0.13771213367307136300E-14   -0.35391640239671202286E-15
    0.76063038721621625271E+01   -0.49568075654131663141E-15   -0.30771562406492737217E-15
    0.76150916689689696071E+01    0.49418022853526075498E-15   -0.75319545843232918543E-15
    0.76238794657757766871E+01    0.77542826342023541151E-15   -0.11782086705843206245E-14
    0.76326672625825837670E+01    0.13796943328549710884E-15   -0.74603115212050328115E-15
    0.76414550593893899588E+01   -0.89425020840196881550E-15    0.42794301403175888690E-15
    0.76502428561961970388E+01   -0.13391054666777586512E-14    0.10421679024379893350E-14
    0.76590306530030041188E+01   -0.64533021813082232245E-15    0.18252756328387633960E-15
    0.76678184498098103106E+01    0.57093017784274108908E-15   -0.12174607546693411896E-14
    0.76766062466166173905E+01    0.11011322033127346023E-14   -0.13356426272570981567E-14
    0.76853940434234244705E+01    0.50159812503909885353E-15    0.14373563430835056380E-15
    0.76941818402302306623E+01   -0.42669104909020908028E-15    0.13693721479528357532E-14
    0.77029696370370377423E+01   -0.68730925943614397301E-15    0.66730459839230066305E-15
    0.77117574338438448223E+01   -0.21045245777180956765E-15   -0.11523189631798773516E-14
    0.77205452306506510141E+01    0.31505562120835020047E-15   -0.17944737896844894177E-14
    0.77293330274574580940E+01    0.40015532572302970511E-15   -0.45301020646361554730E-15
    0.77381208242642651740E+01    0.20834234450141488231E-15    0.11519666812688258372E-14
    0.77469086210710722540E+01    0.92534728670611869416E-16    0.11073712796577939659E-14
    0.77556964178778784458E+01    0.62964995120252703583E-16   -0.27187672474956993302E-15
    0.77644842146846855258E+01   -0.96412158909328681085E-16   -0.11092317324773513739E-14
    0.77732720114914926057E+01   -0.32985539343973971493E-15   -0.48112440595259313945E-15
    0.77820598082982987975E+01   -0.22068096552704491507E-15    0.57556728466803066484E-15
    0.77908476051051058775E+01    0.39953265487112415976E-15    0.69259103159836974272E-15
    0.77996354019119129575E+01    0.93374714082128265383E-15   -0.72353168462128339753E-16
    0.78084231987187191493E+01    0.58839296964323828640E-15   -0.59269115751466823890E-15
    0.78172109955255262292E+01   -0.45532855240776234950E-15   -0.28800233744487067169E-15
    0.78259987923323333092E+01   -0.90962195738940546794E-15    0.22881033496060473343E-15
    0.78347865891391395010E+01    0.38753596777724428355E-16    0.18821787249325552827E-15
    0.78435743859459465810E+01    0.13348266671070818400E-14   -0.24330611471902358470E-15
    0.78523621827527536610E+01    0.11238394409869372105E-14   -0.29785198797373151880E-15
    0.78611499795595607409E+01   -0.79186442965056775515E-15    0.23103454909586082761E-15
    0.78699377763663669327E+01   -0.23518728499798161789E-14    0.62397408233226254824E-15
    0.78787255731731740127E+01   -0.17063911972092342388E-14    0.22001239549781354590E-15
    0.78875133699799810927E+01    0.40563553424503998365E-15   -0.61940287003536526838E-15
    0.78963011667867872845E+01    0.16113799353689310933E-14   -0.93095463829640381985E-15
    0.79050889635935943645E+01    0.77971700179170903271E-15   -0.36235369527378599671E-15
    0.79138767604004014444E+01   -0.84717629130016264898E-15    0.41012945387490066285E-15
    0.79226645572072076362E+01   -0.14545712655791452476E-14    0.59071559097050447830E-15
    0.79314523540140147162E+01   -0.64231061207392633146E-15    0.20022800446582452994E-15
    0.79402401508208217962E+01    0.60608209229178311975E-15   -0.13265513699848762839E-15
    0.79490279476276279880E+01    0.11615940730525927885E-14   -0.40771966965916870849E-16
    0.79578157444344350679E+01    0.60946345396901423047E-15    0.21836618937725277201E-15
    0.79666035412412421479E+01   -0.61622203698374064061E-15    0.25340601304444378033E-15
    0.79753913380480492279E+01   -0.14243985795196159452E-14    0.68566305677339217599E-16
    0.79841791348548554197E+01   -0.89610748257918362960E-15   -0.43548310824714173574E-16
    0.79929669316616624997E+01    0.59698043876519386474E-15    0.29980725733848822161E-16
    0.80017547284684695796E+01    0.14259407315826793284E-14    0.69319150660222679248E-16
    0.80105425252752748833E+01    0.51915562753824529554E-15   -0.11175242379045562117E-15
    0.80193303220820819632E+01   -0.10888885230422484903E-14   -0.32445272014219940603E-15
    0.80281181188888890432E+01   -0.13810517887234141070E-14   -0.23441083125723424402E-15
    0.80369059156956961232E+01    0.71864595469183796199E-16    0.10457239341805794780E-15
    0.80456937125025032032E+01    0.14358615525955647220E-14    0.18233173160473423771E-15
    0.80544815093093102831E+01    0.95338030495543829948E-15   -0.30216322444041715291E-15
    0.80632693061161173631E+01   -0.81960202460451885990E-15   -0.87274390035417226321E-15
    0.80720571029229226667E+01   -0.18617987451284670135E-14   -0.74364359000710234628E-15
    0.80808448997297297467E+01   -0.12361751870457484317E-14    0.16313044085734267953E-15
    0.80896326965365368267E+01   -0.25650069500011460662E-16    0.98970511798030501722E-15
    0.80984204933433439066E+01    0.32575442698562015006E-15    0.95121172382589612435E-15
    0.81072082901501509866E+01   -0.26440019910682163784E-15    0.28004595556956316801E-15
    0.81159960869569580666E+01   -0.80783361913592356726E-15   -0.15960930348639285576E-15
    0.81247838837637633702E+01   -0.65761872621974477565E-15    0.20130954290785327332E-16
    0.81335716805705704502E+01   -0.12656540386879110547E-15    0.34631463199699966127E-15
    0.81423594773773775302E+01    0.18801417097546519880E-15    0.24726658144020244704E-15
    0.81511472741841846101E+01    0.15468770056179562604E-15   -0.18762297375749867688E-15
    0.81599350709909916901E+01    0.42656944204661986930E-16   -0.43658498220273672675E-15
    0.81687228677977987701E+01    0.73789439675182687517E-17   -0.30610399507711515177E-15
    0.81775106646046058501E+01   -0.95490645326383182041E-16   -0.15862598314665788965E-15
    0.81862984614114111537E+01   -0.36932922376451836358E-15   -0.30532926413785762203E-15
    0.81950862582182182337E+01   -0.57025108272521076524E-15   -0.45693537681314564315E-15
    0.82038740550250253136E+01   -0.37322250937283740690E-15   -0.94700991378322422828E-16
    0.82126618518318323936E+01    0.77831722326789993509E-16    0.68953917829059285818E-15
    0.82214496486386394736E+01    0.16179186811268360937E-15    0.10806425866818854416E-14
    0.82302374454454465535E+01   -0.41540169200455472151E-15    0.52848051455461886222E-15
    0.82390252422522518572E+01   -0.98816097055815191750E-15   -0.40548910436164386653E-15
    0.82478130390590589371E+01   -0.61309591085687066468E-15   -0.63982354971738443084E-15
    0.82566008358658660171E+01    0.59955551019826366567E-15    0.97656177330677875943E-16
    0.82653886326726730971E+01    0.13243404764400230361E-14    0.91974481124629960511E-15
    0.82741764294794801771E+01    0.60237168816431145943E-15    0.91050119656949269526E-15
    0.82829642262862872570E+01   -0.79967617849092773229E-15    0.20389463489416457166E-15
    0.82917520230930943370E+01   -0.12642983234739420313E-14   -0.32196756992125257876E-15
    0.83005398198998996406E+01   -0.33450846965983362819E-15   -0.87968900378278972744E-16
    0.83093276167067067206E+01    0.74491035380349999896E-15    0.69292822287977925969E-15
    0.83181154135135138006E+01    0.68989804669620150593E-15    0.13805018182230021792E-14
    0.83269032103203208806E+01   -0.25509121741184479116E-15    0.14125975345000250543E-14
    0.83356910071271279605E+01   -0.83513566264780234991E-15    0.65475388371734868267E-15
    0.83444788039339350405E+01   -0.38793687548773210780E-15   -0.38119721827960620578E-15
    0.83532666007407403441E+01    0.53434324107396345010E-15   -0.78659814008040587231E-15
    0.83620543975475474241E+01    0.10329166541700452003E-14   -0.14971683103246716683E-15
    0.83708421943543545041E+01    0.80280549029886098617E-15    0.79329693888571627263E-15
    0.83796299911611615840E+01    0.18977379470320013884E-15    0.89405295355795108645E-15
    0.83884177879679686640E+01   -0.24202249297836321284E-15   -0.50336162983948994644E-17
    0.83972055847747757440E+01   -0.98092234186400896844E-16   -0.80746074317644918707E-15
    0.84059933815815828240E+01    0.56891861565431765650E-15   -0.55291068318937353534E-15
    0.84147811783883881276E+01    0.11664143364207088721E-14    0.35338587518852820383E-15
    0.84235689751951952076E+01    0.10551896567790771338E-14    0.74510894712329878671E-15
    0.84323567720020022875E+01    0.30021967947825379070E-15    0.21128831480382371382E-15
    0.84411445688088093675E+01   -0.28200937932565959472E-15   -0.46920082560945772549E-15
    0.84499323656156164475E+01   -0.71842398192879027516E-16   -0.47375182882876186754E-15
    0.84587201624224235275E+01    0.55765309883521091459E-15    0.48649745336589037543E-17
    0.84675079592292288311E+01    0.72988763942701023523E-15    0.18279842744767241013E-15
    0.84762957560360359111E+01    0.17990497678942877266E-15   -0.16035596110049670230E-15
    0.84850835528428429910E+01   -0.44614178250496032029E-15   -0.39276714301106131100E-15
    0.84938713496496500710E+01   -0.46604208181344468625E-15    0.74081790853920573638E-17
    0.85026591464564571510E+01    0.23615004293383802374E-16    0.61591258849373282634E-15
    0.85114469432632642309E+01    0.39920000951870201517E-15    0.58275733305671305852E-15
    0.85202347400700713109E+01    0.29491882296426493905E-15   -0.20069097339664783755E-15
    0.85290225368768766145E+01   -0.85338767162318349391E-16   -0.86197791947025607477E-15
    0.85378103336836836945E+01   -0.34663348528845338740E-15   -0.62336840597883369975E-15
    0.85465981304904907745E+01   -0.31685065372136690500E-15    0.23968688520594823656E-15
    0.85553859272972978545E+01   -0.93513051116817064822E-16    0.78886905394440846946E-15
    0.85641737241041049344E+01    0.10775225982003355063E-15    0.47934482789725036758E-15
    0.85729615209109120144E+01    0.11443237932534560218E-15   -0.38556142338620080691E-15
    0.85817493177177173180E+01   -0.47341697999035927989E-16   -0.10701716916787655094E-14
    0.85905371145245243980E+01   -0.95358933188730549255E-16   -0.95750477724610275715E-15
    0.85993249113313314780E+01    0.22817109237817134757E-15    0.34944071297891875892E-16
    0.86081127081381385580E+01    0.74151231046993723206E-15    0.11761561089746538559E-14
    0.86169005049449456379E+01    0.86699661629507739054E-15    0.12990509511736685400E-14
    0.86256883017517527179E+01    0.29518493270370394806E-15    0.34994893592940206280E-16
    0.86344760985585597979E+01   -0.50993526502191862226E-15   -0.13654098032169618251E-14
    0.86432638953653651015E+01   -0.77811498817169151890E-15   -0.12245725393530822233E-14
    0.86520516921721721815E+01   -0.34057050409168764460E-15    0.48902942001162838810E-15
    0.86608394889789792614E+01    0.18447271364293843309E-15    0.18951862838712009987E-14
    0.86696272857857863414E+01    0.19565918473026738608E-15    0.13932752041132094159E-14
    0.86784150825925934214E+01   -0.18561496252710298441E-15   -0.45788972807967380870E-15
    0.86872028793994005014E+01   -0.40618270964880763538E-15   -0.17684708894189695862E-14
    0.86959906762062058050E+01   -0.23883860089479862122E-15   -0.14336219364723332072E-14
    0.87047784730130128850E+01   -0.53786568166479570976E-17    0.50354858683554974496E-17
    0.87135662698198199649E+01   -0.62687682343515067088E-16    0.12491371262348161483E-14
    0.87223540666266270449E+01   -0.33674801390890913855E-15    0.13199984971176624166E-14
    0.87311418634334341249E+01   -0.50189550037546342844E-15    0.11867354983860287034E-15
    0.87399296602402412049E+01   -0.45687568773859179748E-15   -0.13602653474018262239E-14
    0.87487174570470482848E+01   -0.43672916478733158143E-15   -0.15885030359221846326E-14
    0.87575052538538535885E+01   -0.63007005617418394957E-15   -0.30351827928270397795E-16
    0.87662930506606606684E+01   -0.85962631181834558856E-15    0.18643165164382521156E-14
    0.87750808474674677484E+01   -0.79240807301434760868E-15    0.20751427001004511208E-14
    0.87838686442742748284E+01   -0.38477704630520917200E-15    0.44134560759831461534E-15
    0.87926564410810819084E+01    0.26801787849257566345E-16   -0.10255419800146672259E-14
    0.88014442378878889883E+01    0.10812105430770030617E-15   -0.62217840506209279591E-15
    0.88102320346946942919E+01   -0.12515231349626173107E-15    0.97899846000587268874E-15
    0.88190198315015013719E+01   -0.37288413395946894971E-15    0.17898673988160232282E-14
    0.88278076283083084519E+01   -0.32027108524748526676E-15    0.97429312045236649928E-15
    0.88365954251151155319E+01    0.14200977415474742744E-15   -0.40794690187121580287E-15
    0.88453832219219226118E+01    0.77980373553694605213E-15   -0.95818400945833456553E-15
    0.88541710187287296918E+01    0.10334914591369195998E-14   -0.42446877922898475105E-15
    0.88629588155355367718E+01    0.49777438129246181943E-15    0.46619274005105831998E-15
    0.88717466123423420754E+01   -0.44820409906583586339E-15    0.96261864380604688946E-15
    0.88805344091491491554E+01   -0.78580518267513315851E-15    0.82231132000434485227E-15
    0.88893222059559562354E+01    0.15211626565551919342E-16    0.25115117252750835341E-15
    0.88981100027627633153E+01    0.11832950178083290745E-14   -0.29818275322310608790E-15
    0.89068977995695703953E+01    0.14485000796329175356E-14   -0.42896564890473357894E-15
    0.89156855963763774753E+01    0.52555291543155671023E-15   -0.11986642091256631736E-15
    0.89244733931831827789E+01   -0.57681100533763435640E-15    0.26774569491140914365E-15
    0.89332611899899898589E+01   -0.76185510768716367092E-15    0.37342284299330641901E-15
    0.89420489867967969388E+01    0.53536243078256332253E-16    0.16804431129985837869E-15
    0.89508367836036040188E+01    0.10704677931218977266E-14   -0.11859027312723400020E-15
    0.89596245804104110988E+01    0.13377684880906088386E-14   -0.25701683306718799487E-15
    0.89684123772172181788E+01    0.38815655583600161517E-15   -0.16816734414320134739E-15
    0.89772001740240252587E+01   -0.12938093404059152172E-14    0.76097481504509840263E-16
    0.89859879708308305624E+01   -0.22371244803824373363E-14    0.30047010045347127892E-15
    0.89947757676376376423E+01   -0.12341586760349862604E-14    0.34010162325128962790E-15
    0.90035635644444447223E+01    0.99398154764780704264E-15    0.17423462925493192177E-15
    0.90123513612512518023E+01    0.20718038666571419155E-14   -0.55726836920382093447E-16
    0.90211391580580588823E+01    0.63756122923515036970E-15   -0.17166673402738731618E-15
    0.90299269548648659622E+01   -0.17353391988805953890E-14   -0.85755921997582594228E-16
    0.90387147516716712659E+01   -0.23352904956448390021E-14    0.14922374075857242225E-15
    0.90475025484784783458E+01   -0.60858434487319527101E-15    0.33859765839862330486E-15
    0.90562903452852854258E+01    0.12617455526317524464E-14    0.25291021831565531720E-15
    0.90650781420920925058E+01    0.11742523486683318647E-14   -0.13877144214593180926E-15
    0.90738659388988995858E+01   -0.51491353177604684037E-15   -0.53634107714723398306E-15
    0.90826537357057066657E+01   -0.18904321050097691052E-14   -0.56158254231994228337E-15
    0.90914415325125137457E+01   -0.17844505230140272289E-14   -0.15863904664912784748E-15
    0.91002293293193190493E+01   -0.63684767429118905987E-15    0.33804716998954883287E-15
    0.91090171261261261293E+01    0.48197258253327144006E-15    0.54606041224656627302E-15
    0.91178049229329332093E+01    0.90254167616871435506E-15    0.35277097678899950120E-15
    0.91265927197397402892E+01    0.55368275396242392537E-15   -0.66773854552914148832E-16
    0.91353805165465473692E+01   -0.23900333269700477791E-15   -0.38195763778766792043E-15
    0.91441683133533544492E+01   -0.97547460267931164570E-15   -0.30634714105534434161E-15
    0.91529561101601597528E+01   -0.12033814431529939902E-14    0.13533670964167955370E-15
    0.91617439069669668328E+01   -0.72373776530817512963E-15    0.49772947186630448526E-15
    0.91705317037737739128E+01    0.25390277292297586543E-15    0.32417486823164503203E-15
    0.91793195005805809927E+01    0.10313852296609056284E-14   -0.27026480159506620049E-15
    0.91881072973873880727E+01    0.79365548739834944118E-15   -0.63070448036235838087E-15
    0.91968950941941951527E+01   -0.50074055083264922036E-15   -0.32801571986532678529E-15
    0.92056828910010004563E+01   -0.16569964637196252570E-14    0.28011718715174509406E-15
    0.92144706878078075363E+01   -0.13521873952356551009E-14    0.49332490313691564743E-15
    0.92232584846146146162E+01    0.21628065426461394565E-15    0.10491129827176188992E-15
    0.92320462814214216962E+01    0.13370956459754337757E-14   -0.41917150628713295524E-15
    0.92408340782282287762E+01    0.75360957188480545305E-15   -0.55446285475018137846E-15
    0.92496218750350358562E+01   -0.84173513213837791310E-15   -0.25294444002500261455E-15
    0.92584096718418411598E+01   -0.17452474433735176874E-14    0.16692688537104703919E-15
    0.92671974686486482398E+01   -0.11495124328710268945E-14    0.40530413557356187479E-15
    0.92759852654554553197E+01    0.25353943023456648668E-15    0.37339164142284597124E-15
    0.92847730622622623997E+01    0.12451405974540940592E-14    0.14482955731216224373E-15
    0.92935608590690694797E+01    0.10954150020669602016E-14   -0.12530559720733042275E-15
    0.93023486558758765597E+01   -0.83913203592492796628E-16   -0.25687356715355410198E-15
    0.93111364526826818633E+01   -0.13539725294199767349E-14   -0.96449241692044403674E-16
    0.93199242494894889433E+01   -0.15040260260591404605E-14    0.37340713070120397454E-15
    0.93287120462962960232E+01   -0.19474287186604481228E-15    0.86383400005663306054E-15
    0.93374998431031031032E+01    0.13979718933110917642E-14    0.79172491623823263778E-15
    0.93462876399099101832E+01    0.17015635056330101366E-14   -0.14045294420110101897E-15
    0.93550754367167172632E+01    0.48109335483912185784E-15   -0.12372435835635039240E-14
    0.93638632335235243431E+01   -0.94714868683848575631E-15   -0.11854427338169373046E-14
    0.93726510303303296467E+01   -0.12654994975676722806E-14    0.34713077029991751241E-15
    0.93814388271371367267E+01   -0.44033032079953280259E-15    0.17860392697353674005E-14
    0.93902266239439438067E+01    0.61537410122572253914E-15    0.12806084717523629894E-14
    0.93990144207507508867E+01    0.10521325805322205195E-14   -0.82832714366387316565E-15
    0.94078022175575579666E+01    0.63948319737040189355E-15   -0.20919696903702124305E-14
    0.94165900143643650466E+01   -0.23622290453117709476E-15   -0.94338226812648763749E-15
    0.94253778111711703502E+01   -0.79370129399792648203E-15    0.11914195944082825497E-14
    0.94341656079779774302E+01   -0.45049621866260724180E-15    0.16969158876771664468E-14
    0.94429534047847845102E+01    0.51677758497569818219E-15   -0.17538298964653318972E-16
    0.94517412015915915902E+01    0.11169847444743583053E-14   -0.19807041897443322066E-14
    0.94605289983983986701E+01    0.68594893554511474612E-15   -0.21863556131771470521E-14
    0.94693167952052057501E+01   -0.36976879165053516323E-15   -0.68487249257258868171E-15
    0.94781045920120128301E+01   -0.10969746991732083911E-14    0.99011146919016423135E-15
    0.94868923888188181337E+01   -0.99309385823561143986E-15    0.14752044105353793705E-14
    0.94956801856256252137E+01   -0.32049597428041934079E-15    0.48484903755874356809E-15
    0.95044679824324322936E+01    0.36265152717378211039E-15   -0.11789007292798147156E-14
    0.95132557792392393736E+01    0.67435424056238261575E-15   -0.20299493791991806481E-14
    0.95220435760460464536E+01    0.53357425637015104305E-15   -0.10671089236905897958E-14
    0.95308313728528535336E+01    0.12275960414111047655E-15    0.93922667705036455442E-15
    0.95396191696596588372E+01   -0.23633059897495934317E-15    0.18820661368529117345E-14
    0.95484069664664659172E+01   -0.29257732497616649235E-15    0.62874490905065978016E-15
    0.95571947632732729971E+01   -0.26264509879829637134E-16   -0.14676533400277224312E-14
    0.95659825600800800771E+01    0.36651973891116495890E-15   -0.21360958756293174292E-14
    0.95747703568868871571E+01    0.57483538726542849316E-15   -0.80754832626637121366E-15
    0.95835581536936942371E+01    0.34741793508421732109E-15    0.95005379201679156832E-15
    0.95923459505005013170E+01   -0.26174853892606510628E-15    0.14220646001525684975E-14
    0.96011337473073066207E+01   -0.80021391043548329339E-15    0.41704758785634137169E-15
    0.96099215441141137006E+01   -0.77864256173810788174E-15   -0.10098447597304245230E-14
    0.96187093409209207806E+01   -0.16981530112448769338E-15   -0.16315709727481005282E-14
    0.96274971377277278606E+01    0.53693879267562807189E-15   -0.85772443647362979216E-15
    0.96362849345345349406E+01    0.76807724401341214629E-15    0.80059353069404210643E-15
    0.96450727313413420205E+01    0.28288488599091720485E-15    0.17906000653381877615E-14
    0.96538605281481491005E+01   -0.65926586200941205478E-15    0.87677082296831279441E-15
    0.96626483249549544041E+01   -0.12982041784869374789E-14   -0.12162536373770851450E-14
    0.96714361217617614841E+01   -0.84216364512899117889E-15   -0.22140911284588421343E-14
    0.96802239185685685641E+01    0.58696770091556485511E-15   -0.88441009311087257701E-15
    0.96890117153753756440E+01    0.15797677249772390418E-14    0.12960280694686022232E-14
    0.96977995121821827240E+01    0.82308291566802045357E-15    0.19084638996031090321E-14
    0.97065873089889898040E+01   -0.10643168862016146989E-14    0.46949492001740982917E-15
    0.97153751057957951076E+01   -0.18737920379175812047E-14   -0.12097139846300433268E-14
    0.97241629026026021876E+01   -0.44748234615818408239E-15   -0.13701612362154454635E-14
    0.97329506994094092676E+01    0.16474991163639369655E-14   -0.14312117851196603511E-15
    0.97417384962162163475E+01    0.19966711779585643963E-14    0.10930128581662846052E-14
    0.97505262930230234275E+01    0.32475080831278454598E-15    0.12745459492238986364E-14
    0.97593140898298305075E+01   -0.12832495032610239635E-14    0.36839217268017953836E-15
    0.97681018866366375875E+01   -0.10929979191873342221E-14   -0.85210763662268174218E-15
    0.97768896834434428911E+01    0.30156110817675875258E-15   -0.13001644352208877581E-14
    0.97856774802502499710E+01    0.11380661810446816628E-14   -0.41122825022903915525E-15
    0.97944652770570570510E+01    0.70394034269721482552E-15    0.10527886385915227186E-14
    0.98032530738638641310E+01   -0.18110957132595382232E-15    0.14857912797374795117E-14
    0.98120408706706712110E+01   -0.52790920903519331129E-15    0.23188751303117092295E-15
    0.98208286674774782909E+01   -0.27665823937118222333E-15   -0.13788957709038124886E-14
    0.98296164642842835946E+01    0.27984498793609165571E-16   -0.15207873039928162175E-14
    0.98384042610910906745E+01    0.62104961853743496908E-16   -0.10079268776793718943E-15
    0.98471920578978977545E+01   -0.42825583805040327025E-16    0.11595891521411652484E-14
    0.98559798547047048345E+01   -0.93141122702212527893E-16    0.86910678951282299523E-15
    0.98647676515115119145E+01   -0.13951974538875690945E-15   -0.48170287123467765250E-15
    0.98735554483183189944E+01   -0.31482863345474896585E-15   -0.13822033807745711237E-14
    0.98823432451251260744E+01   -0.52865805263948308315E-15   -0.98677313521662878394E-15
    0.98911310419319313780E+01   -0.49710940924594838440E-15    0.29876916879373925388E-15
    0.98999188387387384580E+01   -0.11595991253356559356E-15    0.13960470124645018713E-14
    0.99087066355455455380E+01    0.31589486548898692306E-15    0.13241119739839711879E-14
    0.99174944323523526180E+01    0.39156930481834086176E-15    0.27059998317637157962E-16
    0.99262822291591596979E+01    0.46017959737430893194E-16   -0.10267092151401589052E-14
    0.99350700259659667779E+01   -0.37366747458776439140E-15   -0.60312057979122731634E-16
    0.99438578227727720815E+01   -0.43248036433471904860E-15    0.20597808900744017636E-14
    0.99526456195795791615E+01   -0.23901623190514125945E-16    0.13830137247102274123E-14
    0.99614334163863862415E+01    0.12526556636728019417E-15   -0.24723011479135802000E-14
    0.99702212131931933214E+01   -0.11992477819781761208E-14   -0.10058020184332937698E-14
    0.99790090100000004014E+01    0.97747996761259595666E-15   -0.11629581031923972332E-14
