    0.11999999999999999556E+01    0.00000000000000000000E+00    0.00000000000000000000E+00
    0.12087877968068068135E+01    0.82863443780724500126E-12    0.69773292059551722124E-17
    0.12175755936136136715E+01   -0.12130296358261898572E-11    0.92780926924337999182E-17
    0.12263633904204203073E+01   -0.11858292047790815784E-11    0.97036667888865461520E-17
    0.12351511872272271653E+01    0.25936389707639079743E-11    0.52289177894985382014E-18
    0.12439389840340340232E+01    0.26137653344441110934E-11   -0.14872936178882654867E-16
    0.12527267808408408811E+01   -0.47589426897050008308E-11   -0.26062692200241546385E-16
    0.12615145776476475170E+01   -0.11061747810417772075E-10   -0.23262641842816665940E-16
    0.12703023744544543749E+01   -0.65022017625480646349E-11   -0.49169788882463399094E-17
    0.12790901712612612329E+01    0.45730539058584424857E-11    0.16601704692620418285E-16
    0.12878779680680680908E+01    0.68683307905512157612E-11    0.22256025403250106451E-16
    0.12966657648748749487E+01   -0.45028791548987003149E-11    0.59482270730309325894E-17
    0.13054535616816815846E+01   -0.13012249862311895510E-10   -0.15330557909715925967E-16
    0.13142413584884884425E+01   -0.19001525436991079862E-11   -0.19283399178213482906E-16
    0.13230291552952953005E+01    0.17611483901447005288E-10   -0.33122026164330180001E-17
    0.13318169521021021584E+01    0.15066346418962437257E-10    0.14789794862013290745E-16
    0.13406047489089087943E+01   -0.15050475780227186823E-10    0.19885471819207756912E-16
    0.13493925457157156522E+01   -0.32658613490790117262E-10    0.15524927741004159611E-16
    0.13581803425225225102E+01   -0.17192714660020755548E-11    0.14531976633650012582E-16
    0.13669681393293293681E+01    0.46233951645099300460E-10    0.21694475122560298596E-16
    0.13757559361361360040E+01    0.36556663755307406491E-10    0.28723932451268655742E-16
    0.13845437329429428619E+01   -0.40788424711383828295E-10    0.21492009630720362687E-16
    0.13933315297497497198E+01   -0.83238039964735708232E-10   -0.99025036851666225432E-17
    0.14021193265565565778E+01   -0.18370554125477309336E-11   -0.58214733160195977439E-16
    0.14109071233633634357E+01    0.12001465774587431692E-09   -0.89632454447347484643E-16
    0.14196949201701700716E+01    0.91989863239042739727E-10   -0.65257266915642827194E-16
    0.14284827169769769295E+01   -0.10798962522872403763E-09    0.90867726616856433455E-17
    0.14372705137837837874E+01   -0.21427417701103598642E-09    0.61966332905495219111E-16
    0.14460583105905906454E+01   -0.62434096337657859634E-12    0.14981470286894384607E-16
    0.14548461073973975033E+01    0.31282820814527891360E-09   -0.13962609798496444464E-15
    0.14636339042042041392E+01    0.23427139175407619062E-09   -0.33315784661201089958E-15
    0.14724217010110109971E+01   -0.28673588865434084992E-09   -0.48321324122283421880E-15
    0.14812094978178178550E+01   -0.55656427127187041348E-09   -0.54880512478072203794E-15
    0.14899972946246244909E+01    0.59477091444102157595E-11   -0.54518422011630851335E-15
    0.14987850914314313489E+01    0.81426677369220504248E-09   -0.53740310800155643069E-15
    0.15075728882382382068E+01    0.58078912593170320391E-09   -0.59189954106201217591E-15
    0.15163606850450450647E+01   -0.82358197073376023085E-09   -0.69161428615797595205E-15
    0.15251484818518519226E+01   -0.16112527378396707975E-08   -0.70668354382142783488E-15
    0.15339362786586585585E+01   -0.38027708905304013661E-09   -0.50907217347419974205E-15
    0.15427240754654654165E+01    0.10489374217823700961E-08   -0.12228060127010239675E-15
    0.15515118722722722744E+01   -0.13646117164536530814E-08    0.24442203624484949161E-15
    0.15602996690790791323E+01   -0.94413119957986158288E-08    0.27424058254764043300E-15
    0.15690874658858859902E+01   -0.22031398444920915165E-07   -0.29655930773166188040E-15
    0.15778752626926926261E+01   -0.44043768603900351352E-07   -0.13583475230915223468E-14
    0.15866630594994994841E+01   -0.98822031250551607658E-07   -0.21590124243971871165E-14
    0.15954508563063063420E+01   -0.23922361205898083044E-06   -0.17406753121799105884E-14
    0.16042386531131129779E+01   -0.55900439541707576500E-06   -0.16114654366543371396E-17
    0.16130264499199198358E+01   -0.12407489034536518749E-05    0.18300952713076043600E-14
    0.16218142467267266937E+01   -0.26894982915639296382E-05    0.22864811436360873233E-14
    0.16306020435335335517E+01   -0.57321510237010144648E-05    0.11041661520802520978E-14
    0.16393898403403404096E+01   -0.12040707338072364476E-04   -0.65761011310166463651E-15
    0.16481776371471470455E+01   -0.24783320613269673772E-04   -0.17169612710214354071E-14
    0.16569654339539539034E+01   -0.49828125993854602478E-04   -0.14852431931491253070E-14
    0.16657532307607607613E+01   -0.98165327270468937101E-04   -0.19873105854142979497E-15
    0.16745410275675676193E+01   -0.18921713518110715407E-03    0.12769011447817388450E-14
    0.16833288243743744772E+01   -0.35702356830798317924E-03    0.19458934525767422837E-14
    0.16921166211811811131E+01   -0.65918928781807527469E-03    0.14295559953841930424E-14
    0.17009044179879879710E+01   -0.11897215949754388464E-02    0.31209109982847453003E-15
    0.17096922147947948289E+01   -0.21000276498715597477E-02   -0.50612429961369436422E-15
    0.17184800116016014648E+01   -0.36244712420986416844E-02   -0.67997289391914228446E-15
    0.17272678084084085448E+01   -0.61164759352600843456E-02   -0.50810201035903953524E-15
    0.17360556052152151807E+01   -0.10094201291063618214E-01   -0.32056766812938076783E-15
    0.17448434020220220386E+01   -0.16290963770928632015E-01   -0.83155622234553190056E-16
    0.17536311988288288966E+01   -0.25713742988694682917E-01    0.30884684798477800683E-15
    0.17624189956356355324E+01   -0.39700658301416384688E-01    0.59763189556478266185E-15
    0.17712067924424426124E+01   -0.59954604742842997067E-01    0.35799938901330062969E-15
    0.17799945892492492483E+01   -0.88553376553837048757E-01   -0.26732452421687869578E-15
    0.17887823860560561062E+01   -0.12791073203660946467E+00   -0.33846195616448750177E-15
    0.17975701828628629642E+01   -0.18063314784141601410E+00    0.82321434909259008894E-15
    0.18063579796696696000E+01   -0.24931373289035507756E+00    0.24409172721635858587E-14
    0.18151457764764764580E+01   -0.33616204083571382677E+00    0.29829023079922590590E-14
    0.18239335732832833159E+01   -0.44248738000381038216E+00    0.24716403751756876039E-14
    0.18327213700900899518E+01   -0.56811225519044716847E+00    0.33523788358976160976E-14
    0.18415091668968970318E+01   -0.71066953870820059880E+00    0.77159947300090238910E-14
    0.18502969637037036676E+01   -0.86490456566471207722E+00    0.14011272350486554968E-13
    0.18590847605105105256E+01   -0.10222480954698345279E+01    0.18225190648001725118E-13
    0.18678725573173173835E+01   -0.11706474320917850118E+01    0.18860529789917701750E-13
    0.18766603541241240194E+01   -0.12948397967510496542E+01    0.19289049878804544163E-13
    0.18854481509309310994E+01   -0.13775368337464066748E+01    0.23305006847753247019E-13
    0.18942359477377377353E+01   -0.14010465431674326009E+01    0.29487827415195564770E-13
    0.19030237445445445932E+01   -0.13496660666580091448E+01    0.32243903613213402160E-13
    0.19118115413513514511E+01   -0.12127229486221016153E+01    0.28521740876393615204E-13
    0.19205993381581580870E+01   -0.98744421298058004943E+00    0.21474350959255515465E-13
    0.19293871349649649449E+01   -0.68127799256304355513E+00    0.15974515487628141296E-13
    0.19381749317717718029E+01   -0.31365395947728508252E+00    0.12471866043643907459E-13
    0.19469627285785784387E+01    0.84493747307692546045E-01    0.72367319123616278861E-14
    0.19557505253853855187E+01    0.47318267227307730938E+00   -0.19810161892723360528E-14
    0.19645383221921921546E+01    0.80727742638997890268E+00   -0.12600166727673568323E-13
    0.19733261189989990125E+01    0.10430077270292290592E+01   -0.20228514695237534852E-13
    0.19821139158058058705E+01    0.11452189806194421617E+01   -0.23127932005100258636E-13
    0.19909017126126125063E+01    0.10938068172204320483E+01   -0.22725947653418737441E-13
    0.19996895094194195863E+01    0.88930910024238141176E+00   -0.20769962951044409072E-13
    0.20084773062262262222E+01    0.55591558932359275147E+00   -0.17355134150567880550E-13
    0.20172651030330328581E+01    0.13912829445242258508E+00   -0.11660951077616269116E-13
    0.20260528998398399381E+01   -0.29904559324716972757E+00   -0.34390527534154171097E-14
    0.20348406966466465740E+01   -0.68900037731443208866E+00    0.63156430336275536574E-14
    0.20436284934534532098E+01   -0.96579886355730504288E+00    0.15428696406368491328E-13
    0.20524162902602602898E+01   -0.10807062060484842192E+01    0.21156936387081046679E-13
    0.20612040870670673698E+01   -0.10103376739576968024E+01    0.21783151273865701181E-13
    0.20699918838738740057E+01   -0.76372778815360231608E+00    0.18120682039024017804E-13
    0.20787796806806806416E+01   -0.38193363164626453754E+00    0.12659760981243514836E-13
    0.20875674774874877215E+01    0.68720279358078839582E-01    0.68242334779618770958E-14
    0.20963552742942943574E+01    0.50666438759382259605E+00   -0.24351773020856483970E-15
    0.21051430711011009933E+01    0.85048526733247886700E+00   -0.92305555962052838699E-14
    0.21139308679079080733E+01    0.10352833828194545340E+01   -0.17744809140313598108E-13
    0.21227186647147147092E+01    0.10246042248255686768E+01   -0.21537919909305902928E-13
    0.21315064615215213450E+01    0.81838888395778619511E+00   -0.19029717090923980991E-13
    0.21402942583283284250E+01    0.45532510312236434968E+00   -0.13358012232492887916E-13
    0.21490820551351350609E+01    0.44143724826433096073E-02   -0.84972019232626030317E-14
    0.21578698519419421409E+01   -0.44752900925900535034E+00   -0.44924055563157331907E-14
    0.21666576487487487768E+01   -0.81186702956756606753E+00    0.16205076164833077952E-14
    0.21754454455555558567E+01   -0.10167014387707884460E+01    0.10368063726574583739E-13
    0.21842332423623624926E+01   -0.10217494526610717553E+01    0.17359021845011416264E-13
    0.21930210391691691285E+01   -0.82498382784684443081E+00    0.17965978360436728789E-13
    0.22018088359759762085E+01   -0.46490667035437138743E+00    0.13039983201546210319E-13
    0.22105966327827828444E+01   -0.13044846434209821442E-01    0.77621294104132935766E-14
    0.22193844295895894803E+01    0.44147657342689244908E+00    0.50714027297922036169E-14
    0.22281722263963965602E+01    0.80864224769016634919E+00    0.23856723350818091600E-14
    0.22369600232032031961E+01    0.10151046949788709028E+01   -0.37262787680836112308E-14
    0.22457478200100098320E+01    0.10203472518472009867E+01   -0.11659971729480427517E-13
    0.22545356168168169120E+01    0.82370957642757303141E+00   -0.15931537519024007662E-13
    0.22633234136236239920E+01    0.46378341774266174102E+00   -0.13847423745606578632E-13
    0.22721112104304301837E+01    0.12312943331127666757E-01   -0.88216164591055766907E-14
    0.22808990072372372637E+01   -0.44140464193066120124E+00   -0.56901530498989246524E-14
    0.22896868040440443437E+01   -0.80871328705780709534E+00   -0.47485276770377139965E-14
    0.22984746008508509796E+01   -0.10178672915129278742E+01   -0.23601595289847618131E-14
    0.23072623976576576155E+01   -0.10283964026859857555E+01    0.33168942813597561531E-14
    0.23160501944644646954E+01   -0.83980023520679303317E+00    0.93433542794259426413E-14
    0.23248379912712713313E+01   -0.48922475353883460025E+00    0.11611241098708818813E-13
    0.23336257880780779672E+01   -0.44597441501130270780E-01    0.95793346280840652709E-14
    0.23424135848848850472E+01    0.40845479853892979749E+00    0.61310599856739316409E-14
    0.23512013816916916831E+01    0.78441188445098963822E+00    0.36440854972444619582E-14
    0.23599891784984983190E+01    0.10138884646619841234E+01    0.16765600386921206489E-14
    0.23687769753053053989E+01    0.10551140771682097075E+01   -0.13358876929164224364E-14
    0.23775647721121124789E+01    0.90237567847679256428E+00   -0.55809509953037381867E-14
    0.23863525689189186707E+01    0.58565219825240211193E+00   -0.96016761750931456927E-14
    0.23951403657257257507E+01    0.16324609484756136268E+00   -0.11774465397547510970E-13
    0.24039281625325328307E+01   -0.28844034294859205447E+00   -0.11476480584328864519E-13
    0.24127159593393394665E+01   -0.68932937814972738977E+00   -0.92811031573190005047E-14
    0.24215037561461461024E+01   -0.97056390849470619564E+00   -0.67023679440979048766E-14
    0.24302915529529531824E+01   -0.10852173039985175684E+01   -0.51063991084970516226E-14
    0.24390793497597598183E+01   -0.10154990524710638677E+01   -0.40719642943812041158E-14
    0.24478671465665664542E+01   -0.77570307081388711890E+00   -0.12582038663401708520E-14
    0.24566549433733735341E+01   -0.40752128762534106654E+00    0.46771231002975906721E-14
    0.24654427401801801700E+01    0.27464458564424559794E-01    0.11167039630141405864E-13
    0.24742305369869868059E+01    0.45812476564625687070E+00    0.13613883471309193182E-13
    0.24830183337937938859E+01    0.81615757856724435726E+00    0.10755613360678566160E-13
    0.24918061306006009659E+01    0.10468480118720762118E+01    0.66998787982193773835E-14
    0.25005939274074071577E+01    0.11162889130748878674E+01    0.58297939217199460343E-14
    0.25093817242142142376E+01    0.10165186003270336723E+01    0.70397045348837632762E-14
    0.25181695210210213176E+01    0.76530641690596601379E+00    0.53864921068618704005E-14
    0.25269573178278279535E+01    0.40179004138690033177E+00   -0.83587799347812338102E-15
    0.25357451146346345894E+01   -0.19702863177579153786E-01   -0.70524980186468523725E-14
    0.25445329114414416694E+01   -0.43852074690196202189E+00   -0.81272772519022184638E-14
    0.25533207082482483052E+01   -0.79697294081964520363E+00   -0.50341247683503283295E-14
    0.25621085050550549411E+01   -0.10477366407349755217E+01   -0.32890167983792325461E-14
    0.25708963018618620211E+01   -0.11597032039854777707E+01   -0.53947960766931952071E-14
    0.25796840986686686570E+01   -0.11215700521777387522E+01   -0.74343747706285920549E-14
    0.25884718954754752929E+01   -0.94143193527052959624E+00   -0.46629264196383964903E-14
    0.25972596922822823728E+01   -0.64477194918236324650E+00    0.18698058975519526588E-14
    0.26060474890890894528E+01   -0.27022234605592349022E+00    0.66696053537116631049E-14
    0.26148352858958960887E+01    0.13631135002800173761E+00    0.68973650187500376759E-14
    0.26236230827027027246E+01    0.52745950279567399566E+00    0.56728088328056636705E-14
    0.26324108795095098046E+01    0.85976711053134435847E+00    0.71830842295471078430E-14
    0.26411986763163164404E+01    0.10985671728490775667E+01    0.10813497800794639997E-13
    0.26499864731231230763E+01    0.12209440432945979360E+01    0.12146853465129568750E-13
    0.26587742699299301563E+01    0.12172153878580354025E+01    0.88792166786267412264E-14
    0.26675620667367367922E+01    0.10912128618590333229E+01    0.36580165839469693497E-14
    0.26763498635435434281E+01    0.85858450633484917347E+00    0.30140515157900808405E-15
    0.26851376603503505081E+01    0.54438998911091052157E+00   -0.84149770529703934772E-15
    0.26939254571571571439E+01    0.17997663815122560971E+00   -0.24767634877261756919E-14
    0.27027132539639637798E+01   -0.20064601080220598184E+00   -0.63464293457936392163E-14
    0.27115010507707708598E+01   -0.56419001149789249627E+00   -0.11113452601934838641E-13
    0.27202888475775779398E+01   -0.88093507996599207388E+00   -0.14397067351483074228E-13
    0.27290766443843845757E+01   -0.11271991327590160648E+01   -0.15447048040704968286E-13
    0.27378644411911912115E+01   -0.12867101097584883185E+01   -0.15229714580389422256E-13
    0.27466522379979982915E+01   -0.13511462800379361315E+01   -0.14669303250241422754E-13
    0.27554400348048049274E+01   -0.13200767469729461911E+01   -0.13652184409658625273E-13
    0.27642278316116115633E+01   -0.11999453716231585076E+01   -0.11743879626571919251E-13
    0.27730156284184186433E+01   -0.10027372015225866075E+01   -0.91546156446782177601E-14
    0.27818034252252252791E+01   -0.74439688889862709598E+00   -0.65975631070128268158E-14
    0.27905912220320319150E+01   -0.44308226066894906836E+00   -0.43800255931992596227E-14
    0.27993790188388389950E+01   -0.11755843641718172199E+00   -0.20371942081054758978E-14
    0.28081668156456460750E+01    0.21412405813221899176E+00    0.92269393470250959966E-15
    0.28169546124524522668E+01    0.53578202531329632841E+00    0.42037931318999965838E-14
    0.28257424092592593468E+01    0.83381645056937303551E+00    0.70451260740792621347E-14
    0.28345302060660664267E+01    0.10976071129010547267E+01    0.93054292468354619580E-14
    0.28433180028728730626E+01    0.13197006483646520625E+01    0.11770962793266444402E-13
    0.28521057996796796985E+01    0.14956799296014202660E+01    0.14945232194764556259E-13
    0.28608935964864867785E+01    0.16239197871025188302E+01    0.17847681367742946174E-13
    0.28696813932932934144E+01    0.17052160535513700701E+01    0.18822390900574133748E-13
    0.28784691901001000502E+01    0.17423261756477916862E+01    0.17671371382017894746E-13
    0.28872569869069071302E+01    0.17395030608546526718E+01    0.16313279514088590326E-13
    0.28960447837137137661E+01    0.17020313346358884043E+01    0.16608981987809869677E-13
    0.29048325805205204020E+01    0.16357804051740132412E+01    0.18064077776151458723E-13
    0.29136203773273274820E+01    0.15468334373139638327E+01    0.18550981314376097513E-13
    0.29224081741341345619E+01    0.14411728183035172890E+01    0.17046886045523594120E-13
    0.29311959709409407537E+01    0.13244180415821851238E+01    0.14838994227530281001E-13
    0.29399837677477478337E+01    0.12016474031240367282E+01    0.13712140501310301419E-13
    0.29487715645545549137E+01    0.10772578015679028507E+01    0.13824051137536377203E-13
    0.29575593613613615496E+01    0.95489746361131933039E+00    0.13882756816028257882E-13
    0.29663471581681681855E+01    0.83745103819341093487E+00    0.12874649748619818737E-13
    0.29751349549749752654E+01    0.72705766014569161992E+00    0.11017101073782624026E-13
    0.29839227517817819013E+01    0.62517861224716553270E+00    0.91174458588600350826E-14
    0.29927105485885885372E+01    0.53268027015038021954E+00    0.76645764255252609115E-14
    0.30014983453953956172E+01    0.44992692442620124682E+00    0.66328604057217085208E-14
    0.30102861422022022531E+01    0.37687987542603446078E+00    0.57771636096290179700E-14
    0.30190739390090088889E+01    0.31319186798039372333E+00    0.48893490844487651288E-14
    0.30278617358158159689E+01    0.25829245630960462332E+00    0.39133225221771028570E-14
    0.30366495326226230489E+01    0.21146739937970310264E+00    0.29860216049249829379E-14
    0.30454373294294292407E+01    0.17192169716925220779E+00    0.23100612564562755715E-14
    0.30542251262362363207E+01    0.13883085243110201978E+00    0.19241755708354569951E-14
    0.30630129230430434006E+01    0.11138211983406652583E+00    0.16402580032321937903E-14
    0.30718007198498500365E+01    0.88800281378902251594E-01    0.12804564976226759013E-14
    0.30805885166566566724E+01    0.70367366747652454473E-01    0.91584926987132733521E-15
    0.30893763134634637524E+01    0.55433184888754205577E-01    0.76099761306909310833E-15
    0.30981641102702703883E+01    0.43419505675943603773E-01    0.85152581089127153714E-15
    0.31069519070770770242E+01    0.33821140682353097173E-01    0.94114104262947214565E-15
    0.31157397038838841041E+01    0.26202665204323193765E-01    0.80188512389184329507E-15
    0.31245275006906907400E+01    0.20193736583920325611E-01    0.53070775429358650709E-15
    0.31333152974974973759E+01    0.15483147455928034097E-01    0.42171711749410578291E-15
    0.31421030943043044559E+01    0.11812056682364882945E-01    0.56635947851691565498E-15
    0.31508908911111115358E+01    0.89673208422702734705E-02    0.71455873261364847942E-15
    0.31596786879179177276E+01    0.67751140163541563599E-02    0.61248015816218839803E-15
    0.31684664847247248076E+01    0.50947964741584897755E-02    0.35045379431632355183E-15
    0.31772542815315318876E+01    0.38135587551403511697E-02    0.22005825462124284681E-15
    0.31860420783383385235E+01    0.28416161264521585736E-02    0.26926535258359887751E-15
    0.31948298751451451594E+01    0.21079435841942877061E-02    0.18356473692798009953E-15
    0.32036176719519522393E+01    0.15568390347346038310E-02   -0.24943991021493696968E-15
    0.32124054687587593193E+01    0.11448391780186964982E-02   -0.70074125718487777095E-15
    0.32211932655655655111E+01    0.83826539109734649578E-03   -0.61389312735440796065E-15
    0.32299810623723725911E+01    0.61120161503616741300E-03    0.29102298479027548451E-16
    0.32387688591791796711E+01    0.44377450837469138017E-03    0.52202422391443073810E-15
    0.32475566559859858629E+01    0.32087588968824411759E-03    0.26524666433183587816E-15
    0.32563444527927929428E+01    0.23105781938449797622E-03   -0.42407723016066531469E-15
    0.32651322495996000228E+01    0.16569752002239580032E-03   -0.68819811426576550847E-15
    0.32739200464064062146E+01    0.11834436213356761664E-03   -0.22325361576241036836E-15
    0.32827078432132132946E+01    0.84179387554446930475E-04    0.34654029956323942089E-15
    0.32914956400200203745E+01    0.59635403952260795414E-04    0.36559358238810174349E-15
    0.33002834368268265663E+01    0.42077008190712482535E-04    0.58463692990406702537E-16
    0.33090712336336336463E+01    0.29567536085140698693E-04    0.16089877757030164171E-15
    0.33178590304404407263E+01    0.20693912506174476536E-04    0.78678964785182198042E-15
    0.33266468272472478063E+01    0.14424665533970127535E-04    0.11140217076021166577E-14
    0.33354346240540539981E+01    0.10014355033842012619E-04    0.49267430777722208123E-15
    0.33442224208608610780E+01    0.69247825321731503885E-05   -0.49407750057595433848E-15
    0.33530102176676681580E+01    0.47692658348521741845E-05   -0.64345630918707546596E-15
    0.33617980144744743498E+01    0.32721024101110096352E-05    0.27149045073059062719E-15
    0.33705858112812814298E+01    0.22362975147520239768E-05    0.10486972593402075478E-14
    0.33793736080880885098E+01    0.15226782013738814670E-05    0.55793762533853283759E-15
    0.33881614048948947016E+01    0.10330015826286444742E-05   -0.76834317883464605401E-15
    0.33969492017017017815E+01    0.69826806464029013488E-06   -0.14703356484925307296E-14
    0.34057369985085088615E+01    0.47042706787377638389E-06   -0.80190939138355963351E-15
    0.34145247953153150533E+01    0.31588074566832937330E-06    0.51763843766615151224E-15
    0.34233125921221221333E+01    0.21143595673535206415E-06    0.12742642149227793454E-14
    0.34321003889289292133E+01    0.14109193822813330654E-06    0.91961671161815797531E-15
    0.34408881857357362932E+01    0.93864468763784050698E-07   -0.19383936249011949414E-15
    0.34496759825425424850E+01    0.62278918261230842211E-07   -0.11741539840254631591E-14
    0.34584637793493495650E+01    0.41211300614176582753E-07   -0.11345533276861235052E-14
    0.34672515761561566450E+01    0.27198289615061472767E-07    0.50397996702701031687E-16
    0.34760393729629628368E+01    0.17901602009243927920E-07    0.12778287035227421261E-14
    0.34848271697697699167E+01    0.11750098378615041169E-07    0.11451683547612283004E-14
    0.34936149665765769967E+01    0.76955977086587635626E-08   -0.36597407580153387157E-15
    0.35024027633833831885E+01    0.50291697463506382018E-08   -0.15782192524772977385E-14
    0.35111905601901902685E+01    0.32786332969462469744E-08   -0.10325183633068348659E-14
    0.35199783569969973485E+01    0.21312369862278394850E-08    0.70163423975712979380E-15
    0.35287661538038035403E+01    0.13812956346408938794E-08    0.17651526089186602574E-14
    0.35375539506106106202E+01    0.89374012608581754833E-09    0.12103104700040392170E-14
    0.35463417474174177002E+01    0.57749553636899651250E-09   -0.11599754093547596586E-15
    0.35551295442242247802E+01    0.37225392186417235144E-09   -0.89428831447485144031E-15
    0.35639173410310309720E+01    0.23896767637348577819E-09   -0.78442760455572955773E-15
    0.35727051378378380520E+01    0.15280031750925384794E-09   -0.33679266798116907053E-15
    0.35814929346446451319E+01    0.97679109123689960065E-10   -0.71915691003406504676E-17
    0.35902807314514513237E+01    0.62533043579574495718E-10    0.28290515383065021116E-15
    0.35990685282582584037E+01    0.39936424832587378736E-10    0.65086122348351585011E-15
    0.36078563250650654837E+01    0.25284588805682764653E-10    0.75999070383438782463E-15
    0.36166441218718716755E+01    0.15886320824493562887E-10    0.19498834680059702181E-15
    0.36254319186786787554E+01    0.10030627534994380093E-10   -0.70623073312483296459E-15
    0.36342197154854858354E+01    0.64095509396389978068E-11   -0.84657921953135547083E-15
    0.36430075122922929154E+01    0.40847295321067878985E-11    0.33820786610242775780E-15
    0.36517953090990991072E+01    0.25353141793898269273E-11    0.18077492694976079893E-14
    0.36605831059059061872E+01    0.15385125014398119644E-11    0.18813770689809253729E-14
    0.36693709027127132671E+01    0.95758456867617479376E-12    0.29009633419916678915E-15
    0.36781586995195194589E+01    0.62933806092542193489E-12   -0.13174431412757916025E-14
    0.36869464963263265389E+01    0.41127170717915329068E-12   -0.13061915848454141672E-14
    0.36957342931331336189E+01    0.24390566195007199993E-12    0.79641656770378735841E-16
    0.37045220899399398107E+01    0.13189384828862032010E-12    0.12538392407393060600E-14
    0.37133098867467468907E+01    0.79729296631938704835E-13    0.11643945543638398292E-14
    0.37220976835535539706E+01    0.61401829011176115338E-13    0.16298713618890285577E-15
    0.37308854803603601624E+01    0.45424514061258695687E-13   -0.76798179633261452269E-15
    0.37396732771671672424E+01    0.23664704014808066802E-13   -0.97979760383437429785E-15
    0.37484610739739743224E+01    0.71208484588496270329E-14   -0.44552403128266806483E-15
    0.37572488707807814023E+01    0.33230377370405528827E-14    0.36532814631360467215E-15
    0.37660366675875875941E+01    0.62165345268396812541E-14    0.78334762386106671716E-15
    0.37748244643943946741E+01    0.63611653371158062342E-14    0.44278307423374578450E-15
    0.37836122612012017541E+01    0.22730576357868673878E-14   -0.34906889864468028626E-15
    0.37924000580080079459E+01   -0.10349542586777930046E-14   -0.93171426871562886499E-15
    0.38011878548148150259E+01   -0.53773138910660438444E-15   -0.97280273480833229130E-15
    0.38099756516216221058E+01    0.13115656661255894590E-14   -0.70505698834628170848E-15
    0.38187634484284282976E+01    0.10955458823096496140E-14   -0.47788660306648592806E-15
    0.38275512452352353776E+01   -0.85338584274017837397E-15   -0.31105551226192428269E-15
    0.38363390420420424576E+01   -0.16128379547091082976E-14   -0.23970749791916382901E-16
    0.38451268388488486494E+01    0.28115366032955433431E-16    0.33544727683750672802E-15
    0.38539146356556557294E+01    0.20686734161292156564E-14    0.42902488627103233886E-15
    0.38627024324624628093E+01    0.21584894119254653083E-14    0.12510685027557798236E-15
    0.38714902292692698893E+01    0.46551718522821118172E-15   -0.11388568796545169868E-15
    0.38802780260760760811E+01   -0.97670442011072123088E-15    0.29244271990823706514E-15
    0.38890658228828831611E+01   -0.80992154747639380280E-15    0.11495968854634685542E-14
    0.38978536196896902410E+01    0.48531688238306274489E-15    0.14467160341341159902E-14
    0.39066414164964964328E+01    0.15875895235746398836E-14    0.57120903999581671217E-15
    0.39154292133033035128E+01    0.15874409946669612998E-14   -0.69125973581935172374E-15
    0.39242170101101105928E+01    0.46861599923986442002E-15   -0.95429067226222514391E-15
    0.39330048069169167846E+01   -0.89380178973743112059E-15    0.73253387904310418814E-16
    0.39417926037237238646E+01   -0.12328019248386204405E-14    0.11910145265422839838E-14
    0.39505804005305309445E+01   -0.42660373649585987814E-16    0.12385982199650634959E-14
    0.39593681973373371363E+01    0.16114769110830459427E-14    0.49480010503867603042E-15
    0.39681559941441442163E+01    0.20588226341886996641E-14    0.87329235317707513127E-16
    0.39769437909509512963E+01    0.85664906741931579652E-15    0.39489281511065611191E-15
    0.39857315877577583763E+01   -0.73619701621582551659E-15    0.61848192733600596638E-15
    0.39945193845645645681E+01   -0.12784840708636110737E-14    0.87141607172791174200E-16
    0.40033071813713716480E+01   -0.61889502316235667326E-15   -0.59984353436825302584E-15
    0.40120949781781787280E+01    0.32466552540234161839E-15   -0.35184314762175845142E-15
    0.40208827749849849198E+01    0.68165887553765063718E-15    0.70873280624955593900E-15
    0.40296705717917919998E+01    0.27065213508876004571E-15    0.10608243080395979800E-14
    0.40384583685985990797E+01   -0.50598448038479616534E-15   -0.20867363083543227892E-15
    0.40472461654054052715E+01   -0.97044865879756048979E-15   -0.17873131838238845797E-14
    0.40560339622122123515E+01   -0.65164643795396775616E-15   -0.15640835080284941348E-14
    0.40648217590190194315E+01    0.19597177222232153696E-15    0.49957477629395747756E-15
    0.40736095558258256233E+01    0.69038242638579298351E-15    0.19421991928480758346E-14
    0.40823973526326327033E+01    0.27070467359106236321E-15    0.86658876672778038320E-15
    0.40911851494394397832E+01   -0.55189679781253203694E-15   -0.14543531536631662149E-14
    0.40999729462462468632E+01   -0.77402304227607103197E-15   -0.21705673460922960268E-14
    0.41087607430530530550E+01   -0.11834815544514336408E-15   -0.47780130929203515791E-15
    0.41175485398598601350E+01    0.65139316744803057503E-15    0.14578551499997551310E-14
    0.41263363366666672150E+01    0.70522486323856901227E-15    0.14370771901056219537E-14
    0.41351241334734734068E+01    0.65913625453956795321E-16   -0.89280613101205976814E-16
    0.41439119302802804867E+01   -0.59637954650188488692E-15   -0.10090614765397178474E-14
    0.41526997270870875667E+01   -0.73992326613945663010E-15   -0.34046747854008647860E-15
    0.41614875238938937585E+01   -0.34997152798765085200E-15    0.83642083121887227781E-15
    0.41702753207007008385E+01    0.22480201033454891610E-15    0.11207059507105009469E-14
    0.41790631175075079184E+01    0.55075689282322497538E-15    0.48139953086136528724E-15
    0.41878509143143141102E+01    0.39440954147546844446E-15   -0.10979664549955242187E-15
    0.41966387111211211902E+01   -0.24666932728667276609E-16   -0.63758746132999777920E-16
    0.42054265079279282702E+01   -0.14364003673883713137E-15    0.28867731168447651303E-15
    0.42142143047347353502E+01    0.35258134517524353368E-15    0.38242941424247766985E-15
    0.42230021015415415420E+01    0.10844466677150463512E-14    0.11830558619441597264E-15
    0.42317898983483486219E+01    0.13626145886145210581E-14   -0.23056853904270776019E-15
    0.42405776951551557019E+01    0.95833119374870815761E-15   -0.49975697775248756564E-15
    0.42493654919619618937E+01    0.32026253253320526482E-15   -0.77694902100384562982E-15
    0.42581532887687689737E+01    0.23702647733587738007E-16   -0.10669151255081856542E-14
    0.42669410855755760537E+01    0.22309346182606859511E-15   -0.10417731683444513285E-14
    0.42757288823823822455E+01    0.63479570821121851750E-15   -0.40759969913978116455E-15
    0.42845166791891893254E+01    0.80224648243214416927E-15    0.47718341720807597873E-15
    0.42933044759959964054E+01    0.40296118810187028012E-15    0.70091690663473803736E-15
    0.43020922728028034854E+01   -0.41671938468625114187E-15   -0.14323102553436375234E-15
    0.43108800696096096772E+01   -0.92643963242363016841E-15   -0.11914054216819453276E-14
    0.43196678664164167571E+01   -0.46154794741013262109E-15   -0.11718726843456025648E-14
    0.43284556632232238371E+01    0.63420906712639042192E-15    0.21099294934426933362E-16
    0.43372434600300300289E+01    0.10965448372958479080E-14    0.10879328626309317677E-14
    0.43460312568368371089E+01    0.18889080267984101073E-15    0.87743311928371732663E-15
    0.43548190536436441889E+01   -0.12004363144799417824E-14   -0.27529946154258802162E-15
    0.43636068504504503807E+01   -0.15258972078406515514E-14   -0.11009597380629160495E-14
    0.43723946472572574606E+01   -0.46173277283576711170E-15   -0.83332286444753366692E-15
    0.43811824440640645406E+01    0.71806622441450846185E-15    0.20910668182261896114E-15
    0.43899702408708707324E+01    0.76097949914252070275E-15    0.12179077213363515938E-14
    0.43987580376776778124E+01   -0.14382382587798326925E-15    0.15861518352109388549E-14
    0.44075458344844848924E+01   -0.88770243695326808042E-15    0.11738541641919640291E-14
    0.44163336312912919723E+01   -0.85857687850095750981E-15    0.33163944674111186675E-15
    0.44251214280980981641E+01   -0.42320038585656300263E-15   -0.30913150190027434597E-15
    0.44339092249049052441E+01   -0.14734683159743620566E-15   -0.32484354525697589863E-15
    0.44426970217117123241E+01   -0.62151741957274596806E-16    0.13671670377518148319E-15
    0.44514848185185185159E+01    0.13102500510583783714E-15    0.57834565196735797545E-15
    0.44602726153253255958E+01    0.43728981049374008956E-15    0.64212746661541585876E-15
    0.44690604121321326758E+01    0.47878680142571444755E-15    0.32320359993222688754E-15
    0.44778482089389388676E+01    0.10929747190201437676E-15   -0.18560473357294318639E-15
    0.44866360057457459476E+01   -0.14582758922389338323E-15   -0.67415396639677624397E-15
    0.44954238025525530276E+01    0.34967380454600342505E-15   -0.95170829662944815792E-15
    0.45042115993593592194E+01    0.13826495025687139118E-14   -0.82494170684693483202E-15
    0.45129993961661662993E+01    0.18829861737139687328E-14   -0.20197356709842663855E-15
    0.45217871929729733793E+01    0.11367425031958243769E-14    0.64552554354104649700E-15
    0.45305749897797804593E+01   -0.26874393114120359422E-15    0.10037756825073126434E-14
    0.45393627865865866511E+01   -0.10972414155596356744E-14    0.32687716717221154613E-15
    0.45481505833933937311E+01   -0.80709785383065060662E-15   -0.91946338165043145383E-15
    0.45569383802002008110E+01    0.41677902059415294409E-16   -0.14164608136674926405E-14
    0.45657261770070070028E+01    0.59546325544316294853E-15   -0.40731695440681223223E-15
    0.45745139738138140828E+01    0.50170586088167539750E-15    0.12581106644558470260E-14
    0.45833017706206211628E+01   -0.51173855008038126406E-16    0.20019913111178381655E-14
    0.45920895674274273546E+01   -0.65859211111981530372E-15    0.12113743925730025666E-14
    0.46008773642342344345E+01   -0.96933229331310387961E-15   -0.26413271999958611221E-15
    0.46096651610410415145E+01   -0.85960524603419057994E-15   -0.11472722420352765130E-14
    0.46184529578478477063E+01   -0.50618159665465032490E-15   -0.79924507950974347652E-15
    0.46272407546546547863E+01   -0.19399916145264843186E-15    0.49499989075781013411E-15
    0.46360285514614618663E+01   -0.23177223118028296048E-16    0.16741233952258976720E-14
    0.46448163482682689462E+01    0.12585492853317764965E-15    0.15295593148950677679E-14
    0.46536041450750751380E+01    0.30713325189661501500E-15   -0.11834111883701792692E-15
    0.46623919418818822180E+01    0.31891651431758527335E-15   -0.17854178630471418147E-14
    0.46711797386886892980E+01   -0.80865636007962999188E-17   -0.16973947903180356661E-14
    0.46799675354954954898E+01   -0.35868861236337710105E-15    0.91846677244878005282E-16
    0.46887553323023025698E+01   -0.82373914303555424866E-16    0.15851777449558429839E-14
    0.46975431291091096497E+01    0.92720848457801070145E-15    0.11916319549583373385E-14
    0.47063309259159158415E+01    0.16997486726377987182E-14   -0.42063113361484479290E-15
    0.47151187227227229215E+01    0.11380068439254220596E-14   -0.13743069019667525171E-14
    0.47239065195295300015E+01   -0.49277423973181031129E-15   -0.83694940562871418439E-15
    0.47326943163363361933E+01   -0.15658118509493226670E-14    0.33484164834443490659E-15
    0.47414821131431432732E+01   -0.90760106072857812958E-15    0.95868974860254636605E-15
    0.47502699099499503532E+01    0.79972367047637745789E-15    0.77715393476111309583E-15
    0.47590577067567574332E+01    0.18663560533637152658E-14    0.27789446091422125782E-15
    0.47678455035635636250E+01    0.13777519653506979711E-14   -0.10858327252920833554E-15
    0.47766333003703707050E+01   -0.15128798996201502220E-15   -0.33673619286302103887E-15
    0.47854210971771777849E+01   -0.15280071728059238780E-14   -0.47125889538568148381E-15
    0.47942088939839839767E+01   -0.17628374263874404108E-14   -0.43475680387345591510E-15
    0.48029966907907910567E+01   -0.60312890928264006660E-15   -0.14237822834657557821E-15
    0.48117844875975981367E+01    0.11748520431515288766E-14    0.22059688723402136457E-15
    0.48205722844044043285E+01    0.21600237571915625415E-14    0.25514547305604023608E-15
    0.48293600812112114085E+01    0.14864031342644312654E-14   -0.19671703306566011903E-15
    0.48381478780180184884E+01   -0.31482200631417619092E-15   -0.74559205075368439260E-15
    0.48469356748248246802E+01   -0.18612894350214751811E-14   -0.80337706874687668860E-15
    0.48557234716316317602E+01   -0.20569875597765898272E-14   -0.18562617174237556561E-15
    0.48645112684384388402E+01   -0.74571396831121398698E-15    0.71562606565111205828E-15
    0.48732990652452459202E+01    0.12463889081545466120E-14    0.12778446377642019679E-14
    0.48820868620520521119E+01    0.24195533588865388341E-14    0.10519986261274624752E-14
    0.48908746588588591919E+01    0.16501143976625904477E-14    0.76747081965284585844E-16
    0.48996624556656662719E+01   -0.58588529679425397216E-15   -0.92007218594835731996E-15
    0.49084502524724724637E+01   -0.24019533148027951334E-14   -0.92783552128182671494E-15
    0.49172380492792795437E+01   -0.23248338850585090670E-14    0.25711628353551237186E-15
    0.49260258460860866236E+01   -0.70085991659550621496E-15    0.14269560070960173762E-14
    0.49348136428928928154E+01    0.94749837437960784549E-15    0.11356796992883139502E-14
    0.49436014396996998954E+01    0.14086618966312566242E-14   -0.52456294831419571549E-15
    0.49523892365065069754E+01    0.52417844765777006425E-15   -0.18749229351185783848E-14
    0.49611770333133140554E+01   -0.97926101877869666435E-15   -0.16040241234521659867E-14
    0.49699648301201202472E+01   -0.19279808227984581009E-14   -0.25012829242263379359E-15
    0.49787526269269273271E+01   -0.14889329615631120841E-14    0.67775303400066002468E-15
    0.49875404237337344071E+01    0.47487478918625053750E-17    0.48534934438711720691E-15
    0.49963282205405405989E+01    0.12189688269892553391E-14   -0.22765331606024503710E-15
    0.50051160173473476789E+01    0.11035943331462459576E-14   -0.61947641081743494187E-15
    0.50139038141541547589E+01   -0.12523797444118704184E-15   -0.52657101432689911759E-15
    0.50226916109609609506E+01   -0.14169131293425917319E-14   -0.27090111598952100873E-15
    0.50314794077677680306E+01   -0.18895426092999287983E-14   -0.29844009455867697462E-16
    0.50402672045745751106E+01   -0.13441714082590932896E-14    0.30442644418239393792E-15
    0.50490550013813813024E+01   -0.19195715008122993199E-15    0.69593011571881176186E-15
    0.50578427981881883824E+01    0.79532661570355404518E-15    0.70283459273757373013E-15
    0.50666305949949954623E+01    0.96886589872204656851E-15   -0.37800499911045001402E-16
    0.50754183918018025423E+01    0.32475160936645343919E-15   -0.11031191454051155955E-14
    0.50842061886086087341E+01   -0.50119410656486723867E-15   -0.14556325380371972033E-14
    0.50929939854154158141E+01   -0.82672393866555750084E-15   -0.59381438188121817559E-15
    0.51017817822222228941E+01   -0.43773222752611869998E-15    0.69253793715587992550E-15
    0.51105695790290290859E+01    0.39112379078760848125E-15    0.11422049946636308835E-14
    0.51193573758358361658E+01    0.11046157462581343072E-14    0.39393786250788982975E-15
    0.51281451726426432458E+01    0.11763755156678244148E-14   -0.75166177320662230063E-15
    0.51369329694494494376E+01    0.51186442940340203967E-15   -0.13218527278916821347E-14
    0.51457207662562565176E+01   -0.36086535722156950464E-15   -0.10383919672780103388E-14
    0.51545085630630635976E+01   -0.74148026524106713857E-15   -0.27505905019200879375E-15
    0.51632963598698697893E+01   -0.41850948593572453482E-15    0.37089640706998696841E-15
    0.51720841566766768693E+01    0.20197761054873215524E-15    0.44195849328840189883E-15
    0.51808719534834839493E+01    0.56112977121114233934E-15   -0.11292930966840911643E-15
    0.51896597502902910293E+01    0.38889313799023058039E-15   -0.84573829673344603372E-15
    0.51984475470970972211E+01   -0.18017032538495035873E-15   -0.11611270900883821292E-14
    0.52072353439039043010E+01   -0.66461431273683919542E-15   -0.81339580429982976966E-15
    0.52160231407107113810E+01   -0.55797572469905669141E-15   -0.45745363869349564744E-16
    0.52248109375175184610E+01    0.83129937994761325798E-16    0.66712912224762832496E-15
    0.52335987343243246528E+01    0.41780772593056822422E-15    0.90871776732634125510E-15
    0.52423865311311317328E+01   -0.27002591016282445899E-15    0.52887816770637839979E-15
    0.52511743279379388127E+01   -0.13801663526947089832E-14   -0.21719917792586849177E-15
    0.52599621247447450045E+01   -0.13458766968841245506E-14   -0.79800627951310874182E-15
    0.52687499215515520845E+01    0.37243144772588519746E-15   -0.81623659269310156203E-15
    0.52775377183583591645E+01    0.21221406644737947556E-14   -0.31137084455656300798E-15
    0.52863255151651653563E+01    0.18587199377581712666E-14    0.35253276193021235208E-15
    0.52951133119719724363E+01   -0.16592492374812568440E-15    0.76538719869939606208E-15
    0.53039011087787795162E+01   -0.14905867127959877404E-14    0.68528711560347283924E-15
    0.53126889055855857080E+01   -0.49903970037755728421E-15    0.17245450824873894533E-15
    0.53214767023923927880E+01    0.14984381693368291731E-14   -0.39201967882815468499E-15
    0.53302644991991998680E+01    0.20511491531705317352E-14   -0.56717791211182093439E-15
    0.53390522960060069479E+01    0.61931759572372487008E-15   -0.19829934759017173863E-15
    0.53478400928128131397E+01   -0.10239599699491805778E-14    0.47667063893071718293E-15
    0.53566278896196202197E+01   -0.12263285977010417998E-14    0.98108331898607446822E-15
    0.53654156864264272997E+01   -0.29597802665662682376E-15    0.84695392937567247363E-15
    0.53742034832332334915E+01    0.40322955232737956193E-15    0.79422100352334297604E-17
    0.53829912800400405715E+01    0.29683162015129172580E-15   -0.84933243911106350263E-15
    0.53917790768468476514E+01   -0.15681609014888216593E-16   -0.69898512841259110948E-15
    0.54005668736536538432E+01    0.64137186553614992214E-16    0.63251795522725391022E-15
    0.54093546704604609232E+01    0.26256805726667461597E-15    0.18681249037591485945E-14
    0.54181424672672680032E+01   -0.98671317287893899030E-17    0.15708130185973014054E-14
    0.54269302640740750832E+01   -0.65189801951483157517E-15   -0.49946463772072419367E-16
    0.54357180608808812750E+01   -0.86375038805265417055E-15   -0.12429936518001575535E-14
    0.54445058576876883549E+01   -0.18226115225972903342E-15   -0.80080399093935721281E-15
    0.54532936544944954349E+01    0.82874969879574432991E-15    0.52633443725814560526E-15
    0.54620814513013016267E+01    0.12025674258848426026E-14    0.11557967047882150727E-14
    0.54708692481081087067E+01    0.61616183080151029324E-15    0.60526304496560116999E-15
    0.54796570449149157866E+01   -0.37477463242441670043E-15   -0.20961862348756830511E-15
    0.54884448417217219784E+01   -0.95236975981299813191E-15   -0.37898571211012310312E-15
    0.54972326385285290584E+01   -0.64516358903711081761E-15   -0.51511933581310909462E-16
    0.55060204353353361384E+01    0.40821206382176578664E-15    0.77043668196861280008E-16
    0.55148082321421423302E+01    0.14057035905718623182E-14   -0.21299613146973916878E-15
    0.55235960289489494102E+01    0.13498180916777234001E-14   -0.48876983679322409714E-15
    0.55323838257557564901E+01    0.19773803321056615839E-16   -0.36475964011919308692E-15
    0.55411716225625635701E+01   -0.15423551367736487958E-14   -0.18416208390714657197E-16
    0.55499594193693697619E+01   -0.19910377995451618409E-14    0.97501677275350718625E-16
    0.55587472161761768419E+01   -0.10448404433072257379E-14   -0.19560945919685648313E-15
    0.55675350129829839219E+01    0.34329884736419003946E-15   -0.66760564259582738237E-15
    0.55763228097897901137E+01    0.10346648568494655065E-14   -0.97342090274028445217E-15
    0.55851106065965971936E+01    0.60430793381506507940E-15   -0.92888477635014327563E-15
    0.55938984034034042736E+01   -0.58646808005440920873E-15   -0.58398213963595645424E-15
    0.56026862002102104654E+01   -0.16735822862791068505E-14   -0.19763190626188255823E-15
    0.56114739970170175454E+01   -0.17874057541390821371E-14   -0.80008450806245058108E-16
    0.56202617938238246253E+01   -0.73556896139470946188E-15   -0.31207268709334291318E-15
    0.56290495906306308171E+01    0.68518809328527902843E-15   -0.61603841452061222261E-15
    0.56378373874374378971E+01    0.13852705614601342269E-14   -0.65283698779966224920E-15
    0.56466251842442449771E+01    0.96189429930305495045E-15   -0.42443575248552955541E-15
    0.56554129810510520571E+01   -0.92530891415091771469E-16   -0.24261918219040097228E-15
    0.56642007778578582489E+01   -0.95694036890714469929E-15   -0.27206416690525342355E-15
    0.56729885746646653288E+01   -0.10478035968291750994E-14   -0.27226712873772873508E-15
    0.56817763714714724088E+01   -0.31291908544378571423E-15    0.11737962751372640647E-16
    0.56905641682782786006E+01    0.65102794378812064384E-15    0.31368975669352828735E-15
    0.56993519650850856806E+01    0.97356770334968975343E-15    0.45092003761654051129E-16
    0.57081397618918927606E+01    0.34645902266740899631E-15   -0.79920237073491821899E-15
    0.57169275586986989524E+01   -0.54728065890394874011E-15   -0.12369907312573331293E-14
    0.57257153555055060323E+01   -0.77580322793497584714E-15   -0.38559589854452169538E-15
    0.57345031523123131123E+01   -0.20284424240819540886E-15    0.11392371081018021422E-14
    0.57432909491191193041E+01    0.47293243888525072486E-15    0.16008193908096929063E-14
    0.57520787459259263841E+01    0.65501573503706770684E-15    0.22232100411528381542E-15
    0.57608665427327334640E+01    0.48665181555786763908E-15   -0.16177398686778211583E-14
    0.57696543395395405440E+01    0.42203205193960115262E-15   -0.19453738625109336024E-14
    0.57784421363463467358E+01    0.49932976653529471467E-15   -0.48095482527963400805E-15
    0.57872299331531538158E+01    0.33471647860914739315E-15    0.12073207281594038316E-14
    0.57960177299599608958E+01   -0.19099402876544438063E-15    0.16144841560178565745E-14
    0.58048055267667670876E+01   -0.55567508664149035432E-15    0.71707593191305529239E-15
    0.58135933235735741675E+01   -0.20398252379945078374E-15   -0.49154427667035371886E-15
    0.58223811203803812475E+01    0.62040320547395157445E-15   -0.10908252447039969904E-14
    0.58311689171871874393E+01    0.10207121782982011924E-14   -0.77154197146862722869E-15
    0.58399567139939945193E+01    0.51670610188474349763E-15    0.18080684461015240976E-15
    0.58487445108008015993E+01   -0.32061501072180401326E-15    0.10792530587610469875E-14
    0.58575323076076077911E+01   -0.58404310656593243544E-15    0.12773228737898764178E-14
    0.58663201044144148710E+01   -0.96563698604063269079E-16    0.64179465807605628026E-15
    0.58751079012212219510E+01    0.52221276398578969112E-15   -0.38372842627269189234E-15
    0.58838956980280290310E+01    0.73494689422668114163E-15   -0.11058146791577616716E-14
    0.58926834948348352228E+01    0.66696457059744761311E-15   -0.96317237207324991286E-15
    0.59014712916416423027E+01    0.67329669111036818754E-15    0.83273069377819090363E-16
    0.59102590884484493827E+01    0.65441476253403949433E-15    0.12687844177372235628E-14
    0.59190468852552555745E+01    0.17314050569152204855E-15    0.14758868481913770072E-14
    0.59278346820620626545E+01   -0.69089775841428836392E-15    0.34524662086384884593E-15
    0.59366224788688697345E+01   -0.99365934264599348033E-15   -0.11618204587766792064E-14
    0.59454102756756759263E+01   -0.93563676967353325493E-17   -0.17063843281143547568E-14
    0.59541980724824830062E+01    0.14528302236460521358E-14   -0.89316611711928821842E-15
    0.59629858692892900862E+01    0.16016350531376759419E-14    0.51834670330993585073E-15
    0.59717736660960962780E+01   -0.88935115728452612861E-16    0.14435404109703828373E-14
    0.59805614629029033580E+01   -0.17728752178846345752E-14    0.12423169218349504212E-14
    0.59893492597097104380E+01   -0.13191922960814105889E-14    0.32298421423289361524E-16
    0.59981370565165175179E+01    0.92428390985473933941E-15   -0.12607237882930201858E-14
    0.60069248533233237097E+01    0.24322459337750709590E-14   -0.14817041393561294028E-14
    0.60157126501301307897E+01    0.15922321457473796883E-14   -0.36844566854272319051E-15
    0.60245004469369378697E+01   -0.41095990482703804927E-15    0.95748294865579777242E-15
    0.60332882437437440615E+01   -0.13452749165271595430E-14    0.11305123763121175401E-14
    0.60420760405505511415E+01   -0.60479538892280267162E-15    0.32443824828691870242E-16
    0.60508638373573582214E+01    0.51228977100432606364E-15   -0.11893251886067612196E-14
    0.60596516341641644132E+01    0.71319680579325132640E-15   -0.14419878664823556051E-14
    0.60684394309709714932E+01    0.59644867258357241848E-16   -0.65585124174780502500E-15
    0.60772272277777785732E+01   -0.61038276329651617508E-15    0.44703786254314837715E-15
    0.60860150245845856531E+01   -0.81034288109899717575E-15    0.99373060453985247108E-15
    0.60948028213913918449E+01   -0.69395102070041281397E-15    0.50310521767900375883E-15
    0.61035906181981989249E+01   -0.57413725038986699014E-15   -0.69274999973660207093E-15
    0.61123784150050060049E+01   -0.53915831219824687583E-15   -0.14784076571065247831E-14
    0.61211662118118121967E+01   -0.50935901405791838230E-15   -0.98096210419112380499E-15
    0.61299540086186192767E+01   -0.42808776095162882345E-15    0.30271743480821448831E-15
    0.61387418054254263566E+01   -0.32518474359041558304E-15    0.92193094061850205664E-15
    0.61475296022322325484E+01   -0.26238073079266208319E-15    0.23320226183599463437E-15
    0.61563173990390396284E+01   -0.27580628620684488799E-15   -0.69347195848390602265E-15
    0.61651051958458467084E+01   -0.34486448881101013491E-15   -0.47658604035470858709E-15
    0.61738929926526529002E+01   -0.38242603925000351749E-15    0.70883245294720472937E-15
    0.61826807894594599802E+01   -0.29986713831903690772E-15    0.13306352658560540339E-14
    0.61914685862662670601E+01   -0.13337927405403763514E-15    0.50613653776038928701E-15
    0.62002563830730741401E+01   -0.73918533008584647124E-16   -0.84534865831167403830E-15
    0.62090441798798803319E+01   -0.26459745725294199221E-15   -0.12564421956338719831E-14
    0.62178319766866874119E+01   -0.57051906149417613659E-15   -0.50841865757797774803E-15
    0.62266197734934944918E+01   -0.66803814846905827457E-15    0.30890086345433522124E-15
    0.62354075703003006836E+01   -0.40755243338961199328E-15    0.25579895244404434722E-15
    0.62441953671071077636E+01   -0.80972585411749018332E-17   -0.48255206581808193506E-15
    0.62529831639139148436E+01    0.19446600714085668762E-15   -0.11008913404771472346E-14
    0.62617709607207210354E+01    0.98865826766666512566E-16   -0.10827543010172046887E-14
    0.62705587575275281154E+01   -0.12639544265673330058E-15   -0.50649240462955450155E-15
    0.62793465543343351953E+01   -0.28282490475006084386E-15    0.18790284536155342889E-15
    0.62881343511411413871E+01   -0.31708662597328017407E-15    0.50080407843044371605E-15
    0.62969221479479484671E+01   -0.28214252504629644625E-15    0.18528808236819184392E-15
    0.63057099447547555471E+01   -0.23609426653880422322E-15   -0.50563870930895578009E-15
    0.63144977415615626271E+01   -0.20013550576912555759E-15   -0.98045808233456177805E-15
    0.63232855383683688189E+01   -0.16936057343355498072E-15   -0.81338241782262387017E-15
    0.63320733351751758988E+01   -0.12819437804386587189E-15   -0.82370217942157023657E-16
    0.63408611319819829788E+01   -0.62397147559283818118E-16    0.74309902690176098511E-15
    0.63496489287887891706E+01    0.29630231663260323832E-16    0.10785546564015024063E-14
    0.63584367255955962506E+01    0.12288991786166309458E-15    0.58286542530059818757E-15
    0.63672245224024033305E+01    0.15149269033823521261E-15   -0.43792604174115823129E-15
    0.63760123192092095223E+01    0.33411806332125293683E-16   -0.10339808060500803056E-14
    0.63848001160160166023E+01   -0.22062613313611544828E-15   -0.50444319518161331796E-15
    0.63935879128228236823E+01   -0.41226528923331195503E-15    0.65057126800831456150E-15
    0.64023757096296298741E+01   -0.30478967413098094427E-15    0.11490957332441816527E-14
    0.64111635064364369541E+01    0.34395682990784323610E-16    0.46867410883338193793E-15
    0.64199513032432440340E+01    0.15440701044307809890E-15   -0.42192711323715788875E-15
    0.64287391000500511140E+01   -0.24923616789194074146E-15   -0.33614351599135744031E-15
    0.64375268968568573058E+01   -0.76279575846720447305E-15    0.52770342536685143214E-15
    0.64463146936636643858E+01   -0.59249955226707653655E-15    0.87513391872793464106E-15
    0.64551024904704714658E+01    0.36569192352562077331E-15    0.15151304943203058963E-15
    0.64638902872772776576E+01    0.11071673446539410068E-14   -0.56725899579055543294E-15
    0.64726780840840847375E+01    0.65265410821181928482E-15   -0.56026270301755345961E-16
    0.64814658808908918175E+01   -0.61025384407144672231E-15    0.12089476989800496605E-14
    0.64902536776976980093E+01   -0.12774486216676865973E-14    0.14845580961205236240E-14
    0.64990414745045050893E+01   -0.64747332587253778790E-15    0.44885455135561271577E-16
    0.65078292713113121692E+01    0.39276834340654827605E-15   -0.16895798836689222128E-14
    0.65166170681181183610E+01    0.55170720099385248247E-15   -0.18787243539437806168E-14
    0.65254048649249254410E+01   -0.29928309833721219995E-15   -0.49179163670296181305E-15
    0.65341926617317325210E+01   -0.11456593998513696052E-14    0.81058267301392331741E-15
    0.65429804585385396010E+01   -0.11415478310592356614E-14    0.70107457527263282902E-15
    0.65517682553453457928E+01   -0.44878141823711952687E-15   -0.52835986179267220397E-15
    0.65605560521521528727E+01    0.20394432453205629187E-15   -0.16546410909484007298E-14
    0.65693438489589599527E+01    0.28752314384680685274E-15   -0.17262881487548807132E-14
    0.65781316457657661445E+01   -0.21742500367992176554E-15   -0.63130765134047083445E-15
    0.65869194425725732245E+01   -0.89908683113796771022E-15    0.88504238762200359513E-15
    0.65957072393793803045E+01   -0.11579775414855187453E-14    0.15822331620831624443E-14
    0.66044950361861864963E+01   -0.70181025498968230326E-15    0.74287253578781479358E-15
    0.66132828329929935762E+01    0.21850597569383392278E-16   -0.87938181561977081030E-15
    0.66220706297998006562E+01    0.17470039071840804606E-15   -0.16450557436088058588E-14
    0.66308584266066068480E+01   -0.52061830943184834988E-15   -0.80337538558659942777E-15
    0.66396462234134139280E+01   -0.13561532245298873848E-14    0.64872120233932510524E-15
    0.66484340202202210079E+01   -0.14219934806928938297E-14    0.12359343529670685221E-14
    0.66572218170270280879E+01   -0.59161475264766440302E-15    0.64404608786160220082E-15
    0.66660096138338342797E+01    0.44907954544926405124E-15   -0.24873679845144618269E-15
    0.66747974106406413597E+01    0.93511594077323222859E-15   -0.61220990627905715857E-15
    0.66835852074474484397E+01    0.60153142943336789087E-15   -0.44703147416930631295E-15
    0.66923730042542546315E+01   -0.21467741875100472871E-15   -0.16906325983802965868E-15
    0.67011608010610617114E+01   -0.70275878480647696467E-15    0.58079772080749989590E-16
    0.67099485978678687914E+01   -0.15423321708587265799E-15    0.34898170788602399681E-15
    0.67187363946746749832E+01    0.11521142604547088148E-14    0.62533299285024832577E-15
    0.67275241914814820632E+01    0.18186921896046721944E-14    0.46121227180970237323E-15
    0.67363119882882891432E+01    0.76855544751383232114E-15   -0.33475091086864881180E-15
    0.67450997850950962231E+01   -0.12324366011934355035E-14   -0.11136556556327731681E-14
    0.67538875819019024149E+01   -0.21844337322318874749E-14   -0.86184682614298221425E-15
    0.67626753787087094949E+01   -0.10793388073910878123E-14    0.51894169587142781879E-15
    0.67714631755155165749E+01    0.96599729734328194613E-15    0.17584386509510070039E-14
    0.67802509723223227667E+01    0.20763277199853610823E-14    0.15688923532493440126E-14
    0.67890387691291298466E+01    0.14646670891390878187E-14    0.19222246158475440325E-15
    0.67978265659359369266E+01   -0.18966917764978773398E-15   -0.90994470413163226111E-15
    0.68066143627427431184E+01   -0.15232800782743805347E-14   -0.77377754080897811271E-15
    0.68154021595495501984E+01   -0.13713103588830669567E-14    0.12320309021869607738E-15
    0.68241899563563572784E+01    0.39005187453260386310E-15    0.72290965142351233291E-15
    0.68329777531631634702E+01    0.23132494103426870713E-14    0.58969320689549927821E-15
    0.68417655499699705501E+01    0.24227201509137825754E-14    0.69811361364714534039E-16
    0.68505533467767776301E+01    0.38547968017249204221E-15   -0.35043346052383097996E-15
    0.68593411435835847101E+01   -0.17408487048018735541E-14   -0.49111729405208459564E-15
    0.68681289403903909019E+01   -0.17480928691007550193E-14   -0.38627146495706426892E-15
    0.68769167371971979819E+01    0.16846749328759474601E-15   -0.75383957374228313209E-16
    0.68857045340040050618E+01    0.18319548598956073060E-14    0.37689156785653284552E-15
    0.68944923308108112536E+01    0.17203476390293376881E-14    0.69722116005222733057E-15
    0.69032801276176183336E+01    0.42978099995820543106E-15    0.44086369202354709841E-15
    0.69120679244244254136E+01   -0.55184948496776850209E-15   -0.51509922050108727767E-15
    0.69208557212312316054E+01   -0.57261729909025988434E-15   -0.15202249867984436809E-14
    0.69296435180380386853E+01   -0.56951385471852629880E-16   -0.16017275015510537296E-14
    0.69384313148448457653E+01    0.37452285512096634548E-15   -0.55804172753892000723E-15
    0.69472191116516519571E+01    0.50926065884152334218E-15    0.63780215423807271583E-15
    0.69560069084584590371E+01    0.40784015887262261749E-15    0.87323495577577349285E-15
    0.69647947052652661171E+01    0.11203870803743466770E-15    0.93405927612830089316E-16
    0.69735825020720731970E+01   -0.35082696116257348249E-15   -0.80553869555675683475E-15
    0.69823702988788793888E+01   -0.75131196974467196940E-15   -0.10411041193581714709E-14
    0.69911580956856864688E+01   -0.65768447943951763198E-15   -0.59987629952750157747E-15
    0.69999458924924935488E+01    0.11658282557588103062E-15    0.59106786500641743074E-16
    0.70087336892992997406E+01    0.10842370799782218934E-14    0.51582214583658351550E-15
    0.70175214861061068206E+01    0.13997071384859334879E-14    0.60074759713104422106E-15
    0.70263092829129139005E+01    0.70113105460098688001E-15    0.37586228071541572783E-15
    0.70350970797197200923E+01   -0.48866886290249667210E-15    0.58654745961569820035E-16
    0.70438848765265271723E+01   -0.12833549804470971030E-14   -0.11867871960581697500E-15
    0.70526726733333342523E+01   -0.11363776385798377421E-14   -0.47512438444327072645E-16
    0.70614604701401404441E+01   -0.14072685690634599938E-15    0.22350229167282857219E-15
    0.70702482669469475240E+01    0.99160765896902050729E-15    0.53360656349917204581E-15
    0.70790360637537546040E+01    0.12649678260958133102E-14    0.68361609444228033569E-15
    0.70878238605605616840E+01    0.26020268061461782958E-15    0.54832192712652430784E-15
    0.70966116573673678758E+01   -0.11458155370045558735E-14    0.17775422510990652479E-15
    0.71053994541741749558E+01   -0.14836477648183395003E-14   -0.21026541775643967336E-15
    0.71141872509809820357E+01   -0.36497447011056504460E-15   -0.32126428002164120235E-15
    0.71229750477877882275E+01    0.91447044507936548733E-15    0.54792285020115503600E-16
    0.71317628445945953075E+01    0.90739314266988510566E-15    0.76979394871851400757E-15
    0.71405506414014023875E+01   -0.27078626975653281292E-15    0.11528333011595967735E-14
    0.71493384382082085793E+01   -0.12538451746856108586E-14    0.53052402222138601909E-15
    0.71581262350150156593E+01   -0.11521854778168512270E-14   -0.81202499943364945781E-15
    0.71669140318218227392E+01   -0.42658876910712598017E-15   -0.15094985922806024308E-14
    0.71757018286286289310E+01    0.33095966512676287877E-16   -0.59496916072336980674E-15
    0.71844896254354360110E+01    0.68060365727293811058E-16    0.10492189106003264196E-14
    0.71932774222422430910E+01    0.16365618032981330614E-15    0.15124297933852633000E-14
    0.72020652190490501710E+01    0.50098027890983037501E-15    0.21037169219655321001E-15
    0.72108530158558563627E+01    0.57578485837443000175E-15   -0.12405900420209708237E-14
    0.72196408126626634427E+01   -0.17147940687048788062E-16   -0.10725024245051179036E-14
    0.72284286094694705227E+01   -0.75105221831391221029E-15    0.37552137153415266370E-15
    0.72372164062762767145E+01   -0.62827351554663012945E-15    0.12257996990833084987E-14
    0.72460042030830837945E+01    0.49652339287014468988E-15    0.55212801319312940332E-15
    0.72547919998898908744E+01    0.14836573117369831874E-14   -0.51945218988529971318E-15
    0.72635797966966970662E+01    0.12059108079457014402E-14   -0.50428066362368824340E-15
    0.72723675935035041462E+01   -0.57208032245191770540E-16    0.47688282134761922497E-15
    0.72811553903103112262E+01   -0.98764321059427892130E-15    0.10414361755656977916E-14
    0.72899431871171174180E+01   -0.78696499325101122154E-15    0.44946945898981202264E-15
    0.72987309839239244980E+01    0.56882888845808706929E-16   -0.51589030352492480167E-15
    0.73075187807307315779E+01    0.59378771367648609995E-15   -0.72949875518774450603E-15
    0.73163065775375386579E+01    0.46013850842736406516E-15   -0.12905537651126879908E-15
    0.73250943743443448497E+01   -0.23081141241260347054E-16    0.42485978948320011605E-15
    0.73338821711511519297E+01   -0.40688778686287130809E-15    0.33120767224500134043E-15
    0.73426699679579590097E+01   -0.49669131546601746044E-15   -0.14188379754601810886E-15
    0.73514577647647652014E+01   -0.32651069812321207341E-15   -0.41476388307796628835E-15
    0.73602455615715722814E+01   -0.34170668495054538810E-16   -0.31436051846475405922E-15
    0.73690333583783793614E+01    0.21883656302621629804E-15   -0.96892373717767228929E-16
    0.73778211551851855532E+01    0.29528756785279043580E-15   -0.13229637334655921254E-17
    0.73866089519919926332E+01    0.13039176703098347549E-15   -0.28734756018409269192E-17
    0.73953967487987997131E+01   -0.21514042260029881172E-15    0.14301716753585260965E-16
    0.74041845456056067931E+01   -0.53226069512737378905E-15    0.33363395488556510093E-16
    0.74129723424124129849E+01   -0.58509726155169283411E-15   -0.46943331561080872488E-16
    0.74217601392192200649E+01   -0.32120472397106215671E-15   -0.18908900452227950641E-15
    0.74305479360260271449E+01    0.58871098847851090608E-16   -0.16777617441843964664E-15
    0.74393357328328333367E+01    0.28742416092194660601E-15    0.15373746595908086495E-15
    0.74481235296396404166E+01    0.24540842888280701611E-15    0.55899362023409050618E-15
    0.74569113264464474966E+01    0.12144671358590520369E-16    0.65131866758755196843E-15
    0.74656991232532536884E+01   -0.20143641436271926504E-15    0.30387662632312758890E-15
    0.74744869200600607684E+01   -0.16727290069292733324E-15   -0.17210145954907215217E-15
    0.74832747168668678484E+01    0.18173352188483537346E-15   -0.37988147498954739841E-15
    0.74920625136736740401E+01    0.62201148933176820574E-15   -0.23311102977258453291E-15
    0.75008503104804811201E+01    0.80038214991971388721E-15    0.57460793363227667009E-16
    0.75096381072872882001E+01    0.57548031440783236901E-15    0.26514963050494986239E-15
    0.75184259040940952801E+01    0.15462563338439391579E-15    0.31935777522158302422E-15
    0.75272137009009014719E+01   -0.14065273115279944754E-15    0.25472756867826620912E-15
    0.75360014977077085518E+01   -0.15313504902734817418E-15    0.11888512854902997779E-15
    0.75447892945145156318E+01    0.57672630479591823794E-16   -0.50603507796153047675E-16
    0.75535770913213218236E+01    0.31512235530828546206E-15   -0.20430158412338159504E-15
    0.75623648881281289036E+01    0.43683227805167683282E-15   -0.28159190331298906295E-15
    0.75711526849349359836E+01    0.34412873485900621378E-15   -0.25540999135501586994E-15
    0.75799404817417421754E+01    0.13490257003728500655E-15   -0.17480388579339655088E-15
    0.75887282785485492553E+01   -0.21200688703733669678E-17   -0.14893813198184987983E-15
    0.75975160753553563353E+01    0.30224026002892541829E-16   -0.29052817973339710281E-15
    0.76063038721621625271E+01    0.15881866413845786752E-15   -0.63257030604343725128E-15
    0.76150916689689696071E+01    0.24668874663852336361E-15   -0.10075822883574763009E-14
    0.76238794657757766871E+01    0.22026362988399644179E-15   -0.10081580298604904981E-14
    0.76326672625825837670E+01    0.85462866777506272087E-16   -0.34208734419754755188E-15
    0.76414550593893899588E+01   -0.12618155217262216013E-15    0.60247993764935285750E-15
    0.76502428561961970388E+01   -0.37124364334465800195E-15    0.82791267252460475801E-15
    0.76590306530030041188E+01   -0.53342065606233775925E-15   -0.13346292656138691127E-15
    0.76678184498098103106E+01   -0.39640484449783674389E-15   -0.12575075373639367247E-14
    0.76766062466166173905E+01    0.15768181176922011237E-15   -0.97252025314576649487E-15
    0.76853940434234244705E+01    0.83292542830506582650E-15    0.78302755894924316201E-15
    0.76941818402302306623E+01    0.98906676915811295576E-15    0.20964461543737121640E-14
    0.77029696370370377423E+01    0.34959579197169360913E-15    0.13504416595073991668E-14
    0.77117574338438448223E+01   -0.41351958585911413398E-15   -0.58835125384342554286E-15
    0.77205452306506510141E+01   -0.28939312998309079935E-15   -0.13879567151923057265E-14
    0.77293330274574580940E+01    0.77394771808908907984E-15   -0.18354965668436696236E-15
    0.77381208242642651740E+01    0.15854988461895202410E-14    0.13827070263875318664E-14
    0.77469086210710722540E+01    0.11459896438689582283E-14    0.14146455458731381058E-14
    0.77556964178778784458E+01    0.14357369597777222095E-16    0.12102108501588851569E-15
    0.77644842146846855258E+01   -0.37663130153203737762E-15   -0.75616938525916943421E-15
    0.77732720114914926057E+01    0.39198923175458356368E-15   -0.27422015095819839794E-15
    0.77820598082982987975E+01    0.11402174908931633799E-14    0.72724710703465140790E-15
    0.77908476051051058775E+01    0.73106692325260537774E-15    0.10178456578174736751E-14
    0.77996354019119129575E+01   -0.31101934066683871094E-15    0.51942269283334439292E-15
    0.78084231987187191493E+01   -0.51865807983695051843E-15    0.94741472351411053127E-16
    0.78172109955255262292E+01    0.44239497987581018659E-15    0.28303344295598281120E-15
    0.78259987923323333092E+01    0.11659593075497073524E-14    0.72350594949107786102E-15
    0.78347865891391395010E+01    0.38398106704150145425E-15    0.79630662767981101414E-15
    0.78435743859459465810E+01   -0.12034693211940255202E-14    0.37315511958081965203E-15
    0.78523621827527536610E+01   -0.17471408635936699248E-14   -0.17774089075993775641E-15
    0.78611499795595607409E+01   -0.59932389321256507239E-15   -0.44236991221707547387E-15
    0.78699377763663669327E+01    0.87003072142821573560E-15   -0.27351472135011090504E-15
    0.78787255731731740127E+01    0.10438615631866015369E-14    0.16915655927518688388E-15
    0.78875133699799810927E+01   -0.88621715883170234921E-16    0.49363760274794747099E-15
    0.78963011667867872845E+01   -0.12359040047895138603E-14    0.35623892635456557631E-15
    0.79050889635935943645E+01   -0.13833899265303128441E-14   -0.15998045073308925877E-15
    0.79138767604004014444E+01   -0.62799327904285995272E-15   -0.52461934293444872850E-15
    0.79226645572072076362E+01    0.29493878730933462430E-15   -0.30504136234510659320E-15
    0.79314523540140147162E+01    0.70763113740845280555E-15    0.32900985598918914643E-15
    0.79402401508208217962E+01    0.35232825922452874220E-15    0.79976861653607737993E-15
    0.79490279476276279880E+01   -0.47598126248301293064E-15    0.71987056570456648041E-15
    0.79578157444344350679E+01   -0.10854153047218989717E-14    0.19726987533539118699E-15
    0.79666035412412421479E+01   -0.95887063044398553505E-15   -0.35880769912396156013E-15
    0.79753913380480492279E+01   -0.25010155056133545222E-15   -0.53641284876052158345E-15
    0.79841791348548554197E+01    0.40864079560073121158E-15   -0.17611564834899159101E-15
    0.79929669316616624997E+01    0.49681947256373044680E-15    0.42807540153026155812E-15
    0.80017547284684695796E+01   -0.39549420506033929314E-16    0.65875164275188201058E-15
    0.80105425252752748833E+01   -0.83832002428846716327E-15    0.20054788550152789627E-15
    0.80193303220820819632E+01   -0.13128742914135460404E-14   -0.46663595605215572022E-15
    0.80281181188888890432E+01   -0.10364659291572167057E-14   -0.54910177465027209044E-15
    0.80369059156956961232E+01   -0.20063461652239123032E-15    0.59281703492242645404E-16
    0.80456937125025032032E+01    0.41530797104098002070E-15    0.55906496551566471670E-15
    0.80544815093093102831E+01    0.21858239261877867025E-15    0.26402656307565946250E-15
    0.80632693061161173631E+01   -0.51726189373588244866E-15   -0.46109346457488969322E-15
    0.80720571029229226667E+01   -0.10057000624983380094E-14   -0.68186910231076502696E-15
    0.80808448997297297467E+01   -0.86547361823843620561E-15   -0.14448634694827341817E-15
    0.80896326965365368267E+01   -0.44703941351892101594E-15    0.37304695724160325899E-15
    0.80984204933433439066E+01   -0.21440779590083847301E-15    0.13431259667238113381E-15
    0.81072082901501509866E+01   -0.13028217832081188828E-15   -0.53926220621000249156E-15
    0.81159960869569580666E+01    0.12246164399717467182E-15   -0.71648220486748443948E-15
    0.81247838837637633702E+01    0.47418464413551730853E-15   -0.95858910584906285067E-16
    0.81335716805705704502E+01    0.37072393040801934046E-15    0.60420312569882817650E-15
    0.81423594773773775302E+01   -0.43835717946309747401E-15    0.59509838417822835168E-15
    0.81511472741841846101E+01   -0.12526323704499153503E-14   -0.40872803163709780249E-16
    0.81599350709909916901E+01   -0.10740392929083498284E-14   -0.58704978012516844550E-15
    0.81687228677977987701E+01    0.75527985136946656994E-16   -0.57510207851961232205E-15
    0.81775106646046058501E+01    0.93629945309292989425E-15   -0.17721228332924063156E-15
    0.81862984614114111537E+01    0.47087999573033587914E-15    0.18839448821503550147E-15
    0.81950862582182182337E+01   -0.81562660779876195969E-15    0.31247952914969559363E-15
    0.82038740550250253136E+01   -0.14945194219856798291E-14    0.22227016892908481633E-15
    0.82126618518318323936E+01   -0.86634387001092403306E-15   -0.27276655285692023724E-16
    0.82214496486386394736E+01    0.39511762937477624152E-15   -0.42617294379546939362E-15
    0.82302374454454465535E+01    0.11705487061353318646E-14   -0.86177697248455974962E-15
    0.82390252422522518572E+01    0.94138556658769213343E-15   -0.10218876788824989998E-14
    0.82478130390590589371E+01   -0.53522625909017088197E-17   -0.66998847277667299006E-15
    0.82566008358658660171E+01   -0.87265756853615658007E-15   -0.87402417723976219582E-16
    0.82653886326726730971E+01   -0.83886869476028982265E-15    0.81105790054367785657E-17
    0.82741764294794801771E+01    0.23837171384531284008E-15   -0.69013577600083688273E-15
    0.82829642262862872570E+01    0.14029079960787372307E-14   -0.14325141253254429166E-14
    0.82917520230930943370E+01    0.14207838351957225876E-14   -0.11394991666003887721E-14
    0.83005398198998996406E+01    0.19810013255437848001E-15    0.19762168754055288522E-15
    0.83093276167067067206E+01   -0.98203690641965601925E-15    0.12781589080885062551E-14
    0.83181154135135138006E+01   -0.96108830105814322359E-15    0.97271423501769692083E-15
    0.83269032103203208806E+01   -0.54972928909134080715E-16   -0.33846173384535732366E-15
    0.83356910071271279605E+01    0.52636072080275649909E-15   -0.13077091978863247589E-14
    0.83444788039339350405E+01    0.24890589256822176167E-15   -0.11402663337975558463E-14
    0.83532666007407403441E+01   -0.23989746773602212985E-15   -0.23190276508219356400E-15
    0.83620543975475474241E+01   -0.20124730902831075129E-15    0.53481890502944352442E-15
    0.83708421943543545041E+01    0.16684654967267567110E-15    0.61659610101905161477E-15
    0.83796299911611615840E+01    0.15936971533508078961E-15    0.48481708249868812672E-16
    0.83884177879679686640E+01   -0.27957632699835212851E-15   -0.66421633760192954810E-15
    0.83972055847747757440E+01   -0.34540722593017067602E-15   -0.86074926337682458461E-15
    0.84059933815815828240E+01    0.45344555419479331888E-15   -0.29343000489606004849E-15
    0.84147811783883881276E+01    0.13312343703633175233E-14    0.49702887040398870429E-15
    0.84235689751951952076E+01    0.10664034219855600473E-14    0.69860199272706018939E-15
    0.84323567720020022875E+01   -0.29725225315763107056E-15    0.16706038517689587200E-15
    0.84411445688088093675E+01   -0.12250933989152783242E-14   -0.38823246163072399456E-15
    0.84499323656156164475E+01   -0.58368008403830167694E-15   -0.29936583835176963501E-15
    0.84587201624224235275E+01    0.77104401061589651512E-15    0.25623342904452999340E-15
    0.84675079592292288311E+01    0.10654805991807630198E-14    0.58000975701504290322E-15
    0.84762957560360359111E+01   -0.40038255513617874649E-16    0.33942180342643565581E-15
    0.84850835528428429910E+01   -0.95652228558157605987E-15   -0.12059267020662213689E-15
    0.84938713496496500710E+01   -0.32957117742489958781E-15   -0.30683483564072398507E-15
    0.85026591464564571510E+01    0.10779976912408160672E-14   -0.11815314601391462143E-15
    0.85114469432632642309E+01    0.14306791680017413314E-14    0.18507273143684838020E-15
    0.85202347400700713109E+01    0.27369962550649485811E-15    0.31024613342357662328E-15
    0.85290225368768766145E+01   -0.87391829678178101692E-15    0.14779289393860910196E-15
    0.85378103336836836945E+01   -0.57538010954784117324E-15   -0.19620769337553451584E-15
    0.85465981304904907745E+01    0.68145089173565402867E-15   -0.44656461379800175258E-15
    0.85553859272972978545E+01    0.12777433050045796612E-14   -0.35435201198210104376E-15
    0.85641737241041049344E+01    0.53741458116029276268E-15    0.50147975103924202748E-16
    0.85729615209109120144E+01   -0.60151611772291007196E-15    0.43233436085372890809E-15
    0.85817493177177173180E+01   -0.91437401961065629185E-15    0.44040217888689800391E-15
    0.85905371145245243980E+01   -0.20672983186363183826E-15   -0.73246231557101816939E-17
    0.85993249113313314780E+01    0.79845995335182242862E-15   -0.65192727289283194730E-15
    0.86081127081381385580E+01    0.13058627326891242588E-14   -0.96308789978574303128E-15
    0.86169005049449456379E+01    0.99779165952208704570E-15   -0.45704623081642527309E-15
    0.86256883017517527179E+01    0.12542696208510166722E-15    0.67203520030367027669E-15
    0.86344760985585597979E+01   -0.60599454936060139654E-15    0.12595736925149092739E-14
    0.86432638953653651015E+01   -0.54975313567184042738E-15    0.26151179915574859003E-15
    0.86520516921721721815E+01    0.22443928118772084728E-15   -0.16090094722488720324E-14
    0.86608394889789792614E+01    0.91372702840156832425E-15   -0.20883529655079246226E-14
    0.86696272857857863414E+01    0.82349912329271511247E-15   -0.38098625271234963468E-16
    0.86784150825925934214E+01    0.88317220029255701438E-16    0.25731180606389779684E-14
    0.86872028793994005014E+01   -0.59294046862405248080E-15    0.27107500795817985111E-14
    0.86959906762062058050E+01   -0.69834731015373675236E-15    0.90528743262115001154E-16
    0.87047784730130128850E+01   -0.24543199356397551739E-15   -0.22351383650207799442E-14
    0.87135662698198199649E+01    0.38300109163407577773E-15   -0.16540707625057081343E-14
    0.87223540666266270449E+01    0.71731820474885155298E-15    0.80733206334446235530E-15
    0.87311418634334341249E+01    0.48046311311379240956E-15    0.21036718076036533587E-14
    0.87399296602402412049E+01   -0.16474591770720021870E-15    0.10043521138636451307E-14
    0.87487174570470482848E+01   -0.68572875481570762614E-15   -0.79967403452265553198E-15
    0.87575052538538535885E+01   -0.65854857164915995278E-15   -0.12984902711939073295E-14
    0.87662930506606606684E+01   -0.16380682761961741727E-15   -0.54657934161884761384E-15
    0.87750808474674677484E+01    0.35617161953610948825E-15    0.70781750164925997075E-16
    0.87838686442742748284E+01    0.50038828506689446302E-15    0.26456559900295978187E-17
    0.87926564410810819084E+01    0.16105545731595012507E-15    0.84790461948335575368E-16
    0.88014442378878889883E+01   -0.44145961672029269019E-15    0.91581602680322429250E-15
    0.88102320346946942919E+01   -0.83816076166425251249E-15    0.15579339585241741021E-14
    0.88190198315015013719E+01   -0.63415655681792715878E-15    0.68439517185956654739E-15
    0.88278076283083084519E+01    0.87337045595352124418E-16   -0.12544923103617646857E-14
    0.88365954251151155319E+01    0.76352560716253615756E-15   -0.20106647478673320456E-14
    0.88453832219219226118E+01    0.86876547488597838050E-15   -0.31266162182353608532E-15
    0.88541710187287296918E+01    0.36960925639348397786E-15    0.20596629481757176292E-14
    0.88629588155355367718E+01   -0.34233248744807646427E-15    0.22220552642423015908E-14
    0.88717466123423420754E+01   -0.77557449038706148464E-15   -0.17014438701996824254E-15
    0.88805344091491491554E+01   -0.62294665223958410416E-15   -0.23550327723389014133E-14
    0.88893222059559562354E+01    0.28416755577593644205E-16   -0.18955237510022941249E-14
    0.88981100027627633153E+01    0.64445930257880755082E-15    0.43810236742620056062E-15
    0.89068977995695703953E+01    0.65862711609856823125E-15    0.19863848016486617729E-14
    0.89156855963763774753E+01    0.60660396518213347497E-16    0.13869998569104756490E-14
    0.89244733931831827789E+01   -0.55810973985103077544E-15   -0.33540325704193853999E-15
    0.89332611899899898589E+01   -0.65005257788878202259E-15   -0.14372523486367391036E-14
    0.89420489867967969388E+01   -0.25627366521736717300E-15   -0.11605768215093344701E-14
    0.89508367836036040188E+01    0.18003992909985909740E-15    0.77461259261885629731E-16
    0.89596245804104110988E+01    0.32938123521818074738E-15    0.12531521756536859044E-14
    0.89684123772172181788E+01    0.19749945537450538323E-15    0.14007809752091069861E-14
    0.89772001740240252587E+01   -0.41274561354604744795E-16    0.33509806820942203510E-15
    0.89859879708308305624E+01   -0.23522273427038368746E-15   -0.99632979502034886205E-15
    0.89947757676376376423E+01   -0.29949148824214070650E-15   -0.13748006381912656557E-14
    0.90035635644444447223E+01   -0.19141998280029865437E-15   -0.63626095914512488070E-15
    0.90123513612512518023E+01    0.86374413714726977413E-16    0.18067243678648688794E-15
    0.90211391580580588823E+01    0.44502899359619079906E-15    0.15964623313727435877E-15
    0.90299269548648659622E+01    0.69953149047725096458E-15   -0.41913807467233581996E-15
    0.90387147516716712659E+01    0.67843782787625986261E-15   -0.63311535434392871080E-15
    0.90475025484784783458E+01    0.37788050915877805371E-15   -0.15732535707535282921E-15
    0.90562903452852854258E+01   -0.74293910821147438304E-17    0.42246650711434239800E-15
    0.90650781420920925058E+01   -0.20685165520547900919E-15    0.46793402579034648613E-15
    0.90738659388988995858E+01   -0.27355442146149307427E-16    0.40206687010227993581E-16
    0.90826537357057066657E+01    0.48192973517657583642E-15   -0.33210312928248129971E-15
    0.90914415325125137457E+01    0.89929506276635547371E-15   -0.31219052796093507955E-15
    0.91002293293193190493E+01    0.65356759037747499982E-15   -0.16035224914127493187E-16
    0.91090171261261261293E+01   -0.33552572622018320886E-15    0.23594268427333545606E-15
    0.91178049229329332093E+01   -0.12891325568798705638E-14    0.21105736140456844810E-15
    0.91265927197397402892E+01   -0.12713620675460673440E-14   -0.85535989975012128501E-16
    0.91353805165465473692E+01   -0.28467180714653023186E-15   -0.35529335048683208627E-15
    0.91441683133533544492E+01    0.65055720138579932380E-15   -0.18984283331136535870E-15
    0.91529561101601597528E+01    0.65020432627386728706E-15    0.47087325397162209292E-15
    0.91617439069669668328E+01   -0.96344753829727938831E-16    0.10820945932365014055E-14
    0.91705317037737739128E+01   -0.71351712339111703096E-15    0.10027973485090871344E-14
    0.91793195005805809927E+01   -0.59017277563383058442E-15    0.27798012103938898924E-15
    0.91881072973873880727E+01    0.19124138024681443707E-15   -0.33151443699010903198E-15
    0.91968950941941951527E+01    0.10816512217993164986E-14   -0.22231901341827206931E-15
    0.92056828910010004563E+01    0.14244975729360584624E-14    0.37175058767356662464E-15
    0.92144706878078075363E+01    0.87279966316734897633E-15    0.76075906002217372835E-15
    0.92232584846146146162E+01   -0.23056130691692801109E-15    0.60922329367007672091E-15
    0.92320462814214216962E+01   -0.10225612812152403831E-14    0.18765563369880349288E-15
    0.92408340782282287762E+01   -0.92714516236688856889E-15   -0.57791700013136260117E-16
    0.92496218750350358562E+01   -0.23740770835495508842E-15    0.70640644888689798294E-16
    0.92584096718418411598E+01    0.30559672936466042288E-15    0.46703705120098721472E-15
    0.92671974686486482398E+01    0.32848632907400988428E-15    0.84310859924584913540E-15
    0.92759852654554553197E+01    0.56034854077243769924E-16    0.90371249954738138183E-15
    0.92847730622622623997E+01   -0.16034323524879037795E-15    0.57208914574769878361E-15
    0.92935608590690694797E+01   -0.25170333723658304227E-15    0.10692660757957142674E-15
    0.93023486558758765597E+01   -0.30217373238468210003E-15   -0.12772451221267297927E-15
    0.93111364526826818633E+01   -0.21788534744014024946E-15   -0.17427516817568119583E-16
    0.93199242494894889433E+01    0.22690224925623234467E-15    0.23239057570709104543E-15
    0.93287120462962960232E+01    0.90487666706515071254E-15    0.36069666867941290580E-15
    0.93374998431031031032E+01    0.11015132682193110121E-14    0.28501269919704484007E-15
    0.93462876399099101832E+01    0.23633548864205994962E-15    0.82150055757924397260E-16
    0.93550754367167172632E+01   -0.11325946797655281306E-14   -0.14012583876523744590E-15
    0.93638632335235243431E+01   -0.15529008385449278145E-14   -0.32393702061556708541E-15
    0.93726510303303296467E+01   -0.34699992781867617083E-15   -0.48076246882703946141E-15
    0.93814388271371367267E+01    0.12934734715887118846E-14   -0.67506824307366217782E-15
    0.93902266239439438067E+01    0.15787770959227171101E-14   -0.93287222749249527421E-15
    0.93990144207507508867E+01    0.23124373308104595714E-15   -0.11364385724941825885E-14
    0.94078022175575579666E+01   -0.12355116626521552253E-14   -0.10823899654948828455E-14
    0.94165900143643650466E+01   -0.13454335311416020396E-14   -0.72251215483989829952E-15
    0.94253778111711703502E+01   -0.16282593393058943316E-15   -0.30578051231336962779E-15
    0.94341656079779774302E+01    0.11438451460127016916E-14   -0.14838752593767720578E-15
    0.94429534047847845102E+01    0.15311577000972488354E-14   -0.27856996450069208245E-15
    0.94517412015915915902E+01    0.75256101662338843573E-15   -0.40828435917521156269E-15
    0.94605289983983986701E+01   -0.64554729185232912598E-15   -0.27605708446069304849E-15
    0.94693167952052057501E+01   -0.16061139059962643370E-14    0.75741313954864092379E-16
    0.94781045920120128301E+01   -0.13283166004098586766E-14    0.38327400163341961420E-15
    0.94868923888188181337E+01   -0.11985066352460120797E-15    0.39533872033772384162E-15
    0.94956801856256252137E+01    0.78128518533940957370E-15    0.55161471947396377615E-16
    0.95044679824324322936E+01    0.52251626457295038606E-15   -0.38886220176231893073E-15
    0.95132557792392393736E+01   -0.43122351747490612926E-15   -0.43145725632435483888E-15
    0.95220435760460464536E+01   -0.96945233615670731631E-15    0.22243600376938694818E-15
    0.95308313728528535336E+01   -0.59179439712494514966E-15    0.11082860881158469687E-14
    0.95396191696596588372E+01    0.25623680684646431906E-15    0.12530348123443523118E-14
    0.95484069664664659172E+01    0.88771652428707276592E-15    0.29718459741334928938E-15
    0.95571947632732729971E+01    0.10148791555409211243E-14   -0.83161027537852964734E-15
    0.95659825600800800771E+01    0.74815830659811753527E-15   -0.89170676899037344975E-15
    0.95747703568868871571E+01    0.33115458554569199678E-15    0.16793199674934233131E-15
    0.95835581536936942371E+01   -0.22298451756104263160E-16    0.11186601022283891747E-14
    0.95923459505005013170E+01   -0.16636054021756503407E-15    0.92211199649746640038E-15
    0.96011337473073066207E+01   -0.49500249056516922898E-16   -0.15105662279309172901E-15
    0.96099215441141137006E+01    0.23816254043680317426E-15   -0.10579398485064415791E-14
    0.96187093409209207806E+01    0.43107020180282522711E-15   -0.11349237002766521730E-14
    0.96274971377277278606E+01    0.23118658202525787646E-15   -0.52354629454754929516E-15
    0.96362849345345349406E+01   -0.36436596851799046447E-15    0.21975950602872620280E-15
    0.96450727313413420205E+01   -0.90667627063186836925E-15    0.57612014938166464649E-15
    0.96538605281481491005E+01   -0.88829643302125217843E-15    0.34022258966618775078E-15
    0.96626483249549544041E+01   -0.30164977269325556105E-15   -0.22144204495828247812E-15
    0.96714361217617614841E+01    0.32472062740298836529E-15   -0.54375233030446952898E-15
    0.96802239185685685641E+01    0.45423435718959683332E-15   -0.27987341911485514586E-15
    0.96890117153753756440E+01   -0.11379907042994659090E-16    0.35234375017200583250E-15
    0.96977995121821827240E+01   -0.74449347316100140307E-15    0.83286295168845061645E-15
    0.97065873089889898040E+01   -0.12096044694638153415E-14    0.82066462828388147969E-15
    0.97153751057957951076E+01   -0.98262117594823345417E-15    0.35568256360467128630E-15
    0.97241629026026021876E+01   -0.15843473457975452116E-15   -0.24837466077242994822E-15
    0.97329506994094092676E+01    0.52340866256011879709E-15   -0.58853937678325479456E-15
    0.97417384962162163475E+01    0.35092171616127467162E-15   -0.43965157580624322584E-15
    0.97505262930230234275E+01   -0.48780863392850155432E-15   -0.52212485172771984135E-17
    0.97593140898298305075E+01   -0.10215380893835643459E-14    0.21260199749774368888E-15
    0.97681018866366375875E+01   -0.64829079863033175627E-15   -0.63722878213742638858E-16
    0.97768896834434428911E+01    0.11020575686309668784E-15   -0.55299311604123591871E-15
    0.97856774802502499710E+01    0.33409387681042987472E-15   -0.74485389292934923615E-15
    0.97944652770570570510E+01   -0.10862869593197736002E-15   -0.44632884612159475141E-15
    0.98032530738638641310E+01   -0.48448057663366440481E-15    0.90304327354990706264E-16
    0.98120408706706712110E+01   -0.27890003841408399417E-15    0.48455229788267557248E-15
    0.98208286674774782909E+01    0.81685133965805722719E-16    0.52197229666944124835E-15
    0.98296164642842835946E+01   -0.75944268762933476104E-16    0.21347384747978567916E-15
    0.98384042610910906745E+01   -0.56639870662457140176E-15   -0.24864912587847404192E-15
    0.98471920578978977545E+01   -0.46554942714949386122E-15   -0.59002722541834669543E-15
    0.98559798547047048345E+01    0.50943222215288115577E-15   -0.60528694465082322202E-15
    0.98647676515115119145E+01    0.12345135799496195596E-14   -0.28106917322158748895E-15
    0.98735554483183189944E+01    0.51046912759176922373E-15    0.17464473970148581209E-15
    0.98823432451251260744E+01   -0.10651611056267183705E-14    0.36930534516607413321E-15
    0.98911310419319313780E+01   -0.14613292905153531191E-14   -0.30484523180913089997E-16
    0.98999188387387384580E+01    0.15612139474826504935E-15   -0.85837251302922905577E-15
    0.99087066355455455380E+01    0.19296630450609218803E-14   -0.13338316274455373633E-14
    0.99174944323523526180E+01    0.16209849402777692270E-14   -0.86965040026399473533E-15
    0.99262822291591596979E+01   -0.10402234384331790309E-15   -0.43756450033080727526E-16
    0.99350700259659667779E+01   -0.34086102137472186192E-15   -0.96820047625031167186E-16
    0.99438578227727720815E+01    0.14471585788343979514E-14   -0.98035381001591442996E-15
    0.99526456195795791615E+01    0.15638997343694917587E-14   -0.77283219748229448644E-15
    0.99614334163863862415E+01   -0.12845519157105767039E-14    0.85390727072786943789E-15
    0.99702212131931933214E+01   -0.93423344612568209626E-16   -0.18415246371320057035E-15
    0.99790090100000004014E+01   -0.29871216513211002411E-14    0.88379282128009089678E-15
