    0.11999999999999999556E+01    0.00000000000000000000E+00    0.00000000000000000000E+00
    0.12087877968068068135E+01   -0.85791597308856503005E-10   -0.31778156575094264165E-18
    0.12175755936136136715E+01    0.13071587737442227683E-09    0.82316797647737892941E-18
    0.12263633904204203073E+01    0.12172866054821721247E-09    0.10968035124581166962E-17
    0.12351511872272271653E+01   -0.28165767527703237265E-09   -0.13005029832723747694E-17
    0.12439389840340340232E+01   -0.27489395635618873069E-09   -0.35662869783786748182E-17
    0.12527267808408408811E+01    0.52282849929386370477E-09   -0.28875588204799236777E-17
    0.12615145776476475170E+01    0.11956218130992158517E-08   -0.13028730420928742092E-18
    0.12703023744544543749E+01    0.69331902483742823840E-09    0.18292610232860947614E-17
    0.12790901712612612329E+01   -0.50432517304618136798E-09    0.15020472725981605690E-17
    0.12878779680680680908E+01   -0.74030763895824721967E-09   -0.27942952745150417370E-18
    0.12966657648748749487E+01    0.50372503489014740161E-09   -0.19171026061640569934E-17
    0.13054535616816815846E+01    0.14199365004769952312E-08   -0.25086872903230820486E-17
    0.13142413584884884425E+01    0.18926308788208594645E-09   -0.22092935394613330823E-17
    0.13230291552952953005E+01   -0.19425550859180926061E-08   -0.20951761999064287479E-17
    0.13318169521021021584E+01   -0.16367553610687281576E-08   -0.35114329765342551276E-17
    0.13406047489089087943E+01    0.16876667671546210212E-08   -0.69456533465719252780E-17
    0.13493925457157156522E+01    0.35984869987584932254E-08   -0.11202687638053455290E-16
    0.13581803425225225102E+01    0.14014495248882580405E-09   -0.13488745560578690279E-16
    0.13669681393293293681E+01   -0.51542302377505742747E-08   -0.10210386335823934374E-16
    0.13757559361361360040E+01   -0.40071742305584564654E-08   -0.29374674218594487505E-18
    0.13845437329429428619E+01    0.46302122172377083512E-08    0.93150918174169924423E-17
    0.13933315297497497198E+01    0.92776113543565698219E-08    0.38692933376798224313E-17
    0.14021193265565565778E+01    0.62001461418255503970E-10   -0.24203175542908948412E-16
    0.14109071233633634357E+01   -0.13539417267864187404E-07   -0.58373727099029638333E-16
    0.14196949201701700716E+01   -0.10132378107666509194E-07   -0.65519864783622235279E-16
    0.14284827169769769295E+01    0.12615242852961048139E-07   -0.26505831378736303575E-16
    0.14372705137837837874E+01    0.24679479070460567396E-07    0.43724400674041603975E-16
    0.14460583105905906454E+01    0.10261079860371596922E-08    0.10906894456916957791E-15
    0.14548461073973975033E+01   -0.31909894138539595622E-07    0.13576339911698572594E-15
    0.14636339042042041392E+01   -0.15141247591591612362E-07    0.10411633914068725561E-15
    0.14724217010110109971E+01    0.63656650899592228159E-07    0.87494030966791878853E-17
    0.14812094978178178550E+01    0.14267747969848532981E-06   -0.14016962775723589154E-15
    0.14899972946246244909E+01    0.20234306630368426282E-06   -0.30965883207562754286E-15
    0.14987850914314313489E+01    0.41772631077501315435E-06   -0.43837508660968599419E-15
    0.15075728882382382068E+01    0.11976367428757266744E-05   -0.45722062798959256574E-15
    0.15163606850450450647E+01    0.31300918647865624486E-05   -0.33384563700522194174E-15
    0.15251484818518519226E+01    0.72629590249578995819E-05   -0.10119230919958249376E-15
    0.15339362786586585585E+01    0.16215009313425474792E-04    0.15951977921613260094E-15
    0.15427240754654654165E+01    0.35802285292183405336E-04    0.35420118575308626081E-15
    0.15515118722722722744E+01    0.78045430131076781862E-04    0.42243099674489904903E-15
    0.15602996690790791323E+01    0.16562791382813157903E-03    0.39172333833566128509E-15
    0.15690874658858859902E+01    0.34046918998177036920E-03    0.38413209455242237054E-15
    0.15778752626926926261E+01    0.68159787997679633243E-03    0.50793541421430850458E-15
    0.15866630594994994841E+01    0.13289300602393749884E-02    0.73127369236334924849E-15
    0.15954508563063063420E+01    0.25234249596212559620E-02    0.90873682301444048444E-15
    0.16042386531131129779E+01    0.46629887508452712297E-02    0.94682913166271270172E-15
    0.16130264499199198358E+01    0.83762692112183036869E-02    0.89837386453864291988E-15
    0.16218142467267266937E+01    0.14633614341884777083E-01    0.84909775964365352448E-15
    0.16306020435335335517E+01    0.24867282995281018293E-01    0.75676947099119047990E-15
    0.16393898403403404096E+01    0.41065436689442548490E-01    0.46461493977076231445E-15
    0.16481776371471470455E+01    0.65836225329679087803E-01   -0.12743209291152430406E-15
    0.16569654339539539034E+01    0.10234663604928809222E+00   -0.96539487180949250227E-15
    0.16657532307607607613E+01    0.15397915179214219372E+00   -0.19614108410934092388E-14
    0.16745410275675676193E+01    0.22381505648089855542E+00   -0.31537520900352814474E-14
    0.16833288243743744772E+01    0.31365605179329159036E+00   -0.46292360749542738521E-14
    0.16921166211811811131E+01    0.42263295907414027974E+00   -0.62378826203536004187E-14
    0.17009044179879879710E+01    0.54583818708754838767E+00   -0.75094600333045607607E-14
    0.17096922147947948289E+01    0.67313316247149046490E+00   -0.80928296632028134011E-14
    0.17184800116016014648E+01    0.78832483437473321874E+00   -0.82623765100213834586E-14
    0.17272678084084085448E+01    0.87026629687430478999E+00   -0.86909855218089160972E-14
    0.17360556052152151807E+01    0.89573314801987236056E+00   -0.95803871487603224224E-14
    0.17448434020220220386E+01    0.84350721070396816881E+00   -0.10206712251641201583E-13
    0.17536311988288288966E+01    0.70070641061973615304E+00   -0.95908068347410239827E-14
    0.17624189956356355324E+01    0.46942558843169418514E+00   -0.74271306254656404711E-14
    0.17712067924424426124E+01    0.17045014261459587313E+00   -0.41828171078086904664E-14
    0.17799945892492492483E+01   -0.15584542546106644467E+00   -0.46122702804589721445E-15
    0.17887823860560561062E+01   -0.45282070785131278701E+00    0.33887180537671294494E-14
    0.17975701828628629642E+01   -0.65963557205258516181E+00    0.69076987207002426814E-14
    0.18063579796696696000E+01   -0.72622885771869183369E+00    0.90498490318900053152E-14
    0.18151457764764764580E+01   -0.62763021733815282932E+00    0.86246571169611513362E-14
    0.18239335732832833159E+01   -0.37721557365766189562E+00    0.55195440984508229270E-14
    0.18327213700900899518E+01   -0.31798369568971404653E-01    0.12224435885099081572E-14
    0.18415091668968970318E+01    0.32123448192097459053E+00   -0.24273521666899340148E-14
    0.18502969637037036676E+01    0.58398960830859270033E+00   -0.48173335876208450803E-14
    0.18590847605105105256E+01    0.67454110564276492656E+00   -0.64584804895360029517E-14
    0.18678725573173173835E+01    0.55822702992908912467E+00   -0.74393574610169489125E-14
    0.18766603541241240194E+01    0.26667930556729219083E+00   -0.66621778899822349530E-14
    0.18854481509309310994E+01   -0.11157226252579520442E+00   -0.31869422946321628905E-14
    0.18942359477377377353E+01   -0.45274803213861064544E+00    0.20437076843574336007E-14
    0.19030237445445445932E+01   -0.63514741272429553476E+00    0.64814267764983575490E-14
    0.19118115413513514511E+01   -0.58891798745971091211E+00    0.79651267713550815060E-14
    0.19205993381581580870E+01   -0.32872903100924194542E+00    0.61073582451207125078E-14
    0.19293871349649649449E+01    0.54256242671407751976E-01    0.19088931801030066581E-14
    0.19381749317717718029E+01    0.41784057133827257058E+00   -0.31392911173702086893E-14
    0.19469627285785784387E+01    0.61659581527075768559E+00   -0.74659438439305232095E-14
    0.19557505253853855187E+01    0.56723284316887279122E+00   -0.94145418203307084420E-14
    0.19645383221921921546E+01    0.29008546374258692424E+00   -0.75915793685767721676E-14
    0.19733261189989990125E+01   -0.10572226118140745643E+00   -0.20836882121181148705E-14
    0.19821139158058058705E+01   -0.45946067735314416458E+00    0.44439913000597029855E-14
    0.19909017126126125063E+01   -0.61726707858459595180E+00    0.80402769891144266369E-14
    0.19996895094194195863E+01   -0.50654765951645230881E+00    0.67156820543253621338E-14
    0.20084773062262262222E+01   -0.17783596980921992370E+00    0.21592573776643587602E-14
    0.20172651030330328581E+01    0.22727910820449595541E+00   -0.23174952036072964086E-14
    0.20260528998398399381E+01    0.53406550517008433143E+00   -0.46917451354304007869E-14
    0.20348406966466465740E+01    0.60126918711187815614E+00   -0.48937835142308619721E-14
    0.20436284934534532098E+01    0.39238455190255100424E+00   -0.35724721815730855270E-14
    0.20524162902602602898E+01    0.63049490582599947153E-02   -0.11864245651941069421E-14
    0.20612040870670673698E+01   -0.37965240790903614920E+00    0.17517956370921328639E-14
    0.20699918838738740057E+01   -0.59256493156223755125E+00    0.41941474673740258031E-14
    0.20787796806806806416E+01   -0.53109031107464332866E+00    0.48718455635324178467E-14
    0.20875674774874877215E+01   -0.21670228215879666633E+00    0.32589448182641052468E-14
    0.20963552742942943574E+01    0.19911590746318033607E+00    0.10691425578485155059E-15
    0.21051430711011009933E+01    0.51675560556927735423E+00   -0.30796025193410969554E-14
    0.21139308679079080733E+01    0.59092723930752155681E+00   -0.48647665789535809278E-14
    0.21227186647147147092E+01    0.38655779745676638326E+00   -0.44529078401654505656E-14
    0.21315064615215213450E+01   -0.63890087409034929111E-02   -0.20279875718081659175E-14
    0.21402942583283284250E+01   -0.39747914770986070288E+00    0.12416653376394891172E-14
    0.21490820551351350609E+01   -0.59304648209377797130E+00    0.38437777001315046244E-14
    0.21578698519419421409E+01   -0.50333600617652785036E+00    0.46966919833437201068E-14
    0.21666576487487487768E+01   -0.17477530227601362212E+00    0.35188001418404786379E-14
    0.21754454455555558567E+01    0.24077770860676084297E+00    0.85183999823947185607E-15
    0.21842332423623624926E+01    0.54272098838316118474E+00   -0.21184863593873080059E-14
    0.21930210391691691285E+01    0.57762020383685819258E+00   -0.40824029892501203479E-14
    0.22018088359759762085E+01    0.33108831577184993922E+00   -0.41842906147245651580E-14
    0.22105966327827828444E+01   -0.71764321504110203942E-01   -0.23260930173495959240E-14
    0.22193844295895894803E+01   -0.44044529863312514850E+00    0.76676355849557077238E-15
    0.22281722263963965602E+01   -0.59941652587385907403E+00    0.37173981780019340019E-14
    0.22369600232032031961E+01   -0.46444727878227592965E+00    0.51042126201225003235E-14
    0.22457478200100098320E+01   -0.10116276956733025183E+00    0.41502826647709309422E-14
    0.22545356168168169120E+01    0.30744646365503325303E+00    0.11178855066476923214E-14
    0.22633234136236239920E+01    0.56562472338102187663E+00   -0.25654492548629188926E-14
    0.22721112104304301837E+01    0.55420877112220623406E+00   -0.47159868031174719236E-14
    0.22808990072372372637E+01    0.27318003462345769039E+00   -0.38285967189353861879E-14
    0.22896868040440443437E+01   -0.14385995512868191004E+00   -0.49437598383054752240E-15
    0.22984746008508509796E+01   -0.48891927165652337983E+00    0.30080927918965610733E-14
    0.23072623976576576155E+01   -0.59521418814311788381E+00    0.45500310202493085583E-14
    0.23160501944644646954E+01   -0.41911398623127454899E+00    0.34752937678688246456E-14
    0.23248379912712713313E+01   -0.42248670085622351544E-01    0.58227279010377897475E-15
    0.23336257880780779672E+01    0.35903856977081571866E+00   -0.23782720662857086880E-14
    0.23424135848848850472E+01    0.58791598719380144811E+00   -0.35920708368019238288E-14
    0.23512013816916916831E+01    0.53264092397626650044E+00   -0.23309552483313800970E-14
    0.23599891784984983190E+01    0.22726005505407956275E+00    0.52430434412658441398E-15
    0.23687769753053053989E+01   -0.18373673397141881969E+00    0.32645809599980161263E-14
    0.23775647721121124789E+01   -0.51177090644555356391E+00    0.44454901705642496750E-14
    0.23863525689189186707E+01   -0.59997266972365481674E+00    0.35317134432917975620E-14
    0.23951403657257257507E+01   -0.40305805454429605161E+00    0.11560339804748639385E-14
    0.24039281625325328307E+01   -0.19659667731302395838E-01   -0.11058613401107911188E-14
    0.24127159593393394665E+01    0.37005622504584217980E+00   -0.18360391477269177202E-14
    0.24215037561461461024E+01    0.59147025896958427271E+00   -0.90026902112398253913E-15
    0.24302915529529531824E+01    0.54229896289913415153E+00    0.68364942789333953712E-15
    0.24390793497597598183E+01    0.24063906274680563202E+00    0.18347038619586474662E-14
    0.24478671465665664542E+01   -0.17066278772592907709E+00    0.21602021397182451999E-14
    0.24566549433733735341E+01   -0.50127318336175230584E+00    0.18558593697298781121E-14
    0.24654427401801801700E+01   -0.60701389468508093472E+00    0.13593354125332512306E-14
    0.24742305369869868059E+01   -0.44185990536324692979E+00    0.10433945145038681751E-14
    0.24830183337937938859E+01   -0.75488108556850216924E-01    0.95703769425550846568E-15
    0.24918061306006009659E+01    0.32535534936818000240E+00    0.78716209994465516764E-15
    0.25005939274074071577E+01    0.57877211879538770223E+00    0.23742895955769617682E-15
    0.25093817242142142376E+01    0.57777097208320837840E+00   -0.55821160155916421313E-15
    0.25181695210210213176E+01    0.32583059271854503125E+00   -0.10794929567093355366E-14
    0.25269573178278279535E+01   -0.70830098431570009954E-01   -0.81160149177195873396E-15
    0.25357451146346345894E+01   -0.43827909813056670219E+00    0.38710719938831346198E-15
    0.25445329114414416694E+01   -0.61390120610291831760E+00    0.20318259720737280245E-14
    0.25533207082482483052E+01   -0.52663488062162633341E+00    0.29449753397365962204E-14
    0.25621085050550549411E+01   -0.21761646952673535660E+00    0.19737641008866824191E-14
    0.25708963018618620211E+01    0.18533085884672631516E+00   -0.75776733338172933064E-15
    0.25796840986686686570E+01    0.51222381942421824075E+00   -0.34942918636729342922E-14
    0.25884718954754752929E+01    0.62283986296243953884E+00   -0.42994061464412213495E-14
    0.25972596922822823728E+01    0.47494046598578715246E+00   -0.27201449526021728270E-14
    0.26060474890890894528E+01    0.13369635170146143555E+00    0.10815047633436766824E-15
    0.26148352858958960887E+01   -0.26359157739314270641E+00    0.25193509284901273627E-14
    0.26236230827027027246E+01   -0.55566416474179114449E+00    0.32444161442714580383E-14
    0.26324108795095098046E+01   -0.62144720839755140940E+00    0.18802595139095705839E-14
    0.26411986763163164404E+01   -0.43774781581280358678E+00   -0.88663038618562057054E-15
    0.26499864731231230763E+01   -0.81794743086247706509E-01   -0.36244459978796940254E-14
    0.26587742699299301563E+01    0.30756250189400391459E+00   -0.49110033035100805027E-14
    0.26675620667367367922E+01    0.57790151299674896723E+00   -0.39902656347570553450E-14
    0.26763498635435434281E+01    0.62099689087230625084E+00   -0.11692050607086037973E-14
    0.26851376603503505081E+01    0.42307185928606916292E+00    0.20494895214248656003E-14
    0.26939254571571571439E+01    0.64173053624406214968E-01    0.37770927570335969396E-14
    0.27027132539639637798E+01   -0.32016074508665448572E+00    0.31838849922202772860E-14
    0.27115010507707708598E+01   -0.58472512089482397979E+00    0.11091760469011430789E-14
    0.27202888475775779398E+01   -0.62760207241279253321E+00   -0.98234999517034512392E-15
    0.27290766443843845757E+01   -0.43566949552829731251E+00   -0.22764544936096690629E-14
    0.27378644411911912115E+01   -0.83842763976573628226E-01   -0.27442782101558722305E-14
    0.27466522379979982915E+01    0.29968525854223981852E+00   -0.24661026890534630436E-14
    0.27554400348048049274E+01    0.57541554673732664416E+00   -0.13094466974543539552E-14
    0.27642278316116115633E+01    0.64177868754483946567E+00    0.60611780827168274553E-15
    0.27730156284184186433E+01    0.47794388723100011962E+00    0.24181987523351931092E-14
    0.27818034252252252791E+01    0.14567177841060571786E+00    0.29670135475884141685E-14
    0.27905912220320319150E+01   -0.23878956429625056157E+00    0.18745103493406113837E-14
    0.27993790188388389950E+01   -0.54109578531711988170E+00   -0.21542805383137173565E-16
    0.28081668156456460750E+01   -0.65510994099814423564E+00   -0.15090778148061124442E-14
    0.28169546124524522668E+01   -0.54465576593060394117E+00   -0.20129459074801712398E-14
    0.28257424092592593468E+01   -0.25033333919438305326E+00   -0.17330970504511868629E-14
    0.28345302060660664267E+01    0.12922542447182794323E+00   -0.11613596095409745330E-14
    0.28433180028728730626E+01    0.46647279830975041381E+00   -0.66916221723394759381E-15
    0.28521057996796796985E+01    0.64842954114264517163E+00   -0.32617446045371612896E-15
    0.28608935964864867785E+01    0.61814329288662017703E+00    0.14413840169957432284E-15
    0.28696813932932934144E+01    0.38791018373860403079E+00    0.10582238063436734570E-14
    0.28784691901001000502E+01    0.31707351707991597578E-01    0.22471504362099479154E-14
    0.28872569869069071302E+01   -0.33505765990608449290E+00    0.29424545825890965947E-14
    0.28960447837137137661E+01   -0.59498898888089457593E+00    0.24279339043442969207E-14
    0.29048325805205204020E+01   -0.66896001238287394752E+00    0.74057338470922498648E-15
    0.29136203773273274820E+01   -0.53583457081423724322E+00   -0.13703004883512204701E-14
    0.29224081741341345619E+01   -0.23682287382719038882E+00   -0.29973133909950328258E-14
    0.29311959709409407537E+01    0.13444092218879594158E+00   -0.35209528457454025891E-14
    0.29399837677477478337E+01    0.46456924193413101642E+00   -0.27823790940229214459E-14
    0.29487715645545549137E+01    0.65668870126228151562E+00   -0.11255554926011614664E-14
    0.29575593613613615496E+01    0.65513288761664811855E+00    0.82851283465059832861E-15
    0.29663471581681681855E+01    0.46107374424174146776E+00    0.25754395018747744717E-14
    0.29751349549749752654E+01    0.13383213270972477149E+00    0.38798923746378043646E-14
    0.29839227517817819013E+01   -0.23145203173028319754E+00    0.44821846962320300794E-14
    0.29927105485885885372E+01   -0.53201182864458973487E+00    0.38380846545606172840E-14
    0.30014983453953956172E+01   -0.68380586024712508575E+00    0.15551006353946592718E-14
    0.30102861422022022531E+01   -0.64568411224315591657E+00   -0.17464634695507247325E-14
    0.30190739390090088889E+01   -0.43130713299534428895E+00   -0.43583068497510333180E-14
    0.30278617358158159689E+01   -0.10015617098926882234E+00   -0.48297354714057164995E-14
    0.30366495326226230489E+01    0.25849467080980464972E+00   -0.33093159365364350433E-14
    0.30454373294294292407E+01    0.54868919736078081151E+00   -0.11711433848830812656E-14
    0.30542251262362363207E+01    0.69508282108596175508E+00    0.47786733684117009349E-15
    0.30630129230430434006E+01    0.66227433633540644387E+00    0.15660118464700170958E-14
    0.30718007198498500365E+01    0.45981332775175731697E+00    0.24180783933787322118E-14
    0.30805885166566566724E+01    0.14061998868626907067E+00    0.29479600443529221249E-14
    0.30893763134634637524E+01   -0.21352934242405885445E+00    0.27375632772849833950E-14
    0.30981641102702703883E+01   -0.51501373281382867297E+00    0.16889068811097644283E-14
    0.31069519070770770242E+01   -0.69115418286826701966E+00    0.28519236651103932296E-15
    0.31157397038838841041E+01   -0.69994443075246048913E+00   -0.89401529127554700415E-15
    0.31245275006906907400E+01   -0.54140882246360844121E+00   -0.17023817060732079424E-14
    0.31333152974974973759E+01   -0.25524426342357686703E+00   -0.23006210278341840723E-14
    0.31421030943043044559E+01    0.90896393001447209348E-01   -0.26183665683699280111E-14
    0.31508908911111115358E+01    0.41637023804482475864E+00   -0.21999755924351579112E-14
    0.31596786879179177276E+01    0.64663116809507281690E+00   -0.75296821514356510375E-15
    0.31684664847247248076E+01    0.73130985361098677089E+00    0.13055462976613768414E-14
    0.31772542815315318876E+01    0.65321458182123603997E+00    0.31010828897804372972E-14
    0.31860420783383385235E+01    0.43086825898759395503E+00    0.40537183871278436492E-14
    0.31948298751451451594E+01    0.11475998470210577174E+00    0.42190903817201329194E-14
    0.32036176719519522393E+01   -0.22599626400315792063E+00    0.38760773053341316578E-14
    0.32124054687587593193E+01   -0.51913534746299339062E+00    0.30526975113255866199E-14
    0.32211932655655655111E+01   -0.70347304521342413075E+00    0.16115726343241745732E-14
    0.32299810623723725911E+01   -0.74189191979729585125E+00   -0.31779343964455333234E-15
    0.32387688591791796711E+01   -0.62880057783216047884E+00   -0.21992271494542969521E-14
    0.32475566559859858629E+01   -0.38860318361627144146E+00   -0.34791797888395799908E-14
    0.32563444527927929428E+01   -0.70667251534789934930E-01   -0.39975893421697276655E-14
    0.32651322495996000228E+01    0.26116138014339235207E+00   -0.39210900219726776219E-14
    0.32739200464064062146E+01    0.54242549832990083480E+00   -0.33805290612206655175E-14
    0.32827078432132132946E+01    0.72020594852856922863E+00   -0.23157351277006046917E-14
    0.32914956400200203745E+01    0.76198397966452935393E+00   -0.69798346492455947762E-15
    0.33002834368268265663E+01    0.66205250745612043151E+00    0.12256215207674124746E-14
    0.33090712336336336463E+01    0.44090367949139541714E+00    0.29932895120235748133E-14
    0.33178590304404407263E+01    0.13994366577879324698E+00    0.41803273576598980737E-14
    0.33266468272472478063E+01   -0.18605342423238468985E+00    0.45633175978682538830E-14
    0.33354346240540539981E+01   -0.47954458621765250204E+00    0.41173624411919710639E-14
    0.33442224208608610780E+01   -0.69081971440725853384E+00    0.29721717673772382677E-14
    0.33530102176676681580E+01   -0.78545163737913836766E+00    0.13666222007362151945E-14
    0.33617980144744743498E+01   -0.74947726174317008674E+00   -0.39796024767287375627E-15
    0.33705858112812814298E+01   -0.59123404584020544661E+00   -0.20141231822456498436E-14
    0.33793736080880885098E+01   -0.33809723520983314682E+00   -0.32395965782791329187E-14
    0.33881614048948947016E+01   -0.31502015511393754998E-01   -0.39530476691267438333E-14
    0.33969492017017017815E+01    0.28005559293664472609E+00   -0.41293364096408245479E-14
    0.34057369985085088615E+01    0.54918847915291446604E+00   -0.37678086344175234804E-14
    0.34145247953153150533E+01    0.73661060658142907265E+00   -0.28700692448960492852E-14
    0.34233125921221221333E+01    0.81609425090650511425E+00   -0.15021074871670680842E-14
    0.34321003889289292133E+01    0.77811507053509587628E+00    0.14328215517848861960E-15
    0.34408881857357362932E+01    0.63006987970485128780E+00    0.17667770925071954146E-14
    0.34496759825425424850E+01    0.39424925518974163197E+00    0.30358832007553317090E-14
    0.34584637793493495650E+01    0.10441699912451318788E+00    0.36738858573739634798E-14
    0.34672515761561566450E+01   -0.19953499379661590596E+00    0.35663518817314137228E-14
    0.34760393729629628368E+01   -0.47723958423588558331E+00    0.28334542163641779052E-14
    0.34848271697697699167E+01   -0.69289653317550226053E+00    0.17446212853990712253E-14
    0.34936149665765769967E+01   -0.81981736454805198555E+00    0.54303956094204046132E-15
    0.35024027633833831885E+01   -0.84352179888004719110E+00   -0.63565320207163235684E-15
    0.35111905601901902685E+01   -0.76261941767237029222E+00   -0.16872324227655678181E-14
    0.35199783569969973485E+01   -0.58868432513170854126E+00   -0.24610443891322812548E-14
    0.35287661538038035403E+01   -0.34414559735978667021E+00   -0.28256177508198997830E-14
    0.35375539506106106202E+01   -0.58937054278636311078E-01   -0.28115105657513124092E-14
    0.35463417474174177002E+01    0.23321264896131699285E+00   -0.26164395479587632964E-14
    0.35551295442242247802E+01    0.49889866120196912913E+00   -0.23893429476958459130E-14
    0.35639173410310309720E+01    0.70898008159325731636E+00   -0.20409464731292049307E-14
    0.35727051378378380520E+01    0.84141807381400701704E+00   -0.13680803055070709947E-14
    0.35814929346446451319E+01    0.88335748946954206762E+00   -0.35255538365958805667E-15
    0.35902807314514513237E+01    0.83214987956739383534E+00    0.74271090622728280520E-15
    0.35990685282582584037E+01    0.69483267709247498178E+00    0.16075961323025858205E-14
    0.36078563250650654837E+01    0.48700996121756001678E+00    0.21309143163285279090E-14
    0.36166441218718716755E+01    0.23076163070180508163E+00    0.23926758149645616314E-14
    0.36254319186786787554E+01   -0.48029616982016132276E-01    0.25074078082475193217E-14
    0.36342197154854858354E+01   -0.32235802234003668731E+00    0.25224002612477516265E-14
    0.36430075122922929154E+01   -0.56671653757557682862E+00    0.24161012082940059881E-14
    0.36517953090990991072E+01   -0.75950660706222572482E+00    0.21222655802389673438E-14
    0.36605831059059061872E+01   -0.88466267538216469823E+00    0.15658123657277658614E-14
    0.36693709027127132671E+01   -0.93275658434507946470E+00    0.70650402461672799217E-15
    0.36781586995195194589E+01   -0.90147932871719027581E+00   -0.40497722745177139289E-15
    0.36869464963263265389E+01   -0.79523830556899743893E+00   -0.15541269191409549630E-14
    0.36957342931331336189E+01   -0.62441877055199668245E+00   -0.23415985084588031386E-14
    0.37045220899399398107E+01   -0.40411122781044866992E+00   -0.23798694181271494109E-14
    0.37133098867467468907E+01   -0.15252297165904699083E+00   -0.15997310977703740518E-14
    0.37220976835535539706E+01    0.11063389483747583519E+00   -0.33430466515052237884E-15
    0.37308854803603601624E+01    0.36575421741440217183E+00    0.93988518351554171717E-15
    0.37396732771671672424E+01    0.59485354605561080454E+00    0.18860248744436480933E-14
    0.37484610739739743224E+01    0.78270268897777617312E+00    0.23878081436344253507E-14
    0.37572488707807814023E+01    0.91771227597233828721E+00    0.25088824014468046409E-14
    0.37660366675875875941E+01    0.99248963583163185564E+00    0.24251414079013199125E-14
    0.37748244643943946741E+01    0.10039350950241963112E+01    0.23297994963611923154E-14
    0.37836122612012017541E+01    0.95314796747294339152E+00    0.23514415900946387697E-14
    0.37924000580080079459E+01    0.84499265756583119558E+00    0.25448150480683240987E-14
    0.38011878548148150259E+01    0.68746098715969472526E+00    0.29195676964596011803E-14
    0.38099756516216221058E+01    0.49094823765589679088E+00    0.34196080987115888955E-14
    0.38187634484284282976E+01    0.26742380244157809566E+00    0.38277876198576416265E-14
    0.38275512452352353776E+01    0.29600402777326600273E-01    0.37355817854619375440E-14
    0.38363390420420424576E+01   -0.20981481681678945672E+00    0.28212455336881245671E-14
    0.38451268388488486494E+01   -0.43881176285113759894E+00    0.12667449627767253495E-14
    0.38539146356556557294E+01   -0.64665242471507355937E+00   -0.26461093518757564555E-15
    0.38627024324624628093E+01   -0.82428152029988099869E+00   -0.12974192076168760862E-14
    0.38714902292692698893E+01   -0.96465323754410181589E+00   -0.20981194060539212964E-14
    0.38802780260760760811E+01   -0.10628762598710081999E+01   -0.32706051589237612021E-14
    0.38890658228828831611E+01   -0.11162469875971599009E+01   -0.48675274486091223588E-14
    0.38978536196896902410E+01   -0.11241855245902683258E+01   -0.62007466165829348488E-14
    0.39066414164964964328E+01   -0.10880422225409385195E+01   -0.66986690321066410381E-14
    0.39154292133033035128E+01   -0.10108586871323130829E+01   -0.66702057323164474011E-14
    0.39242170101101105928E+01   -0.89706240644698576059E+00   -0.68886459865642618316E-14
    0.39330048069169167846E+01   -0.75212397880677039907E+00   -0.75750444703082348829E-14
    0.39417926037237238646E+01   -0.58221246839570073295E+00   -0.81205556838523647103E-14
    0.39505804005305309445E+01   -0.39385198632554552223E+00   -0.79135590270014838155E-14
    0.39593681973373371363E+01   -0.19359543876119034156E+00   -0.71101277058061691519E-14
    0.39681559941441442163E+01    0.12239467148191494200E-01   -0.63347041285441471554E-14
    0.39769437909509512963E+01    0.21779468835116164160E+00   -0.58347871846773992873E-14
    0.39857315877577583763E+01    0.41784413431336697720E+00   -0.52197138569708710195E-14
    0.39945193845645645681E+01    0.60789555303294973143E+00   -0.40709072914203947565E-14
    0.40033071813713716480E+01    0.78426069830890154932E+00   -0.25205612894145226654E-14
    0.40120949781781787280E+01    0.94406364089457472932E+00   -0.10496374388132811404E-14
    0.40208827749849849198E+01    0.10852129420394247550E+01    0.11027265779985546426E-15
    0.40296705717917919998E+01    0.12063521084917849802E+01    0.11726219680688881779E-14
    0.40384583685985990797E+01    0.13067829263707213538E+01    0.23952481605598218041E-14
    0.40472461654054052715E+01    0.13863833223262682637E+01    0.36981965390081319074E-14
    0.40560339622122123515E+01    0.14455257704771931060E+01    0.47945497211763981232E-14
    0.40648217590190194315E+01    0.14849963194013886536E+01    0.55763356356597790080E-14
    0.40736095558258256233E+01    0.15059166704088298161E+01    0.62114936903445961471E-14
    0.40823973526326327033E+01    0.15096704904503737144E+01    0.68204189855056258065E-14
    0.40911851494394397832E+01    0.14978332548710815431E+01    0.72040712446720848249E-14
    0.40999729462462468632E+01    0.14721115994751090561E+01    0.70646370543720320988E-14
    0.41087607430530530550E+01    0.14342884616179571999E+01    0.64572749807085998270E-14
    0.41175485398598601350E+01    0.13861748799345681160E+01    0.58505239000981748692E-14
    0.41263363366666672150E+01    0.13295704689982219548E+01    0.56327892668401591707E-14
    0.41351241334734734068E+01    0.12662268402490712838E+01    0.56849672491220438244E-14
    0.41439119302802804867E+01    0.11978152146626053209E+01    0.55850776241720802850E-14
    0.41526997270870875667E+01    0.11258968871530956601E+01    0.51216622505665583954E-14
    0.41614875238938937585E+01    0.10519000323303189237E+01    0.44728069203126949599E-14
    0.41702753207007008385E+01    0.97710495532924346307E+00    0.39060066949549666365E-14
    0.41790631175075079184E+01    0.90263335845384362610E+00    0.34858218933533565602E-14
    0.41878509143143141102E+01    0.82944573079976779972E+00    0.31461655018362007879E-14
    0.41966387111211211902E+01    0.75834337810743435160E+00    0.29361163871013557791E-14
    0.42054265079279282702E+01    0.68997375505409663798E+00    0.30446583883719858913E-14
    0.42142143047347353502E+01    0.62483988498668696643E+00    0.35156718009097028227E-14
    0.42230021015415415420E+01    0.56331130945245710961E+00    0.40284860945668207231E-14
    0.42317898983483486219E+01    0.50563752442007259269E+00    0.41195005442047602520E-14
    0.42405776951551557019E+01    0.45196273448693757846E+00    0.36091442606501934882E-14
    0.42493654919619618937E+01    0.40234070184182646468E+00    0.27438458037445138388E-14
    0.42581532887687689737E+01    0.35674960276489225963E+00    0.19414709249312328277E-14
    0.42669410855755760537E+01    0.31510635296238803660E+00    0.15051155850783148533E-14
    0.42757288823823822455E+01    0.27727910334444338947E+00    0.14962642933488886810E-14
    0.42845166791891893254E+01    0.24309865303991470831E+00    0.17064879877894301221E-14
    0.42933044759959964054E+01    0.21236859695639470624E+00    0.17776961608487370015E-14
    0.43020922728028034854E+01    0.18487387161701820948E+00    0.15084030004937932708E-14
    0.43108800696096096772E+01    0.16038851217148422656E+00    0.10714585770451989296E-14
    0.43196678664164167571E+01    0.13868178747638362780E+00    0.80753574094463577042E-15
    0.43284556632232238371E+01    0.11952338328684368463E+00    0.82887415039052750319E-15
    0.43372434600300300289E+01    0.10268746147960813864E+00    0.92501958583980836955E-15
    0.43460312568368371089E+01    0.87955313394037101804E-01    0.87666764683310964603E-15
    0.43548190536436441889E+01    0.75117558318779711901E-01    0.72701150509660082937E-15
    0.43636068504504503807E+01    0.63975722592595457572E-01    0.64520384979394490605E-15
    0.43723946472572574606E+01    0.54343467691058702784E-01    0.61008943516155558034E-15
    0.43811824440640645406E+01    0.46047480296341633532E-01    0.39002561517055887662E-15
    0.43899702408708707324E+01    0.38927946141686209369E-01   -0.83183349310387303467E-16
    0.43987580376776778124E+01    0.32838813227109256432E-01   -0.44885994376361511893E-15
    0.44075458344844848924E+01    0.27647617363386854661E-01   -0.26432250702554485039E-15
    0.44163336312912919723E+01    0.23235072829555000057E-01    0.39501066348008706239E-15
    0.44251214280980981641E+01    0.19494540043022326459E-01    0.90488148347261930109E-15
    0.44339092249049052441E+01    0.16331351600893620479E-01    0.80668909659475209911E-15
    0.44426970217117123241E+01    0.13662090633157004255E-01    0.37885302771006067266E-15
    0.44514848185185185159E+01    0.11413799928901732089E-01    0.27144225342906418532E-15
    0.44602726153253255958E+01    0.95231498529563755190E-02    0.72619648022938200554E-15
    0.44690604121321326758E+01    0.79355442863325523911E-02    0.13542308231037741865E-14
    0.44778482089389388676E+01    0.66041512071320414984E-02    0.16514191909984078708E-14
    0.44866360057457459476E+01    0.54889501574543302087E-02    0.14846570971247829246E-14
    0.44954238025525530276E+01    0.45558809230416569963E-02    0.10327038247585311553E-14
    0.45042115993593592194E+01    0.37760506384336835033E-02    0.47470318510790278187E-15
    0.45129993961661662993E+01    0.31250152869933480078E-02   -0.12614020510463498103E-15
    0.45217871929729733793E+01    0.25821519251757732091E-02   -0.67640914783839227467E-15
    0.45305749897797804593E+01    0.21300762872659534906E-02   -0.94285499602078089859E-15
    0.45393627865865866511E+01    0.17541530548061045822E-02   -0.71796234331599644578E-15
    0.45481505833933937311E+01    0.14420585190345672471E-02   -0.92755884224760705007E-16
    0.45569383802002008110E+01    0.11834055555383345224E-02    0.54279569759243492474E-15
    0.45657261770070070028E+01    0.96944358330766861390E-03    0.84503323156817605838E-15
    0.45745139738138140828E+01    0.79279107931823562024E-03    0.80477947381753480601E-15
    0.45833017706206211628E+01    0.64722852405639085677E-03    0.65003273432693828890E-15
    0.45920895674274273546E+01    0.52752339566846458314E-03    0.57453006565181247260E-15
    0.46008773642342344345E+01    0.42927837111903503113E-03    0.60501059043392234425E-15
    0.46096651610410415145E+01    0.34880638381120027732E-03    0.65255736932134225090E-15
    0.46184529578478477063E+01    0.28301781648591267096E-03    0.60059461696029807033E-15
    0.46272407546546547863E+01    0.22933080069087140849E-03    0.40354430554899099339E-15
    0.46360285514614618663E+01    0.18559382023019518936E-03    0.17482565014815445518E-15
    0.46448163482682689462E+01    0.15001849032173002153E-03    0.13113633682822118025E-15
    0.46536041450750751380E+01    0.12112412874257615764E-03    0.36346364222257682675E-15
    0.46623919418818822180E+01    0.97687386102899897771E-04    0.68279000060304866090E-15
    0.46711797386886892980E+01    0.78701147936452019605E-04    0.79799002637567991044E-15
    0.46799675354954954898E+01    0.63338444745267736017E-04    0.62584582590103314488E-15
    0.46887553323023025698E+01    0.50921423621599078526E-04    0.35046132675029123455E-15
    0.46975431291091096497E+01    0.40896212887638300031E-04    0.17112767561955430228E-15
    0.47063309259159158415E+01    0.32810403681945793863E-04    0.85401166128421501136E-16
    0.47151187227227229215E+01    0.26295430852436242668E-04   -0.46564056566850810064E-16
    0.47239065195295300015E+01    0.21051543477354606968E-04   -0.31453472284375042181E-15
    0.47326943163363361933E+01    0.16835106282053078150E-04   -0.66902739394227510585E-15
    0.47414821131431432732E+01    0.13448573550793341494E-04   -0.95912122693794022297E-15
    0.47502699099499503532E+01    0.10731611979532207981E-04   -0.10092486772329473346E-14
    0.47590577067567574332E+01    0.85543226174619757686E-05   -0.74753752577684040689E-15
    0.47678455035635636250E+01    0.68115596807937931078E-05   -0.33530415618911417359E-15
    0.47766333003703707050E+01    0.54182078034539466556E-05   -0.92491141202127745965E-16
    0.47854210971771777849E+01    0.43055464430286887132E-05   -0.18289603791468248170E-15
    0.47942088939839839767E+01    0.34180525012428150218E-05   -0.40187353212599622821E-15
    0.48029966907907910567E+01    0.27109657075312126629E-05   -0.40380612865284256477E-15
    0.48117844875975981367E+01    0.21482494641295188525E-05   -0.99201304078134941219E-16
    0.48205722844044043285E+01    0.17008986070750198221E-05    0.26283475921903485685E-15
    0.48293600812112114085E+01    0.13456376279529178815E-05    0.39278315824828078405E-15
    0.48381478780180184884E+01    0.10637779771490406690E-05    0.23159986566045439790E-15
    0.48469356748248246802E+01    0.84035396786356567530E-06   -0.58155737109803322620E-16
    0.48557234716316317602E+01    0.66340175317577974894E-06   -0.23182254095117507555E-15
    0.48645112684384388402E+01    0.52336216239461401896E-06   -0.11003776929034809219E-15
    0.48732990652452459202E+01    0.41262172491201784958E-06    0.27520911870853446332E-15
    0.48820868620520521119E+01    0.32511078436017441275E-06    0.63504501389169652234E-15
    0.48908746588588591919E+01    0.25600238172738347926E-06    0.67831726029254230831E-15
    0.48996624556656662719E+01    0.20146253770284498715E-06    0.45955950704343315008E-15
    0.49084502524724724637E+01    0.15844553225771574101E-06    0.34927092461334839104E-15
    0.49172380492792795437E+01    0.12453900026934377273E-06    0.56555466695798948610E-15
    0.49260258460860866236E+01    0.97829181056587283611E-07    0.84876281444259137403E-15
    0.49348136428928928154E+01    0.76801146179365461056E-07    0.77808902469855925409E-15
    0.49436014396996998954E+01    0.60256697865750278529E-07    0.32157079080892555557E-15
    0.49523892365065069754E+01    0.47247538735676396585E-07   -0.10646917446788092252E-15
    0.49611770333133140554E+01    0.37025196527670846291E-07   -0.16284947291994893921E-15
    0.49699648301201202472E+01    0.28997676087809459116E-07    0.24940950173522466724E-16
    0.49787526269269273271E+01    0.22697700377423239688E-07    0.85307246484318808504E-16
    0.49875404237337344071E+01    0.17756747612329888431E-07   -0.13097998288410240322E-15
    0.49963282205405405989E+01    0.13884013493655979437E-07   -0.43507485924306912746E-15
    0.50051160173473476789E+01    0.10850726289817566594E-07   -0.59520196726393320544E-15
    0.50139038141541547589E+01    0.84765629350508321958E-08   -0.59394834980096844005E-15
    0.50226916109609609506E+01    0.66196195688242428773E-08   -0.57942652594727124002E-15
    0.50314794077677680306E+01    0.51681699118093175512E-08   -0.68707096588334204999E-15
    0.50402672045745751106E+01    0.40341244946812310501E-08   -0.92126786781349339156E-15
    0.50490550013813813024E+01    0.31483325280374498120E-08   -0.11141128270345836592E-14
    0.50578427981881883824E+01    0.24565314210764904840E-08   -0.97383992374190518038E-15
    0.50666305949949954623E+01    0.19162997684641585563E-08   -0.35523543967980699154E-15
    0.50754183918018025423E+01    0.14945115511058349303E-08    0.42857597524902705775E-15
    0.50842061886086087341E+01    0.11652717182317333778E-08    0.75539954849558870020E-15
    0.50929939854154158141E+01    0.90837059991525050955E-09    0.35222347417543416324E-15
    0.51017817822222228941E+01    0.70796278540890950025E-09   -0.29755424049268495103E-15
    0.51105695790290290859E+01    0.55164849988573429400E-09   -0.49556714188121198997E-15
    0.51193573758358361658E+01    0.42974710966748558304E-09   -0.18396596160352473303E-15
    0.51281451726426432458E+01    0.33470234755502276799E-09    0.12611650192679604498E-16
    0.51369329694494494376E+01    0.26062569589985469664E-09   -0.34699541179887349861E-15
    0.51457207662562565176E+01    0.20290486572200881342E-09   -0.90400434748318572864E-15
    0.51545085630630635976E+01    0.15793413963734996038E-09   -0.99490591401513947826E-15
    0.51632963598698697893E+01    0.12290222435725227676E-09   -0.52922773227139445712E-15
    0.51720841566766768693E+01    0.95618192294279085029E-10   -0.76337853629881558435E-16
    0.51808719534834839493E+01    0.74376983151787489848E-10   -0.73596683766250567516E-16
    0.51896597502902910293E+01    0.57844202971593047775E-10   -0.25915990149280263291E-15
    0.51984475470970972211E+01    0.44977513122900151177E-10   -0.11900615483244773067E-15
    0.52072353439039043010E+01    0.34965100867749354622E-10    0.32615759126379066767E-15
    0.52160231407107113810E+01    0.27175161992414678495E-10    0.48653063754883278072E-15
    0.52248109375175184610E+01    0.21116711945867222201E-10   -0.54571903999604291885E-17
    0.52335987343243246528E+01    0.16406015880098463055E-10   -0.74790570033340697716E-15
    0.52423865311311317328E+01    0.12743706882303952548E-10   -0.10535164624066624260E-14
    0.52511743279379388127E+01    0.98968617086106776170E-11   -0.77796433293859821540E-15
    0.52599621247447450045E+01    0.76843422300028477405E-11   -0.41456990934202641896E-15
    0.52687499215515520845E+01    0.59654750593477089141E-11   -0.38933600417909567454E-15
    0.52775377183583591645E+01    0.46303783586480874387E-11   -0.54072186771336685500E-15
    0.52863255151651653563E+01    0.35933999944097732845E-11   -0.44324102193778306644E-15
    0.52951133119719724363E+01    0.27879880061671397450E-11   -0.18524582942674588741E-16
    0.53039011087787795162E+01    0.21625138044854688766E-11    0.37688925105514769157E-15
    0.53126889055855857080E+01    0.16770595997424177508E-11    0.43089149017658879591E-15
    0.53214767023923927880E+01    0.13006066831239568278E-11    0.23510075364862977283E-15
    0.53302644991991998680E+01    0.10089148002925660012E-11    0.83868148016670473136E-16
    0.53390522960060069479E+01    0.78278239462406968811E-12    0.81325296292468182420E-16
    0.53478400928128131397E+01    0.60701468438973701577E-12    0.66713945964379703517E-16
    0.53566278896196202197E+01    0.47011679397463970394E-12   -0.11726675039114358857E-15
    0.53654156864264272997E+01    0.36382049918481541934E-12   -0.41106800578630983377E-15
    0.53742034832332334915E+01    0.28187040422558644341E-12   -0.61154794063371762655E-15
    0.53829912800400405715E+01    0.21866506344262584299E-12   -0.55260004868140069245E-15
    0.53917790768468476514E+01    0.16910908305668811831E-12   -0.20217146326756456723E-15
    0.54005668736536538432E+01    0.12971976516972453422E-12    0.33446230719991627054E-15
    0.54093546704604609232E+01    0.99181564025333437308E-13    0.85313333302522665946E-15
    0.54181424672672680032E+01    0.76932583545901101220E-13    0.11631601312124791401E-14
    0.54269302640740750832E+01    0.61209192866418710760E-13    0.12125235407992890375E-14
    0.54357180608808812750E+01    0.49050039755793404573E-13    0.10834962150982295968E-14
    0.54445058576876883549E+01    0.38331028640331690984E-13    0.85505278850193149740E-15
    0.54532936544944954349E+01    0.29112715390337134215E-13    0.51278686036804430713E-15
    0.54620814513013016267E+01    0.22385187756146914612E-13    0.35863807336436128894E-16
    0.54708692481081087067E+01    0.18009289059172146281E-13   -0.46681922797544597620E-15
    0.54796570449149157866E+01    0.14505997105641845602E-13   -0.78634054581725178677E-15
    0.54884448417217219784E+01    0.10759922257896680192E-13   -0.81312525933725717380E-15
    0.54972326385285290584E+01    0.72017586368923683991E-14   -0.65800878560117121286E-15
    0.55060204353353361384E+01    0.49013811116843314099E-14   -0.50417219033993768294E-15
    0.55148082321421423302E+01    0.40121401737866070110E-14   -0.38044303058503277822E-15
    0.55235960289489494102E+01    0.35978016092782655505E-14   -0.14843625908149161443E-15
    0.55323838257557564901E+01    0.28799307692761018882E-14    0.29114799277536730576E-15
    0.55411716225625635701E+01    0.21051083048987149073E-14    0.84159514988615582846E-15
    0.55499594193693697619E+01    0.18992914036231721578E-14    0.12627115258044281715E-14
    0.55587472161761768419E+01    0.21704195634515417277E-14    0.13071859687858343843E-14
    0.55675350129829839219E+01    0.20888937065059228778E-14    0.86063828094728747830E-15
    0.55763228097897901137E+01    0.11596389888124050410E-14    0.77177987302291029385E-16
    0.55851106065965971936E+01   -0.77795979900118165501E-16   -0.61292168958818403874E-15
    0.55938984034034042736E+01   -0.70076697809649076173E-15   -0.82161660841704621384E-15
    0.56026862002102104654E+01   -0.45899623432822434601E-15   -0.58632757710668800062E-15
    0.56114739970170175454E+01    0.83067137823341719201E-16   -0.30160223140895646106E-15
    0.56202617938238246253E+01    0.32558724870383717492E-15   -0.20471925601895749347E-15
    0.56290495906306308171E+01    0.23060794034007092553E-15   -0.68462549878273010099E-16
    0.56378373874374378971E+01    0.12766642663080341232E-15    0.42086993509599592672E-15
    0.56466251842442449771E+01    0.25036327435189159358E-15    0.11061576274424039295E-14
    0.56554129810510520571E+01    0.55310234917233830590E-15    0.14207207527946188428E-14
    0.56642007778578582489E+01    0.81724575012965845366E-15    0.10591497914701585571E-14
    0.56729885746646653288E+01    0.79885297466116808031E-15    0.39096616275886295220E-15
    0.56817763714714724088E+01    0.37964195921138766894E-15    0.14360897153942873316E-16
    0.56905641682782786006E+01   -0.30637253609034788802E-15    0.68238703635832228443E-16
    0.56993519650850856806E+01   -0.92353278224359450139E-15    0.17366894609965473461E-15
    0.57081397618918927606E+01   -0.11572476317383514950E-14   -0.43816190277878771249E-17
    0.57169275586986989524E+01   -0.90901316551785323912E-15   -0.35963582396560931785E-15
    0.57257153555055060323E+01   -0.36329253076600525857E-15   -0.56893711319530353882E-15
    0.57345031523123131123E+01    0.31141505616368024388E-16   -0.50612594693428678458E-15
    0.57432909491191193041E+01   -0.16929918288220107147E-15   -0.32220362480512875318E-15
    0.57520787459259263841E+01   -0.90604628026752253320E-15   -0.19627886362037673171E-15
    0.57608665427327334640E+01   -0.14529430159714780122E-14   -0.14145015949013785503E-15
    0.57696543395395405440E+01   -0.11446725498318494221E-14   -0.56747792239251272958E-16
    0.57784421363463467358E+01   -0.27864232879684157690E-15    0.13666694525674907276E-15
    0.57872299331531538158E+01    0.10643424095599691371E-15    0.42066578221663007953E-15
    0.57960177299599608958E+01   -0.48213982282258633948E-15    0.66951837328028202123E-15
    0.58048055267667670876E+01   -0.12596424054672689917E-14    0.69015551122259317412E-15
    0.58135933235735741675E+01   -0.11409351498734342125E-14    0.36560644914541922784E-15
    0.58223811203803812475E+01   -0.14540969849354172419E-15   -0.19299390387330038287E-15
    0.58311689171871874393E+01    0.63206786582965184119E-15   -0.69698925381313791020E-15
    0.58399567139939945193E+01    0.41374353407702736530E-15   -0.92126426641226723504E-15
    0.58487445108008015993E+01   -0.36227532059222977759E-15   -0.86644405596578484771E-15
    0.58575323076076077911E+01   -0.77722676290043378363E-15   -0.66889562367739549222E-15
    0.58663201044144148710E+01   -0.61009652510313353318E-15   -0.43452043272250884763E-15
    0.58751079012212219510E+01   -0.42379222776263701212E-15   -0.18922230609277447495E-15
    0.58838956980280290310E+01   -0.61778077815372707018E-15    0.58146919727606039126E-16
    0.58926834948348352228E+01   -0.83012603556444286126E-15    0.26406739822008253359E-15
    0.59014712916416423027E+01   -0.50268963771887375342E-15    0.36101672527964955908E-15
    0.59102590884484493827E+01    0.26242567163043699386E-15    0.29055053301212392496E-15
    0.59190468852552555745E+01    0.74766291250657719955E-15    0.32670498826417762301E-16
    0.59278346820620626545E+01    0.50461107793783933104E-15   -0.36986600274695267257E-15
    0.59366224788688697345E+01   -0.10226727460521096655E-15   -0.80689804856935165440E-15
    0.59454102756756759263E+01   -0.42038995490491516526E-15   -0.11413461501295597551E-14
    0.59541980724824830062E+01   -0.30790970877505132444E-15   -0.12633543849441976637E-14
    0.59629858692892900862E+01   -0.18121164855145898358E-15   -0.11262601328951274696E-14
    0.59717736660960962780E+01   -0.36545509504169955419E-15   -0.76445809603093869973E-15
    0.59805614629029033580E+01   -0.66890151043134550137E-15   -0.29321792358169705737E-15
    0.59893492597097104380E+01   -0.69419720441071915835E-15    0.12849375975539302479E-15
    0.59981370565165175179E+01   -0.34719951267801784303E-15    0.34936017507371401184E-15
    0.60069248533233237097E+01    0.95598943242268717737E-16    0.28230893017608681117E-15
    0.60157126501301307897E+01    0.32837869319537799090E-15   -0.36684343455963030299E-16
    0.60245004469369378697E+01    0.27380771512609534642E-15   -0.43897210667686508713E-15
    0.60332882437437440615E+01    0.25318915591074607317E-16   -0.72880056472202062879E-15
    0.60420760405505511415E+01   -0.30598212192841703261E-15   -0.81383753474149883772E-15
    0.60508638373573582214E+01   -0.63302796930660469883E-15   -0.73246723359608589438E-15
    0.60596516341641644132E+01   -0.83266751047676222252E-15   -0.58611245470772686121E-15
    0.60684394309709714932E+01   -0.74410065169365900478E-15   -0.47019095711694874697E-15
    0.60772272277777785732E+01   -0.33172266565459737845E-15   -0.42951330393822645073E-15
    0.60860150245845856531E+01    0.14547244111915581220E-15   -0.43178909756418875019E-15
    0.60948028213913918449E+01    0.28971738913261196435E-15   -0.40056011868916933132E-15
    0.61035906181981989249E+01    0.33337242972774412468E-17   -0.29929913517010474930E-15
    0.61123784150050060049E+01   -0.31469852598637864508E-15   -0.17160556204675664101E-15
    0.61211662118118121967E+01   -0.20602180028144736734E-15   -0.66600404353988592322E-16
    0.61299540086186192767E+01    0.28667432222900221166E-15    0.55032002093880250332E-16
    0.61387418054254263566E+01    0.67665128053053117178E-15    0.28480958749213501994E-15
    0.61475296022322325484E+01    0.63524250078215616688E-15    0.61697788667239971818E-15
    0.61563173990390396284E+01    0.35077828936685369451E-15    0.88302799027640072925E-15
    0.61651051958458467084E+01    0.18557417443243138013E-15    0.90774460156927132987E-15
    0.61738929926526529002E+01    0.17213561675758505337E-15    0.70758125538111489757E-15
    0.61826807894594599802E+01    0.20878271569024295477E-16    0.47581470970288222053E-15
    0.61914685862662670601E+01   -0.42263602203763681699E-15    0.38025851664104698987E-15
    0.62002563830730741401E+01   -0.90784966152614136348E-15    0.42303761271878727178E-15
    0.62090441798798803319E+01   -0.10518224325735387541E-14    0.49062589356139380674E-15
    0.62178319766866874119E+01   -0.74002618796793889107E-15    0.46592277450467658362E-15
    0.62266197734934944918E+01   -0.17111492591239125680E-15    0.31949199358540488879E-15
    0.62354075703003006836E+01    0.41082897986608716180E-15    0.17579724380027444590E-15
    0.62441953671071077636E+01    0.90123573834634776872E-15    0.27486995594709474319E-15
    0.62529831639139148436E+01    0.12528473091096435867E-14    0.70874710886911430605E-15
    0.62617709607207210354E+01    0.13367718144299155610E-14    0.11592272946025164571E-14
    0.62705587575275281154E+01    0.10101131370115276507E-14    0.11058638514106060495E-14
    0.62793465543343351953E+01    0.35676998178599448112E-15    0.42705507466146485941E-15
    0.62881343511411413871E+01   -0.24258776912755274493E-15   -0.33873827366454898261E-15
    0.62969221479479484671E+01   -0.46118632899951066576E-15   -0.58168715726582339664E-15
    0.63057099447547555471E+01   -0.42427702733900887830E-15   -0.35364887339447251221E-15
    0.63144977415615626271E+01   -0.54424659748756907052E-15   -0.25252335451135849929E-15
    0.63232855383683688189E+01   -0.88681239320467423220E-15   -0.58945382649795509975E-15
    0.63320733351751758988E+01   -0.90817212009310070975E-15   -0.94378918356614141901E-15
    0.63408611319819829788E+01   -0.11976902060845842546E-15   -0.74597396979778008809E-15
    0.63496489287887891706E+01    0.11118037489158337051E-14   -0.59849580750535567830E-16
    0.63584367255955962506E+01    0.17955800049082719246E-14    0.48444143249710120975E-15
    0.63672245224024033305E+01    0.14067395267993417743E-14    0.47246750288352683665E-15
    0.63760123192092095223E+01    0.47478310644639217682E-15    0.15718270472830644669E-15
    0.63848001160160166023E+01   -0.12748870322973251526E-15    0.18842766577111487611E-16
    0.63935879128228236823E+01   -0.16434075937429311700E-15    0.13563264569963744738E-15
    0.64023757096296298741E+01   -0.81013104778021189422E-16    0.17138714062722940215E-15
    0.64111635064364369541E+01   -0.26145014904280683807E-15   -0.11889140121710959266E-15
    0.64199513032432440340E+01   -0.56080570238848062722E-15   -0.57566070853939695688E-15
    0.64287391000500511140E+01   -0.61800102318555601706E-15   -0.85913845730948217836E-15
    0.64375268968568573058E+01   -0.34848140989155552515E-15   -0.80053119694622910607E-15
    0.64463146936636643858E+01   -0.17485362384043756287E-17   -0.46899720727026145697E-15
    0.64551024904704714658E+01    0.14719901400136523789E-15    0.44150542610951669512E-18
    0.64638902872772776576E+01    0.36153803922673213764E-16    0.52757712791428845839E-15
    0.64726780840840847375E+01   -0.18292235947414600236E-15    0.10415388883835730862E-14
    0.64814658808908918175E+01   -0.23748188743931960705E-15    0.14021789077742116377E-14
    0.64902536776976980093E+01    0.68802765949018292407E-16    0.14401334187881364642E-14
    0.64990414745045050893E+01    0.58826442547127596694E-15    0.10930665742758582846E-14
    0.65078292713113121692E+01    0.80513297619002160983E-15    0.47835340590645122439E-15
    0.65166170681181183610E+01    0.33871872270154064230E-15   -0.19020962670163495425E-15
    0.65254048649249254410E+01   -0.51824975771160260404E-15   -0.72468259402525191113E-15
    0.65341926617317325210E+01   -0.10196705577430446520E-14   -0.10224101253056825745E-14
    0.65429804585385396010E+01   -0.79068386614793052554E-15   -0.10711495646548303026E-14
    0.65517682553453457928E+01   -0.24916011460784335894E-15   -0.92360885917000004012E-15
    0.65605560521521528727E+01   -0.50631478720274945864E-16   -0.62106463828090221731E-15
    0.65693438489589599527E+01   -0.34758720682305070287E-15   -0.12941378832826361996E-15
    0.65781316457657661445E+01   -0.74781794688682154022E-15    0.56476486263410856542E-15
    0.65869194425725732245E+01   -0.83934421326462401987E-15    0.12386365879189158770E-14
    0.65957072393793803045E+01   -0.55880322456631567050E-15    0.14208348780498825592E-14
    0.66044950361861864963E+01   -0.10987297540611158969E-15    0.82398603514161288636E-15
    0.66132828329929935762E+01    0.24517123831135573952E-15   -0.20580178766324760046E-15
    0.66220706297998006562E+01    0.31141168436633387793E-15   -0.92053446391780311566E-15
    0.66308584266066068480E+01    0.16245758516747621501E-16   -0.93246066473965859407E-15
    0.66396462234134139280E+01   -0.56364276402088183787E-15   -0.59095314837682806022E-15
    0.66484340202202210079E+01   -0.12169494659931317839E-14   -0.45716124270393138156E-15
    0.66572218170270280879E+01   -0.16421623321384652630E-14   -0.62301489357009173799E-15
    0.66660096138338342797E+01   -0.15836860756721398821E-14   -0.71868952269371972085E-15
    0.66747974106406413597E+01   -0.10328732837844260466E-14   -0.46292120725737006706E-15
    0.66835852074474484397E+01   -0.28382821467259348233E-15    0.10959076859197290317E-16
    0.66923730042542546315E+01    0.31796828445191268694E-15    0.39907144276130882474E-15
    0.67011608010610617114E+01    0.66489091005737225268E-15    0.58657838568775798008E-15
    0.67099485978678687914E+01    0.86765084237881760758E-15    0.67931771477065553358E-15
    0.67187363946746749832E+01    0.99675538368800745674E-15    0.77746020295127712888E-15
    0.67275241914814820632E+01    0.94936911514753379602E-15    0.83677401765438851349E-15
    0.67363119882882891432E+01    0.61740117426419888455E-15    0.75963448407296809653E-15
    0.67450997850950962231E+01    0.98530659916083294331E-16    0.53268145171472086321E-15
    0.67538875819019024149E+01   -0.35636548026885965835E-15    0.23785543172340895604E-15
    0.67626753787087094949E+01   -0.59656027599413131288E-15   -0.35057446565400839220E-16
    0.67714631755155165749E+01   -0.69167599181977536031E-15   -0.23894498052395316391E-15
    0.67802509723223227667E+01   -0.74668681303413041461E-15   -0.32645058633634284996E-15
    0.67890387691291298466E+01   -0.68128195410522420560E-15   -0.20164581252760238854E-15
    0.67978265659359369266E+01   -0.31030872367069195819E-15    0.20695046703058038530E-15
    0.68066143627427431184E+01    0.35111858203250873401E-15    0.78636751022233891877E-15
    0.68154021595495501984E+01    0.97077556875036541848E-15    0.12141555140574072727E-14
    0.68241899563563572784E+01    0.11973348893476402132E-14    0.12156774564810568951E-14
    0.68329777531631634702E+01    0.10078461440113252640E-14    0.83950239641765108265E-15
    0.68417655499699705501E+01    0.66213165689860988764E-15    0.38367492496231727931E-15
    0.68505533467767776301E+01    0.36163850517737381492E-15    0.61237465995027038434E-16
    0.68593411435835847101E+01    0.64549613517648247546E-16   -0.17384488951536154060E-15
    0.68681289403903909019E+01   -0.33674184725236200515E-15   -0.43728190071105795123E-15
    0.68769167371971979819E+01   -0.77908198946178965547E-15   -0.67242776813562720905E-15
    0.68857045340040050618E+01   -0.10439226734076056944E-14   -0.69533784671867791046E-15
    0.68944923308108112536E+01   -0.96271116408938630819E-15   -0.45211719789456204456E-15
    0.69032801276176183336E+01   -0.55608561704109962354E-15   -0.13314724987887497478E-15
    0.69120679244244254136E+01   -0.84255888784651184289E-17    0.29447553237181579293E-16
    0.69208557212312316054E+01    0.41672255218717136948E-15    0.62636342592370005327E-17
    0.69296435180380386853E+01    0.51618209777209178835E-15   -0.47928304859188815350E-16
    0.69384313148448457653E+01    0.31796346303259008368E-15   -0.77421651585276282692E-17
    0.69472191116516519571E+01    0.95673451598016962760E-16    0.96559080975089903018E-16
    0.69560069084584590371E+01    0.78893764065778073288E-16    0.15646619618644877476E-15
    0.69647947052652661171E+01    0.15802657590725273227E-15    0.10532452987120626828E-15
    0.69735825020720731970E+01    0.10818668088113867507E-16   -0.45952900036594759631E-16
    0.69823702988788793888E+01   -0.46896158357443520198E-15   -0.23754246227179808143E-15
    0.69911580956856864688E+01   -0.98748027987527593702E-15   -0.39288141271666673989E-15
    0.69999458924924935488E+01   -0.11851808763823417730E-14   -0.44551030626167786253E-15
    0.70087336892992997406E+01   -0.10333905550853282380E-14   -0.36106561078083352522E-15
    0.70175214861061068206E+01   -0.79251671065849592975E-15   -0.14262201646950983579E-15
    0.70263092829129139005E+01   -0.65290086459678041523E-15    0.17588680502751090068E-15
    0.70350970797197200923E+01   -0.54059383315383284085E-15    0.52984153440846098185E-15
    0.70438848765265271723E+01   -0.28971112336836016068E-15    0.81013467241373851248E-15
    0.70526726733333342523E+01    0.12155161430875045365E-15    0.86441478240389830728E-15
    0.70614604701401404441E+01    0.53884986924379073133E-15    0.59305114128646325570E-15
    0.70702482669469475240E+01    0.75081990507481217414E-15    0.10533241259689993857E-15
    0.70790360637537546040E+01    0.60340133619534935271E-15   -0.27521370192394035196E-15
    0.70878238605605616840E+01    0.78098158491594534925E-16   -0.29566998525280051832E-15
    0.70966116573673678758E+01   -0.66199363506775405137E-15   -0.56705318471845974142E-16
    0.71053994541741749558E+01   -0.13346712683762047880E-14    0.11750195579371758094E-15
    0.71141872509809820357E+01   -0.16780789195066302596E-14    0.95046356443003980221E-16
    0.71229750477877882275E+01   -0.15612011819194360328E-14    0.95932790909310909230E-16
    0.71317628445945953075E+01   -0.10273972632773977605E-14    0.33173992469034532902E-15
    0.71405506414014023875E+01   -0.29739340474992829745E-15    0.61588728861108724496E-15
    0.71493384382082085793E+01    0.33396703754346280663E-15    0.53972787927684912084E-15
    0.71581262350150156593E+01    0.67163304914683546568E-15    0.35231423890059638249E-16
    0.71669140318218227392E+01    0.70597394428876861986E-15   -0.43157926566149195409E-15
    0.71757018286286289310E+01    0.52561739905113347526E-15   -0.40461972070631233741E-15
    0.71844896254354360110E+01    0.20487473825451562608E-15   -0.24395405746008906450E-16
    0.71932774222422430910E+01   -0.20051097522154194648E-15    0.16494995066952134443E-15
    0.72020652190490501710E+01   -0.58352578723503572974E-15   -0.59379582007996517169E-16
    0.72108530158558563627E+01   -0.77796247498113742063E-15   -0.30526497666489488080E-15
    0.72196408126626634427E+01   -0.67432963145203913192E-15   -0.13826766568637414534E-15
    0.72284286094694705227E+01   -0.33652985154703841965E-15    0.28014820104377559262E-15
    0.72372164062762767145E+01    0.39917857875963601682E-16    0.37520653288001029232E-15
    0.72460042030830837945E+01    0.27882584564037888802E-15   -0.10104364376075999691E-15
    0.72547919998898908744E+01    0.32127959461888122043E-15   -0.73920239319376966351E-15
    0.72635797966966970662E+01    0.21085329976454093213E-15   -0.96469615397047319202E-15
    0.72723675935035041462E+01    0.45335500113259099406E-16   -0.63202432817952594023E-15
    0.72811553903103112262E+01   -0.85112760856522010505E-16   -0.45688278042650185970E-16
    0.72899431871171174180E+01   -0.16443302812094060927E-15    0.41683172796185271336E-15
    0.72987309839239244980E+01   -0.25039692694929294533E-15    0.57245235366522509589E-15
    0.73075187807307315779E+01   -0.35582242555554098328E-15    0.44180691132113769011E-15
    0.73163065775375386579E+01   -0.34640623988196370806E-15    0.18159805802529531513E-15
    0.73250943743443448497E+01   -0.65196009991373986381E-16   -0.18441908732425136253E-16
    0.73338821711511519297E+01    0.40041772607238330462E-15   -0.57567457887317398257E-16
    0.73426699679579590097E+01    0.67998925513513420755E-15    0.22897899089627292441E-16
    0.73514577647647652014E+01    0.50307941636296999812E-15    0.11040447779031249738E-15
    0.73602455615715722814E+01    0.71410951147946148950E-16    0.11267086098018021731E-15
    0.73690333583783793614E+01   -0.13892710178432238699E-15   -0.79104615841938000746E-17
    0.73778211551851855532E+01    0.55184452794425585206E-16   -0.23944585253784385964E-15
    0.73866089519919926332E+01    0.33283502853802356749E-15   -0.52323166274833363055E-15
    0.73953967487987997131E+01    0.33278341228936381680E-15   -0.74634881922418952090E-15
    0.74041845456056067931E+01    0.15144300570481233922E-15   -0.75224230248030416625E-15
    0.74129723424124129849E+01    0.18350149424248702288E-15   -0.44584148665419358405E-15
    0.74217601392192200649E+01    0.53739323287634645863E-15    0.48046704172493268325E-16
    0.74305479360260271449E+01    0.82010027837753311464E-15    0.38875149142259298799E-15
    0.74393357328328333367E+01    0.62051291481708057712E-15    0.31068015615580086019E-15
    0.74481235296396404166E+01    0.30958975380982735910E-16   -0.94425416176841840847E-16
    0.74569113264464474966E+01   -0.48439830909046857141E-15   -0.47390992032791711101E-15
    0.74656991232532536884E+01   -0.64323817978994518301E-15   -0.55712073319946978568E-15
    0.74744869200600607684E+01   -0.59020393736653852695E-15   -0.35039843351568057297E-15
    0.74832747168668678484E+01   -0.55466246355242769018E-15   -0.43395630361926928548E-16
    0.74920625136736740401E+01   -0.47097401370165210172E-15    0.15022023975435888019E-15
    0.75008503104804811201E+01   -0.11122695523827587119E-15    0.11188417088273189603E-15
    0.75096381072872882001E+01    0.46175614179502965732E-15   -0.98099526215122492720E-16
    0.75184259040940952801E+01    0.78960439103787485875E-15   -0.26256620818814455573E-15
    0.75272137009009014719E+01    0.54620350910371708499E-15   -0.20272694842042638752E-15
    0.75360014977077085518E+01    0.40658780978537402530E-16    0.37033986695265886264E-16
    0.75447892945145156318E+01   -0.10835180564952478161E-15    0.24739523250204882690E-15
    0.75535770913213218236E+01    0.19386725144713464872E-15    0.26731546784789683037E-15
    0.75623648881281289036E+01    0.29204888566643781427E-15    0.10299913961592522459E-15
    0.75711526849349359836E+01   -0.35903631626457177469E-15   -0.13275397586271027840E-15
    0.75799404817417421754E+01   -0.13440538879556299942E-14   -0.31645867973490468306E-15
    0.75887282785485492553E+01   -0.16864860205712451877E-14   -0.36495922736474561600E-15
    0.75975160753553563353E+01   -0.10192731363543220444E-14   -0.25567744407325898987E-15
    0.76063038721621625271E+01   -0.21780067806437116848E-16   -0.36934485423604374500E-16
    0.76150916689689696071E+01    0.46412360701645723352E-15    0.17431174280768627038E-15
    0.76238794657757766871E+01    0.39083808843230146146E-15    0.21880672835623835057E-15
    0.76326672625825837670E+01    0.33864904116136301242E-15    0.12352448688087741296E-16
    0.76414550593893899588E+01    0.64907780958591437577E-15   -0.29240035440842350772E-15
    0.76502428561961970388E+01    0.10311428109839143715E-14   -0.34430365607451426887E-15
    0.76590306530030041188E+01    0.10378759226711685770E-14    0.34582203476139069806E-16
    0.76678184498098103106E+01    0.62094713621657466714E-15    0.53308902421249921789E-15
    0.76766062466166173905E+01    0.91900342011287085393E-16    0.63143106913314352157E-15
    0.76853940434234244705E+01   -0.28662996912555941179E-15    0.23285812199238141226E-15
    0.76941818402302306623E+01   -0.50610476946570530663E-15   -0.16628232639178203199E-15
    0.77029696370370377423E+01   -0.63769248246587058483E-15   -0.10220834302721119076E-15
    0.77117574338438448223E+01   -0.62882384087172485553E-15    0.24001657093260021663E-15
    0.77205452306506510141E+01   -0.37324809611070515836E-15    0.28315044458592705356E-15
    0.77293330274574580940E+01    0.57593573301659643624E-16   -0.16382746800966437343E-15
    0.77381208242642651740E+01    0.37470613750163977953E-15   -0.63390219085511507065E-15
    0.77469086210710722540E+01    0.36025292467788092840E-15   -0.61274045259295837373E-15
    0.77556964178778784458E+01    0.13578723535241129677E-15   -0.17596642114753360588E-15
    0.77644842146846855258E+01    0.70557607928736682004E-17    0.16676487836679462513E-15
    0.77732720114914926057E+01    0.61586625279253774756E-16    0.10556654023665990047E-15
    0.77820598082982987975E+01    0.50113917957622253520E-16   -0.18422321405698532179E-15
    0.77908476051051058775E+01   -0.24856134326221337598E-15   -0.37267956167148907529E-15
    0.77996354019119129575E+01   -0.67006998025290591070E-15   -0.35951412572532801527E-15
    0.78084231987187191493E+01   -0.82360592716942342959E-15   -0.26282660959855602379E-15
    0.78172109955255262292E+01   -0.55369446159401209956E-15   -0.16913719416456322874E-15
    0.78259987923323333092E+01   -0.10972867054684078607E-15   -0.24133044538763207406E-16
    0.78347865891391395010E+01    0.18352581230228260054E-15    0.22495858455110833528E-15
    0.78435743859459465810E+01    0.27500601157675726464E-15    0.47945007870242637876E-15
    0.78523621827527536610E+01    0.32588181777606054284E-15    0.55589756721709275091E-15
    0.78611499795595607409E+01    0.40670447041390221772E-15    0.37921413903089433438E-15
    0.78699377763663669327E+01    0.38528400328520117257E-15    0.63364151592197223534E-16
    0.78787255731731740127E+01    0.14197579741239865700E-15   -0.19946627801022770943E-15
    0.78875133699799810927E+01   -0.21524917197482403496E-15   -0.27622588507851878236E-15
    0.78963011667867872845E+01   -0.45258812969131839802E-15   -0.15407016346782184306E-15
    0.79050889635935943645E+01   -0.49183559541006915188E-15    0.51473418495690838186E-16
    0.79138767604004014444E+01   -0.48806775125811311038E-15    0.15703763238324899633E-15
    0.79226645572072076362E+01   -0.57066330310309903681E-15    0.71627049963894606492E-16
    0.79314523540140147162E+01   -0.60308921343324527655E-15   -0.83196711323615169959E-16
    0.79402401508208217962E+01   -0.33706003387484462611E-15   -0.10952523054650284032E-15
    0.79490279476276279880E+01    0.21430955792445203975E-15   -0.75327306963831395607E-17
    0.79578157444344350679E+01    0.68054123699468714470E-15   -0.21483076624555598758E-16
    0.79666035412412421479E+01    0.68885116131308710912E-15   -0.31951898506119667223E-15
    0.79753913380480492279E+01    0.22424800983345056669E-15   -0.70559697250308426886E-15
    0.79841791348548554197E+01   -0.40808589082565706700E-15   -0.79966838590477586086E-15
    0.79929669316616624997E+01   -0.85610321506980685420E-15   -0.47744945729012325724E-15
    0.80017547284684695796E+01   -0.92431549342059616281E-15   -0.13579251825209328382E-16
    0.80105425252752748833E+01   -0.64314653857151759754E-15    0.25590419412791289961E-15
    0.80193303220820819632E+01   -0.26233486835986349078E-15    0.27882057817458099954E-15
    0.80281181188888890432E+01   -0.64566921522642291590E-16    0.22635707624195478034E-15
    0.80369059156956961232E+01   -0.91256953343918401219E-16    0.20352523653458378600E-15
    0.80456937125025032032E+01   -0.10429300731110773987E-15    0.14003804796934759675E-15
    0.80544815093093102831E+01    0.87373058525610802492E-16   -0.21817772078481478206E-16
    0.80632693061161173631E+01    0.33677726239039376423E-15   -0.14804278488860768993E-15
    0.80720571029229226667E+01    0.33266076704387448697E-15   -0.32340635131283515456E-16
    0.80808448997297297467E+01    0.23111522298537335158E-16    0.32510087672203127895E-15
    0.80896326965365368267E+01   -0.27689374193550865436E-15    0.65780507467318817307E-15
    0.80984204933433439066E+01   -0.27653437667875761643E-15    0.71714913524031669853E-15
    0.81072082901501509866E+01   -0.75055153863415373707E-16    0.54054796585831611350E-15
    0.81159960869569580666E+01    0.47758636038819782354E-17    0.35769920447027809725E-15
    0.81247838837637633702E+01   -0.13067357177379842397E-15    0.29842703952751880161E-15
    0.81335716805705704502E+01   -0.22098527114672270603E-15    0.27745242406626849647E-15
    0.81423594773773775302E+01   -0.41296877487641731625E-16    0.16202424696366588758E-15
    0.81511472741841846101E+01    0.23974508033840066916E-15   -0.50079235944891805915E-16
    0.81599350709909916901E+01    0.26346883710339715454E-15   -0.25423922136488093381E-15
    0.81687228677977987701E+01   -0.21091811856622759431E-16   -0.37373779410130006205E-15
    0.81775106646046058501E+01   -0.25096724571367434230E-15   -0.41394670405358937548E-15
    0.81862984614114111537E+01   -0.14617419331685013508E-15   -0.38713434960339514815E-15
    0.81950862582182182337E+01    0.54044996030916414706E-16   -0.24366177106508466909E-15
    0.82038740550250253136E+01   -0.10876777330981864399E-15    0.64163633351908175535E-16
    0.82126618518318323936E+01   -0.63432659263875956546E-15    0.45238219456484082245E-15
    0.82214496486386394736E+01   -0.93587838018750773077E-15    0.70097739112005161325E-15
    0.82302374454454465535E+01   -0.54838448528855667100E-15    0.63779138789501973435E-15
    0.82390252422522518572E+01    0.23885502367118555650E-15    0.30456579678013898742E-15
    0.82478130390590589371E+01    0.72040940169448635406E-15   -0.98956794064010466580E-16
    0.82566008358658660171E+01    0.61751011510664968408E-15   -0.39086487987245289033E-15
    0.82653886326726730971E+01    0.33339269587495411556E-15   -0.50054628446408487566E-15
    0.82741764294794801771E+01    0.31425415795796739978E-15   -0.43159754529286653440E-15
    0.82829642262862872570E+01    0.44653892190498593548E-15   -0.21197396900940522011E-15
    0.82917520230930943370E+01    0.30878737714248070740E-15    0.98624169318828298281E-16
    0.83005398198998996406E+01   -0.13907721828208320156E-15    0.37458768859920742437E-15
    0.83093276167067067206E+01   -0.40371759975684907681E-15    0.45562447374489151352E-15
    0.83181154135135138006E+01   -0.11289444463964139623E-15    0.27316791724047002758E-15
    0.83269032103203208806E+01    0.41115384288589816627E-15   -0.55610396756875729346E-16
    0.83356910071271279605E+01    0.51367489807794703876E-15   -0.32861374443054748823E-15
    0.83444788039339350405E+01    0.38969259433461778273E-16   -0.45558919186082990961E-15
    0.83532666007407403441E+01   -0.46242616001924584287E-15   -0.50549122086233228715E-15
    0.83620543975475474241E+01   -0.45167695015103179062E-15   -0.53426427765829928505E-15
    0.83708421943543545041E+01   -0.61645529866286897777E-16   -0.43880650522425181982E-15
    0.83796299911611615840E+01    0.16923394405200316592E-15   -0.76276141219911115544E-16
    0.83884177879679686640E+01    0.32580128121575905347E-16    0.48815996715476383466E-15
    0.83972055847747757440E+01   -0.12424413188896601212E-15    0.94525046825694777517E-15
    0.84059933815815828240E+01    0.71178592025643836257E-16    0.10133110127670875035E-14
    0.84147811783883881276E+01    0.51154628352762087824E-15    0.69077973768886799636E-15
    0.84235689751951952076E+01    0.77094216673333188632E-15    0.20683896546765357048E-15
    0.84323567720020022875E+01    0.60634428965945547667E-15   -0.18813795886357339810E-15
    0.84411445688088093675E+01    0.16374998653985330802E-15   -0.36146857653702353442E-15
    0.84499323656156164475E+01   -0.25650742797888947138E-15   -0.32367663009681993716E-15
    0.84587201624224235275E+01   -0.46301000629772953870E-15   -0.20630208340802370856E-15
    0.84675079592292288311E+01   -0.41253346456296601704E-15   -0.15238277758280856915E-15
    0.84762957560360359111E+01   -0.13088913079864694835E-15   -0.17200858392599251824E-15
    0.84850835528428429910E+01    0.31982813573874176449E-15   -0.13180961202530806488E-15
    0.84938713496496500710E+01    0.80046404479741929293E-15    0.68976745831595924249E-16
    0.85026591464564571510E+01    0.10817054185172619882E-14    0.34859717073345284486E-15
    0.85114469432632642309E+01    0.98275078375560081524E-15    0.52131963048458909556E-15
    0.85202347400700713109E+01    0.57222326491519830206E-15    0.48816903788990158065E-15
    0.85290225368768766145E+01    0.15981629072744702769E-15    0.30634146478385368637E-15
    0.85378103336836836945E+01   -0.12628086522123937936E-17    0.83791481811988594989E-16
    0.85465981304904907745E+01    0.38116229337520249204E-16   -0.12738395706505132267E-15
    0.85553859272972978545E+01    0.57010099577167899987E-16   -0.31745312368395024511E-15
    0.85641737241041049344E+01   -0.20070669538474460508E-16   -0.44673164157116259387E-15
    0.85729615209109120144E+01   -0.48614160597724054816E-16   -0.43259181393433545822E-15
    0.85817493177177173180E+01    0.71267628232586248519E-16   -0.22127378896936064979E-15
    0.85905371145245243980E+01    0.18047798681341608807E-15    0.14730672071321828570E-15
    0.85993249113313314780E+01    0.58135833853550065617E-16    0.55826367519911327737E-15
    0.86081127081381385580E+01   -0.19955134319489373008E-15    0.88286946967265514988E-15
    0.86169005049449456379E+01   -0.18100767364219669105E-15    0.10193197985027911101E-14
    0.86256883017517527179E+01    0.31825329431064999584E-15    0.90289882931064162363E-15
    0.86344760985585597979E+01    0.89927381918567507834E-15    0.51983136065162855181E-15
    0.86432638953653651015E+01    0.95407891025165403727E-15   -0.45258562333370187756E-16
    0.86520516921721721815E+01    0.41422452150287491314E-15   -0.55743142743770090034E-15
    0.86608394889789792614E+01   -0.13042433699159594953E-15   -0.71376548193479120449E-15
    0.86696272857857863414E+01   -0.17263033043545745315E-15   -0.40201315135345069972E-15
    0.86784150825925934214E+01    0.86814504033301104581E-16    0.12028867187569877864E-15
    0.86872028793994005014E+01    0.83689944069341317634E-16    0.43650956459124333695E-15
    0.86959906762062058050E+01   -0.32022732755611943361E-15    0.35868421136648110458E-15
    0.87047784730130128850E+01   -0.66062771641553838390E-15    0.53840229528933903209E-16
    0.87135662698198199649E+01   -0.53078475653694169568E-15   -0.18693687028651436265E-15
    0.87223540666266270449E+01   -0.14255294898131016999E-15   -0.19489422286629977291E-15
    0.87311418634334341249E+01   -0.35374590284860097991E-17    0.11917755167053279307E-16
    0.87399296602402412049E+01   -0.19712962694909982843E-15    0.26500806029326288254E-15
    0.87487174570470482848E+01   -0.25277728974543718155E-15    0.34743592958551007133E-15
    0.87575052538538535885E+01    0.18875974498064389854E-15    0.17190833949952252720E-15
    0.87662930506606606684E+01    0.82370300712672354722E-15   -0.10530734921308217084E-15
    0.87750808474674677484E+01    0.10245933897396610422E-14   -0.23439650451370843122E-15
    0.87838686442742748284E+01    0.58066058712471958498E-15   -0.13645050833369232492E-15
    0.87926564410810819084E+01   -0.10050905675707533044E-15    0.32642972554998944631E-16
    0.88014442378878889883E+01   -0.51431971908360266491E-15    0.84959547314633118534E-16
    0.88102320346946942919E+01   -0.54525211605061851104E-15   -0.73965043729880563595E-17
    0.88190198315015013719E+01   -0.38096143764122988550E-15   -0.12352457815109933740E-15
    0.88278076283083084519E+01   -0.16066635108058154183E-15   -0.10768113893580214551E-15
    0.88365954251151155319E+01    0.13949002641787514222E-15    0.12105592257268284178E-15
    0.88453832219219226118E+01    0.50040142442699514945E-15    0.47397536245292976369E-15
    0.88541710187287296918E+01    0.69951768887526657309E-15    0.67399754562379990082E-15
    0.88629588155355367718E+01    0.49772827364111206905E-15    0.47767030470483248085E-15
    0.88717466123423420754E+01   -0.32278288610745457391E-16   -0.16329835403667133097E-16
    0.88805344091491491554E+01   -0.49285108620375560629E-15   -0.38534508499847507024E-15
    0.88893222059559562354E+01   -0.55513856574147703428E-15   -0.31784150498376270721E-15
    0.88981100027627633153E+01   -0.28301471136784105518E-15    0.42716117650649935181E-16
    0.89068977995695703953E+01    0.15990944151286311770E-16    0.30263641203997736861E-15
    0.89156855963763774753E+01    0.15006393676891275090E-15    0.26320217961899637335E-15
    0.89244733931831827789E+01    0.16630099843867013032E-15    0.59265763750100861456E-16
    0.89332611899899898589E+01    0.16379754361239531197E-15   -0.10262257469747011367E-15
    0.89420489867967969388E+01    0.12435882515982817723E-15   -0.18866818582745035215E-15
    0.89508367836036040188E+01   -0.16484888900097146557E-16   -0.28914751248588651816E-15
    0.89596245804104110988E+01   -0.19915102950748862579E-15   -0.43796681671775830465E-15
    0.89684123772172181788E+01   -0.24870597598425242054E-15   -0.55187009079794909139E-15
    0.89772001740240252587E+01   -0.11053179006712919511E-15   -0.52718373402994507864E-15
    0.89859879708308305624E+01   -0.79604773681796752090E-17   -0.33791586094377058852E-15
    0.89947757676376376423E+01   -0.21942474009992479721E-15   -0.46811409816285340883E-16
    0.90035635644444447223E+01   -0.70643185856501525714E-15    0.22757843769864407777E-15
    0.90123513612512518023E+01   -0.10777964847824299167E-14    0.35697838055134497460E-15
    0.90211391580580588823E+01   -0.97613316516626344983E-15    0.26244772303598525157E-15
    0.90299269548648659622E+01   -0.41568954573887950573E-15   -0.37241257725157083930E-16
    0.90387147516716712659E+01    0.27344867386362198134E-15   -0.41835050458414220348E-15
    0.90475025484784783458E+01    0.68861230620961943338E-15   -0.67314438265330755212E-15
    0.90562903452852854258E+01    0.57086045407812046965E-15   -0.60686480352893966532E-15
    0.90650781420920925058E+01   -0.26936012526201688197E-16   -0.22291368043043119029E-15
    0.90738659388988995858E+01   -0.69065478720260073736E-15    0.18748216859986916495E-15
    0.90826537357057066657E+01   -0.93968415361691971591E-15    0.30340907833942984971E-15
    0.90914415325125137457E+01   -0.64833400737082895123E-15    0.15510617869268200040E-15
    0.91002293293193190493E+01   -0.12537919704175543296E-15    0.11107398095025661689E-15
    0.91090171261261261293E+01    0.22672602832778301983E-15    0.38577891750840203606E-15
    0.91178049229329332093E+01    0.23192443066067955831E-15    0.68712185533755059572E-15
    0.91265927197397402892E+01   -0.32766291085131863669E-16    0.55818166341230306918E-15
    0.91353805165465473692E+01   -0.35176717729745499285E-15   -0.13068040942274903084E-16
    0.91441683133533544492E+01   -0.50199224882367111607E-15   -0.52990312041226474628E-15
    0.91529561101601597528E+01   -0.39308181887696458649E-15   -0.58897256099437190730E-15
    0.91617439069669668328E+01   -0.14096584448659316075E-15   -0.34822548904887318126E-15
    0.91705317037737739128E+01    0.67938909964505634570E-16   -0.22746278726682094356E-15
    0.91793195005805809927E+01    0.18862578538476058576E-15   -0.30763552854614939041E-15
    0.91881072973873880727E+01    0.33424933689909701766E-15   -0.25247119814389309014E-15
    0.91968950941941951527E+01    0.55876404188755530676E-15    0.13673843635396756785E-15
    0.92056828910010004563E+01    0.70430789017849159836E-15    0.51728419939305577323E-15
    0.92144706878078075363E+01    0.56774610365518071112E-15    0.39097154898046520853E-15
    0.92232584846146146162E+01    0.18424726251920911906E-15   -0.21470351900449648792E-15
    0.92320462814214216962E+01   -0.16307114209821664549E-15   -0.69454608684344835421E-15
    0.92408340782282287762E+01   -0.25989543639532935582E-15   -0.56564278873775820787E-15
    0.92496218750350358562E+01   -0.19821990563879260348E-15   -0.11048372363283534204E-16
    0.92584096718418411598E+01   -0.20813528886674145568E-15    0.43222111987411406581E-15
    0.92671974686486482398E+01   -0.33547920762850162042E-15    0.52214451974493564612E-15
    0.92759852654554553197E+01   -0.40240369778253449325E-15    0.46543067855552412060E-15
    0.92847730622622623997E+01   -0.30349596147244140922E-15    0.47814613451745752646E-15
    0.92935608590690694797E+01   -0.21285169263306585966E-15    0.43895065687625753642E-15
    0.93023486558758765597E+01   -0.35739227597547626669E-15    0.11609175307780223898E-15
    0.93111364526826818633E+01   -0.63965139197227966101E-15   -0.39442530478232328865E-15
    0.93199242494894889433E+01   -0.66440643912561999817E-15   -0.66323249479923487565E-15
    0.93287120462962960232E+01   -0.23482210603301390090E-15   -0.42849612250456520623E-15
    0.93374998431031031032E+01    0.30781273447782172496E-15    0.44631984659574796116E-16
    0.93462876399099101832E+01    0.43673005881846039442E-15    0.27103219832246424692E-15
    0.93550754367167172632E+01    0.45350453232794519208E-16    0.10084472882017758562E-15
    0.93638632335235243431E+01   -0.45199719962390204340E-15   -0.17253293628870933459E-15
    0.93726510303303296467E+01   -0.60810409962729094302E-15   -0.22727840122539662074E-15
    0.93814388271371367267E+01   -0.35939166058638659494E-15   -0.66369764017568294533E-16
    0.93902266239439438067E+01    0.50389374443155054746E-16    0.61266324373857141476E-16
    0.93990144207507508867E+01    0.35363029361843578565E-15   -0.76750417776151336544E-16
    0.94078022175575579666E+01    0.42802713776606079193E-15   -0.51739325317261083022E-15
    0.94165900143643650466E+01    0.32313788216487236077E-15   -0.10317400472480049601E-14
    0.94253778111711703502E+01    0.22125760519068252852E-15   -0.11764860308335489269E-14
    0.94341656079779774302E+01    0.27568890321993921205E-15   -0.64708680831147460114E-15
    0.94429534047847845102E+01    0.42277535187245960912E-15    0.30086003757725577631E-15
    0.94517412015915915902E+01    0.42402548483864144416E-15    0.96698350993266948501E-15
    0.94605289983983986701E+01    0.16448741856663328397E-15    0.92006017041799961911E-15
    0.94693167952052057501E+01   -0.15163477618458830812E-15    0.48504615189262390761E-15
    0.94781045920120128301E+01   -0.21828875094940023419E-15    0.30319739906155469936E-15
    0.94868923888188181337E+01    0.12864985970670960058E-16    0.56302237047393214373E-15
    0.94956801856256252137E+01    0.29110097447087155666E-15    0.86587381373226483916E-15
    0.95044679824324322936E+01    0.38399763146075238547E-15    0.81014642162975084938E-15
    0.95132557792392393736E+01    0.32387625750774556143E-15    0.46009515794104326340E-15
    0.95220435760460464536E+01    0.29040409772417651724E-15    0.16156971415938684393E-15
    0.95308313728528535336E+01    0.35840100613955457472E-15    0.10995573032412701653E-15
    0.95396191696596588372E+01    0.43541110220067280151E-15    0.21227422378467383852E-15
    0.95484069664664659172E+01    0.41421986061523644538E-15    0.28534928838782757070E-15
    0.95571947632732729971E+01    0.30079340104129795474E-15    0.24437747596809271610E-15
    0.95659825600800800771E+01    0.17771197601614200875E-15    0.11528152824948530045E-15
    0.95747703568868871571E+01    0.10403085207462732211E-15   -0.28680911036224870710E-16
    0.95835581536936942371E+01    0.73953715709756049084E-16   -0.12751369073295790885E-15
    0.95923459505005013170E+01    0.43162388173119242384E-16   -0.18683105473608439320E-15
    0.96011337473073066207E+01   -0.33801654502207641935E-16   -0.28523347903221885139E-15
    0.96099215441141137006E+01   -0.16484966691712230518E-15   -0.46017831211186615953E-15
    0.96187093409209207806E+01   -0.28894041159514147888E-15   -0.56955836460934003449E-15
    0.96274971377277278606E+01   -0.30583440007127203301E-15   -0.36919438118192987275E-15
    0.96362849345345349406E+01   -0.17043751577434593198E-15    0.17956312066078761978E-15
    0.96450727313413420205E+01    0.48195400992800642367E-16    0.73569520283697325523E-15
    0.96538605281481491005E+01    0.23276309566169538790E-15    0.87018127498968065287E-15
    0.96626483249549544041E+01    0.32503747601217846730E-15    0.50507682971142363081E-15
    0.96714361217617614841E+01    0.34470216221173673118E-15   -0.31845667818716987734E-16
    0.96802239185685685641E+01    0.31231279489856144133E-15   -0.36912324030870314248E-15
    0.96890117153753756440E+01    0.19694176116405129179E-15   -0.39290855205811914286E-15
    0.96977995121821827240E+01   -0.28804683400545899120E-16   -0.20860978316998798923E-15
    0.97065873089889898040E+01   -0.30089224979007098203E-15    0.30379479210210477372E-16
    0.97153751057957951076E+01   -0.46882060638005040868E-15    0.22103769395590964154E-15
    0.97241629026026021876E+01   -0.40026694488967395845E-15    0.32468742013487059007E-15
    0.97329506994094092676E+01   -0.74584521631414970452E-16    0.35399087293850361837E-15
    0.97417384962162163475E+01    0.39463116982360735032E-15    0.32154844548473599763E-15
    0.97505262930230234275E+01    0.77788547685505506264E-15    0.18492048306278711782E-15
    0.97593140898298305075E+01    0.83467938496593984457E-15   -0.11510136872525036355E-15
    0.97681018866366375875E+01    0.50435750647200856305E-15   -0.52073840042541636594E-15
    0.97768896834434428911E+01    0.48153045326496642493E-17   -0.80115676141294748083E-15
    0.97856774802502499710E+01   -0.34987118797295917595E-15   -0.74255284767537195028E-15
    0.97944652770570570510E+01   -0.41965092638480652337E-15   -0.40176301955361905639E-15
    0.98032530738638641310E+01   -0.30142391457195387702E-15   -0.78109445350756144802E-16
    0.98120408706706712110E+01   -0.17231852718285834395E-15    0.75343636324560420898E-17
    0.98208286674774782909E+01   -0.13830145249268135164E-15   -0.67103764206277649028E-16
    0.98296164642842835946E+01   -0.18314937524185510696E-15   -0.87586150210549674814E-16
    0.98384042610910906745E+01   -0.17200284637309441246E-15    0.11503346870432839238E-16
    0.98471920578978977545E+01    0.44072436056681881562E-16    0.95795611295742383069E-16
    0.98559798547047048345E+01    0.42602616387086719014E-15    0.26850961769288192689E-16
    0.98647676515115119145E+01    0.66761997113794378243E-15   -0.18046221881811813686E-15
    0.98735554483183189944E+01    0.47620287306104626014E-15   -0.39598426288522316298E-15
    0.98823432451251260744E+01   -0.58080220605133212387E-16   -0.48600055532010290070E-15
    0.98911310419319313780E+01   -0.50797542467155979167E-15   -0.38741438067708224196E-15
    0.98999188387387384580E+01   -0.57680970156257060663E-15   -0.13919616561046844153E-15
    0.99087066355455455380E+01   -0.40017754818027008403E-15    0.11965052624973778816E-15
    0.99174944323523526180E+01   -0.25719425242019248814E-15    0.22314579494111523615E-15
    0.99262822291591596979E+01   -0.12060756510251168193E-15    0.76092297432157038086E-16
    0.99350700259659667779E+01    0.25246951303763092065E-15   -0.27456693167136443474E-15
    0.99438578227727720815E+01    0.69358027051732144486E-15   -0.60105126626171117596E-15
    0.99526456195795791615E+01    0.48092935449437252762E-15   -0.58540905233134001385E-15
    0.99614334163863862415E+01   -0.35907786923195165948E-15   -0.23029033653044382799E-15
    0.99702212131931933214E+01   -0.12110052735292380083E-15   -0.10354396074559342944E-15
    0.99790090100000004014E+01   -0.12240597079830933583E-14    0.51030998713007048792E-15
