    0.11999999999999999556E+01    0.00000000000000000000E+00    0.00000000000000000000E+00
    0.12087877968068068135E+01    0.56543739404094516168E-11   -0.48715227754531220269E-18
    0.12175755936136136715E+01   -0.85382849942007376023E-11    0.88706258405255272518E-18
    0.12263633904204203073E+01   -0.80388050881843038878E-11    0.10859226638817696345E-17
    0.12351511872272271653E+01    0.18364388738221151997E-10   -0.19486467269518028571E-17
    0.12439389840340340232E+01    0.18053845214910235801E-10   -0.45930214083737384902E-17
    0.12527267808408408811E+01   -0.33998077017315268720E-10   -0.37582636093127487331E-17
    0.12615145776476475170E+01   -0.78033039645308027471E-10   -0.14845078332474062091E-17
    0.12703023744544543749E+01   -0.45390378082137286316E-10   -0.15773195529055276377E-17
    0.12790901712612612329E+01    0.32766053498435620633E-10   -0.39797974504301992603E-17
    0.12878779680680680908E+01    0.48348262304452992664E-10   -0.49215553663071889436E-17
    0.12966657648748749487E+01   -0.32620504001864018876E-10   -0.27476220915421365133E-17
    0.13054535616816815846E+01   -0.92471598485780629803E-10   -0.11662660150371085953E-17
    0.13142413584884884425E+01   -0.12596709339168863918E-10   -0.40731874255844966614E-17
    0.13230291552952953005E+01    0.12619487168917975100E-09   -0.84851860261282279866E-17
    0.13318169521021021584E+01    0.10670261952532344348E-09   -0.67946806365285705836E-17
    0.13406047489089087943E+01   -0.10922323823931703226E-09    0.20346791214895713096E-17
    0.13493925457157156522E+01   -0.23382430202898687923E-09    0.71509033787490698407E-17
    0.13581803425225225102E+01   -0.98469245051090685159E-11   -0.19058024090546754746E-17
    0.13669681393293293681E+01    0.33400914728453764288E-09   -0.19147387380335060229E-16
    0.13757559361361360040E+01    0.26067954773292591678E-09   -0.26083421490624781519E-16
    0.13845437329429428619E+01   -0.29884760775604812274E-09   -0.14770971469366891957E-16
    0.13933315297497497198E+01   -0.60132020805393978999E-09   -0.11514600973256720767E-17
    0.14021193265565565778E+01   -0.64295523394770678274E-11   -0.81979555321946861775E-17
    0.14109071233633634357E+01    0.87388201417419495434E-09   -0.40932145326763815357E-16
    0.14196949201701700716E+01    0.65450973747296687541E-09   -0.83452636670093846979E-16
    0.14284827169769769295E+01   -0.82080704321802533149E-09   -0.11722170136174727386E-15
    0.14372705137837837874E+01   -0.16232161801291190132E-08   -0.13592904704493493313E-15
    0.14460583105905906454E+01   -0.16243624171593242464E-09   -0.14510852743798192410E-15
    0.14548461073973975033E+01    0.17830844691772146809E-08   -0.15553748510789883495E-15
    0.14636339042042041392E+01    0.17219171894544660407E-09   -0.17315842469530940258E-15
    0.14724217010110109971E+01   -0.64011423040418009209E-08   -0.18632304285104991446E-15
    0.14812094978178178550E+01   -0.15626278641750462321E-07   -0.16296069823922117902E-15
    0.14899972946246244909E+01   -0.30800095125730664002E-07   -0.72503235632503858358E-16
    0.14987850914314313489E+01   -0.74126657252228107000E-07    0.85677903924345842136E-16
    0.15075728882382382068E+01   -0.20085335823614911329E-06    0.27131863047358839364E-15
    0.15163606850450450647E+01   -0.51636839850866855990E-06    0.40996503687193620229E-15
    0.15251484818518519226E+01   -0.12471901938878288052E-05    0.42240723641793926634E-15
    0.15339362786586585585E+01   -0.29400480311685558210E-05    0.30272939995233022036E-15
    0.15427240754654654165E+01   -0.67770513172129866390E-05    0.18928630044600782123E-15
    0.15515118722722722744E+01   -0.15343286764201599740E-04    0.27296309597016055408E-15
    0.15602996690790791323E+01   -0.33865646983347520336E-04    0.55983682060892066986E-15
    0.15690874658858859902E+01   -0.72666031342516606835E-04    0.77299412922696917631E-15
    0.15778752626926926261E+01   -0.15234828335589865314E-03    0.62752874303737539394E-15
    0.15866630594994994841E+01   -0.31114135413181222105E-03    0.18218748449778064591E-15
    0.15954508563063063420E+01   -0.61977640290722694691E-03   -0.18903044195327788499E-15
    0.16042386531131129779E+01   -0.12037683255085699936E-02   -0.17418411608859713665E-15
    0.16130264499199198358E+01   -0.22771602208626023738E-02    0.21162200691174049045E-15
    0.16218142467267266937E+01   -0.42009228181850676032E-02    0.72862051199883528760E-15
    0.16306020435335335517E+01   -0.75545254949127838007E-02    0.11310668010867827467E-14
    0.16393898403403404096E+01   -0.13235115622912567435E-01    0.12852668848404882293E-14
    0.16481776371471470455E+01   -0.22580952690409713396E-01    0.11907965009928893082E-14
    0.16569654339539539034E+01   -0.37480538180898574641E-01    0.97893271584489864333E-15
    0.16657532307607607613E+01   -0.60441230755408512088E-01    0.88651339682020390952E-15
    0.16745410275675676193E+01   -0.94605442044541063207E-01    0.12081186892042945782E-14
    0.16833288243743744772E+01   -0.14352633601565101262E+00    0.21663079286610579745E-14
    0.16921166211811811131E+01   -0.21071550482182810349E+00    0.37153383774168722405E-14
    0.17009044179879879710E+01   -0.29894285752335142403E+00    0.55042897195324305070E-14
    0.17096922147947948289E+01   -0.40903271603325430661E+00    0.72249717547069271458E-14
    0.17184800116016014648E+01   -0.53850678742758495421E+00    0.89992405231932164285E-14
    0.17272678084084085448E+01   -0.68037972691206261011E+00    0.11164160090491105691E-13
    0.17360556052152151807E+01   -0.82213438372651459485E+00    0.13535453479159054990E-13
    0.17448434020220220386E+01   -0.94552165719672154331E+00    0.15129630152702375217E-13
    0.17536311988288288966E+01   -0.10281886969220985772E+01    0.15075215355592019301E-13
    0.17624189956356355324E+01   -0.10462559573142422575E+01    0.13706629990466407732E-13
    0.17712067924424426124E+01   -0.97881883203774822100E+00    0.12219096165648970620E-13
    0.17799945892492492483E+01   -0.81410715327886928883E+00    0.11072360542666878224E-13
    0.17887823860560561062E+01   -0.55498818690068552062E+00    0.91777427790852978403E-14
    0.17975701828628629642E+01   -0.22252668790116955644E+00    0.51936788748051259384E-14
    0.18063579796696696000E+01    0.14216291779232154147E+00   -0.72412961458223293663E-15
    0.18151457764764764580E+01    0.48241103037152044397E+00   -0.68524343483151666633E-14
    0.18239335732832833159E+01    0.73614420549702508367E+00   -0.11310274011154086885E-13
    0.18327213700900899518E+01    0.84812333565533293278E+00   -0.13130548240209419562E-13
    0.18415091668968970318E+01    0.78530674030146141451E+00   -0.12177830069845070189E-13
    0.18502969637037036676E+01    0.55152260631868865737E+00   -0.87278526721605144259E-14
    0.18590847605105105256E+01    0.19147995484327900995E+00   -0.33907373752227360901E-14
    0.18678725573173173835E+01   -0.21490030206492691245E+00    0.26685638303450917580E-14
    0.18766603541241240194E+01   -0.56582945734736789234E+00    0.77737368896497115864E-14
    0.18854481509309310994E+01   -0.76540696451475453976E+00    0.10441891289126213012E-13
    0.18942359477377377353E+01   -0.75425203203179569389E+00    0.10181802471880541307E-13
    0.19030237445445445932E+01   -0.52809705154577546438E+00    0.75085788733161263345E-14
    0.19118115413513514511E+01   -0.14516041032538043454E+00    0.32872544536983549595E-14
    0.19205993381581580870E+01    0.28098521263815723348E+00   -0.17029467637948660532E-14
    0.19293871349649649449E+01    0.61741798583383455945E+00   -0.65483163847213362031E-14
    0.19381749317717718029E+01    0.75575211879903003709E+00   -0.98793070408877270021E-14
    0.19469627285785784387E+01    0.64528439732614195634E+00   -0.10256045029757945116E-13
    0.19557505253853855187E+01    0.31566997080866932013E+00   -0.71430306092478561515E-14
    0.19645383221921921546E+01   -0.12149214145307001000E+00   -0.14664989157508674552E-14
    0.19733261189989990125E+01   -0.51419378069384091834E+00    0.48828039589197082972E-14
    0.19821139158058058705E+01   -0.72422172976185350546E+00    0.98562399733928562412E-14
    0.19909017126126125063E+01   -0.67160124330213799571E+00    0.11812072365729329354E-13
    0.19996895094194195863E+01   -0.36906617205407499238E+00    0.98653330367270089609E-14
    0.20084773062262262222E+01    0.70349914350750594738E-01    0.42103545473593680321E-14
    0.20172651030330328581E+01    0.48103394608562199952E+00   -0.35639603831326419558E-14
    0.20260528998398399381E+01    0.70866461490462084871E+00   -0.10388097818960851399E-13
    0.20348406966466465740E+01    0.66214930129897198174E+00   -0.12942270851323307282E-13
    0.20436284934534532098E+01    0.35349417691180312628E+00   -0.99315207383954797686E-14
    0.20524162902602602898E+01   -0.93927404420723836775E-01   -0.31846487902814778083E-14
    0.20612040870670673698E+01   -0.50146824510385079599E+00    0.40031042293737390394E-14
    0.20699918838738740057E+01   -0.70907377487579592579E+00    0.91397213835342237512E-14
    0.20787796806806806416E+01   -0.63073200653729033505E+00    0.11162602174058618350E-13
    0.20875674774874877215E+01   -0.29232038561635831364E+00    0.96959440153065998631E-14
    0.20963552742942943574E+01    0.16525696151029967140E+00    0.46768568191117408593E-14
    0.21051430711011009933E+01    0.55195082673713014021E+00   -0.29181549980079721741E-14
    0.21139308679079080733E+01    0.71171745662049390457E+00   -0.10302619557201946108E-13
    0.21227186647147147092E+01    0.57720722377777122780E+00   -0.13877215907003596511E-13
    0.21315064615215213450E+01    0.19862347857206591462E+00   -0.11640381716942874202E-13
    0.21402942583283284250E+01   -0.26303598452335674729E+00   -0.46226353034227260346E-14
    0.21490820551351350609E+01   -0.61112347488963059128E+00    0.40475938500659646105E-14
    0.21578698519419421409E+01   -0.70319541526874052018E+00    0.10781685999152127769E-13
    0.21666576487487487768E+01   -0.50068388591519008557E+00    0.12866661312734245217E-13
    0.21754454455555558567E+01   -0.83463622199965364912E-01    0.95044117833917562040E-14
    0.21842332423623624926E+01    0.36963649769580042559E+00    0.22271592342944252785E-14
    0.21930210391691691285E+01    0.66277268667748445719E+00   -0.59112437050730322591E-14
    0.22018088359759762085E+01    0.67554437703721936792E+00   -0.11543029544356813522E-13
    0.22105966327827828444E+01    0.40403279618167847742E+00   -0.12258154761738683100E-13
    0.22193844295895894803E+01   -0.41816710931761189030E-01   -0.78675895004608878480E-14
    0.22281722263963965602E+01   -0.47106315735475662310E+00   -0.70921487790099668464E-15
    0.22369600232032031961E+01   -0.69687061961071317118E+00    0.60055965436878161026E-14
    0.22457478200100098320E+01   -0.62697866409144842326E+00    0.10168350417054433982E-13
    0.22545356168168169120E+01   -0.29365846989829186287E+00    0.11147711110685585259E-13
    0.22633234136236239920E+01    0.16653834098422506949E+00    0.88927262616146960429E-14
    0.22721112104304301837E+01    0.55784338769981112183E+00    0.35139587679356246063E-14
    0.22808990072372372637E+01    0.70969936544146583479E+00   -0.38906050881385119285E-14
    0.22896868040440443437E+01    0.56114954011863038552E+00   -0.10396499472386117395E-13
    0.22984746008508509796E+01    0.17853209988670790120E+00   -0.12445456364396712266E-13
    0.23072623976576576155E+01   -0.28106031346576321184E+00   -0.85851484457657565172E-14
    0.23160501944644646954E+01   -0.62462088548792793485E+00   -0.86442008255026497200E-15
    0.23248379912712713313E+01   -0.70321537234344955181E+00    0.68059504520694929673E-14
    0.23336257880780779672E+01   -0.48685583233240836698E+00    0.11024989145528148944E-13
    0.23424135848848850472E+01   -0.70234553736066379637E-01    0.10194481883046498382E-13
    0.23512013816916916831E+01    0.37675781821529596982E+00    0.49085287524106567067E-14
    0.23599891784984983190E+01    0.67014641241657568749E+00   -0.22919660331116432746E-14
    0.23687769753053053989E+01    0.68453093606323300868E+00   -0.82410189878022928153E-14
    0.23775647721121124789E+01    0.41655636364264203575E+00   -0.10647691338332827499E-13
    0.23863525689189186707E+01   -0.19278633635787693207E-01   -0.88016186739734717420E-14
    0.23951403657257257507E+01   -0.44798646722107671181E+00   -0.36292094158535417465E-14
    0.24039281625325328307E+01   -0.69756844464995693134E+00    0.26601356613472808123E-14
    0.24127159593393394665E+01   -0.66358243691625229399E+00    0.76035896568077996282E-14
    0.24215037561461461024E+01   -0.36194654184002261754E+00    0.95827984523430948911E-14
    0.24302915529529531824E+01    0.81995335442278424742E-01    0.82083918308590566243E-14
    0.24390793497597598183E+01    0.49379886440360953870E+00    0.41425800519561687062E-14
    0.24478671465665664542E+01    0.71273226586510440850E+00   -0.11975511797535177367E-14
    0.24566549433733735341E+01    0.64946322565328695742E+00   -0.60577353210682720406E-14
    0.24654427401801801700E+01    0.33085990109464313846E+00   -0.87987411981410118549E-14
    0.24742305369869868059E+01   -0.11443708061532333053E+00   -0.83404327874183864361E-14
    0.24830183337937938859E+01   -0.51578931735645094925E+00   -0.45860761764137638392E-14
    0.24918061306006009659E+01   -0.72096639778524973519E+00    0.13725899999142649053E-14
    0.25005939274074071577E+01   -0.64878752675971407271E+00    0.74725754401180187819E-14
    0.25093817242142142376E+01   -0.32885897781806955331E+00    0.11139430600569266027E-13
    0.25181695210210213176E+01    0.11344602917308765910E+00    0.10355010925301869501E-13
    0.25269573178278279535E+01    0.51351392877000689996E+00    0.51223076737200974664E-14
    0.25357451146346345894E+01    0.72429999142510048671E+00   -0.21106560979475698761E-14
    0.25445329114414416694E+01    0.66562293175185383021E+00   -0.80991582928561529101E-14
    0.25533207082482483052E+01    0.36145145519979826609E+00   -0.10775100704560716664E-13
    0.25621085050550549411E+01   -0.72906303012792120222E-01   -0.97831653035660252423E-14
    0.25708963018618620211E+01   -0.48131006077542831667E+00   -0.59251700018923668688E-14
    0.25796840986686686570E+01   -0.71874606241234906268E+00   -0.58649705126836892517E-15
    0.25884718954754752929E+01   -0.69888022517539771794E+00    0.46665403456954749912E-14
    0.25972596922822823728E+01   -0.43139305457978266434E+00    0.84218893913791649093E-14
    0.26060474890890894528E+01   -0.14123803848328482860E-01    0.96665647592015068746E-14
    0.26148352858958960887E+01    0.40865954752234384673E+00    0.79634207019341995810E-14
    0.26236230827027027246E+01    0.69203158642007078782E+00    0.36019648739343843742E-14
    0.26324108795095098046E+01    0.73749074933682323696E+00   -0.22886550575026033404E-14
    0.26411986763163164404E+01    0.53240591907445722342E+00   -0.77678246080145775490E-14
    0.26499864731231230763E+01    0.14940085915211384626E+00   -0.10763429092415289371E-13
    0.26587742699299301563E+01   -0.28428960596454921905E+00   -0.10197447957768915627E-13
    0.26675620667367367922E+01   -0.62498191537952196839E+00   -0.65443792905902416891E-14
    0.26763498635435434281E+01   -0.75927110356618565667E+00   -0.12515169147992221150E-14
    0.26851376603503505081E+01   -0.64627204655054337756E+00    0.40807954293707733831E-14
    0.26939254571571571439E+01   -0.32561786081750998534E+00    0.81067819738580015677E-14
    0.27027132539639637798E+01    0.10030466835220465394E+00    0.98376203892845534774E-14
    0.27115010507707708598E+01    0.49515450423927653834E+00    0.87642914222377719966E-14
    0.27202888475775779398E+01    0.73325398569220245903E+00    0.50710037382040815126E-14
    0.27290766443843845757E+01    0.74318289778028101544E+00   -0.21172136029963162614E-15
    0.27378644411911912115E+01    0.52457139330860536042E+00   -0.54743480638964094821E-14
    0.27466522379979982915E+01    0.14453785927986873006E+00   -0.90975605736110290921E-14
    0.27554400348048049274E+01   -0.27961205373443176470E+00   -0.99750765601284677708E-14
    0.27642278316116115633E+01   -0.61931791795351631702E+00   -0.78978291157420295370E-14
    0.27730156284184186433E+01   -0.77617309847609583517E+00   -0.37614062285958950421E-14
    0.27818034252252252791E+01   -0.70614076829241867461E+00    0.89613235906274784868E-15
    0.27905912220320319150E+01   -0.43038413560318811157E+00    0.48074650872521490704E-14
    0.27993790188388389950E+01   -0.31262031253360487992E-01    0.74398203501476796952E-14
    0.28081668156456460750E+01    0.37633704846914095565E+00    0.85689056899949022096E-14
    0.28169546124524522668E+01    0.67920719687900377171E+00    0.77722607158393642448E-14
    0.28257424092592593468E+01    0.79402990478123092188E+00    0.47130378088921649243E-14
    0.28345302060660664267E+01    0.69031881169756192929E+00   -0.50173269719399920554E-16
    0.28433180028728730626E+01    0.39977159464205985762E+00   -0.48612513117788194338E-14
    0.28521057996796796985E+01    0.20292379196045250492E-02   -0.79417267228396329897E-14
    0.28608935964864867785E+01   -0.39703539162013679054E+00   -0.84832079014666427310E-14
    0.28696813932932934144E+01   -0.69192510076723734436E+00   -0.67707422686536049794E-14
    0.28784691901001000502E+01   -0.80684059456861267901E+00   -0.36256562778337774129E-14
    0.28872569869069071302E+01   -0.71530411323119846845E+00    0.47714928590929190262E-16
    0.28960447837137137661E+01   -0.44203057320394723018E+00    0.34204683533585410324E-14
    0.29048325805205204020E+01   -0.57288697028034470116E-01    0.58225011185103932065E-14
    0.29136203773273274820E+01    0.34148412038822772985E+00    0.68475571244569159166E-14
    0.29224081741341345619E+01    0.65664498447307451112E+00    0.64652981038869850125E-14
    0.29311959709409407537E+01    0.81355106546451283478E+00    0.49956110946438116858E-14
    0.29399837677477478337E+01    0.77573728680421338844E+00    0.28396121912950477120E-14
    0.29487715645545549137E+01    0.55472355217806212924E+00    0.22411026871257329110E-15
    0.29575593613613615496E+01    0.20483561753997192589E+00   -0.26886025615464121947E-14
    0.29663471581681681855E+01   -0.19246973710871048691E+00   -0.54566101525289169829E-14
    0.29751349549749752654E+01   -0.54663774534039999420E+00   -0.72971524349379957436E-14
    0.29839227517817819013E+01   -0.77852154840775178446E+00   -0.75547621310978097280E-14
    0.29927105485885885372E+01   -0.83920261484574165678E+00   -0.61837055232651422950E-14
    0.30014983453953956172E+01   -0.71803908397556703846E+00   -0.36508551510520750070E-14
    0.30102861422022022531E+01   -0.44290483241887607102E+00   -0.45756458104840190942E-15
    0.30190739390090088889E+01   -0.74342179899202817661E-01    0.30764507640750873966E-14
    0.30278617358158159689E+01    0.30964357896483263310E+00    0.65194575291038209662E-14
    0.30366495326226230489E+01    0.63071011568853485585E+00    0.90335524055037924023E-14
    0.30454373294294292407E+01    0.82487350324333719165E+00    0.96872771756309810669E-14
    0.30542251262362363207E+01    0.85512831688124890661E+00    0.81534903155576353493E-14
    0.30630129230430434006E+01    0.71842599291609243739E+00    0.49992619945972781672E-14
    0.30718007198498500365E+01    0.44326072740891053758E+00    0.12195907034479848341E-14
    0.30805885166566566724E+01    0.83709351513788207710E-01   -0.23437977752952571762E-14
    0.30893763134634637524E+01   -0.29152266982654878591E+00   -0.52165908673027170014E-14
    0.30981641102702703883E+01   -0.61326067949377149890E+00   -0.72489764735837055084E-14
    0.31069519070770770242E+01   -0.82427440424938125396E+00   -0.84643123791612460497E-14
    0.31157397038838841041E+01   -0.88823781822755487614E+00   -0.87623215591550862634E-14
    0.31245275006906907400E+01   -0.79628972050118140835E+00   -0.77091169726800025553E-14
    0.31333152974974973759E+01   -0.56684851752636233879E+00   -0.48815728572940450219E-14
    0.31421030943043044559E+01   -0.24077680117058533615E+00   -0.54511153268585268776E-15
    0.31508908911111115358E+01    0.12575757638046383691E+00    0.41787800086146652237E-14
    0.31596786879179177276E+01    0.47163516218177364836E+00    0.80493566233567957570E-14
    0.31684664847247248076E+01    0.74137715753635957672E+00    0.10488759531706118933E-13
    0.31772542815315318876E+01    0.89317853812717451500E+00    0.11547990166117981655E-13
    0.31860420783383385235E+01    0.90501427799847655731E+00    0.11351383349234855860E-13
    0.31948298751451451594E+01    0.77761228163781581646E+00    0.98197599940024830610E-14
    0.32036176719519522393E+01    0.53245435331604396012E+00    0.69297885340402312044E-14
    0.32124054687587593193E+01    0.20793745953873804533E+00    0.30255020644372865635E-14
    0.32211932655655655111E+01   -0.14703279563141327668E+00   -0.12327233125555679902E-14
    0.32299810623723725911E+01   -0.48106362326761181736E+00   -0.51522239612414430356E-14
    0.32387688591791796711E+01   -0.74760612725439545834E+00   -0.82141423419817473439E-14
    0.32475566559859858629E+01   -0.91091456408860249638E+00   -0.10118894232980755758E-13
    0.32563444527927929428E+01   -0.95089851613485809612E+00   -0.10783278029835834030E-13
    0.32651322495996000228E+01   -0.86466439960699270628E+00   -0.10301660224490161763E-13
    0.32739200464064062146E+01   -0.66579433491022099734E+00   -0.88832740663743587362E-14
    0.32827078432132132946E+01   -0.38200839414627130175E+00   -0.67754479359568003776E-14
    0.32914956400200203745E+01   -0.50478255677212945096E-01   -0.41676955418736001394E-14
    0.33002834368268265663E+01    0.28741234940574533763E+00   -0.11408635964681083133E-14
    0.33090712336336336463E+01    0.59119346391987537270E+00    0.21704752550832411798E-14
    0.33178590304404407263E+01    0.82626651492629454854E+00    0.53027614467370164371E-14
    0.33266468272472478063E+01    0.96768300075067370525E+00    0.75084690950221524703E-14
    0.33354346240540539981E+01    0.10020242809032293696E+01    0.83325759385948929308E-14
    0.33442224208608610780E+01    0.92836985321160492290E+00    0.81166099986399430236E-14
    0.33530102176676681580E+01    0.75736818538337902229E+00    0.76449195160908034078E-14
    0.33617980144744743498E+01    0.50906694674754249252E+00    0.72831330724222833152E-14
    0.33705858112812814298E+01    0.21024488213451400509E+00    0.66326018455846613021E-14
    0.33793736080880885098E+01   -0.10889835781413620408E+00    0.50771796414732879306E-14
    0.33881614048948947016E+01   -0.41807043131970494931E+00    0.24223157134599181624E-14
    0.33969492017017017815E+01   -0.68963837569882946443E+00   -0.98444301584039593377E-15
    0.34057369985085088615E+01   -0.90096280001642037316E+00   -0.44658831515354989468E-14
    0.34145247953153150533E+01   -0.10360463031718065707E+01   -0.72762736626147429085E-14
    0.34233125921221221333E+01   -0.10861379929941965550E+01   -0.88977638047811870970E-14
    0.34321003889289292133E+01   -0.10499035766254758428E+01   -0.92779046236301890920E-14
    0.34408881857357362932E+01   -0.93282904190697357727E+00   -0.87874823676452298122E-14
    0.34496759825425424850E+01   -0.74613179960812403557E+00   -0.79993646009850757021E-14
    0.34584637793493495650E+01   -0.50546397089501560185E+00   -0.74137773385865348347E-14
    0.34672515761561566450E+01   -0.22934787435732775784E+00   -0.71232686738427502451E-14
    0.34760393729629628368E+01    0.62415955780600884673E-01   -0.66183852801274285585E-14
    0.34848271697697699167E+01    0.35019264936600696947E+00   -0.52308693574060626937E-14
    0.34936149665765769967E+01    0.61584495115371307161E+00   -0.29227814124439536790E-14
    0.35024027633833831885E+01    0.84381741290394873811E+00   -0.46120764751193722438E-15
    0.35111905601901902685E+01    0.10218447093696196859E+01    0.14046805664766741285E-14
    0.35199783569969973485E+01    0.11414751988581821607E+01    0.27331836017515935719E-14
    0.35287661538038035403E+01    0.11982013275096292659E+01    0.40906648508847911320E-14
    0.35375539506106106202E+01    0.11913348929931966147E+01    0.56308033655268763474E-14
    0.35463417474174177002E+01    0.11236969199661663854E+01    0.67779153121248610973E-14
    0.35551295442242247802E+01    0.10010496170433897944E+01    0.69149128037020489632E-14
    0.35639173410310309720E+01    0.83145513804398341051E+00    0.60906516869752897295E-14
    0.35727051378378380520E+01    0.62458076154231145782E+00    0.48650008681950789623E-14
    0.35814929346446451319E+01    0.39097696278265375858E+00    0.36589854064309455228E-14
    0.35902807314514513237E+01    0.14141567668800092417E+00    0.24858344157747513385E-14
    0.35990685282582584037E+01   -0.11367524546982039901E+00    0.13203636069674938064E-14
    0.36078563250650654837E+01   -0.36471563823482272548E+00    0.45879712749342810328E-15
    0.36166441218718716755E+01   -0.60331771253437060931E+00    0.25494124854564812570E-15
    0.36254319186786787554E+01   -0.82252727526347413356E+00    0.52430126338596576727E-15
    0.36342197154854858354E+01   -0.10169676199917865311E+01    0.48899290473192993165E-15
    0.36430075122922929154E+01   -0.11828464653413819363E+01   -0.42268459840478180430E-15
    0.36517953090990991072E+01   -0.13179107536518051003E+01   -0.18593074437009144120E-14
    0.36605831059059061872E+01   -0.14213185931823038022E+01   -0.29239201306359780515E-14
    0.36693709027127132671E+01   -0.14934604997823173189E+01   -0.31542871503727300184E-14
    0.36781586995195194589E+01   -0.15357619512237743464E+01   -0.28844247854976836342E-14
    0.36869464963263265389E+01   -0.15504633649119612393E+01   -0.26118995180200456942E-14
    0.36957342931331336189E+01   -0.15403996902884533604E+01   -0.23508584365883923267E-14
    0.37045220899399398107E+01   -0.15087983785115404167E+01   -0.18048856038135847834E-14
    0.37133098867467468907E+01   -0.14590903325151329817E+01   -0.98631052669431836249E-15
    0.37220976835535539706E+01   -0.13947454836870996076E+01   -0.36569890318549488968E-15
    0.37308854803603601624E+01   -0.13191439412947514320E+01   -0.27657768222158305382E-15
    0.37396732771671672424E+01   -0.12354644415109299338E+01   -0.38520488488537894012E-15
    0.37484610739739743224E+01   -0.11466090683440997022E+01   -0.54834951535109372768E-16
    0.37572488707807814023E+01   -0.10551508578461572530E+01    0.81858227547143675252E-15
    0.37660366675875875941E+01   -0.96330146485027245973E+00    0.15948394513412544407E-14
    0.37748244643943946741E+01   -0.87290621608454421754E+00    0.16456349155929236164E-14
    0.37836122612012017541E+01   -0.78544927935202590863E+00    0.10729631358765157889E-14
    0.37924000580080079459E+01   -0.70207444425418807921E+00    0.46444017468677565561E-15
    0.38011878548148150259E+01   -0.62361522018966752956E+00    0.13165624180250640908E-15
    0.38099756516216221058E+01   -0.55062853044066772945E+00   -0.15400440034548716471E-15
    0.38187634484284282976E+01   -0.48343272618591698331E+00   -0.64735759133521607955E-15
    0.38275512452352353776E+01   -0.42214623376472670824E+00   -0.11335370840524155550E-14
    0.38363390420420424576E+01   -0.36672502503741433166E+00   -0.11456571021693721166E-14
    0.38451268388488486494E+01   -0.31699908341008131707E+00   -0.55687612929922083364E-15
    0.38539146356556557294E+01   -0.27270521076336162736E+00    0.24669434184877336114E-15
    0.38627024324624628093E+01   -0.23351458730665095032E+00    0.83592720105712209674E-15
    0.38714902292692698893E+01   -0.19905757946409591286E+00    0.11857331215778837949E-14
    0.38802780260760760811E+01   -0.16894247025939454487E+00    0.15142396989011506639E-14
    0.38890658228828831611E+01   -0.14277048195809097231E+00    0.18076333587111866002E-14
    0.38978536196896902410E+01   -0.12014790612900058675E+00    0.17122909384928635808E-14
    0.39066414164964964328E+01   -0.10069441564581535498E+00    0.98275759815711842960E-15
    0.39154292133033035128E+01   -0.84049808306919326917E-01   -0.11502690064224117971E-15
    0.39242170101101105928E+01   -0.69877955043544090485E-01   -0.10091232743358721236E-14
    0.39330048069169167846E+01   -0.57869076642887797013E-01   -0.13433366277425584269E-14
    0.39417926037237238646E+01   -0.47740897450037261818E-01   -0.11915173274080495552E-14
    0.39505804005305309445E+01   -0.39238353864851777120E-01   -0.80508013615882427884E-15
    0.39593681973373371363E+01   -0.32132875117422750322E-01   -0.34269238037823781895E-15
    0.39681559941441442163E+01   -0.26221215729418764079E-01    0.10183256784738365228E-15
    0.39769437909509512963E+01   -0.21324024560506995435E-01    0.32344413187407070360E-15
    0.39857315877577583763E+01   -0.17284248424137699240E-01    0.38974019122078835844E-16
    0.39945193845645645681E+01   -0.13965326396847754439E-01   -0.77367481455828544957E-15
    0.40033071813713716480E+01   -0.11249339136820522486E-01   -0.16295489255875258719E-14
    0.40120949781781787280E+01   -0.90351540708212378650E-02   -0.18642122693670242806E-14
    0.40208827749849849198E+01   -0.72365774681907952745E-02   -0.12416072020409249452E-14
    0.40296705717917919998E+01   -0.57806028474706467463E-02   -0.15484700592782305650E-15
    0.40384583685985990797E+01   -0.46057946219782760350E-02    0.76665520127872379996E-15
    0.40472461654054052715E+01   -0.36607474471608441625E-02    0.10968066702191406055E-14
    0.40560339622122123515E+01   -0.29027175924538160118E-02    0.77685307857238237557E-15
    0.40648217590190194315E+01   -0.22963598547245263858E-02    0.11209328511398927995E-15
    0.40736095558258256233E+01   -0.18125866397147034469E-02   -0.39649844909294738532E-15
    0.40823973526326327033E+01   -0.14275881386297561461E-02   -0.43172042763280233148E-15
    0.40911851494394397832E+01   -0.11219322360036183047E-02   -0.14038595082948557924E-15
    0.40999729462462468632E+01   -0.87983121269227023559E-03    0.95709026179635625236E-16
    0.41087607430530530550E+01   -0.68850704711714166319E-03    0.13179040272426533503E-15
    0.41175485398598601350E+01   -0.53764354391091498039E-03    0.17328368627796016839E-15
    0.41263363366666672150E+01   -0.41894976979398019070E-03    0.37848295924593910044E-15
    0.41351241334734734068E+01   -0.32577026386794097216E-03    0.52553601737389534174E-15
    0.41439119302802804867E+01   -0.25278076978505403458E-03    0.27378286826176950876E-15
    0.41526997270870875667E+01   -0.19573369962436041637E-03   -0.30105179871719788415E-15
    0.41614875238938937585E+01   -0.15124381435624689425E-03   -0.65860742505738217341E-15
    0.41702753207007008385E+01   -0.11662467032977200977E-03   -0.42628645594732010326E-15
    0.41790631175075079184E+01   -0.89745083008741226727E-04    0.82547004604835834925E-16
    0.41878509143143141102E+01   -0.68919975717651079370E-04    0.22961363149752604804E-15
    0.41966387111211211902E+01   -0.52820939794630157322E-04   -0.17290843518110576868E-15
    0.42054265079279282702E+01   -0.40401667596386173730E-04   -0.65673544428566241960E-15
    0.42142143047347353502E+01   -0.30841899197353951146E-04   -0.69045994810544551021E-15
    0.42230021015415415420E+01   -0.23498595434808576754E-04   -0.23997527095652867599E-15
    0.42317898983483486219E+01   -0.17869405842849426852E-04    0.33495690973163882655E-15
    0.42405776951551557019E+01   -0.13563114969961458824E-04    0.71318329902901850676E-15
    0.42493654919619618937E+01   -0.10275249657392258765E-04    0.81578703421786820708E-15
    0.42581532887687689737E+01   -0.77700481005640423439E-05    0.67844393089056313917E-15
    0.42669410855755760537E+01   -0.58648772299068671875E-05    0.31483903117219827873E-15
    0.42757288823823822455E+01   -0.44187589842112951451E-05   -0.22672085486322730411E-15
    0.42845166791891893254E+01   -0.33232063812773189754E-05   -0.72366392378668212344E-15
    0.42933044759959964054E+01   -0.24947413858665927433E-05   -0.82493067269811625640E-15
    0.43020922728028034854E+01   -0.18694665055976105417E-05   -0.34622586819161014464E-15
    0.43108800696096096772E+01   -0.13984152698748997376E-05    0.50014797150057399713E-15
    0.43196678664164167571E+01   -0.10441913900198192952E-05    0.12631343072127543371E-14
    0.43284556632232238371E+01   -0.77832446526600132134E-06    0.15947416405707097601E-14
    0.43372434600300300289E+01   -0.57913071958030898154E-06    0.14205062663768004804E-14
    0.43460312568368371089E+01   -0.43018379937438895448E-06    0.87111458713882943308E-15
    0.43548190536436441889E+01   -0.31901516379306343292E-06    0.17981976403427610919E-15
    0.43636068504504503807E+01   -0.23619172795563979362E-06   -0.38034260727613129113E-15
    0.43723946472572574606E+01   -0.17460095303470858234E-06   -0.54464233044907601660E-15
    0.43811824440640645406E+01   -0.12887701149055760616E-06   -0.16348282187136939659E-15
    0.43899702408708707324E+01   -0.94995470440402573950E-07    0.61653549305134590984E-15
    0.43987580376776778124E+01   -0.69930879872952926831E-07    0.12903340272062708662E-14
    0.44075458344844848924E+01   -0.51416962919975048125E-07    0.13752443453354560446E-14
    0.44163336312912919723E+01   -0.37762664780361035958E-07    0.95776759705513078647E-15
    0.44251214280980981641E+01   -0.27705402035704071278E-07    0.66085719952299756879E-15
    0.44339092249049052441E+01   -0.20308319015179500144E-07    0.86094228179619232879E-15
    0.44426970217117123241E+01   -0.14874015516575481559E-07    0.11092203707092485095E-14
    0.44514848185185185159E+01   -0.10885242909369773444E-07    0.69459891596298921416E-15
    0.44602726153253255958E+01   -0.79601083580110262906E-08   -0.31483285853548432243E-15
    0.44690604121321326758E+01   -0.58164820201447012493E-08   -0.96581740323530105386E-15
    0.44778482089389388676E+01   -0.42471588302248223167E-08   -0.53178766475855949151E-15
    0.44866360057457459476E+01   -0.30991266700369758854E-08    0.58133553739787792333E-15
    0.44954238025525530276E+01   -0.22596954886753433849E-08    0.13462098624299196315E-14
    0.45042115993593592194E+01   -0.16462670921455590699E-08    0.12514458061003771644E-14
    0.45129993961661662993E+01   -0.11982405101449410554E-08    0.66092626728305235968E-15
    0.45217871929729733793E+01   -0.87137491901449790499E-09    0.15049856040390717965E-15
    0.45305749897797804593E+01   -0.63311160572195477387E-09   -0.12025826492529450005E-15
    0.45393627865865866511E+01   -0.45953102410530860778E-09   -0.31122837002334764830E-15
    0.45481505833933937311E+01   -0.33316420021629502280E-09   -0.47929432690860049893E-15
    0.45569383802002008110E+01   -0.24125242023076766967E-09   -0.47187815584763501150E-15
    0.45657261770070070028E+01   -0.17451300130240326746E-09   -0.23483328559973831888E-15
    0.45745139738138140828E+01   -0.12611651694421961719E-09   -0.37012077445623372406E-16
    0.45833017706206211628E+01   -0.91045363002741848693E-10   -0.18504888199123951577E-15
    0.45920895674274273546E+01   -0.65647780557355600919E-10   -0.54405001784623216764E-15
    0.46008773642342344345E+01   -0.47275717744067546614E-10   -0.57677234193015722834E-15
    0.46096651610410415145E+01   -0.34014409893109304589E-10   -0.31139503922246055247E-16
    0.46184529578478477063E+01   -0.24457245137774800302E-10    0.57832997002460957860E-15
    0.46272407546546547863E+01   -0.17571733550462023508E-10    0.51529728877005413257E-15
    0.46360285514614618663E+01   -0.12611165089181540109E-10   -0.22814242610672545781E-15
    0.46448163482682689462E+01   -0.90404413830756065827E-11   -0.83266794031664182097E-15
    0.46536041450750751380E+01   -0.64765341007382675971E-11   -0.61719164071631476862E-15
    0.46623919418818822180E+01   -0.46386490997169242094E-11    0.17997439963152779479E-15
    0.46711797386886892980E+01   -0.33206737611038099796E-11    0.79768007032445825763E-15
    0.46799675354954954898E+01   -0.23745486706334277048E-11    0.84632945360089926225E-15
    0.46887553323023025698E+01   -0.16956579146152497360E-11    0.57726231233116336864E-15
    0.46975431291091096497E+01   -0.12100243265471690387E-11    0.36353606808624351478E-15
    0.47063309259159158415E+01   -0.86349841914443722001E-12    0.23929475832458291388E-15
    0.47151187227227229215E+01   -0.61615872854373104873E-12    0.55950538597713203810E-16
    0.47239065195295300015E+01   -0.43923984484322900419E-12   -0.11093093144192500424E-15
    0.47326943163363361933E+01   -0.31248340251642492976E-12    0.55770606325651643795E-16
    0.47414821131431432732E+01   -0.22184637883306815753E-12    0.65239097885558110204E-15
    0.47502699099499503532E+01   -0.15745534408636156135E-12    0.12409070659335758789E-14
    0.47590577067567574332E+01   -0.11212612290771359401E-12    0.12527671941837902282E-14
    0.47678455035635636250E+01   -0.80228396182091918038E-13    0.66169699218571883412E-15
    0.47766333003703707050E+01   -0.57243847638868267734E-13    0.40029305301797446184E-16
    0.47854210971771777849E+01   -0.40124467510466528233E-13   -0.13137200833861306709E-15
    0.47942088939839839767E+01   -0.27479379235824888754E-13   -0.79845842915234448482E-18
    0.48029966907907910567E+01   -0.18815230741158277485E-13   -0.23579875712845334967E-16
    0.48117844875975981367E+01   -0.13424705398714342518E-13   -0.30024003112192706917E-15
    0.48205722844044043285E+01   -0.10068772548392872663E-13   -0.46061988115353799005E-15
    0.48293600812112114085E+01   -0.76143008917315502116E-14   -0.20932409908579441559E-15
    0.48381478780180184884E+01   -0.55877939891898328468E-14    0.24320359067614148966E-15
    0.48469356748248246802E+01   -0.39806454968163527558E-14    0.43789737287644783166E-15
    0.48557234716316317602E+01   -0.27482778065670167324E-14    0.19770283919616584360E-15
    0.48645112684384388402E+01   -0.16623872720784197931E-14   -0.23521078475160026025E-15
    0.48732990652452459202E+01   -0.59212885284014935686E-15   -0.53724209670633990771E-15
    0.48820868620520521119E+01    0.27668447333111266484E-15   -0.60714488866164032931E-15
    0.48908746588588591919E+01    0.62561803239156530664E-15   -0.52693202522058907183E-15
    0.48996624556656662719E+01    0.34708664591151911066E-15   -0.37880170343805358428E-15
    0.49084502524724724637E+01   -0.33145088691270417886E-15   -0.17730864540301144809E-15
    0.49172380492792795437E+01   -0.98808450752223034819E-15    0.57138653201172074744E-16
    0.49260258460860866236E+01   -0.12016029380228083990E-14    0.23822242731714081979E-15
    0.49348136428928928154E+01   -0.77661519613483583615E-15    0.26376802404794981104E-15
    0.49436014396996998954E+01    0.54622986136302616976E-16    0.10646785799263240507E-15
    0.49523892365065069754E+01    0.74054767256640443582E-15   -0.17480319312575830978E-15
    0.49611770333133140554E+01    0.86974927097502183917E-15   -0.51620795316030293979E-15
    0.49699648301201202472E+01    0.51029646615906906283E-15   -0.90095936742126622494E-15
    0.49787526269269273271E+01    0.25356550276817127305E-16   -0.12805577816889893113E-14
    0.49875404237337344071E+01   -0.31905291235590104226E-15   -0.14599052790072863468E-14
    0.49963282205405405989E+01   -0.51346004887639983001E-15   -0.11722044453047825095E-14
    0.50051160173473476789E+01   -0.68706825296297493082E-15   -0.36846615135264865437E-15
    0.50139038141541547589E+01   -0.95440078549888287825E-15    0.59732808390574740699E-15
    0.50226916109609609506E+01   -0.12911789666512677052E-14    0.11888126618649371899E-14
    0.50314794077677680306E+01   -0.14519740783905585459E-14    0.10659273024165620241E-14
    0.50402672045745751106E+01   -0.11236957428917320302E-14    0.27547392730449798268E-15
    0.50490550013813813024E+01   -0.33595537447478462792E-15   -0.78234915149237005559E-15
    0.50578427981881883824E+01    0.34162285586335412145E-15   -0.15013260698663929947E-14
    0.50666305949949954623E+01    0.33537370099001076160E-15   -0.14396978936534782229E-14
    0.50754183918018025423E+01   -0.17617615407631989390E-15   -0.72894515219691552561E-15
    0.50842061886086087341E+01   -0.34986310215757235558E-15    0.69008465410056869691E-17
    0.50929939854154158141E+01    0.29161015478571588567E-15    0.27495721610160219159E-15
    0.51017817822222228941E+01    0.11652233376591834730E-14    0.16255295229646795476E-15
    0.51105695790290290859E+01    0.13230022154748421972E-14    0.39764399935740630237E-16
    0.51193573758358361658E+01    0.62710572215013735753E-15   -0.29841237103895299264E-17
    0.51281451726426432458E+01   -0.10937575905159349388E-15   -0.22006853963345487918E-15
    0.51369329694494494376E+01   -0.14307035963620770676E-15   -0.71737643595379592797E-15
    0.51457207662562565176E+01    0.40262940271381562664E-15   -0.11181617068544276892E-14
    0.51545085630630635976E+01    0.89291776903338953335E-15   -0.92869509516114907709E-15
    0.51632963598698697893E+01    0.96683765258064108612E-15   -0.13851119174627655078E-15
    0.51720841566766768693E+01    0.76748012976010757170E-15    0.72667284194726746250E-15
    0.51808719534834839493E+01    0.54451814619292902902E-15    0.11599072314986736619E-14
    0.51896597502902910293E+01    0.32102225408324070772E-15    0.11131621696408818520E-14
    0.51984475470970972211E+01    0.15825846721334467261E-16    0.84932643337533119255E-15
    0.52072353439039043010E+01   -0.27623947513666021609E-15    0.57322938782110598922E-15
    0.52160231407107113810E+01   -0.30182499312194975095E-15    0.31139438944981380900E-15
    0.52248109375175184610E+01    0.71541424486704706359E-17    0.71247914993095795484E-16
    0.52335987343243246528E+01    0.33040361708065504621E-15   -0.41451413147826021893E-16
    0.52423865311311317328E+01    0.28606260071355494475E-15    0.58871623607802730365E-16
    0.52511743279379388127E+01   -0.81117272056943394771E-16    0.25184502504045189831E-15
    0.52599621247447450045E+01   -0.30930805050644652892E-15    0.28316305280227098140E-15
    0.52687499215515520845E+01   -0.67201651784084863651E-16    0.11120078519482571152E-15
    0.52775377183583591645E+01    0.45255362658105688323E-15    0.77196975523192931557E-16
    0.52863255151651653563E+01    0.78961222527016042466E-15    0.47593727183149560005E-15
    0.52951133119719724363E+01    0.70151896351739262524E-15    0.97394436091992837886E-15
    0.53039011087787795162E+01    0.30814319846212156152E-15    0.79670031288894821603E-15
    0.53126889055855857080E+01   -0.13786124347995657649E-15   -0.27200006487823046468E-15
    0.53214767023923927880E+01   -0.46867774040962910822E-15   -0.13244811290355011583E-14
    0.53302644991991998680E+01   -0.63207320408385002613E-15   -0.12770776515081192972E-14
    0.53390522960060069479E+01   -0.64528512224146796661E-15   -0.25920441201914983094E-15
    0.53478400928128131397E+01   -0.55790031187146116661E-15    0.44373157980196758840E-15
    0.53566278896196202197E+01   -0.42784514685661769355E-15   -0.22706828104410891711E-16
    0.53654156864264272997E+01   -0.30196238348891109541E-15   -0.10093693737755835338E-14
    0.53742034832332334915E+01   -0.20364200066477976705E-15   -0.12933957097064895652E-14
    0.53829912800400405715E+01   -0.12831230478863565360E-15   -0.64873522688563684065E-15
    0.53917790768468476514E+01   -0.76169749118679675020E-16   -0.11526372272055086272E-16
    0.54005668736536538432E+01   -0.12097098011397868376E-15   -0.15931573636620206790E-15
    0.54093546704604609232E+01   -0.40672773968789814512E-15   -0.75792544292202254295E-15
    0.54181424672672680032E+01   -0.93818235151717965772E-15   -0.97674644755018653631E-15
    0.54269302640740750832E+01   -0.13477638061009661678E-14   -0.61375715468259832159E-15
    0.54357180608808812750E+01   -0.11150080978350425339E-14   -0.23679696509975380470E-15
    0.54445058576876883549E+01   -0.24293757923903282315E-15   -0.29219230042166025571E-15
    0.54532936544944954349E+01    0.43540770996557852491E-15   -0.48132225672023612770E-15
    0.54620814513013016267E+01    0.10340942999331949903E-15   -0.24495886396208786560E-15
    0.54708692481081087067E+01   -0.90838197004717607253E-15    0.40996239994550067805E-15
    0.54796570449149157866E+01   -0.13367464021625270155E-14    0.86803700085633281743E-15
    0.54884448417217219784E+01   -0.57141439317081284862E-15    0.67527952106143156408E-15
    0.54972326385285290584E+01    0.39800621345638988978E-15    0.79072202327166781870E-16
    0.55060204353353361384E+01    0.22523073964740661630E-15   -0.34160805805074964850E-15
    0.55148082321421423302E+01   -0.93688305765764635025E-15   -0.33928591941716666854E-15
    0.55235960289489494102E+01   -0.15191611797101807889E-14   -0.13784592714325612499E-15
    0.55323838257557564901E+01   -0.59089551567436900208E-15   -0.30370493980172477405E-16
    0.55411716225625635701E+01    0.82057999356139717773E-15   -0.53461864944158490862E-16
    0.55499594193693697619E+01    0.10474139417609251658E-14   -0.61430693742671327007E-16
    0.55587472161761768419E+01   -0.12267243849230466604E-15    0.56578337392594236373E-16
    0.55675350129829839219E+01   -0.12922317843582046293E-14    0.27549096866389853293E-15
    0.55763228097897901137E+01   -0.12712243741517133916E-14    0.45769175872288648294E-15
    0.55851106065965971936E+01   -0.38260390461180429161E-15    0.42105632595273892248E-15
    0.55938984034034042736E+01    0.26256386669912071461E-15    0.75945122328450532966E-16
    0.56026862002102104654E+01    0.14429030035230517570E-15   -0.43851967044812573399E-15
    0.56114739970170175454E+01   -0.32173612038958491031E-15   -0.81605490163241947601E-15
    0.56202617938238246253E+01   -0.49617980540179500564E-15   -0.83941116433535180542E-15
    0.56290495906306308171E+01   -0.14245602346613062446E-15   -0.55256153796644208262E-15
    0.56378373874374378971E+01    0.54197123951310645329E-15   -0.15006747231101725457E-15
    0.56466251842442449771E+01    0.11341242606482229794E-14    0.22245530634896642345E-15
    0.56554129810510520571E+01    0.12470770064989503899E-14    0.51726058784541185924E-15
    0.56642007778578582489E+01    0.82772073278814962305E-15    0.68252207753860726271E-15
    0.56729885746646653288E+01    0.26968388647323951726E-15    0.60407292076236892392E-15
    0.56817763714714724088E+01    0.48833279194362991696E-16    0.20975957217071292526E-15
    0.56905641682782786006E+01    0.24083643806954222550E-15   -0.38598742124919226312E-15
    0.56993519650850856806E+01    0.50064821635586847213E-15   -0.89481375842915622133E-15
    0.57081397618918927606E+01    0.49548898422258731679E-15   -0.10227476891324095196E-14
    0.57169275586986989524E+01    0.22867561592424915907E-15   -0.63344856335927515319E-15
    0.57257153555055060323E+01   -0.63896023298171881487E-16    0.15466780776053847867E-15
    0.57345031523123131123E+01   -0.16577228706150839899E-15    0.93344076317303354196E-15
    0.57432909491191193041E+01   -0.28473949294915772557E-16    0.12230487655244337929E-14
    0.57520787459259263841E+01    0.19001236232472368452E-15    0.92358737189161840564E-15
    0.57608665427327334640E+01    0.18592361736596214019E-15    0.50903734379548066059E-15
    0.57696543395395405440E+01   -0.22203622707237116819E-15    0.50757406409737267125E-15
    0.57784421363463467358E+01   -0.80863641554928346963E-15    0.82477522774205253672E-15
    0.57872299331531538158E+01   -0.10849690466311244706E-14    0.83718950258608325582E-15
    0.57960177299599608958E+01   -0.84280375345913448372E-15    0.22035220907599552941E-15
    0.58048055267667670876E+01   -0.44321696719679878221E-15   -0.55320702473311259178E-15
    0.58135933235735741675E+01   -0.34859868476564705078E-15   -0.76361367769108698593E-15
    0.58223811203803812475E+01   -0.47942788386897833757E-15   -0.27403506676554684368E-15
    0.58311689171871874393E+01   -0.30218456669145590844E-15    0.39532662136204144447E-15
    0.58399567139939945193E+01    0.39260094441986684574E-15    0.71786486701512053562E-15
    0.58487445108008015993E+01    0.10501317910541164102E-14    0.63482728734096406230E-15
    0.58575323076076077911E+01    0.95072899527591845136E-15    0.36945357074833107220E-15
    0.58663201044144148710E+01    0.71348638633688131242E-16    0.45072802694454772991E-16
    0.58751079012212219510E+01   -0.87961486758207803887E-15   -0.36830867417534739598E-15
    0.58838956980280290310E+01   -0.12109222296030374571E-14   -0.79602598209515951519E-15
    0.58926834948348352228E+01   -0.81639795612846038419E-15   -0.94218070130069292157E-15
    0.59014712916416423027E+01   -0.62528055987998334147E-16   -0.60993349835949550508E-15
    0.59102590884484493827E+01    0.56376287716764401481E-15   -0.94267652483841150782E-16
    0.59190468852552555745E+01    0.73697429222882535485E-15    0.64394062358589127559E-17
    0.59278346820620626545E+01    0.49271913545696267300E-15   -0.48956366687218656885E-15
    0.59366224788688697345E+01    0.23270186538799943576E-15   -0.99193327066138702834E-15
    0.59454102756756759263E+01    0.29307727278045057285E-15   -0.81212096868250712568E-15
    0.59541980724824830062E+01    0.45920419884859566235E-15   -0.59733532559021948055E-16
    0.59629858692892900862E+01    0.16688954077387032455E-15    0.45523327620206822513E-15
    0.59717736660960962780E+01   -0.67607755479734782542E-15    0.23301854541521422925E-15
    0.59805614629029033580E+01   -0.13070694929921382216E-14   -0.31195124396771056575E-15
    0.59893492597097104380E+01   -0.94447802441361807091E-15   -0.47926291828573828703E-15
    0.59981370565165175179E+01    0.13398772216649251072E-15   -0.20932876790520699914E-15
    0.60069248533233237097E+01    0.78442840543349977471E-15   -0.68668851710680013836E-16
    0.60157126501301307897E+01    0.34315922074380908977E-15   -0.37556585517275088826E-15
    0.60245004469369378697E+01   -0.58124502192708881810E-15   -0.69341802600894086583E-15
    0.60332882437437440615E+01   -0.94845334403570850749E-15   -0.43482885739187731038E-15
    0.60420760405505511415E+01   -0.52820038711405760529E-15    0.28233667806602631194E-15
    0.60508638373573582214E+01    0.19478518666402674709E-16    0.70340253357787931529E-15
    0.60596516341641644132E+01    0.12073677042984313887E-15    0.34073091212766795744E-15
    0.60684394309709714932E+01   -0.65562088176858562785E-16   -0.46521825379037391405E-15
    0.60772272277777785732E+01   -0.68929873710514963609E-16   -0.10179002820086944524E-14
    0.60860150245845856531E+01    0.19589105229420307329E-15   -0.10064938570708078073E-14
    0.60948028213913918449E+01    0.37661225098995891404E-15   -0.64271488126711015032E-15
    0.61035906181981989249E+01    0.21325724166578658573E-15   -0.24760008674071674828E-15
    0.61123784150050060049E+01   -0.11651829505294265372E-15    0.59676495070006467967E-16
    0.61211662118118121967E+01   -0.23914767284890299800E-15    0.28366512149819716024E-15
    0.61299540086186192767E+01    0.12054302641653478801E-16    0.36841826482268422972E-15
    0.61387418054254263566E+01    0.47341703544791211659E-15    0.20322923348229444685E-15
    0.61475296022322325484E+01    0.78579819769997643486E-15   -0.20239331219372070209E-15
    0.61563173990390396284E+01    0.60754478002155615157E-15   -0.62802916545774228281E-15
    0.61651051958458467084E+01   -0.68170094904443381847E-16   -0.78948125406796876118E-15
    0.61738929926526529002E+01   -0.66343457352080068384E-15   -0.54729271019615822160E-15
    0.61826807894594599802E+01   -0.40397180070162384075E-15    0.15509898497584929449E-16
    0.61914685862662670601E+01    0.75473733870948420164E-15    0.63637390290597524666E-15
    0.62002563830730741401E+01    0.17681619258822158581E-14    0.97899293406574495258E-15
    0.62090441798798803319E+01    0.15601077272425184015E-14    0.84684451199134963441E-15
    0.62178319766866874119E+01    0.32146279178823510353E-15    0.38420730821465697724E-15
    0.62266197734934944918E+01   -0.68937790095898611120E-15   -0.24809344404236920686E-16
    0.62354075703003006836E+01   -0.64057291351111590002E-15   -0.11550838786256229321E-15
    0.62441953671071077636E+01   -0.77888141636795942594E-17    0.41904018158509163835E-16
    0.62529831639139148436E+01    0.25136421038724332573E-15    0.21495152796430624115E-15
    0.62617709607207210354E+01   -0.85794824624976355195E-16    0.27859259391519716989E-15
    0.62705587575275281154E+01   -0.43565863970501612542E-15    0.27307360510288990479E-15
    0.62793465543343351953E+01   -0.32868297620220479607E-15    0.27569745462421066376E-15
    0.62881343511411413871E+01    0.10492752739510750434E-16    0.29380209745067788051E-15
    0.62969221479479484671E+01    0.90135604315145892704E-16    0.25309137539889529250E-15
    0.63057099447547555471E+01   -0.18442337879376346892E-15    0.30568768087778611801E-16
    0.63144977415615626271E+01   -0.45932349474099142437E-15   -0.43848329628376687135E-15
    0.63232855383683688189E+01   -0.40850809466967297972E-15   -0.99862570548009286070E-15
    0.63320733351751758988E+01   -0.65022366722252579227E-16   -0.12721573495947830889E-14
    0.63408611319819829788E+01    0.29875977943220975823E-15   -0.10187724398959308470E-14
    0.63496489287887891706E+01    0.42448174121035099203E-15   -0.51490138908836787451E-15
    0.63584367255955962506E+01    0.21998413136209454392E-15   -0.33643662005378055993E-15
    0.63672245224024033305E+01   -0.18356202963588093426E-15   -0.65092915456888254826E-15
    0.63760123192092095223E+01   -0.47811278892894026109E-15   -0.91409196313981911762E-15
    0.63848001160160166023E+01   -0.42479943317695741012E-15   -0.56116413693447811636E-15
    0.63935879128228236823E+01   -0.10790302580525510943E-15    0.15452980596811236757E-15
    0.64023757096296298741E+01    0.15008339576471391755E-15    0.38456016152918798326E-15
    0.64111635064364369541E+01    0.15239581039229230567E-15   -0.21678885965957523769E-15
    0.64199513032432440340E+01    0.26831192145236632989E-16   -0.95266867269020757692E-15
    0.64287391000500511140E+01    0.33061081081796652623E-17   -0.95057325985390669466E-15
    0.64375268968568573058E+01    0.10847122722932834261E-15   -0.27375983571994154504E-15
    0.64463146936636643858E+01    0.17826369885842830150E-15    0.21634834950513617134E-15
    0.64551024904704714658E+01    0.13259167910079288050E-15    0.24258735728243019864E-16
    0.64638902872772776576E+01    0.11803397212217589940E-15   -0.36005491046956669943E-15
    0.64726780840840847375E+01    0.30825918061147986417E-15   -0.24062033505853273169E-15
    0.64814658808908918175E+01    0.64294278268765841590E-15    0.25862687325661921827E-15
    0.64902536776976980093E+01    0.84966052432952797644E-15    0.35272906526991988687E-15
    0.64990414745045050893E+01    0.69931301753258623358E-15   -0.28392747245616104934E-15
    0.65078292713113121692E+01    0.19835855796006185185E-15   -0.97001619174944463018E-15
    0.65166170681181183610E+01   -0.40672214082665862283E-15   -0.89638526451057730543E-15
    0.65254048649249254410E+01   -0.71448473725132595767E-15   -0.23106340889066492295E-15
    0.65341926617317325210E+01   -0.41845265377473329502E-15    0.89265953374368763768E-16
    0.65429804585385396010E+01    0.32576120691587958245E-15   -0.37785590500578593814E-15
    0.65517682553453457928E+01    0.84906102625046586981E-15   -0.95014154043594841109E-15
    0.65605560521521528727E+01    0.59986685732481390864E-15   -0.74592775444287446402E-15
    0.65693438489589599527E+01   -0.17193976825585509493E-15    0.13197198432304972818E-15
    0.65781316457657661445E+01   -0.64851581029101236552E-15    0.73457228538415229082E-15
    0.65869194425725732245E+01   -0.40227790620215315382E-15    0.46239724404097231425E-15
    0.65957072393793803045E+01    0.12514934722216594177E-15   -0.26272960601402739979E-15
    0.66044950361861864963E+01    0.29323529050712235702E-15   -0.64218994087525438725E-15
    0.66132828329929935762E+01    0.11816095838095033950E-15   -0.41160171167751691609E-15
    0.66220706297998006562E+01    0.15092352381052005437E-15    0.67694801943773960856E-16
    0.66308584266066068480E+01    0.58716793512499117548E-15    0.37647070307294134658E-15
    0.66396462234134139280E+01    0.86793876834708730415E-15    0.42982174373223000342E-15
    0.66484340202202210079E+01    0.44987888361884253567E-15    0.36587620268971161552E-15
    0.66572218170270280879E+01   -0.28655289115204715531E-15    0.30602260593324174367E-15
    0.66660096138338342797E+01   -0.36992679443713794567E-15    0.27175933337321495962E-15
    0.66747974106406413597E+01    0.47257245030804619783E-15    0.23026511729103783022E-15
    0.66835852074474484397E+01    0.12722815726652919489E-14    0.14837296474196519199E-15
    0.66923730042542546315E+01    0.98978257284920053348E-15    0.35645420535597964508E-16
    0.67011608010610617114E+01   -0.99968579230518778987E-16   -0.31104544826029581002E-16
    0.67099485978678687914E+01   -0.72760799485390194491E-15    0.34527397996044825065E-16
    0.67187363946746749832E+01   -0.26152665847344912294E-15    0.21094067377920763322E-15
    0.67275241914814820632E+01    0.49445430969468538005E-15    0.33982378652017477891E-15
    0.67363119882882891432E+01    0.44940289314630746569E-15    0.28775978975268205246E-15
    0.67450997850950962231E+01   -0.33221082217270760404E-15    0.12037489579683264326E-15
    0.67538875819019024149E+01   -0.80084466206984712671E-15    0.31853619877039706042E-16
    0.67626753787087094949E+01   -0.33012158402824853588E-15    0.90427271632452112922E-16
    0.67714631755155165749E+01    0.53374798724905399116E-15    0.13855846272732425538E-15
    0.67802509723223227667E+01    0.88390216359826795982E-15    0.37425010742386037562E-16
    0.67890387691291298466E+01    0.53566084656897892099E-15   -0.62337259925091943791E-16
    0.67978265659359369266E+01    0.38407486727968413657E-16    0.13654671686230458498E-15
    0.68066143627427431184E+01   -0.13425291578775633237E-15    0.62968758201419512208E-15
    0.68154021595495501984E+01   -0.69616812008941375811E-16    0.96796017949528425069E-15
    0.68241899563563572784E+01   -0.97184278086800460634E-16    0.77482479371858189951E-15
    0.68329777531631634702E+01   -0.30956723065624700231E-15    0.30765624066603722495E-15
    0.68417655499699705501E+01   -0.50670145170216635873E-15    0.21112369718189735401E-15
    0.68505533467767776301E+01   -0.46615936202940057205E-15    0.67459978276126027577E-15
    0.68593411435835847101E+01   -0.14518655975142329902E-15    0.10896603140185146275E-14
    0.68681289403903909019E+01    0.31493759392593416035E-15    0.79755377084928560379E-15
    0.68769167371971979819E+01    0.65762238667895375609E-15   -0.42514587815539314031E-16
    0.68857045340040050618E+01    0.65423507446307627710E-15   -0.63796426681737857988E-15
    0.68944923308108112536E+01    0.29506105976419982440E-15   -0.52773185289245254178E-15
    0.69032801276176183336E+01   -0.15597799846997125313E-15   -0.74437998821688102645E-16
    0.69120679244244254136E+01   -0.37828610319376701796E-15    0.10529898541210185201E-15
    0.69208557212312316054E+01   -0.24908346216599551801E-15   -0.11885745440663291550E-15
    0.69296435180380386853E+01    0.11961929454345006719E-15   -0.37815972675844354855E-15
    0.69384313148448457653E+01    0.50936234157775142270E-15   -0.33548556180968982582E-15
    0.69472191116516519571E+01    0.71804447106198172045E-15   -0.27119836847376678626E-16
    0.69560069084584590371E+01    0.64062944675328903705E-15    0.25957936228345791420E-15
    0.69647947052652661171E+01    0.32101020100448521379E-15    0.23597717068159431831E-15
    0.69735825020720731970E+01   -0.80363488304938150770E-16   -0.17710260291457540444E-15
    0.69823702988788793888E+01   -0.38060280481732431803E-15   -0.68552055293211911428E-15
    0.69911580956856864688E+01   -0.45109504579757868428E-15   -0.71063707505516906684E-15
    0.69999458924924935488E+01   -0.24977522671451404827E-15    0.53963142125373019778E-16
    0.70087336892992997406E+01    0.16218218677475471678E-15    0.11240306548194967181E-14
    0.70175214861061068206E+01    0.61757607248834358032E-15    0.15769588019033297791E-14
    0.70263092829129139005E+01    0.85561136361937248763E-15    0.10186485935291449325E-14
    0.70350970797197200923E+01    0.61786861656459158812E-15    0.11254612554794025272E-16
    0.70438848765265271723E+01   -0.10284618257547188263E-15   -0.62020498870878900828E-15
    0.70526726733333342523E+01   -0.86763379737619554450E-15   -0.63221555583610929311E-15
    0.70614604701401404441E+01   -0.10823690782178431526E-14   -0.36590912275022458271E-15
    0.70702482669469475240E+01   -0.62002940925274425699E-15   -0.14400438888809002418E-15
    0.70790360637537546040E+01   -0.25797603109529748907E-16    0.61652477352439190553E-16
    0.70878238605605616840E+01    0.11021052409029283872E-15    0.35296884481278073138E-15
    0.70966116573673678758E+01   -0.15782473504159133947E-15    0.55395925070023540931E-15
    0.71053994541741749558E+01   -0.29555001912068390219E-15    0.34053091923695473115E-15
    0.71141872509809820357E+01   -0.50326081935621482323E-16   -0.29581114694581758095E-15
    0.71229750477877882275E+01    0.21381734909211623012E-15   -0.88774243853452013873E-15
    0.71317628445945953075E+01    0.69367896304394846394E-16   -0.94740121108207572230E-15
    0.71405506414014023875E+01   -0.33872198430595258011E-15   -0.47660997936643205522E-15
    0.71493384382082085793E+01   -0.46494043155105213816E-15    0.94530654219553612892E-16
    0.71581262350150156593E+01   -0.94401923251721459116E-16    0.37279940835873935937E-15
    0.71669140318218227392E+01    0.34849389193429375186E-15    0.29417260820086246494E-15
    0.71757018286286289310E+01    0.35548881239356511259E-15    0.32272064430154753743E-16
    0.71844896254354360110E+01   -0.26175589900508474226E-16   -0.18844169764781377485E-15
    0.71932774222422430910E+01   -0.30422118974739354830E-15   -0.22589816991374626090E-15
    0.72020652190490501710E+01   -0.17089066707363626585E-15   -0.10696710897679010840E-15
    0.72108530158558563627E+01    0.17852975351882843739E-15   -0.91666389025095629951E-17
    0.72196408126626634427E+01    0.37471981067220971369E-15   -0.61473550984316200380E-16
    0.72284286094694705227E+01    0.29744287029058552628E-15   -0.15997179765298042881E-15
    0.72372164062762767145E+01    0.10000950195756729810E-15   -0.91141764817698142879E-16
    0.72460042030830837945E+01   -0.44665046899711429960E-16    0.14231870937758058481E-15
    0.72547919998898908744E+01   -0.10106145134092399145E-15    0.23834846955967115185E-15
    0.72635797966966970662E+01   -0.10932830490719780220E-15   -0.21771041868393765345E-16
    0.72723675935035041462E+01   -0.81472189290324824916E-16   -0.39524339235004145631E-15
    0.72811553903103112262E+01    0.20605836703534624680E-16   -0.41861573528699594453E-15
    0.72899431871171174180E+01    0.24775218413516728687E-15   -0.53205455231595785726E-16
    0.72987309839239244980E+01    0.61005895121317221456E-15    0.14047525353999421604E-15
    0.73075187807307315779E+01    0.10047692751182446170E-14   -0.27479685579324837465E-15
    0.73163065775375386579E+01    0.11849863134906365625E-14   -0.88749130893279742441E-15
    0.73250943743443448497E+01    0.94249006011899852977E-15   -0.82534524007528608422E-15
    0.73338821711511519297E+01    0.41973169163821216763E-15    0.12811426004445262982E-15
    0.73426699679579590097E+01    0.13038231241559781270E-15    0.11365458942287500679E-14
    0.73514577647647652014E+01    0.44965374847696324532E-15    0.12881407821158706116E-14
    0.73602455615715722814E+01    0.11216720820769265617E-14    0.66024514492432981591E-15
    0.73690333583783793614E+01    0.14988163040676885271E-14    0.94961765348815134375E-16
    0.73778211551851855532E+01    0.12593078218472384500E-14    0.12122347633982632501E-15
    0.73866089519919926332E+01    0.72146268711309498668E-15    0.44492105373206361768E-15
    0.73953967487987997131E+01    0.38433211600441807363E-15    0.55589396667600009631E-15
    0.74041845456056067931E+01    0.38325121673953527035E-15    0.44853218866895648693E-15
    0.74129723424124129849E+01    0.48942043753712704152E-15    0.51465642923938052897E-15
    0.74217601392192200649E+01    0.47281951686205513542E-15    0.89478231601567783547E-15
    0.74305479360260271449E+01    0.31449254619547516043E-15    0.12169373820372619708E-14
    0.74393357328328333367E+01    0.10520325307857056305E-15    0.10828159052955128756E-14
    0.74481235296396404166E+01   -0.10385007195523625130E-15    0.60027844534284639213E-15
    0.74569113264464474966E+01   -0.29668216819018641163E-15    0.24208328966573654104E-15
    0.74656991232532536884E+01   -0.39058449240153335435E-15    0.26880694026919709020E-15
    0.74744869200600607684E+01   -0.23810272195548044412E-15    0.46564957625645166018E-15
    0.74832747168668678484E+01    0.18022467237280191769E-15    0.47809071212471077828E-15
    0.74920625136736740401E+01    0.59108543145747035953E-15    0.21541011695624699084E-15
    0.75008503104804811201E+01    0.61007393371424197349E-15   -0.13531480160205254612E-15
    0.75096381072872882001E+01    0.13832136538703115733E-15   -0.35266164308380518596E-15
    0.75184259040940952801E+01   -0.48914416833374229399E-15   -0.34985503923020579865E-15
    0.75272137009009014719E+01   -0.80527932171993328238E-15   -0.18067896196694247701E-15
    0.75360014977077085518E+01   -0.57274951171945001780E-15    0.10406493911586652109E-16
    0.75447892945145156318E+01    0.99889231417434713870E-16    0.10069319895309389785E-15
    0.75535770913213218236E+01    0.81577373398378017092E-15    0.13086754422539977002E-15
    0.75623648881281289036E+01    0.10788667374221190289E-14    0.28316322367114872934E-15
    0.75711526849349359836E+01    0.67743858054860215284E-15    0.58310113625016510990E-15
    0.75799404817417421754E+01   -0.19038915513383739194E-16    0.66132773328265321473E-15
    0.75887282785485492553E+01   -0.35973890687194873894E-15    0.87093691372534814261E-16
    0.75975160753553563353E+01   -0.75334083107353280490E-16   -0.96351966755549950668E-15
    0.76063038721621625271E+01    0.46771099878431937292E-15   -0.16124113221831215391E-14
    0.76150916689689696071E+01    0.73963323447554521299E-15   -0.11780408305274538554E-14
    0.76238794657757766871E+01    0.58079268889906959159E-15   -0.35740831636206029839E-16
    0.76326672625825837670E+01    0.20776267540219743827E-15    0.77185254115898649950E-15
    0.76414550593893899588E+01   -0.11732040995706232699E-15    0.69160098783498510589E-15
    0.76502428561961970388E+01   -0.29892793928962975312E-15    0.14584480745441277994E-15
    0.76590306530030041188E+01   -0.38014319434739718206E-15   -0.18557897046586214107E-15
    0.76678184498098103106E+01   -0.45427191098150195617E-15   -0.17363258064411632041E-15
    0.76766062466166173905E+01   -0.57299815491182781284E-15   -0.15104759164406195490E-15
    0.76853940434234244705E+01   -0.66122000961811936029E-15   -0.27013594673686949665E-15
    0.76941818402302306623E+01   -0.54205691923709581232E-15   -0.24964643743646743472E-15
    0.77029696370370377423E+01   -0.13950669040549311975E-15    0.17375322407748226772E-15
    0.77117574338438448223E+01    0.35110433796741224836E-15    0.77730042597659042562E-15
    0.77205452306506510141E+01    0.61589064544079853045E-15    0.10504160394387822054E-14
    0.77293330274574580940E+01    0.56375164491117794958E-15    0.79218749588437955375E-15
    0.77381208242642651740E+01    0.42352826770117754407E-15    0.33041025868962633663E-15
    0.77469086210710722540E+01    0.42412173506509957298E-15    0.79966382510376855129E-16
    0.77556964178778784458E+01    0.48304880547895231165E-15    0.70679371756669729152E-16
    0.77644842146846855258E+01    0.35835347009155777191E-15    0.24065013710089443770E-16
    0.77732720114914926057E+01    0.69530947133579626397E-16   -0.23579840137944881814E-15
    0.77820598082982987975E+01   -0.13748640545606816532E-16   -0.56944316787943476034E-15
    0.77908476051051058775E+01    0.35425162861617205508E-15   -0.66806135840041629453E-15
    0.77996354019119129575E+01    0.85757689576393535675E-15   -0.28088853466476693408E-15
    0.78084231987187191493E+01    0.89831316059497015581E-15    0.57847717000992002584E-15
    0.78172109955255262292E+01    0.29205453416488823376E-15    0.14648156595772200547E-14
    0.78259987923323333092E+01   -0.49770627218497070122E-15    0.16547745128451004585E-14
    0.78347865891391395010E+01   -0.90497690414543006787E-15    0.80042758299736202294E-15
    0.78435743859459465810E+01   -0.83609165929935942207E-15   -0.53735505037868274070E-15
    0.78523621827527536610E+01   -0.59818776911413067092E-15   -0.13448640419846935619E-14
    0.78611499795595607409E+01   -0.44229389580581902172E-15   -0.11762867018544485287E-14
    0.78699377763663669327E+01   -0.33850257919813625809E-15   -0.52125101280831006850E-15
    0.78787255731731740127E+01   -0.16116950292819713063E-15   -0.81641040371084697328E-16
    0.78875133699799810927E+01    0.85603331150972224594E-16   -0.36010465152837624663E-17
    0.78963011667867872845E+01    0.27334514296172214301E-15    0.21213141031551240726E-16
    0.79050889635935943645E+01    0.29345171809901936110E-15    0.14607314297147482536E-15
    0.79138767604004014444E+01    0.14793726901011994897E-15    0.13016702349003103311E-15
    0.79226645572072076362E+01   -0.59627980251869137781E-16   -0.26610930101928010249E-15
    0.79314523540140147162E+01   -0.17089613900426417400E-15   -0.87349814421255976713E-15
    0.79402401508208217962E+01   -0.77906907199338467711E-16   -0.12559739042450485390E-14
    0.79490279476276279880E+01    0.14819152747856582987E-15   -0.11685828153327946151E-14
    0.79578157444344350679E+01    0.27510302987181426423E-15   -0.75400587702878503348E-15
    0.79666035412412421479E+01    0.15474493759645293763E-15   -0.30097515805622158015E-15
    0.79753913380480492279E+01   -0.70089306163195407692E-16    0.32054273786313497557E-16
    0.79841791348548554197E+01   -0.12496065133719631544E-15    0.22656466631141614993E-15
    0.79929669316616624997E+01    0.37171507290874670345E-16    0.25973510718363714492E-15
    0.80017547284684695796E+01    0.14422198049584613257E-15    0.60873477373523194358E-16
    0.80105425252752748833E+01   -0.57635643733099980114E-16   -0.36191852095577499042E-15
    0.80193303220820819632E+01   -0.47541694526468206233E-15   -0.80794246245950414124E-15
    0.80281181188888890432E+01   -0.76545986509036701684E-15   -0.97572832342261432979E-15
    0.80369059156956961232E+01   -0.67247268890126463924E-15   -0.67185169611680463410E-15
    0.80456937125025032032E+01   -0.21972970326917774313E-15    0.58956093666403030656E-16
    0.80544815093093102831E+01    0.35309525303395112914E-15    0.93648282039633818371E-15
    0.80632693061161173631E+01    0.72497515311963099667E-15    0.15196915424374101656E-14
    0.80720571029229226667E+01    0.69045464288406487962E-15    0.14461128618070164816E-14
    0.80808448997297297467E+01    0.37193094226484799806E-15    0.74502552759984643618E-15
    0.80896326965365368267E+01    0.18325727164129844519E-15   -0.13187461873135957944E-15
    0.80984204933433439066E+01    0.42116722300507761702E-15   -0.70946241380640439717E-15
    0.81072082901501509866E+01    0.91357798411627020369E-15   -0.86819053493513385615E-15
    0.81159960869569580666E+01    0.12136436888579819055E-14   -0.77079126361217526835E-15
    0.81247838837637633702E+01    0.10896492335293560052E-14   -0.53992960120530112183E-15
    0.81335716805705704502E+01    0.71224460445914106001E-15   -0.14388159754791929780E-15
    0.81423594773773775302E+01    0.36240906346848653237E-15    0.38427357562700023321E-15
    0.81511472741841846101E+01    0.12444656061767052940E-15    0.75373602921855953617E-15
    0.81599350709909916901E+01   -0.69261627455724016317E-16    0.60916510352970072196E-15
    0.81687228677977987701E+01   -0.20420058854681281312E-15   -0.75118905274527885253E-16
    0.81775106646046058501E+01   -0.14068384644783733974E-15   -0.88520197011687063782E-15
    0.81862984614114111537E+01    0.13081825916608521860E-15   -0.12957724681055881054E-14
    0.81950862582182182337E+01    0.29540669882678240039E-15   -0.10317464268800248511E-14
    0.82038740550250253136E+01    0.20325828191941009685E-17   -0.19061541890656763053E-15
    0.82126618518318323936E+01   -0.61301398164468145707E-15    0.78863591530144108483E-15
    0.82214496486386394736E+01   -0.90475691857150236822E-15    0.13239484881871406671E-14
    0.82302374454454465535E+01   -0.44917697410305922076E-15    0.11142677430219141930E-14
    0.82390252422522518572E+01    0.34163186229460828129E-15    0.45191584306020998027E-15
    0.82478130390590589371E+01    0.65244870175862982141E-15   -0.71820085248798740799E-16
    0.82566008358658660171E+01    0.23609730048727398103E-15   -0.17267047393782202965E-15
    0.82653886326726730971E+01   -0.32137994373459164165E-15   -0.74549622452300482511E-16
    0.82741764294794801771E+01   -0.40374673224522795354E-15   -0.97425644773626571689E-16
    0.82829642262862872570E+01   -0.12390463116252368865E-15   -0.24468691193829775731E-15
    0.82917520230930943370E+01   -0.61441088213479841929E-16   -0.28151890447430238973E-15
    0.83005398198998996406E+01   -0.46534699601611182025E-15   -0.75571562818620429555E-16
    0.83093276167067067206E+01   -0.96720140902610147567E-15    0.25032740754963201264E-15
    0.83181154135135138006E+01   -0.10740869969138881941E-14    0.45940646549694277929E-15
    0.83269032103203208806E+01   -0.68427882417616145845E-15    0.38049445495900342395E-15
    0.83356910071271279605E+01   -0.73164523106546079460E-16   -0.21631816655303460463E-17
    0.83444788039339350405E+01    0.41118722527119513309E-15   -0.51839203085365592621E-15
    0.83532666007407403441E+01    0.56277860468582401639E-15   -0.87560357082111113353E-15
    0.83620543975475474241E+01    0.37716330381966420392E-15   -0.84911843071135844432E-15
    0.83708421943543545041E+01    0.42928013399733372563E-16   -0.44639329750762102734E-15
    0.83796299911611615840E+01   -0.19612746413522326952E-15    0.12221048561929370484E-15
    0.83884177879679686640E+01   -0.23679222106731928191E-15    0.57890893265789028205E-15
    0.83972055847747757440E+01   -0.16287234836564911215E-15    0.69768847685656065362E-15
    0.84059933815815828240E+01   -0.77622872450465271762E-16    0.39037451226816028502E-15
    0.84147811783883881276E+01    0.41818410938646569666E-16   -0.23640842775291735240E-15
    0.84235689751951952076E+01    0.24840566165367754885E-15   -0.90482416112070709646E-15
    0.84323567720020022875E+01    0.41727640734371546686E-15   -0.12422419945307014039E-14
    0.84411445688088093675E+01    0.26937147524071598233E-15   -0.94932389023553325870E-15
    0.84499323656156164475E+01   -0.27576067496273642453E-15   -0.87714397548780578749E-16
    0.84587201624224235275E+01   -0.84172807972936570940E-15    0.76631977159550928085E-15
    0.84675079592292288311E+01   -0.92052768272054698504E-15    0.93823891135854039339E-15
    0.84762957560360359111E+01   -0.46910438321829371783E-15    0.33045105649853085752E-15
    0.84850835528428429910E+01   -0.20947927929128877897E-18   -0.45955769642344619408E-15
    0.84938713496496500710E+01    0.43668222076516270778E-16   -0.80819978147109970412E-15
    0.85026591464564571510E+01   -0.16963568783853279819E-15   -0.67781666763994594222E-15
    0.85114469432632642309E+01   -0.14811375404264680588E-15   -0.45486963975614869694E-15
    0.85202347400700713109E+01    0.23932669329762642169E-15   -0.39991761234498876716E-15
    0.85290225368768766145E+01    0.58915575328720939353E-15   -0.42487040498782522901E-15
    0.85378103336836836945E+01    0.51874386390024863587E-15   -0.34930229050976793984E-15
    0.85465981304904907745E+01    0.16532776347330817123E-15   -0.16666058589037209206E-15
    0.85553859272972978545E+01   -0.32794660997241981119E-16   -0.45767432161454331237E-17
    0.85641737241041049344E+01    0.97678541106106343025E-16    0.66990536965375449645E-16
    0.85729615209109120144E+01    0.29421158923147830725E-15    0.10049746350934071881E-15
    0.85817493177177173180E+01    0.24938110458948207988E-15    0.15166710228263463964E-15
    0.85905371145245243980E+01   -0.18287604359254789729E-16    0.17475383684589000128E-15
    0.85993249113313314780E+01   -0.25511346913100254568E-15    0.96193497939067052398E-16
    0.86081127081381385580E+01   -0.29096135176696057047E-15   -0.31027481259915500343E-16
    0.86169005049449456379E+01   -0.17662878689814352151E-15   -0.18122392493736715352E-16
    0.86256883017517527179E+01   -0.59780356714104759991E-16    0.26869131204516468707E-15
    0.86344760985585597979E+01   -0.40524224544423447734E-16    0.74085889628446737808E-15
    0.86432638953653651015E+01   -0.13526025190880831726E-15    0.11377786916067879431E-14
    0.86520516921721721815E+01   -0.29787716488676073118E-15    0.11907369516152996482E-14
    0.86608394889789792614E+01   -0.44249606987719956059E-15    0.77705904601481130053E-15
    0.86696272857857863414E+01   -0.46395509251595071380E-15    0.49816497134645077910E-16
    0.86784150825925934214E+01   -0.26961742264992262221E-15   -0.53638876049019585067E-15
    0.86872028793994005014E+01    0.14862526724260777710E-15   -0.53840232140128331531E-15
    0.86959906762062058050E+01    0.63385484371271286298E-15    0.27143803465460538189E-16
    0.87047784730130128850E+01    0.90823183464436950683E-15    0.64638095395473927259E-15
    0.87135662698198199649E+01    0.78043060985512947259E-15    0.81919288625160708547E-15
    0.87223540666266270449E+01    0.31688620755235344464E-15    0.51321817366897670650E-15
    0.87311418634334341249E+01   -0.21649136301675592789E-15    0.65486491381970632141E-16
    0.87399296602402412049E+01   -0.52817654846504664413E-15   -0.18597716324346280796E-15
    0.87487174570470482848E+01   -0.44522379126410460863E-15   -0.11752208453576788429E-15
    0.87575052538538535885E+01   -0.84621969099028981780E-17    0.18586028258664098782E-15
    0.87662930506606606684E+01    0.49959513905056089622E-15    0.50064490830760442760E-15
    0.87750808474674677484E+01    0.72080353140473423152E-15    0.60855172759209199951E-15
    0.87838686442742748284E+01    0.47162216869858546172E-15    0.46387661460011454882E-15
    0.87926564410810819084E+01   -0.15228869498536590922E-15    0.22503770659360539995E-15
    0.88014442378878889883E+01   -0.86646168253208077902E-15    0.10915909539799523918E-15
    0.88102320346946942919E+01   -0.13323525742899034792E-14    0.23567764614782347705E-15
    0.88190198315015013719E+01   -0.13164323034006256876E-14    0.54492619701502365494E-15
    0.88278076283083084519E+01   -0.84518948432667292931E-15    0.77230491457654138812E-15
    0.88365954251151155319E+01   -0.20316759051457048864E-15    0.59124271353364614378E-15
    0.88453832219219226118E+01    0.26903909772162075279E-15   -0.36044216950086715733E-16
    0.88541710187287296918E+01    0.37559378709375079755E-15   -0.65229979677186896593E-15
    0.88629588155355367718E+01    0.13892722893008306799E-15   -0.70177365347177940363E-15
    0.88717466123423420754E+01   -0.20348254598167050650E-15   -0.16903503516015876937E-15
    0.88805344091491491554E+01   -0.32370500596800332854E-15    0.35724458719229837005E-15
    0.88893222059559562354E+01   -0.73662753343047583571E-16    0.36212895502623487129E-15
    0.88981100027627633153E+01    0.33659695693126756732E-15   -0.30752826993199284922E-16
    0.89068977995695703953E+01    0.54802300655761002851E-15   -0.31000021564663487425E-15
    0.89156855963763774753E+01    0.42521721764497122978E-15   -0.19120306958206247377E-15
    0.89244733931831827789E+01    0.15501792464096502762E-15    0.16331463377995823938E-15
    0.89332611899899898589E+01   -0.94236351882736276979E-17    0.44523769554379429728E-15
    0.89420489867967969388E+01    0.71829756770474162579E-17    0.50847309941924453697E-15
    0.89508367836036040188E+01    0.10578413915710507778E-15    0.39334214667641871883E-15
    0.89596245804104110988E+01    0.13616950574468192592E-15    0.21364907298948787126E-15
    0.89684123772172181788E+01   -0.33004568409627738766E-17    0.72427130757039476154E-16
    0.89772001740240252587E+01   -0.30435585900555704739E-15    0.23156650076197423717E-16
    0.89859879708308305624E+01   -0.63065423684610464506E-15    0.52228559616987964466E-16
    0.89947757676376376423E+01   -0.81505920252255217331E-15    0.10280555663930264673E-15
    0.90035635644444447223E+01   -0.80070553274902136321E-15    0.11733206195700147381E-15
    0.90123513612512518023E+01   -0.66720058227963976069E-15    0.66222573472635481982E-16
    0.90211391580580588823E+01   -0.51312837103875647516E-15   -0.41961529448860113444E-16
    0.90299269548648659622E+01   -0.35771311250596386767E-15   -0.16042950803677815038E-15
    0.90387147516716712659E+01   -0.18463011387127238441E-15   -0.22544763807642009793E-15
    0.90475025484784783458E+01   -0.42069255157249403946E-16   -0.18850486513080742927E-15
    0.90562903452852854258E+01   -0.28951932243671079166E-16   -0.53685726912183663515E-16
    0.90650781420920925058E+01   -0.14050555905724204513E-15    0.80627992973501944893E-16
    0.90738659388988995858E+01   -0.17865702021637298180E-15    0.28087880571900912959E-16
    0.90826537357057066657E+01    0.56590328625603649710E-16   -0.32668821717305266823E-15
    0.90914415325125137457E+01    0.47607154228649990528E-15   -0.82472809603478152832E-15
    0.91002293293193190493E+01    0.72367733316685562281E-15   -0.10862618080595332165E-14
    0.91090171261261261293E+01    0.58014530506579753462E-15   -0.87476263439220678987E-15
    0.91178049229329332093E+01    0.25449729132213717685E-15   -0.36561265688283314593E-15
    0.91265927197397402892E+01    0.11943744797806784277E-15    0.49944551763024088986E-16
    0.91353805165465473692E+01    0.23146540423430353311E-15    0.15209521035326297812E-15
    0.91441683133533544492E+01    0.28221682250210084388E-15    0.20034052051188363593E-16
    0.91529561101601597528E+01    0.75494431576350534654E-16   -0.16293167316923583024E-15
    0.91617439069669668328E+01   -0.12473612851825257334E-15   -0.29947240102741961637E-15
    0.91705317037737739128E+01    0.77074426351835624444E-16   -0.38128764462219440560E-15
    0.91793195005805809927E+01    0.62417041693717620953E-15   -0.40994862454235806048E-15
    0.91881072973873880727E+01    0.97428156298211790535E-15   -0.36876284032008704935E-15
    0.91968950941941951527E+01    0.73054494164787110123E-15   -0.25982531418430365319E-15
    0.92056828910010004563E+01    0.12595473680261307872E-15   -0.13157974790011351147E-15
    0.92144706878078075363E+01   -0.28467459541667944619E-15   -0.43440774140832919570E-16
    0.92232584846146146162E+01   -0.25001517146688833228E-15   -0.72432094919376944924E-17
    0.92320462814214216962E+01    0.14010351008620710722E-17    0.18006836801946686804E-16
    0.92408340782282287762E+01    0.13007598340093934788E-15    0.67752699578987004128E-16
    0.92496218750350358562E+01    0.25181692257459387205E-16    0.12573757188554075092E-15
    0.92584096718418411598E+01   -0.22343137297333499583E-15    0.14726827976513583368E-15
    0.92671974686486482398E+01   -0.51027301540396122961E-15    0.11099712002954386887E-15
    0.92759852654554553197E+01   -0.79086618259470666403E-15    0.40690811557188954113E-16
    0.92847730622622623997E+01   -0.10235861769185931750E-14   -0.98846867091326118566E-17
    0.92935608590690694797E+01   -0.11248810623741126446E-14    0.17667654743958370593E-16
    0.93023486558758765597E+01   -0.10320557117563915424E-14    0.14900888808252707067E-15
    0.93111364526826818633E+01   -0.80060679158236898332E-15    0.33984588830023267161E-15
    0.93199242494894889433E+01   -0.57760286129014230709E-15    0.48626733037089064465E-15
    0.93287120462962960232E+01   -0.43228179049122094304E-15    0.48987260777309105752E-15
    0.93374998431031031032E+01   -0.25686298815282899243E-15    0.32139551573923940974E-15
    0.93462876399099101832E+01    0.55313721216740072156E-16    0.52888719726086068759E-16
    0.93550754367167172632E+01    0.34686622320738009707E-15   -0.13595574630082346933E-15
    0.93638632335235243431E+01    0.27441524381497482283E-15   -0.48974567993037530587E-16
    0.93726510303303296467E+01   -0.22497142096651097687E-15    0.32830219858507174470E-15
    0.93814388271371367267E+01   -0.65937177278287790810E-15    0.72763975976066282627E-15
    0.93902266239439438067E+01   -0.45573297585590350028E-15    0.83242179602698083502E-15
    0.93990144207507508867E+01    0.31698402069770037712E-15    0.62070765535064720382E-15
    0.94078022175575579666E+01    0.93567460013802663448E-15    0.36446286309117284281E-15
    0.94165900143643650466E+01    0.82354816869925186353E-15    0.23783008199593907835E-15
    0.94253778111711703502E+01    0.16258428302490971202E-15    0.59376177335822762367E-16
    0.94341656079779774302E+01   -0.42168840149043632055E-15   -0.39352402320278567707E-15
    0.94429534047847845102E+01   -0.53435439617168040308E-15   -0.88900063959897618168E-15
    0.94517412015915915902E+01   -0.25170083512887534352E-15   -0.84035743523228648376E-15
    0.94605289983983986701E+01    0.14362390294957852747E-15   -0.73584071067105075326E-16
    0.94693167952052057501E+01    0.43322758882834446983E-15    0.70702882237732580652E-15
    0.94781045920120128301E+01    0.51625643175480193719E-15    0.62703558070723957351E-15
    0.94868923888188181337E+01    0.36983266601526935891E-15   -0.26630648677326206244E-15
    0.94956801856256252137E+01    0.32722735817605146798E-16   -0.98378805487544055202E-15
    0.95044679824324322936E+01   -0.38111579658653495083E-15   -0.77478736067505647407E-15
    0.95132557792392393736E+01   -0.69054699343660035185E-15    0.43610372257225822897E-17
    0.95220435760460464536E+01   -0.72997056574321209225E-15    0.45193753374179540653E-15
    0.95308313728528535336E+01   -0.45552687134328437961E-15    0.20266008176715801427E-15
    0.95396191696596588372E+01    0.21024714494633334735E-16   -0.31185206139941859032E-15
    0.95484069664664659172E+01    0.48032236041978784624E-15   -0.53031581560541926048E-15
    0.95571947632732729971E+01    0.67558536982142984067E-15   -0.33821381791317150030E-15
    0.95659825600800800771E+01    0.46677069155378546693E-15    0.22888797232002665063E-16
    0.95747703568868871571E+01   -0.43378181643545365638E-16    0.30949130482444357872E-15
    0.95835581536936942371E+01   -0.54223718313642549234E-15    0.43644028790013908943E-15
    0.95923459505005013170E+01   -0.72389707370000428677E-15    0.41256006661331869595E-15
    0.96011337473073066207E+01   -0.48200466592709506356E-15    0.26961467418188931893E-15
    0.96099215441141137006E+01    0.43484347795294382490E-16    0.70404043893867663790E-16
    0.96187093409209207806E+01    0.50238659728421931294E-15   -0.59391403611147965772E-16
    0.96274971377277278606E+01    0.52992036599867559486E-15    0.21368564403143832223E-16
    0.96362849345345349406E+01    0.10415135490069592509E-15    0.33700331131207807653E-15
    0.96450727313413420205E+01   -0.29599846998166594277E-15    0.72125049533556727392E-15
    0.96538605281481491005E+01   -0.15119331065663043109E-15    0.94092350432270007347E-15
    0.96626483249549544041E+01    0.46270324697087274275E-15    0.88418681929912672421E-15
    0.96714361217617614841E+01    0.90801973732157106130E-15    0.60250920834043194472E-15
    0.96802239185685685641E+01    0.73586132726651486987E-15    0.19397999624232704505E-15
    0.96890117153753756440E+01    0.21161787024819044587E-15   -0.28015539630818104695E-15
    0.96977995121821827240E+01   -0.73143344236047876340E-16   -0.72215155411618363768E-15
    0.97065873089889898040E+01    0.10090913709946635673E-15   -0.88924785342634555187E-15
    0.97153751057957951076E+01    0.43850273259773663877E-15   -0.51906161335596841799E-15
    0.97241629026026021876E+01    0.58869459429559194788E-15    0.30225641407610746567E-15
    0.97329506994094092676E+01    0.51522495511674097488E-15    0.97628958718095783793E-15
    0.97417384962162163475E+01    0.38160660093743060301E-15    0.88032676823490177306E-15
    0.97505262930230234275E+01    0.26580305314577824384E-15    0.38830772019449630298E-16
    0.97593140898298305075E+01    0.11049940204132094846E-15   -0.86320576195479116294E-15
    0.97681018866366375875E+01   -0.74615874835146259777E-16   -0.11624746571316773760E-14
    0.97768896834434428911E+01   -0.10508830426789028545E-15   -0.76363209607513997055E-15
    0.97856774802502499710E+01    0.13225692768076973403E-15   -0.43001346156958608165E-16
    0.97944652770570570510E+01    0.35568361047940776619E-15    0.50324140087758873878E-15
    0.98032530738638641310E+01    0.72784702462275808921E-16    0.54503552811869255820E-15
    0.98120408706706712110E+01   -0.71617270523514963991E-15    0.11861453401230462352E-15
    0.98208286674774782909E+01   -0.11909651237601528312E-14   -0.34230703860481619064E-15
    0.98296164642842835946E+01   -0.58449408479044828271E-15   -0.38965681593003977840E-15
    0.98384042610910906745E+01    0.64854097432907558012E-15   -0.43865318070644097206E-16
    0.98471920578978977545E+01    0.10917773486048009279E-14    0.23276362730984941485E-15
    0.98559798547047048345E+01    0.90023307997220152714E-16    0.86942345192831968026E-16
    0.98647676515115119145E+01   -0.12183358296309844312E-14   -0.34128317335038862097E-15
    0.98735554483183189944E+01   -0.12436155844513043338E-14   -0.67303312123049644244E-15
    0.98823432451251260744E+01    0.30623785812082925644E-16   -0.75049380113295345258E-15
    0.98911310419319313780E+01    0.10385930123337513416E-14   -0.71418725190785899201E-15
    0.98999188387387384580E+01    0.68810097560324213247E-15   -0.68416630640357722259E-15
    0.99087066355455455380E+01   -0.27438655406028018169E-15   -0.54638719918359996165E-15
    0.99174944323523526180E+01   -0.47194609674169485251E-15   -0.16159352208628701171E-15
    0.99262822291591596979E+01    0.14107696711495129315E-15    0.30861470759002351476E-15
    0.99350700259659667779E+01    0.30355626479497285992E-15    0.44921788172648324523E-15
    0.99438578227727720815E+01   -0.52016067923359316400E-15    0.20009255340538479169E-16
    0.99526456195795791615E+01   -0.10677408407911284047E-14   -0.68516056134667122798E-15
    0.99614334163863862415E+01   -0.41493727276077610785E-15   -0.79956734283049236824E-15
    0.99702212131931933214E+01   -0.24135349726079644759E-15    0.47999526066187577156E-15
    0.99790090100000004014E+01    0.10537709711958375848E-14   -0.66328996899624991489E-15
