    0.11999999999999999556E+01    0.00000000000000000000E+00    0.00000000000000000000E+00
    0.12087877968068068135E+01   -0.15531713795179470762E-09    0.29207071280468043710E-10
    0.12175755936136136715E+01    0.23942174309788500276E-09   -0.45093105490695086209E-10
    0.12263633904204203073E+01    0.21979969994719544022E-09   -0.41318054115646861599E-10
    0.12351511872272271653E+01   -0.51713854113688287044E-09    0.97430871878451695349E-10
    0.12439389840340340232E+01   -0.49995977649610630095E-09    0.94074277715808224832E-10
    0.12527267808408408811E+01    0.96333333817983932510E-09   -0.18158230508757985479E-09
    0.12615145776476475170E+01    0.21925309300912610618E-08   -0.41301497787381661712E-09
    0.12703023744544543749E+01    0.12662422504766779827E-08   -0.23839557881654978298E-09
    0.12790901712612612329E+01   -0.93031913248634486264E-09    0.17538689433307921942E-09
    0.12878779680680680908E+01   -0.13563847003651515123E-08    0.25547648937958275476E-09
    0.12966657648748749487E+01    0.93320765368623672350E-09   -0.17603328179844170760E-09
    0.13054535616816815846E+01    0.26113229296646358108E-08   -0.49209373100615124362E-09
    0.13142413584884884425E+01    0.33792929849825837962E-09   -0.63422974358429957966E-10
    0.13230291552952953005E+01   -0.35840938056634737835E-08    0.67570608290585255746E-09
    0.13318169521021021584E+01   -0.30058492893328046557E-08    0.56633250791907120568E-09
    0.13406047489089087943E+01    0.31294069150594522214E-08   -0.59038279163531043092E-09
    0.13493925457157156522E+01    0.66373020204445203738E-08   -0.12512732587618049289E-08
    0.13581803425225225102E+01    0.23043959335471223538E-09   -0.42726798817293727106E-10
    0.13669681393293293681E+01   -0.95407899627693087918E-08    0.17995037631331393438E-08
    0.13757559361361360040E+01   -0.73781379162286252583E-08    0.13905755501489996279E-08
    0.13845437329429428619E+01    0.86209000376445374972E-08   -0.16273724009286699619E-08
    0.13933315297497497198E+01    0.17180019914583303757E-07   -0.32407821941939290442E-08
    0.14021193265565565778E+01    0.54821969317710880927E-10   -0.95644338537174458718E-11
    0.14109071233633634357E+01   -0.25088572650663796682E-07    0.47304400941877315542E-08
    0.14196949201701700716E+01   -0.18486675744821323684E-07    0.34733038646282362278E-08
    0.14284827169769769295E+01    0.24250035868356952072E-07   -0.46155458441287817900E-08
    0.14372705137837837874E+01    0.47701555317618389307E-07   -0.91000222449566335532E-08
    0.14460583105905906454E+01    0.66930269391534579973E-08   -0.15237456940886434088E-08
    0.14548461073973975033E+01   -0.46257470766351344605E-07    0.80352341638143462112E-08
    0.14636339042042041392E+01    0.68273185422828022493E-08   -0.31069958867423772693E-08
    0.14724217010110109971E+01    0.20720055453281037930E-06   -0.43676609507210732791E-07
    0.14812094978178178550E+01    0.48198891215730525539E-06   -0.10206686219038784606E-06
    0.14899972946246244909E+01    0.89422845677003187374E-06   -0.19517292610792146669E-06
    0.14987850914314313489E+01    0.19789326186840834688E-05   -0.43440423884297618197E-06
    0.15075728882382382068E+01    0.49449785564018110585E-05   -0.10702414240781737930E-05
    0.15163606850450450647E+01    0.11780697253853081413E-04   -0.25225665922572796282E-05
    0.15251484818518519226E+01    0.26129600819876177859E-04   -0.55641601023495784669E-05
    0.15339362786586585585E+01    0.56036778252845845098E-04   -0.11874700986886364048E-04
    0.15427240754654654165E+01    0.11780292386434710662E-03   -0.24814119656440517572E-04
    0.15515118722722722744E+01    0.24260132038217942165E-03   -0.50743022302146463000E-04
    0.15602996690790791323E+01    0.48589409008770460992E-03   -0.10089407881623190194E-03
    0.15690874658858859902E+01    0.94275108101995162575E-03   -0.19433618472035612147E-03
    0.15778752626926926261E+01    0.17762765430578458976E-02   -0.36335492329266441420E-03
    0.15866630594994994841E+01    0.32520581913792223107E-02   -0.65987459549674758012E-03
    0.15954508563063063420E+01    0.57808179494377304186E-02   -0.11629483846021574332E-02
    0.16042386531131129779E+01    0.99682401870422564227E-02   -0.19871295090229646428E-02
    0.16130264499199198358E+01    0.16659847486806756561E-01   -0.32891601743071990568E-02
    0.16218142467267266937E+01    0.26972004215101760133E-01   -0.52704325543472011970E-02
    0.16306020435335335517E+01    0.42296003469311151124E-01   -0.81736304357118740038E-02
    0.16393898403403404096E+01    0.64161824700196226634E-01   -0.12251856035030749340E-01
    0.16481776371471470455E+01    0.93968229862213453751E-01   -0.17711760799909891800E-01
    0.16569654339539539034E+01    0.13258083285314073430E+00   -0.24635147657845284791E-01
    0.16657532307607607613E+01    0.17966322889530553231E+00   -0.32858298505470097395E-01
    0.16745410275675676193E+01    0.23294136396732084693E+00   -0.41844596305021901361E-01
    0.16833288243743744772E+01    0.28764639164192074006E+00   -0.50609884664983000035E-01
    0.16921166211811811131E+01    0.33615110534764319761E+00   -0.57701504393310634744E-01
    0.17009044179879879710E+01    0.36825739524030981498E+00   -0.61300694117948507922E-01
    0.17096922147947948289E+01    0.37292478425424424593E+00   -0.59593109591582926754E-01
    0.17184800116016014648E+01    0.34061976466031396171E+00   -0.51242467109782426082E-01
    0.17272678084084085448E+01    0.26637259388718376174E+00   -0.35918338300955955644E-01
    0.17360556052152151807E+01    0.15338679560964940674E+00   -0.14855509611665039180E-01
    0.17448434020220220386E+01    0.15222607380947434166E-01    0.88940015323812071646E-02
    0.17536311988288288966E+01   -0.12542429071928676287E+00    0.30917829067773149043E-01
    0.17624189956356355324E+01   -0.23970894713497217787E+00    0.46226065356985285293E-01
    0.17712067924424426124E+01   -0.29919392252892967887E+00    0.50520312299525069188E-01
    0.17799945892492492483E+01   -0.28544789560669597828E+00    0.41862930787077916317E-01
    0.17887823860560561062E+01   -0.19770200205333243737E+00    0.21833278697359702336E-01
    0.17975701828628629642E+01   -0.55281205302341006325E-01   -0.45841356773565020838E-02
    0.18063579796696696000E+01    0.10318561627135894310E+00   -0.29761321030509227392E-01
    0.18151457764764764580E+01    0.22922328507807757103E+00   -0.45483969879592661689E-01
    0.18239335732832833159E+01    0.28142825438474855515E+00   -0.46098694886808518068E-01
    0.18327213700900899518E+01    0.24015828457568702547E+00   -0.30898552037703280737E-01
    0.18415091668968970318E+01    0.11521941436268386127E+00   -0.45113069847856502453E-02
    0.18502969637037036676E+01   -0.51357736974423147391E-01    0.23771923455005370546E-01
    0.18590847605105105256E+01   -0.19776798263582448523E+00    0.42945583462940035979E-01
    0.18678725573173173835E+01   -0.26790278234826797599E+00    0.45142039491034582910E-01
    0.18766603541241240194E+01   -0.23327639028223251527E+00    0.29215278012934216972E-01
    0.18854481509309310994E+01   -0.10365077593106247766E+00    0.10127363598388529169E-02
    0.18942359477377377353E+01    0.69724242628417809620E-01   -0.27955260811785606623E-01
    0.19030237445445445932E+01    0.21216505900732265943E+00   -0.44720645812131143426E-01
    0.19118115413513514511E+01    0.26149802639003055793E+00   -0.41402269246986374285E-01
    0.19205993381581580870E+01    0.19622849959335533776E+00   -0.19479689290854824285E-01
    0.19293871349649649449E+01    0.42026294090474480836E-01    0.11515926104591900359E-01
    0.19381749317717718029E+01   -0.13283957022990119934E+00    0.37537970859054616002E-01
    0.19469627285785784387E+01   -0.24442089515136691813E+00    0.45652328348209564313E-01
    0.19557505253853855187E+01   -0.23817519841743839404E+00    0.31227694256208440166E-01
    0.19645383221921921546E+01   -0.11875322933438176021E+00    0.15367178023430315848E-02
    0.19733261189989990125E+01    0.58027575157486348256E-01   -0.28827663842137342398E-01
    0.19821139158058058705E+01    0.20791111797296740749E+00   -0.45096358512706470612E-01
    0.19909017126126125063E+01    0.25342139115170486674E+00   -0.38526741093840320695E-01
    0.19996895094194195863E+01    0.16818768101834305484E+00   -0.11520587125541171744E-01
    0.20084773062262262222E+01   -0.18215346023837248029E-02    0.21629294491745151841E-01
    0.20172651030330328581E+01   -0.16895707729024334043E+00    0.43115697484285890606E-01
    0.20260528998398399381E+01   -0.24982865738594464688E+00    0.41997906097496436051E-01
    0.20348406966466465740E+01   -0.20078413818022330939E+00    0.18785387646795204813E-01
    0.20436284934534532098E+01   -0.42920147501319845518E-01   -0.15092523163552072976E-01
    0.20524162902602602898E+01    0.13795273954736306243E+00   -0.41273531245388454802E-01
    0.20612040870670673698E+01    0.24210173042791446885E+00   -0.44558858846375296037E-01
    0.20699918838738740057E+01    0.21642999260942499817E+00   -0.23258006903966666618E-01
    0.20787796806806806416E+01    0.76114798095949912082E-01    0.10472907843882873352E-01
    0.20875674774874877215E+01   -0.10733824025614592534E+00    0.38682450353679183330E-01
    0.20963552742942943574E+01   -0.23409447619029832843E+00    0.46098293347868503356E-01
    0.21051430711011009933E+01   -0.22981371419160537273E+00    0.27489377928314712163E-01
    0.21139308679079080733E+01   -0.97835097972979928604E-01   -0.71340113061091735974E-02
    0.21227186647147147092E+01    0.85279946360482639101E-01   -0.37556922913959074617E-01
    0.21315064615215213450E+01    0.22092816052139571670E+00   -0.46635251439509903260E-01
    0.21402942583283284250E+01    0.23702117661214164301E+00   -0.29997814961967191050E-01
    0.21490820551351350609E+01    0.12013235401322429341E+00    0.36417157220509826024E-02
    0.21578698519419421409E+01   -0.66427506383547399449E-01    0.36069522929081762608E-01
    0.21666576487487487768E+01   -0.21410503004639896973E+00    0.48180576496588481406E-01
    0.21754454455555558567E+01   -0.23976259369319538606E+00    0.32289380465001807363E-01
    0.21842332423623624926E+01   -0.13398537116812386794E+00   -0.18177040394458463934E-02
    0.21930210391691691285E+01    0.45822861307268258901E-01   -0.34624786238863503041E-01
    0.22018088359759762085E+01    0.20297325863548032476E+00   -0.48365194748587851670E-01
    0.22105966327827828444E+01    0.24652847763040466877E+00   -0.34993134994037208840E-01
    0.22193844295895894803E+01    0.14837475328532206964E+00   -0.90961268737138611939E-03
    0.22281722263963965602E+01   -0.32015053675272700517E-01    0.34126610448876652792E-01
    0.22369600232032031961E+01   -0.19172800954021745889E+00    0.49275530765396167998E-01
    0.22457478200100098320E+01   -0.24575518465381887556E+00    0.36444318173471809685E-01
    0.22545356168168169120E+01   -0.16410434306196439169E+00    0.33623164157705652880E-02
    0.22633234136236239920E+01    0.12429357631440181645E-01   -0.32159681996867577058E-01
    0.22721112104304301837E+01    0.18321911939203483488E+00   -0.50204233621277134791E-01
    0.22808990072372372637E+01    0.24832615555806816787E+00   -0.39319469051580673014E-01
    0.22896868040440443437E+01    0.17439290055995648743E+00   -0.55734874550060157367E-02
    0.22984746008508509796E+01    0.60537542914532614310E-02    0.31037018090114859570E-01
    0.23072623976576576155E+01   -0.16670100229046680429E+00    0.50091578934238809029E-01
    0.23160501944644646954E+01   -0.24945113476659772078E+00    0.41611875065894698977E-01
    0.23248379912712713313E+01   -0.19146275403688636785E+00    0.94875150779912629379E-02
    0.23336257880780779672E+01   -0.25176582825396007920E-01   -0.28891720491714744518E-01
    0.23424135848848850472E+01    0.15265273853903460477E+00   -0.51113076174331563417E-01
    0.23512013816916916831E+01    0.24502996421816070072E+00   -0.44206586979964296313E-01
    0.23599891784984983190E+01    0.20549814377668720877E+00   -0.12941462179585064632E-01
    0.23687769753053053989E+01    0.52904368944988643120E-01    0.25429223300417708870E-01
    0.23775647721121124789E+01   -0.13156699474970645625E+00    0.50519872450571497169E-01
    0.23863525689189186707E+01   -0.24342427727492577105E+00    0.48008566686442953608E-01
    0.23951403657257257507E+01   -0.22023851672532551715E+00    0.18251178934929720293E-01
    0.24039281625325328307E+01   -0.79577685557017288631E-01   -0.21776666412040811271E-01
    0.24127159593393394665E+01    0.10263984363437810010E+00   -0.49583991757652212673E-01
    0.24215037561461461024E+01    0.23209922287401593688E+00   -0.50739752607781990479E-01
    0.24302915529529531824E+01    0.23788155953699238743E+00   -0.24744679771498311743E-01
    0.24390793497597598183E+01    0.11362794611602457240E+00    0.15376056193882029280E-01
    0.24478671465665664542E+01   -0.70822634540632575795E-01    0.47854883819501495279E-01
    0.24566549433733735341E+01   -0.21539276755177738654E+00    0.54246194637407110783E-01
    0.24654427401801801700E+01   -0.24746918529385267260E+00    0.31451782500692949951E-01
    0.24742305369869868059E+01   -0.15119482307873585714E+00   -0.77927547469305207331E-02
    0.24830183337937938859E+01    0.26559360733550588934E-01   -0.43344741457270796747E-01
    0.24918061306006009659E+01    0.19161770053282353721E+00   -0.56761789158570309655E-01
    0.25005939274074071577E+01    0.25474213156054309470E+00   -0.39961552211184227235E-01
    0.25093817242142142376E+01    0.18596819572771841611E+00   -0.16151831109823856780E-02
    0.25181695210210213176E+01    0.23590115028039929795E-01    0.37473041671845896960E-01
    0.25269573178278279535E+01   -0.15192116138044234330E+00    0.57168159722615151386E-01
    0.25357451146346345894E+01   -0.25197168900304467432E+00    0.47959191246399898723E-01
    0.25445329114414416694E+01   -0.22239090450303306001E+00    0.13862032255592099395E-01
    0.25533207082482483052E+01   -0.79300936770593688507E-01   -0.28155394798095399050E-01
    0.25621085050550549411E+01    0.10180627416129811591E+00   -0.55970963034107749923E-01
    0.25708963018618620211E+01    0.23188663284849778123E+00   -0.55192035718007424749E-01
    0.25796840986686686570E+01    0.24895225626865924440E+00   -0.26956909218772202863E-01
    0.25884718954754752929E+01    0.14214569619048397775E+00    0.14891344895828594400E-01
    0.25972596922822823728E+01   -0.36274768906538544522E-01    0.50153272098249698785E-01
    0.26060474890890894528E+01   -0.19583529409583630421E+00    0.60860709817551442158E-01
    0.26148352858958960887E+01   -0.25924522379840325703E+00    0.41128015799769102046E-01
    0.26236230827027027246E+01   -0.19929549170406257730E+00    0.12488308312239792229E-02
    0.26324108795095098046E+01   -0.43513905744130096376E-01   -0.39279897027896221173E-01
    0.26411986763163164404E+01    0.13492767579611758544E+00   -0.61473583988362480446E-01
    0.26499864731231230763E+01    0.24880391527328754586E+00   -0.54391244554141689183E-01
    0.26587742699299301563E+01    0.24367725643185542128E+00   -0.20675897250709084074E-01
    0.26675620667367367922E+01    0.12543969915918093405E+00    0.23180371549877832466E-01
    0.26763498635435434281E+01   -0.50939361000045015049E-01    0.56051304323968313692E-01
    0.26851376603503505081E+01   -0.20537956457739445226E+00    0.63000833902601263703E-01
    0.26939254571571571439E+01   -0.26504628267724905655E+00    0.40746266707873048107E-01
    0.27027132539639637798E+01   -0.20137636654680998727E+00   -0.11010760757755786148E-02
    0.27115010507707708598E+01   -0.46593798866165637984E-01   -0.42939887459593782670E-01
    0.27202888475775779398E+01    0.12852625885763996338E+00   -0.64990115158027383924E-01
    0.27290766443843845757E+01    0.24712953867158118926E+00   -0.57578119456020267208E-01
    0.27378644411911912115E+01    0.25551211719635064101E+00   -0.24228690516246993714E-01
    0.27466522379979982915E+01    0.14861125059103180712E+00    0.20659542637791815378E-01
    0.27554400348048049274E+01   -0.23676766745387340524E-01    0.56908607736154220857E-01
    0.27642278316116115633E+01   -0.18464290681311387732E+00    0.67780578444455841236E-01
    0.27730156284184186433E+01   -0.26621071126229667314E+00    0.48737796808920368086E-01
    0.27818034252252252791E+01   -0.23324545963319570641E+00    0.84101036716708633956E-02
    0.27905912220320319150E+01   -0.98657355630754631215E-01   -0.36146688744364489920E-01
    0.27993790188388389950E+01    0.78065412887642363082E-01   -0.65722157273275350065E-01
    0.28081668156456460750E+01    0.22081732965764630516E+00   -0.67019623244418277674E-01
    0.28169546124524522668E+01    0.27152508016805476654E+00   -0.39639206329009080143E-01
    0.28257424092592593468E+01    0.20960734618502915860E+00    0.45219038615325942571E-02
    0.28345302060660664267E+01    0.59605283762654670543E-01    0.47310198496491588649E-01
    0.28433180028728730626E+01   -0.11515319590771966318E+00    0.70997786323726330693E-01
    0.28521057996796796985E+01   -0.24201569421004984206E+00    0.65202598348873208600E-01
    0.28608935964864867785E+01   -0.27128749322819017964E+00    0.32382475236055446866E-01
    0.28696813932932934144E+01   -0.19193290063854667737E+00   -0.13750081268964018527E-01
    0.28784691901001000502E+01   -0.34713910244426847418E-01   -0.54807887111941747116E-01
    0.28872569869069071302E+01    0.13661044277231998434E+00   -0.74403239560091358196E-01
    0.28960447837137137661E+01    0.25328855994344762204E+00   -0.64167002335845060856E-01
    0.29048325805205204020E+01    0.27126504145904711818E+00   -0.28198398650459075010E-01
    0.29136203773273274820E+01    0.18439924018538753070E+00    0.19026943757754950087E-01
    0.29224081741341345619E+01    0.25411315489148107727E-01    0.59300584938453727857E-01
    0.29311959709409407537E+01   -0.14365207883109240572E+00    0.77141051838379867678E-01
    0.29399837677477478337E+01   -0.25747398058349774130E+00    0.65194350680545118393E-01
    0.29487715645545549137E+01   -0.27466033953706547877E+00    0.28058668771903043371E-01
    0.29575593613613615496E+01   -0.18966457736762454278E+00   -0.19900988332729466906E-01
    0.29663471581681681855E+01   -0.33445124128613987202E-01   -0.60876453809042239962E-01
    0.29751349549749752654E+01    0.13539276485017545659E+00   -0.79725699992946388872E-01
    0.29839227517817819013E+01    0.25431988245193970499E+00   -0.69052632031796651324E-01
    0.29927105485885885372E+01    0.28169813091874551514E+00   -0.32817980373573370223E-01
    0.30014983453953956172E+01    0.20850037927062078924E+00    0.15555363225092461166E-01
    0.30102861422022022531E+01    0.60383987282076397041E-01    0.58845328748606144653E-01
    0.30190739390090088889E+01   -0.10924852674289790844E+00    0.81681664572082313125E-01
    0.30278617358158159689E+01   -0.24031738994720902580E+00    0.75592040240477581525E-01
    0.30366495326226230489E+01   -0.28860308685636304471E+00    0.42782147595889073732E-01
    0.30454373294294292407E+01   -0.23810053105649739424E+00   -0.51286588232932013229E-02
    0.30542251262362363207E+01   -0.10579782320829213271E+00   -0.51820371791555221164E-01
    0.30630129230430434006E+01    0.62342318364469587189E-01   -0.81354102395465990871E-01
    0.30718007198498500365E+01    0.20936182751266038671E+00   -0.83363232057878045023E-01
    0.30805885166566566724E+01    0.28741360516264896630E+00   -0.57260910198202084886E-01
    0.30893763134634637524E+01    0.27111631359194787727E+00   -0.11884509343044342630E-01
    0.30981641102702703883E+01    0.16571773046054538714E+00    0.37990141976484662067E-01
    0.31069519070770770242E+01    0.67074585376356958555E-02    0.75987505300556340559E-01
    0.31157397038838841041E+01   -0.15435175219847876993E+00    0.89456634783381241971E-01
    0.31245275006906907400E+01   -0.26687628553037517909E+00    0.74166275486705693365E-01
    0.31333152974974973759E+01   -0.29537512598372384076E+00    0.35061626933593673106E-01
    0.31421030943043044559E+01   -0.23099296742730368592E+00   -0.15704343952228496523E-01
    0.31508908911111115358E+01   -0.95112833163567778172E-01   -0.62100363985185459692E-01
    0.31596786879179177276E+01    0.70059490986955463843E-01   -0.89443473754625191230E-01
    0.31684664847247248076E+01    0.21445418073464372899E+00   -0.89413929522101018299E-01
    0.31772542815315318876E+01    0.29411508002108571747E+00   -0.62002665908713922027E-01
    0.31860420783383385235E+01    0.28532472901061561865E+00   -0.15297714291436996514E-01
    0.31948298751451451594E+01    0.19202310740595321392E+00    0.36517444695541217969E-01
    0.32036176719519522393E+01    0.41996027469744852401E-01    0.77844730987324320393E-01
    0.32124054687587593193E+01   -0.12082849082550481401E+00    0.96590225422022751856E-01
    0.32211932655655655111E+01   -0.24873193247434643993E+00    0.87172451325994534943E-01
    0.32299810623723725911E+01   -0.30521858048041083933E+00    0.52125421091816906416E-01
    0.32387688591791796711E+01   -0.27530502203438284026E+00    0.16944293061595925871E-02
    0.32475566559859858629E+01   -0.16761200727360514584E+00   -0.49695583401829217240E-01
    0.32563444527927929428E+01   -0.12730932803054696018E-01   -0.87627616343755723727E-01
    0.32651322495996000228E+01    0.14568506537526385025E+00   -0.10134388980989715578E+00
    0.32739200464064062146E+01    0.26436552811354524506E+00   -0.86899686490054042776E-01
    0.32827078432132132946E+01    0.31174492055835972826E+00   -0.48421822788730528586E-01
    0.32914956400200203745E+01    0.27517782657512940281E+00    0.36755013768830138016E-02
    0.33002834368268265663E+01    0.16523182050151308253E+00    0.55422230078016623822E-01
    0.33090712336336336463E+01    0.11805134385653922105E-01    0.92864783081524460151E-01
    0.33178590304404407263E+01   -0.14504343769200817027E+00    0.10606542394148503472E+00
    0.33266468272472478063E+01   -0.26490194537342387493E+00    0.91711027183373053373E-01
    0.33354346240540539981E+01   -0.31713672915893192927E+00    0.53402248563729638742E-01
    0.33442224208608610780E+01   -0.28947881763909921737E+00    0.93486810174796893154E-03
    0.33530102176676681580E+01   -0.18972321014841472819E+00   -0.52288739411429988047E-01
    0.33617980144744743498E+01   -0.42830446704794668256E-01   -0.92989528628279305433E-01
    0.33705858112812814298E+01    0.11477784704767873825E+00   -0.11118493277652871654E+00
    0.33793736080880885098E+01    0.24483984625849869454E+00   -0.10231357476997933464E+00
    0.33881614048948947016E+01    0.31695937311110611301E+00   -0.68585144452710314344E-01
    0.33969492017017017815E+01    0.31469181072220675510E+00   -0.18142603112819434552E-01
    0.34057369985085088615E+01    0.23905782649287068975E+00    0.37180410993435004940E-01
    0.34145247953153150533E+01    0.10843425443552076604E+00    0.84465816310133293165E-01
    0.34233125921221221333E+01   -0.47010623244515242769E-01    0.11271625313588813644E+00
    0.34321003889289292133E+01   -0.19229546157088364677E+00    0.11556618769746210273E+00
    0.34408881857357362932E+01   -0.29504990065377501018E+00    0.92374325368718063212E-01
    0.34496759825425424850E+01   -0.33299016754451538080E+00    0.48225658218640159169E-01
    0.34584637793493495650E+01   -0.29866509292789283903E+00   -0.70659455613264095242E-02
    0.34672515761561566450E+01   -0.19987255865480516026E+00   -0.61399216941655301860E-01
    0.34760393729629628368E+01   -0.58200910849805727321E-01   -0.10307481590661311810E+00
    0.34848271697697699167E+01    0.95920519010599433751E-01   -0.12309621995929549698E+00
    0.34936149665765769967E+01    0.23027328764446106102E+00   -0.11714503301770431976E+00
    0.35024027633833831885E+01    0.31729500556751905060E+00   -0.86524394567495471753E-01
    0.35111905601901902685E+01    0.33930963309516370963E+00   -0.37523397527031043808E-01
    0.35199783569969973485E+01    0.29249659919318909962E+00    0.19800193250135603856E-01
    0.35287661538038035403E+01    0.18688565421448932735E+00    0.73697161813475617342E-01
    0.35375539506106106202E+01    0.43798357042571289810E-01    0.11329174465846150732E+00
    0.35463417474174177002E+01   -0.10819354127908366314E+00    0.13069699994914416030E+00
    0.35551295442242247802E+01   -0.23930397148354073944E+00    0.12237108517141188913E+00
    0.35639173410310309720E+01   -0.32457447526280669425E+00    0.89957267646571595354E-01
    0.35727051378378380520E+01   -0.34807371236697304262E+00    0.39753708111935716352E-01
    0.35814929346446451319E+01   -0.30579615103064733406E+00   -0.18675579217942408355E-01
    0.35902807314514513237E+01   -0.20638150731602145083E+00   -0.74234196122873921664E-01
    0.35990685282582584037E+01   -0.68630641580921469824E-01   -0.11645455329392959132E+00
    0.36078563250650654837E+01    0.82004467297996291864E-01   -0.13754888094398284859E+00
    0.36166441218718716755E+01    0.21808564609723379846E+00   -0.13362827185367034954E+00
    0.36254319186786787554E+01    0.31545023746982364665E+00   -0.10535822529840979667E+00
    0.36342197154854858354E+01    0.35735885881286172383E+00   -0.57863169947491847889E-01
    0.36430075122922929154E+01    0.33687061811385143884E+00    0.45014405004246944115E-03
    0.36517953090990991072E+01    0.25816251495468411914E+00    0.59380332331874882690E-01
    0.36605831059059061872E+01    0.13527161910537408018E+00    0.10867606676852632763E+00
    0.36693709027127132671E+01   -0.10749149806760362885E-01    0.13989322964242575931E+00
    0.36781586995195194589E+01   -0.15531106711004591392E+00    0.14778863347711720944E+00
    0.36869464963263265389E+01   -0.27454914852016126803E+00    0.13099879193716049142E+00
    0.36957342931331336189E+01   -0.34939287271252628120E+00    0.92326047309132769358E-01
    0.37045220899399398107E+01   -0.36821199127699177911E+00    0.38118998849046008270E-01
    0.37133098867467468907E+01   -0.32850111340113519187E+00   -0.22896930297278433875E-01
    0.37220976835535539706E+01   -0.23716849765079764389E+00   -0.80979860936829475837E-01
    0.37308854803603601624E+01   -0.10883858246786570767E+00   -0.12695595338290682763E+00
    0.37396732771671672424E+01    0.36495676895590974109E-01   -0.15371198789042575528E+00
    0.37484610739739743224E+01    0.17662334264875245715E+00   -0.15713868833270283609E+00
    0.37572488707807814023E+01    0.29068352399800967412E+00   -0.13670800518639450449E+00
    0.37660366675875875941E+01    0.36216253817148919003E+00   -0.95534409093563602000E-01
    0.37748244643943946741E+01    0.38099509975784262572E+00   -0.39709204195382555302E-01
    0.37836122612012017541E+01    0.34504806821639566472E+00    0.22605072560346581995E-01
    0.37924000580080079459E+01    0.25999548672586747511E+00    0.82384961297698830474E-01
    0.38011878548148150259E+01    0.13820458595705625848E+00    0.13111439947847786103E+00
    0.38099756516216221058E+01   -0.30444693099696768304E-02    0.16195192560034823992E+00
    0.38187634484284282976E+01   -0.14421336448222912829E+00    0.17058391083381735376E+00
    0.38275512452352353776E+01   -0.26625790060906151524E+00    0.15584917547536072946E+00
    0.38363390420420424576E+01   -0.35302545725039069513E+00    0.11975633100506660744E+00
    0.38451268388488486494E+01   -0.39337880426553256674E+00    0.67127670068227410227E-01
    0.38539146356556557294E+01   -0.38254067393021840005E+00    0.49570255104077233510E-02
    0.38627024324624628093E+01   -0.32232833246896325230E+00   -0.58610376345683549981E-01
    0.38714902292692698893E+01   -0.22087909304379485520E+00   -0.11535993981579556467E+00
    0.38802780260760760811E+01   -0.91364815347728237094E-01   -0.15801523761707575444E+00
    0.38890658228828831611E+01    0.49880747175347538158E-01   -0.18117663474688722181E+00
    0.38978536196896902410E+01    0.18538640882727322468E+00   -0.18196816322158262946E+00
    0.39066414164964964328E+01    0.29872591413139060190E+00   -0.16026881565783662742E+00
    0.39154292133033035128E+01    0.37655532599281782424E+00   -0.11873563741503927182E+00
    0.39242170101101105928E+01    0.40998559590432503974E+00   -0.62383130046951500158E-01
    0.39330048069169167846E+01    0.39552197242399977917E+00    0.20968790458638793782E-02
    0.39417926037237238646E+01    0.33535805321672484958E+00    0.67126349544011185144E-01
    0.39505804005305309445E+01    0.23678779710668004799E+00    0.12516457132555910969E+00
    0.39593681973373371363E+01    0.11128851496210828698E+00    0.16960137282317694352E+00
    0.39681559941441442163E+01   -0.26920019155988631626E-01    0.19543538499754181670E+00
    0.39769437909509512963E+01   -0.16260081654760008552E+00    0.19980859112153603885E+00
    0.39857315877577583763E+01   -0.28114795456774988036E+00    0.18228341526621533175E+00
    0.39945193845645645681E+01   -0.37009632915988949220E+00    0.14476783578813767761E+00
    0.40033071813713716480E+01   -0.42043922334108363437E+00    0.91291896905305897070E-01
    0.40120949781781787280E+01   -0.42735105459525529747E+00    0.27511342655678432817E-01
    0.40208827749849849198E+01   -0.39054119859395447500E+00   -0.39942055947616565692E-01
    0.40296705717917919998E+01   -0.31417480859334406817E+00   -0.10414030999878198802E+00
    0.40384583685985990797E+01   -0.20621920829817147469E+00   -0.15856621600804535199E+00
    0.40472461654054052715E+01   -0.77588698515775059161E-01   -0.19777491144683700952E+00
    0.40560339622122123515E+01    0.59008299448470059867E-01   -0.21787102615259773541E+00
    0.40648217590190194315E+01    0.19037799044548567307E+00   -0.21686677620586430892E+00
    0.40736095558258256233E+01    0.30407982687061313465E+00   -0.19484812530760531324E+00
    0.40823973526326327033E+01    0.38955149851565462615E+00   -0.15388404208798417416E+00
    0.40911851494394397832E+01    0.43909305151637700870E+00   -0.97825118198114027757E-01
    0.40999729462462468632E+01    0.44843089651724243883E+00   -0.31895205603697837637E-01
    0.41087607430530530550E+01    0.41702262170996434731E+00    0.37832073703045629443E-01
    0.41175485398598601350E+01    0.34803219897002135585E+00    0.10498887675683137022E+00
    0.41263363366666672150E+01    0.24787306662953392800E+00    0.16350191000581096312E+00
    0.41351241334734734068E+01    0.12558956857095296411E+00    0.20814916135519720419E+00
    0.41439119302802804867E+01   -0.80230303887004351254E-02    0.23497938688930930518E+00
    0.41526997270870875667E+01   -0.14143584922766927470E+00    0.24164302760633671330E+00
    0.41614875238938937585E+01   -0.26337415001651220958E+00    0.22756970989997085675E+00
    0.41702753207007008385E+01   -0.36375136101135630007E+00    0.19394323711007277478E+00
    0.41790631175075079184E+01   -0.43450909895643696768E+00    0.14358616760262701839E+00
    0.41878509143143141102E+01   -0.47016568832250116294E+00    0.80670224389725583847E-01
    0.41966387111211211902E+01   -0.46818535625876522843E+00    0.10330097662514060863E-01
    0.42054265079279282702E+01   -0.42909970216326659420E+00   -0.61764017645150173785E-01
    0.42142143047347353502E+01   -0.35630828301429046112E+00   -0.12988105528544038880E+00
    0.42230021015415415420E+01   -0.25574890492622576188E+00   -0.18869128255284969842E+00
    0.42317898983483486219E+01   -0.13533732408671067526E+00   -0.23365284086475657244E+00
    0.42405776951551557019E+01   -0.42825393793468847711E-02   -0.26134805201364785798E+00
    0.42493654919619618937E+01    0.12762839728914521231E+00   -0.26971544351547943608E+00
    0.42581532887687689737E+01    0.25077527767149826454E+00   -0.25814545370470592944E+00
    0.42669410855755760537E+01    0.35641394780055418723E+00   -0.22750690145008911625E+00
    0.42757288823823822455E+01    0.43724285361845699471E+00   -0.18002780072718707616E+00
    0.42845166791891893254E+01    0.48787861166546786507E+00   -0.11909408826644057866E+00
    0.42933044759959964054E+01    0.50516727055392152135E+00   -0.48987599839816119152E-01
    0.43020922728028034854E+01    0.48828368610950179107E+00    0.25449878517983443027E-01
    0.43108800696096096772E+01    0.43872823893277018703E+00    0.99165078115919888524E-01
    0.43196678664164167571E+01    0.36011475986748031630E+00    0.16723532153035489123E+00
    0.43284556632232238371E+01    0.25784230716356193458E+00    0.22520159493017821717E+00
    0.43372434600300300289E+01    0.13868581080861480670E+00    0.26934573684023233042E+00
    0.43460312568368371089E+01    0.10289392864345827186E-01    0.29689421581411751250E+00
    0.43548190536436441889E+01   -0.11935209290782147762E+00    0.30617598911881038770E+00
    0.43636068504504503807E+01   -0.24238802521163632653E+00    0.29667336668705385216E+00
    0.43723946472572574606E+01   -0.35158687802691596103E+00    0.26901170316142503092E+00
    0.43811824440640645406E+01   -0.44073294792141559650E+00    0.22488704438538975605E+00
    0.43899702408708707324E+01   -0.50492199554529504368E+00    0.16691743231109615331E+00
    0.43987580376776778124E+01   -0.54079684362443558587E+00    0.98468040749029539516E-01
    0.44075458344844848924E+01   -0.54664703358519017851E+00    0.23437595186667332936E-01
    0.44163336312912919723E+01   -0.52243128231359747815E+00   -0.53974411626235362094E-01
    0.44251214280980981641E+01   -0.46972074294899301972E+00   -0.12949644579808272660E+00
    0.44339092249049052441E+01   -0.39154545690106828948E+00   -0.19900676615110618473E+00
    0.44426970217117123241E+01   -0.29220359480721241896E+00   -0.25874418857723763265E+00
    0.44514848185185185159E+01   -0.17700814673223894125E+00   -0.30548659139599798618E+00
    0.44602726153253255958E+01   -0.51999949181354747363E-01   -0.33670917432772878852E+00
    0.44690604121321326758E+01    0.76360712260511304228E-01   -0.35070432317792132881E+00
    0.44778482089389388676E+01    0.20152721597084846672E+00   -0.34665341901021051729E+00
    0.44866360057457459476E+01    0.31719627884597656475E+00   -0.32466995647370805456E+00
    0.44954238025525530276E+01    0.41761129591563694863E+00   -0.28577818929225906608E+00
    0.45042115993593592194E+01    0.49784708518123327314E+00   -0.23185521919636600807E+00
    0.45129993961661662993E+01    0.55404311767955183310E+00   -0.16553119022614098954E+00
    0.45217871929729733793E+01    0.58357203827099191074E+00   -0.90038846459367036235E-01
    0.45305749897797804593E+01    0.58516310837533913602E+00   -0.90451865571911996278E-02
    0.45393627865865866511E+01    0.55891840529188374642E+00    0.73544555332037728212E-01
    0.45481505833933937311E+01    0.50626909112873874630E+00    0.15379513952437401381E+00
    0.45569383802002008110E+01    0.42986648889359224679E+00    0.22793611727423745972E+00
    0.45657261770070070028E+01    0.33339531552969237094E+00    0.29253856438722442013E+00
    0.45745139738138140828E+01    0.22136265188157780437E+00    0.34467395284485224938E+00
    0.45833017706206211628E+01    0.98854745055349191318E-01    0.38202634000103941059E+00
    0.45920895674274273546E+01   -0.28720840659436738806E-01    0.40297762497779315849E+00
    0.46008773642342344345E+01   -0.15588338200433987657E+00    0.40665500382765296106E+00
    0.46096651610410415145E+01   -0.27731374810486225657E+00    0.39293297899831397535E+00
    0.46184529578478477063E+01   -0.38807238222704032449E+00    0.36241540434329588827E+00
    0.46272407546546547863E+01   -0.48377174095401437315E+00    0.31638024139513404309E+00
    0.46360285514614618663E+01   -0.56072296386563702519E+00    0.25670467916576844569E+00
    0.46448163482682689462E+01   -0.61604884791362790608E+00    0.18577582715844118133E+00
    0.46536041450750751380E+01   -0.64775665312910846172E+00    0.10638486595550093738E+00
    0.46623919418818822180E+01   -0.65478898656442274806E+00    0.21615213397367334658E-01
    0.46711797386886892980E+01   -0.63702836291327613605E+00   -0.65278816024188723866E-01
    0.46799675354954954898E+01   -0.59527610468123648424E+00   -0.15099747562123155831E+00
    0.46887553323023025698E+01   -0.53120028174927291786E+00   -0.23231711934619925231E+00
    0.46975431291091096497E+01   -0.44724729987556560706E+00   -0.30620651581363123039E+00
    0.47063309259159158415E+01   -0.34653797416048937041E+00   -0.36993647740539875590E+00
    0.47151187227227229215E+01   -0.23273533612533142678E+00   -0.42117155167740311095E+00
    0.47239065195295300015E+01   -0.10989813833148208422E+00   -0.45805069755082189475E+00
    0.47326943163363361933E+01    0.17673394063151718486E-01   -0.47924580686477735725E+00
    0.47414821131431432732E+01    0.14560013198611596041E+00   -0.48399386372107311427E+00
    0.47502699099499503532E+01    0.26958283360387752525E+00   -0.47211425309061455513E+00
    0.47590577067567574332E+01    0.38554479459575458078E+00   -0.44399452006376838309E+00
    0.47678455035635636250E+01    0.48976432460974683725E+00   -0.40055947108197625939E+00
    0.47766333003703707050E+01    0.57898464195505572327E+00   -0.34322442786507462165E+00
    0.47854210971771777849E+01    0.65049705343596031515E+00   -0.27383044229743613851E+00
    0.47942088939839839767E+01    0.70220879811766834244E+00   -0.19457320687419760175E+00
    0.48029966907907910567E+01    0.73267820150556484116E+00   -0.10792226159970805255E+00
    0.48117844875975981367E+01    0.74113219603227842303E+00   -0.16535828702656959338E-01
    0.48205722844044043285E+01    0.72746309164911659995E+00    0.76823033724493186569E-01
    0.48293600812112114085E+01    0.69220164061046352000E+00    0.16936838605980683581E+00
    0.48381478780180184884E+01    0.63648085793670272636E+00    0.25837079666262091626E+00
    0.48469356748248246802E+01    0.56198417799479194468E+00    0.34122995658387039741E+00
    0.48557234716316317602E+01    0.47088526383038359358E+00    0.41554325705257677548E+00
    0.48645112684384388402E+01    0.36577822583709701521E+00    0.47916657445973892537E+00
    0.48732990652452459202E+01    0.24959701006956233615E+00    0.53026600097978782156E+00
    0.48820868620520521119E+01    0.12553134728182813173E+00    0.56736357709259122029E+00
    0.48908746588588591919E+01   -0.30620958736066006094E-02    0.58936966128266743414E+00
    0.48996624556656662719E+01   -0.13275069318582685685E+00    0.59560774265662164151E+00
    0.49084502524724724637E+01   -0.26011626936392712173E+00    0.58582700552245237091E+00
    0.49172380492792795437E+01   -0.38184461545987219422E+00    0.56020091986946429774E+00
    0.49260258460860866236E+01   -0.49481106477359121376E+00    0.51931874365688612816E+00
    0.49348136428928928154E+01   -0.59615483174048367054E+00    0.46416295798263057515E+00
    0.49436014396996998954E+01   -0.68334691476095199558E+00    0.39607903468198785157E+00
    0.49523892365065069754E+01   -0.75424675573619193170E+00    0.31673435674083444402E+00
    0.49611770333133140554E+01   -0.80714605705512343370E+00    0.22806505308860103298E+00
    0.49699648301201202472E+01   -0.84080301504307508598E+00    0.13222090601650451913E+00
    0.49787526269269273271E+01   -0.85445467214348824747E+00    0.31510486433349291224E-01
    0.49875404237337344071E+01   -0.84781863404247070903E+00   -0.71654237931743330892E-01
    0.49963282205405405989E+01   -0.82108814042210986894E+00   -0.17481859477843578188E+00
    0.50051160173473476789E+01   -0.77491980980052599381E+00   -0.27555168258039353102E+00
    0.50139038141541547589E+01   -0.71041032944739246346E+00   -0.37150583057055153180E+00
    0.50226916109609609506E+01   -0.62904450548487500505E+00   -0.46045290341213923613E+00
    0.50314794077677680306E+01   -0.53263273944327338416E+00   -0.54031096851105642198E+00
    0.50402672045745751106E+01   -0.42326652647699347654E+00   -0.60917660715281507500E+00
    0.50490550013813813024E+01   -0.30329470187868623476E+00   -0.66536416069915493843E+00
    0.50578427981881883824E+01   -0.17529573462320863220E+00   -0.70744696684139940501E+00
    0.50666305949949954623E+01   -0.42028936338943598261E-01   -0.73430107616072215482E+00
    0.50754183918018025423E+01    0.93624225023027460302E-01   -0.74514734437387597499E+00
    0.50842061886086087341E+01    0.22872352207542409608E+00   -0.73957139460144727394E+00
    0.50929939854154158141E+01    0.36033805365099147444E+00   -0.71751885583179808581E+00
    0.51017817822222228941E+01    0.48561247966141701804E+00   -0.67928767387364019648E+00
    0.51105695790290290859E+01    0.60182582941103235363E+00   -0.62552339365037801233E+00
    0.51193573758358361658E+01    0.70644661691224042155E+00   -0.55721412824190841295E+00
    0.51281451726426432458E+01    0.79718438363434795946E+00   -0.47567245316687906120E+00
    0.51369329694494494376E+01    0.87203732123325850001E+00   -0.38250273842018772674E+00
    0.51457207662562565176E+01    0.92933518045787899542E+00   -0.27956509183205296987E+00
    0.51545085630630635976E+01    0.96777062354882747996E+00   -0.16893626441400258487E+00
    0.51632963598698697893E+01    0.98642455496166103757E+00   -0.52868631425105977462E-01
    0.51720841566766768693E+01    0.98478334790491173223E+00    0.66255719034163704229E-01
    0.51808719534834839493E+01    0.96274729216448295954E+00    0.18597618269504534450E+00
    0.51896597502902910293E+01    0.92063328437470492993E+00    0.30380532539659432789E+00
    0.51984475470970972211E+01    0.85916527044126633772E+00    0.41727961505032251655E+00
    0.52072353439039043010E+01    0.77945846888888181692E+00    0.52400951695050501655E+00
    0.52160231407107113810E+01    0.68299597575073534017E+00    0.62172781679914890240E+00
    0.52248109375175184610E+01    0.57159725423611884576E+00    0.70833595819689731954E+00
    0.52335987343243246528E+01    0.44738250134561502458E+00    0.78194767892852923286E+00
    0.52423865311311317328E+01    0.31272908629089540833E+00    0.84092601724813986763E+00
    0.52511743279379388127E+01    0.17022419526721987992E+00    0.88391669769459135786E+00
    0.52599621247447450045E+01    0.22614149472831537868E-01    0.90987526236923566003E+00
    0.52687499215515520845E+01   -0.12724970684832467849E+00    0.91808748572273779498E+00
    0.52775377183583591645E+01   -0.27646592667071773208E+00    0.90818526989679548844E+00
    0.52863255151651653563E+01   -0.42213865036580966450E+00    0.88015297114859636363E+00
    0.52951133119719724363E+01   -0.56143332121046940486E+00    0.83432875562444697159E+00
    0.53039011087787795162E+01   -0.69163011169425270275E+00    0.77139868315278858901E+00
    0.53126889055855857080E+01   -0.81017481739518282247E+00    0.69238311775652738866E+00
    0.53214767023923927880E+01   -0.91472716755249217080E+00    0.59861893978888380818E+00
    0.53302644991991998680E+01   -0.10032031600392716797E+01    0.49173351885978122677E+00
    0.53390522960060069479E+01   -0.10738140445571522363E+01    0.37361461698521286623E+00
    0.53478400928128131397E+01   -0.11250987549629187789E+01    0.24637544518915449610E+00
    0.53566278896196202197E+01   -0.11559494071723979136E+01    0.11231470912063444556E+00
    0.53654156864264272997E+01   -0.11656322063297841485E+01   -0.26125381725007720130E-01
    0.53742034832332334915E+01   -0.11537988030827723840E+01   -0.16640455700732148525E+00
    0.53829912800400405715E+01   -0.11204926791568283750E+01   -0.30593140484727843198E+00
    0.53917790768468476514E+01   -0.10661477966570205300E+01   -0.44211068389968827264E+00
    0.54005668736536538432E+01   -0.99157920296345791744E+00   -0.57239095036943266059E+00
    0.54093546704604609232E+01   -0.89796913139738321341E+00   -0.69431130172034727366E+00
    0.54181424672672680032E+01   -0.78684428334033273966E+00   -0.80554563944039037082E+00
    0.54269302640740750832E+01   -0.66004874872568353172E+00   -0.90394537958846510328E+00
    0.54357180608808812750E+01   -0.51971129842392227438E+00   -0.98757816787862473529E+00
    0.54445058576876883549E+01   -0.36820693071627047521E+00   -0.10547623970126869253E+01
    0.54532936544944954349E+01   -0.20811585948312807948E+00   -0.11040984620354312717E+01
    0.54620814513013016267E+01   -0.42177979670648201027E-01   -0.11344930317840693501E+01
    0.54708692481081087067E+01    0.12675468556465543934E+00   -0.11451796105227123324E+01
    0.54796570449149157866E+01    0.29576691680007760610E+00   -0.11357326185694527343E+01
    0.54884448417217219784E+01    0.46193055302979235677E+00   -0.11060748114798841790E+01
    0.54972326385285290584E+01    0.62235445533078648239E+00   -0.10564805433390676015E+01
    0.55060204353353361384E+01    0.77423320499254755234E+00   -0.98757069502578254117E+00
    0.55148082321421423302E+01    0.91489486211097004187E+00   -0.90030340758038118754E+00
    0.55235960289489494102E+01    0.10418455883680823870E+01   -0.79595862216112744925E+00
    0.55323838257557564901E+01    0.11528110072994171009E+01   -0.67611635764907596080E+00
    0.55411716225625635701E+01    0.12457747253377420282E+01   -0.54263167115852872779E+00
    0.55499594193693697619E+01    0.13190107128610430998E+01   -0.39760336007794289115E+00
    0.55587472161761768419E+01    0.13711123910190559094E+01   -0.24333969752867515290E+00
    0.55675350129829839219E+01    0.14010155749895802924E+01   -0.82320712627209940981E-01
    0.55763228097897901137E+01    0.14080151901104591694E+01    0.82842944644928986908E-01
    0.55851106065965971936E+01    0.13917778583637008261E+01    0.24945234620098202805E+00
    0.55938984034034042736E+01    0.13523461618141805474E+01    0.41476447939673477538E+00
    0.56026862002102104654E+01    0.12901386980211924094E+01    0.57603709968338978609E+00
    0.56114739970170175454E+01    0.12059435035234131739E+01    0.73057309500642675371E+00
    0.56202617938238246253E+01    0.11009048619433290384E+01    0.87576428741166245651E+00
    0.56290495906306308171E+01    0.97650633096575045755E+00    0.10091339705852175879E+01
    0.56378373874374378971E+01    0.83454652573213705669E+00    0.11283764350948137789E+01
    0.56466251842442449771E+01    0.67711142105711807915E+00    0.12313947427329454687E+01
    0.56554129810510520571E+01    0.50654202624586386339E+00    0.13163344484998154016E+01
    0.56642007778578582489E+01    0.32539752565411567131E+00    0.13816132500128659455E+01
    0.56729885746646653288E+01    0.13641636400994863743E+00    0.14259474978849018267E+01
    0.56817763714714724088E+01   -0.57526252881404511819E-01    0.14483722300357901869E+01
    0.56905641682782786006E+01   -0.25346239271827453177E+00    0.14482578510891768175E+01
    0.56993519650850856806E+01   -0.44837648727886686428E+00    0.14253208697480204137E+01
    0.57081397618918927606E+01   -0.63925139040806233659E+00    0.13796287757184664269E+01
    0.57169275586986989524E+01   -0.82311411857682026394E+00    0.13116011490227084124E+01
    0.57257153555055060323E+01   -0.99708046702948682771E+00    0.12220033856468477396E+01
    0.57345031523123131123E+01   -0.11583988036825643153E+01    0.11119367871927638980E+01
    0.57432909491191193041E+01   -0.13044911684637698901E+01    0.98282306197009960957E+00
    0.57520787459259263841E+01   -0.14329916816044130368E+01    0.83638339849894915989E+00
    0.57608665427327334640E+01   -0.15417825008807628517E+01    0.67461453060617937449E+00
    0.57696543395395405440E+01   -0.16290246287918181967E+01    0.49975919686233510886E+00
    0.57784421363463467358E+01   -0.16931859881164803561E+01    0.31427399654354321035E+00
    0.57872299331531538158E+01   -0.17330641871707725965E+01    0.12079397632540334051E+00
    0.57960177299599608958E+01   -0.17478041131514558959E+01   -0.77905893035269138669E-01
    0.58048055267667670876E+01   -0.17369118979186357610E+01   -0.27895046110017557295E+00
    0.58135933235735741675E+01   -0.17002617113489277845E+01   -0.47940610483073436976E+00
    0.58223811203803812475E+01   -0.16380989740175042613E+01   -0.67632315919515406666E+00
    0.58311689171871874393E+01   -0.15510375828994775738E+01   -0.86677826489916687258E+00
    0.58399567139939945193E+01   -0.14400513948028479394E+01   -0.10479165740233709059E+01
    0.58487445108008015993E+01   -0.13064621912549054805E+01   -0.12169930429855855269E+01
    0.58575323076076077911E+01   -0.11519209685995053238E+01   -0.13714115587271504815E+01
    0.58663201044144148710E+01   -0.97838605121576238677E+00   -0.15087627684329485422E+01
    0.58751079012212219510E+01   -0.78809656709921893647E+00   -0.16268586423613711212E+01
    0.58838956980280290310E+01   -0.58354154557195203612E+00   -0.17237638759485149897E+01
    0.58926834948348352228E+01   -0.36742676602145063480E+00   -0.17978246386510492449E+01
    0.59014712916416423027E+01   -0.14263759147001847660E+00   -0.18476919514374228193E+01
    0.59102590884484493827E+01    0.87799954672318644699E-01   -0.18723422911105245259E+01
    0.59190468852552555745E+01    0.32075995171369786618E+00   -0.18710929545406544960E+01
    0.59278346820620626545E+01    0.55305902584190735904E+00   -0.18436124513026272975E+01
    0.59366224788688697345E+01    0.78149910081395945749E+00   -0.17899274439464709641E+01
    0.59454102756756759263E+01    0.10029103565930261865E+01   -0.17104230170798939703E+01
    0.59541980724824830062E+01    0.12141940451356250108E+01   -0.16058396793744091902E+01
    0.59629858692892900862E+01    0.14123638856217168858E+01   -0.14772649269897573099E+01
    0.59717736660960962780E+01    0.15945860722779479079E+01   -0.13261197222474958579E+01
    0.59805614629029033580E+01    0.17582176309017780724E+01   -0.11541418632397790756E+01
    0.59893492597097104380E+01    0.19008413055586133034E+01   -0.96336357144150530640E+00
    0.59981370565165175179E+01    0.20202985556500929754E+01   -0.75608638563124586085E+00
    0.60069248533233237097E+01    0.21147184535541221351E+01   -0.53485215013382103599E+00
    0.60157126501301307897E+01    0.21825427332897238131E+01   -0.30241041151169739676E+00
    0.60245004469369378697E+01    0.22225478214220220075E+01   -0.61684017970924244489E-01
    0.60332882437437440615E+01    0.22338609687892119204E+01    0.18426840805636462983E+00
    0.60420760405505511415E+01    0.22159734222870333120E+01    0.43229130591988862431E+00
    0.60508638373573582214E+01    0.21687481794229790388E+01    0.67917222901979079630E+00
    0.60596516341641644132E+01    0.20924227375463675394E+01    0.92168296573720798204E+00
    0.60684394309709714932E+01    0.19876084286112745136E+01    0.11566206350932901614E+01
    0.60772272277777785732E+01    0.18552833172324971756E+01    0.13808484125238520424E+01
    0.60860150245845856531E+01    0.16967820157951756244E+01    0.15913358464306495144E+01
    0.60948028213913918449E+01    0.15137804364539799717E+01    0.17851974242321049235E+01
    0.61035906181981989249E+01    0.13082759312283598341E+01    0.19597294870307377934E+01
    0.61123784150050060049E+01    0.10825646522293239649E+01    0.21124453617503005098E+01
    0.61211662118118121967E+01    0.83921386080249027462E+00    0.22411068815760089024E+01
    0.61299540086186192767E+01    0.58103194588172202284E+00    0.23437539813434962177E+01
    0.61387418054254263566E+01    0.31103520459999761671E+00    0.24187301918842640802E+01
    0.61475296022322325484E+01    0.32411726597980798636E-01    0.24647043801013550635E+01
    0.61563173990390396284E+01   -0.25151607726805297327E+00    0.24806895284519221434E+01
    0.61651051958458467084E+01   -0.53733121236931169484E+00    0.24660558462327832885E+01
    0.61738929926526529002E+01   -0.82156271302246985933E+00    0.24205410704848260295E+01
    0.61826807894594599802E+01   -0.11007268007542807542E+01    0.23442555797713029442E+01
    0.61914685862662670601E+01   -0.13713684827487022666E+01    0.22376828315227985655E+01
    0.62002563830730741401E+01   -0.16301027391364144581E+01    0.21016765499984155774E+01
    0.62090441798798803319E+01   -0.18736546654742318729E+01    0.19374518909514968357E+01
    0.62178319766866874119E+01   -0.20988988925825666776E+01    0.17465737528198583828E+01
    0.62266197734934944918E+01   -0.23028967935532764777E+01    0.15309403220665886991E+01
    0.62354075703003006836E+01   -0.24829316691718195109E+01    0.12927623820631986007E+01
    0.62441953671071077636E+01   -0.26365419224727886238E+01    0.10345400111606191107E+01
    0.62529831639139148436E+01   -0.27615502978201389439E+01    0.75903460358297625277E+00
    0.62617709607207210354E+01   -0.28560910698913080097E+01    0.46923879498651993591E+00
    0.62705587575275281154E+01   -0.29186329551580851849E+01    0.16834335896197422100E+00
    0.62793465543343351953E+01   -0.29479982059477984890E+01   -0.14029854042772957334E+00
    0.62881343511411413871E+01   -0.29433786890847239981E+01   -0.45320836064289909961E+00
    0.62969221479479484671E+01   -0.29043463157512898754E+01   -0.76682128734911847445E+00
    0.63057099447547555471E+01   -0.28308607059641541781E+01   -0.10775261332602703579E+01
    0.63144977415615626271E+01   -0.27232717244546886803E+01   -0.13817057486922752485E+01
    0.63232855383683688189E+01   -0.25823175054885365576E+01   -0.16757778338643292138E+01
    0.63320733351751758988E+01   -0.24091192932877389943E+01   -0.19562353572250026357E+01
    0.63408611319819829788E+01   -0.22051704845785375930E+01   -0.22196860093418937510E+01
    0.63496489287887891706E+01   -0.19723229546472753615E+01   -0.24628909817794579773E+01
    0.63584367255955962506E+01   -0.17127687828380404600E+01   -0.26828016653865698338E+01
    0.63672245224024033305E+01   -0.14290179873710562308E+01   -0.28765944911012710783E+01
    0.63760123192092095223E+01   -0.11238737491020762693E+01   -0.30417038580940398695E+01
    0.63848001160160166023E+01   -0.80040320515941931756E+00   -0.31758513893684914287E+01
    0.63935879128228236823E+01   -0.46190628146684226119E+00   -0.32770732750574591563E+01
    0.64023757096296298741E+01   -0.11188163203825847447E+00   -0.33437435462017242038E+01
    0.64111635064364369541E+01    0.24600988577188437345E+00   -0.33745938006729083725E+01
    0.64199513032432440340E+01    0.60798294016636678094E+00   -0.33687300250571023952E+01
    0.64287391000500511140E+01    0.97016742782328058148E+00   -0.33256440642329692103E+01
    0.64375268968568573058E+01    0.13286489082250478866E+01   -0.32452224760626315891E+01
    0.64463146936636643858E+01    0.16795095281155603129E+01   -0.31277504123192407803E+01
    0.64551024904704714658E+01    0.20188693203048089231E+01   -0.29739112258205788741E+01
    0.64638902872772776576E+01    0.23429271204655077732E+01   -0.27847829400732506677E+01
    0.64726780840840847375E+01    0.26480005816127718532E+01   -0.25618290863034007820E+01
    0.64814658808908918175E+01    0.29305655483432002661E+01   -0.23068869057727430238E+01
    0.64902536776976980093E+01    0.31872934469165286053E+01   -0.20221509399510471106E+01
    0.64990414745045050893E+01    0.34150869438245949894E+01   -0.17101527113730470298E+01
    0.65078292713113121692E+01    0.36111137585631811753E+01   -0.13737378208449624317E+01
    0.65166170681181183610E+01    0.37728370012027938607E+01   -0.10160385324176277599E+01
    0.65254048649249254410E+01    0.38980436986404325417E+01   -0.64044435614433781190E+00
    0.65341926617317325210E+01    0.39848693946690891821E+01   -0.25056950744634626238E+00
    0.65429804585385396010E+01    0.40318194056295881822E+01    0.14978223637840712423E+00
    0.65517682553453457928E+01    0.40377872376799395226E+01    0.55665408545123429285E+00
    0.65605560521521528727E+01    0.40020678609916870982E+01    0.96597511411662762004E+00
    0.65693438489589599527E+01    0.39243684721948342009E+01    0.13736000403957331351E+01
    0.65781316457657661445E+01    0.38048143618572876079E+01    0.17753499129448151450E+01
    0.65869194425725732245E+01    0.36439506722203023337E+01    0.21670535140784727979E+01
    0.65957072393793803045E+01    0.34427410130038094138E+01    0.25445886690266417141E+01
    0.66044950361861864963E+01    0.32025605201113753751E+01    0.29039231985604141428E+01
    0.66132828329929935762E+01    0.29251863136526519149E+01    0.32411554899561636489E+01
    0.66220706297998006562E+01    0.26127832540326521027E+01    0.35525535789581188517E+01
    0.66308584266066068480E+01    0.22678858027296366906E+01    0.38345929508315297340E+01
    0.66396462234134139280E+01    0.18933771732568140944E+01    0.40839927863484515314E+01
    0.66484340202202210079E+01    0.14924638029233983083E+01    0.42977493098505874514E+01
    0.66572218170270280879E+01    0.10686477375516159061E+01    0.44731675917093687289E+01
    0.66660096138338342797E+01    0.62569558258980195742E+00    0.46078898401188856937E+01
    0.66747974106406413597E+01    0.16760465388351014626E+00    0.46999207652885601760E+01
    0.66835852074474484397E+01   -0.30143253524429913792E+00    0.47476502966183229404E+01
    0.66923730042542546315E+01   -0.77706654978989342375E+00    0.47498715704542728844E+01
    0.67011608010610617114E+01   -0.12548304225142035140E+01    0.47057965854526555560E+01
    0.67099485978678687914E+01   -0.17301804526703206122E+01    0.46150671395919697915E+01
    0.67187363946746749832E+01   -0.21985381154750149868E+01    0.44777618919513759721E+01
    0.67275241914814820632E+01   -0.26553322245205683849E+01    0.42944002861544445793E+01
    0.67363119882882891432E+01   -0.30960413648933333697E+01    0.40659409964419701566E+01
    0.67450997850950962231E+01   -0.35162362395618713684E+01    0.37937777884339523027E+01
    0.67538875819019024149E+01   -0.39116211079826634922E+01    0.34797305053023022126E+01
    0.67626753787087094949E+01   -0.42780744436036339806E+01    0.31260321028213384764E+01
    0.67714631755155165749E+01   -0.46116883823854015745E+01    0.27353127457623012120E+01
    0.67802509723223227667E+01   -0.49088059280894240644E+01    0.23105788817376828881E+01
    0.67890387691291298466E+01   -0.51660569084729077716E+01    0.18551900438602464405E+01
    0.67978265659359369266E+01   -0.53803909122330679793E+01    0.13728316779424318828E+01
    0.68066143627427431184E+01   -0.55491077573692573210E+01    0.86748479299341663129E+00
    0.68154021595495501984E+01   -0.56698855457011010373E+01    0.34339350640893756550E+00
    0.68241899563563572784E+01   -0.57408044628529371067E+01   -0.19497091142750683224E+00
    0.68329777531631634702E+01   -0.57603684454476553611E+01   -0.74294746778880293991E+00
    0.68417655499699705501E+01   -0.57275223546150941800E+01   -0.12957251096271678037E+01
    0.68505533467767776301E+01   -0.56416655365439289938E+01   -0.18483841294385183751E+01
    0.68593411435835847101E+01   -0.55026622645694365232E+01   -0.23959383913775185171E+01
    0.68681289403903909019E+01   -0.53108468134216169076E+01   -0.29333788096817507984E+01
    0.68769167371971979819E+01   -0.50670259676784974445E+01   -0.34557172008032179811E+01
    0.68857045340040050618E+01   -0.47724764871899525431E+01   -0.39580301452736343926E+01
    0.68944923308108112536E+01   -0.44289385713961113566E+01   -0.44355028116554011675E+01
    0.69032801276176183336E+01   -0.40386061384986753353E+01   -0.48834721274077041997E+01
    0.69120679244244254136E+01   -0.36041117255330918923E+01   -0.52974686926263858666E+01
    0.69208557212312316054E+01   -0.31285089178442775371E+01   -0.56732578873304353451E+01
    0.69296435180380386853E+01   -0.26152502136891260243E+01   -0.60068787358936033272E+01
    0.69384313148448457653E+01   -0.20681613153374400760E+01   -0.62946809639376670731E+01
    0.69472191116516519571E+01   -0.14914128201794407680E+01   -0.65333600333682504413E+01
    0.69560069084584590371E+01   -0.88948761357995842491E+00   -0.67199886473670469300E+01
    0.69647947052652661171E+01   -0.26714639040820192806E+00   -0.68520464240715268645E+01
    0.69735825020720731970E+01    0.37060997360254716027E+00   -0.69274454871962261038E+01
    0.69823702988788793888E+01    0.10185804742972632830E+01   -0.69445528374754506018E+01
    0.69911580956856864688E+01    0.16714055015912545610E+01   -0.69022097085831592977E+01
    0.69999458924924935488E+01    0.23236106978819752733E+01   -0.67997457997439809674E+01
    0.70087336892992997406E+01    0.29696517009265739340E+01   -0.66369910079854541607E+01
    0.70175214861061068206E+01    0.36039599482545838782E+01   -0.64142820142844954034E+01
    0.70263092829129139005E+01    0.42209892571872833500E+01   -0.61324648697267098996E+01
    0.70350970797197200923E+01    0.48152624080708346099E+01   -0.57928941506388786920E+01
    0.70438848765265271723E+01    0.53814175897668032889E+01   -0.53974263928574837124E+01
    0.70526726733333342523E+01    0.59142545421067458378E+01   -0.49484108468550394022E+01
    0.70614604701401404441E+01    0.64087793862596251770E+01   -0.44486750268998749291E+01
    0.70702482669469475240E+01    0.68602483971851073719E+01   -0.39015062666902240451E+01
    0.70790360637537546040E+01    0.72642102504527956697E+01   -0.33106301075840889325E+01
    0.70878238605605616840E+01    0.76165456139885279185E+01   -0.26801835010771748458E+01
    0.70966116573673678758E+01    0.79135052749954732931E+01   -0.20146856896396898584E+01
    0.71053994541741749558E+01    0.81517447488341030493E+01   -0.13190048719761688911E+01
    0.71141872509809820357E+01    0.83283561621469051062E+01   -0.59832168253200357366E+00
    0.71229750477877882275E+01    0.84408973172368106930E+01    0.14190957537625434326E+00
    0.71317628445945953075E+01    0.84874160292560905106E+01    0.89600328327513512061E+00
    0.71405506414014023875E+01    0.84664720910808206611E+01    0.16580863415606146294E+01
    0.71493384382082085793E+01    0.83771541236798601204E+01    0.24221443263726709638E+01
    0.71581262350150156593E+01    0.82190925290506289258E+01    0.31820693577293455157E+01
    0.71669140318218227392E+01    0.79924688371189871461E+01    0.39317087835496384862E+01
    0.71757018286286289310E+01    0.76980191252397558443E+01    0.46649150600595934435E+01
    0.71844896254354360110E+01    0.73370346032796733837E+01    0.53755959340680359304E+01
    0.71932774222422430910E+01    0.69113564490280108288E+01    0.60577644826798122679E+01
    0.72020652190490501710E+01    0.64233663215963163751E+01    0.67055889899983975866E+01
    0.72108530158558563627E+01    0.58759731782628694674E+01    0.73134419574439606393E+01
    0.72196408126626634427E+01    0.52725941189158120892E+01    0.78759475689259250686E+01
    0.72284286094694705227E+01    0.46171324953809955716E+01    0.83880281633923203799E+01
    0.72372164062762767145E+01    0.39139507856470454605E+01    0.88449479928309511223E+01
    0.72460042030830837945E+01    0.31678395882795928884E+01    0.92423549028542133499E+01
    0.72547919998898908744E+01    0.23839835936118771720E+01    0.95763195419761988347E+01
    0.72635797966966970662E+01    0.15679227662613077765E+01    0.98433704730417765916E+01
    0.72723675935035041462E+01    0.72551146504334584897E+00    0.10040527141245934928E+02
    0.72811553903103112262E+01   -0.13712603691196470490E+00    0.10165327974625062879E+02
    0.72899431871171174180E+01   -0.10136426491144623352E+01    0.10215854843577073297E+02
    0.72987309839239244980E+01   -0.18975172312243020478E+01    0.10190753864158180519E+02
    0.73075187807307315779E+01   -0.27821059086813759720E+01    0.10089250281644249085E+02
    0.73163065775375386579E+01   -0.36606943108072025339E+01    0.99111604537987911812E+01
    0.73250943743443448497E+01   -0.45265509184689092237E+01    0.96568977167912972703E+01
    0.73338821711511519297E+01   -0.53729811647987579803E+01    0.93274737437446439969E+01
    0.73426699679579590097E+01   -0.61933814117044256875E+01    0.89244957678770031606E+01
    0.73514577647647652014E+01   -0.69812925856932777080E+01    0.84501572264124806821E+01
    0.73602455615715722814E+01   -0.77304533423417653992E+01    0.79072253280996038782E+01
    0.73690333583783793614E+01   -0.84348514696401633017E+01    0.72990224904863953981E+01
    0.73778211551851855532E+01   -0.90887739431739795748E+01    0.66294033242012320173E+01
    0.73866089519919926332E+01   -0.96868549777382089161E+01    0.59027278671711815861E+01
    0.73953967487987997131E+01   -0.10224120784671113071E+02    0.51238289575842346224E+01
    0.74041845456056067931E+01   -0.10696032498044701242E+02    0.42979770104307553069E+01
    0.74129723424124129849E+01   -0.11098524691481983950E+02    0.34308399781849714394E+01
    0.74217601392192200649E+01   -0.11428040652415136336E+02    0.25284398722287964034E+01
    0.74305479360260271449E+01   -0.11681564100529383765E+02    0.15971067634402587032E+01
    0.74393357328328333367E+01   -0.11856645240295575761E+02    0.64342894252491911189E+00
    0.74481235296396404166E+01   -0.11951423961055391842E+02   -0.32579844625160786498E+00
    0.74569113264464474966E+01   -0.11964646809441550346E+02   -0.13036271489733037843E+01
    0.74656991232532536884E+01   -0.11895679462628363510E+02   -0.22830111867934506087E+01
    0.74744869200600607684E+01   -0.11744514795982100352E+02   -0.32568629062307459243E+01
    0.74832747168668678484E+01   -0.11511774060887038473E+02   -0.42181099245310607060E+01
    0.74920625136736740401E+01   -0.11198704778452945874E+02   -0.51597521499003802248E+01
    0.75008503104804811201E+01   -0.10807171884793557837E+02   -0.60749181004906009917E+01
    0.75096381072872882001E+01   -0.10339644073132149060E+02   -0.69569206492797635022E+01
    0.75184259040940952801E+01   -0.97991758263776436166E+01   -0.77993113390000372576E+01
    0.75272137009009014719E+01   -0.91893828239455022100E+01   -0.85959323468927841816E+01
    0.75360014977077085518E+01   -0.85144143535100447195E+01   -0.93409670048847885937E+01
    0.75447892945145156318E+01   -0.77789199477275552397E+01   -0.10028986574334149751E+02
    0.75535770913213218236E+01   -0.69880119771309585630E+01   -0.10654994306181219343E+02
    0.75623648881281289036E+01   -0.61472250109154549236E+01   -0.11214466211786703553E+02
    0.75711526849349359836E+01   -0.52624703121987863597E+01   -0.11703386677834712870E+02
    0.75799404817417421754E+01   -0.43399883144405206892E+01   -0.12118281402146577008E+02
    0.75887282785485492553E+01   -0.33862976389309857872E+01   -0.12456244292120064898E+02
    0.75975160753553563353E+01   -0.24081417525409514191E+01   -0.12714960084562459741E+02
    0.76063038721621625271E+01   -0.14124342484964134137E+01   -0.12892722507829081025E+02
    0.76150916689689696071E+01   -0.40620216149527205163E+00   -0.12988445599933500674E+02
    0.76238794657757766871E+01    0.60347127738214512149E+00   -0.13001671702651703910E+02
    0.76326672625825837670E+01    0.16095041797042690668E+01   -0.12932572457739786032E+02
    0.76414550593893899588E+01    0.26048736621847226047E+01   -0.12781944923344884302E+02
    0.76502428561961970388E+01    0.35826726655884515438E+01   -0.12551203067716425466E+02
    0.76590306530030041188E+01    0.45361653580827390186E+01   -0.12242362285143524758E+02
    0.76678184498098103106E+01    0.54588414942979204270E+01   -0.11858020705998807642E+02
    0.76766062466166173905E+01    0.63444677901777497553E+01   -0.11401334157236528100E+02
    0.76853940434234244705E+01    0.71871371588571291156E+01   -0.10875986767047319148E+02
    0.76941818402302306623E+01    0.79813150460266575337E+01   -0.10286157860326021307E+02
    0.77029696370370377423E+01    0.87218812952387825277E+01   -0.96364833606634991980E+01
    0.77117574338438448223E+01    0.94041696069121609725E+01   -0.89320148546068161011E+01
    0.77205452306506510141E+01    0.10024001420837803877E+02   -0.81781744429319260803E+01
    0.77293330274574580940E+01    0.10577715920447314346E+02   -0.73807067675464050893E+01
    0.77381208242642651740E+01    0.11062195754999144981E+02   -0.65456291217662574411E+01
    0.77469086210710722540E+01    0.11474886314702317236E+02   -0.56791788217400336336E+01
    0.77556964178778784458E+01    0.11813811818636583695E+02   -0.47877596516578275754E+01
    0.77644842146846855258E+01    0.12077584569375861889E+02   -0.38778872107292401417E+01
    0.77732720114914926057E+01    0.12265409539429862562E+02   -0.29561335959553329822E+01
    0.77820598082982987975E+01    0.12377084322744867251E+02   -0.20290724036768699179E+01
    0.77908476051051058775E+01    0.12412992227130377643E+02   -0.11032243332005926550E+01
    0.77996354019119129575E+01    0.12374092173808820760E+02   -0.18500346619022295380E+00
    0.78084231987187191493E+01    0.12261902157140236014E+02    0.71933423702079213324E+00
    0.78172109955255262292E+01    0.12078478378397779380E+02    0.16037408618672936989E+01
    0.78259987923323333092E+01    0.11826390509837999332E+02    0.24624240301424866750E+01
    0.78347865891391395010E+01    0.11508691334001710516E+02    0.32898907047766234868E+01
    0.78435743859459465810E+01    0.11128883950828925009E+02    0.40809889326751083161E+01
    0.78523621827527536610E+01    0.10690884470014042407E+02    0.48309446937226656615E+01
    0.78611499795595607409E+01    0.10198981736336270032E+02    0.55353954087132910544E+01
    0.78699377763663669327E+01    0.96577948602768817210E+01    0.61904195551394609609E+01
    0.78787255731731740127E+01    0.90722276493491733618E+01    0.67925605421810271167E+01
    0.78875133699799810927E+01    0.84474219208783090096E+01    0.73388477003595102843E+01
    0.78963011667867872845E+01    0.77887092284573116174E+01    0.78268110040374745395E+01
    0.79050889635935943645E+01    0.71015616131373073827E+01    0.82544915998274781543E+01
    0.79138767604004014444E+01    0.63915422918526010321E+01    0.86204479985095083805E+01
    0.79226645572072076362E+01    0.56642563690862122172E+01    0.89237559822783971697E+01
    0.79314523540140147162E+01    0.49253019379291531621E+01    0.91640055552229853220E+01
    0.79402401508208217962E+01    0.41802227366073489989E+01    0.93412918590906848237E+01
    0.79490279476276279880E+01    0.34344619125644819668E+01    0.94562021208788156201E+01
    0.79578157444344350679E+01    0.26933177435615713868E+01    0.95097989083538081445E+01
    0.79666035412412421479E+01    0.19619022681150914966E+01    0.95035981270393925513E+01
    0.79753913380480492279E+01    0.12451016073357219494E+01    0.94395447196904136433E+01
    0.79841791348548554197E+01    0.54754037382979625637E+00    0.93199840249064411779E+01
    0.79929669316616624997E+01   -0.12645118012639738891E+00    0.91476303428375658200E+01
    0.80017547284684695796E+01   -0.77286666971592243858E+00    0.89255333157492060536E+01
    0.80105425252752748833E+01   -0.13880482564034344328E+01    0.86570412747948637389E+01
    0.80193303220820819632E+01   -0.19687088648249808642E+01    0.83457634584824802459E+01
    0.80281181188888890432E+01   -0.25119490099370422875E+01    0.79955305064798221082E+01
    0.80369059156956961232E+01   -0.30152700913857835019E+01    0.76103539038632703750E+01
    0.80456937125025032032E+01   -0.34765839083416953947E+01    0.71943851556349285303E+01
    0.80544815093093102831E+01   -0.38942168150689613348E+01    0.67518746728447061045E+01
    0.80632693061161173631E+01   -0.42669113345696239037E+01    0.62871308612059584320E+01
    0.80720571029229226667E+01   -0.45938225503435594632E+01    0.58044802621588251768E+01
    0.80808448997297297467E+01   -0.48745111380573789006E+01    0.53082284463490534421E+01
    0.80896326965365368267E+01   -0.51089331713142742686E+01    0.48026224215587856037E+01
    0.80984204933433439066E+01   -0.52974254305467267656E+01    0.42918152472968031930E+01
    0.81072082901501509866E+01   -0.54406887354134179091E+01    0.37798319769260912970E+01
    0.81159960869569580666E+01   -0.55397675075544769996E+01    0.32705388411706000085E+01
    0.81247838837637633702E+01   -0.55960269609265509416E+01    0.27676145637985283265E+01
    0.81335716805705704502E+01   -0.56111283642175528996E+01    0.22745243835502568786E+01
    0.81423594773773775302E+01   -0.55870016789163630122E+01    0.17944978960474953222E+01
    0.81511472741841846101E+01   -0.55258172097196061046E+01    0.13305088659246857574E+01
    0.81599350709909916901E+01   -0.54299556925228689153E+01    0.88525936471938515560E+00
    0.81687228677977987701E+01   -0.53019774494754727812E+01    0.46116668519973530449E+00
    0.81775106646046058501E+01   -0.51445912269183278198E+01    0.60353309846949379502E-01
    0.81862984614114111537E+01   -0.49606226656287875088E+01   -0.31535888672432199620E+00
    0.81950862582182182337E+01   -0.47529828774266045244E+01   -0.66445241620569361896E+00
    0.82038740550250253136E+01   -0.45246377352022779661E+01   -0.98571379937633940571E+00
    0.82126618518318323936E+01   -0.42785776741249161859E+01   -0.12782305730537202315E+01
    0.82214496486386394736E+01   -0.40177886256643073892E+01   -0.15413857236909132009E+01
    0.82302374454454465535E+01   -0.37452245659196670147E+01   -0.17748486131682992273E+01
    0.82390252422522518572E+01   -0.34637810597213358754E+01   -0.19785643596332300742E+01
    0.82478130390590589371E+01   -0.31762712400780124256E+01   -0.21527402627885710018E+01
    0.82566008358658660171E+01   -0.28854033588423058099E+01   -0.22978304111419891598E+01
    0.82653886326726730971E+01   -0.25937603900190469020E+01   -0.24145187754937662561E+01
    0.82741764294794801771E+01   -0.23037824637369883618E+01   -0.25037002858052841425E+01
    0.82829642262862872570E+01   -0.20177507715392390963E+01   -0.25664611498144829227E+01
    0.82917520230930943370E+01   -0.17377746961059963304E+01   -0.26040579582887790622E+01
    0.83005398198998996406E+01   -0.14657809668138868098E+01   -0.26178960830691675454E+01
    0.83093276167067067206E+01   -0.12035050920994678769E+01   -0.26095078183841744490E+01
    0.83181154135135138006E+01   -0.95248587554104913178E+00   -0.25805302250128305808E+01
    0.83269032103203208806E+01   -0.71406140634373127529E+00   -0.25326830467855696583E+01
    0.83356910071271279605E+01   -0.48936807748671840024E+00   -0.24677471288294667850E+01
    0.83444788039339350405E+01   -0.27934146748834393081E+00   -0.23875431919445437856E+01
    0.83532666007407403441E+01   -0.84719088561396510562E-01   -0.22939114254911281421E+01
    0.83620543975475474241E+01    0.93954379282892519498E-01   -0.21886922183332377934E+01
    0.83708421943543545041E+01    0.25632076122731217716E+00   -0.20737076001000036563E+01
    0.83796299911611615840E+01    0.40219997475399227316E+00   -0.19507444067719494907E+01
    0.83884177879679686640E+01    0.53158036367053318472E+00   -0.18215385363287761589E+01
    0.83972055847747757440E+01    0.64460797573345418598E+00   -0.16877606547555046301E+01
    0.84059933815815828240E+01    0.74157446488821276986E+00   -0.15510038545655497888E+01
    0.84147811783883881276E+01    0.82290448291391149471E+00   -0.14127723317176401618E+01
    0.84235689751951952076E+01    0.88914225886504361096E+00   -0.12744722804400800964E+01
    0.84323567720020022875E+01    0.94093771863118758070E+00   -0.11374041514586956669E+01
    0.84411445688088093675E+01    0.97903244979178516427E+00   -0.10027564658607053261E+01
    0.84499323656156164475E+01    0.10042454943364647058E+01   -0.87160168626673062420E+00
    0.84587201624224235275E+01    0.10174592077341646501E+01   -0.74489307107226476745E+00
    0.84675079592292288311E+01    0.10196054838612298443E+01   -0.62346353522866604369E+00
    0.84762957560360359111E+01    0.10116522329970167871E+01   -0.50802571820173858530E+00
    0.84850835528428429910E+01    0.99459042608434133914E+00   -0.39917327472034142000E+00
    0.84938713496496500710E+01    0.96942190559501684177E+00   -0.29738375594725108275E+00
    0.85026591464564571510E+01    0.93714767380251540185E+00   -0.20302218555545686884E+00
    0.85114469432632642309E+01    0.89875732224237403489E+00   -0.11634595233550790172E+00
    0.85202347400700713109E+01    0.85521916722931412558E+00   -0.37510474431991826239E-01
    0.85290225368768766145E+01    0.80747133240603763404E+00    0.33424485935812368875E-01
    0.85378103336836836945E+01    0.75641407507105840047E+00    0.96487681149168724737E-01
    0.85465981304904907745E+01    0.70290276055699030255E+00    0.15178893822303277106E+00
    0.85553859272972978545E+01    0.64774223363132887865E+00    0.19951125534547567431E+00
    0.85641737241041049344E+01    0.59168202969743244335E+00    0.23990264518294210361E+00
    0.85729615209109120144E+01    0.53541255269265541905E+00    0.27326791610161110802E+00
    0.85817493177177173180E+01    0.47956250066081679284E+00    0.29996039219149150945E+00
    0.85905371145245243980E+01    0.42469688506651603888E+00    0.32037369747148197741E+00
    0.85993249113313314780E+01    0.37131625040441673669E+00    0.33493380651578891216E+00
    0.86081127081381385580E+01    0.31985659918448028360E+00    0.34409127257055482918E+00
    0.86169005049449456379E+01    0.27069003460648538573E+00    0.34831382575032315829E+00
    0.86256883017517527179E+01    0.22412631419958478629E+00    0.34807945836848963594E+00
    0.86344760985585597979E+01    0.18041479693970374765E+00    0.34386980920951304430E+00
    0.86432638953653651015E+01    0.13974712646363257607E+00    0.33616424704257008571E+00
    0.86520516921721721815E+01    0.10226033461953952519E+00    0.32543437703174582509E+00
    0.86608394889789792614E+01    0.68040293870178472635E-01    0.31213911370053476491E+00
    0.86696272857857863414E+01    0.37125601743022811074E-01    0.29672047940885648565E+00
    0.86784150825925934214E+01    0.95116138701531200567E-02    0.27959977869268687334E+00
    0.86872028793994005014E+01   -0.14845304225736575404E-01    0.26117457179112346655E+00
    0.86959906762062058050E+01   -0.36023411535838462116E-01    0.24181611766345581516E+00
    0.87047784730130128850E+01   -0.54131222450999098850E-01    0.22186735876952887181E+00
    0.87135662698198199649E+01   -0.69303143216062457199E-01    0.20164158793154696170E+00
    0.87223540666266270449E+01   -0.81695163911684437474E-01    0.18142143711604308276E+00
    0.87311418634334341249E+01   -0.91480734718944231587E-01    0.16145850848627316121E+00
    0.87399296602402412049E+01   -0.98846759949180573734E-01    0.14197337383790920029E+00
    0.87487174570470482848E+01   -0.10398981679137141165E+00    0.12315594751702206577E+00
    0.87575052538538535885E+01   -0.10711266146420748979E+00    0.10516632167773956597E+00
    0.87662930506606606684E+01   -0.10842090755368072319E+00    0.88135797518209685331E-01
    0.87750808474674677484E+01   -0.10812009673548630961E+00    0.72168276238963491309E-01
    0.87838686442742748284E+01   -0.10641300120138720564E+00    0.57341849694704905005E-01
    0.87926564410810819084E+01   -0.10349723364251217639E+00    0.43710550435795116064E-01
    0.88014442378878889883E+01   -0.99563241083111486684E-01    0.31306293725019473939E-01
    0.88102320346946942919E+01   -0.94792495495912010295E-01    0.20140879773627804600E-01
    0.88190198315015013719E+01   -0.89356095778374458605E-01    0.10208074955010502244E-01
    0.88278076283083084519E+01   -0.83413605696242967835E-01    0.14857306940227049674E-02
    0.88365954251151155319E+01   -0.77112162941281384154E-01   -0.60621182546619729534E-02
    0.88453832219219226118E+01   -0.70585920997395246168E-01   -0.12483185608000657574E-01
    0.88541710187287296918E+01   -0.63955645985577236345E-01   -0.17834906428201964534E-01
    0.88629588155355367718E+01   -0.57328617478674584462E-01   -0.22182526404723186542E-01
    0.88717466123423420754E+01   -0.50798699271141598000E-01   -0.25597262551255463986E-01
    0.88805344091491491554E+01   -0.44446580050627515490E-01   -0.28154588583683408387E-01
    0.88893222059559562354E+01   -0.38340219032682518185E-01   -0.29932675215571396404E-01
    0.88981100027627633153E+01   -0.32535375893419274385E-01   -0.31010920499602717681E-01
    0.89068977995695703953E+01   -0.27076291121121160571E-01   -0.31468679537504491706E-01
    0.89156855963763774753E+01   -0.21996447225091815547E-01   -0.31384109006763999394E-01
    0.89244733931831827789E+01   -0.17319389334153650201E-01   -0.30833161628394605003E-01
    0.89332611899899898589E+01   -0.13059615064211511221E-01   -0.29888762952051780436E-01
    0.89420489867967969388E+01   -0.92234820515356870374E-02   -0.28620080155746931844E-01
    0.89508367836036040188E+01   -0.58101313879051199804E-02   -0.27091979362982254037E-01
    0.89596245804104110988E+01   -0.28124163964724298477E-02   -0.25364588440039106260E-01
    0.89684123772172181788E+01   -0.21780874755810981491E-03   -0.23492979511479900739E-01
    0.89772001740240252587E+01    0.19907246069093375955E-02   -0.21526994693605739500E-01
    0.89859879708308305624E+01    0.38338703507746515857E-02   -0.19511137164278973682E-01
    0.89947757676376376423E+01    0.53351832746130374574E-02   -0.17484587605033588553E-01
    0.90035635644444447223E+01    0.65203394460688693379E-02   -0.15481288843754961032E-01
    0.90123513612512518023E+01    0.74164516605415937642E-02   -0.13530096671960811783E-01
    0.90211391580580588823E+01    0.80514600818636025692E-02   -0.11655008368776946168E-01
    0.90299269548648659622E+01    0.84535651099575358225E-02   -0.98754216046597776552E-02
    0.90387147516716712659E+01    0.86507509255264753573E-02   -0.82064451593428892895E-02
    0.90475025484784783458E+01    0.86703599072476822407E-02   -0.66592363813654069371E-02
    0.90562903452852854258E+01    0.85387319764031830577E-02   -0.52413547855446286292E-02
    0.90650781420920925058E+01    0.82809208285085627449E-02   -0.39571336408563669365E-02
    0.90738659388988995858E+01    0.79204481375338680466E-02   -0.28080534253141528449E-02
    0.90826537357057066657E+01    0.74791337473029224567E-02   -0.17931111025557850552E-02
    0.90914415325125137457E+01    0.69769672730663392229E-02   -0.90918562160267565354E-03
    0.91002293293193190493E+01    0.64320256577554231134E-02   -0.15138753387231387599E-03
    0.91090171261261261293E+01    0.58604442687497987005E-02    0.48661071904329610081E-03
    0.91178049229329332093E+01    0.52764116643001209364E-02    0.10122583791499380462E-02
    0.91265927197397402892E+01    0.46922084824219164462E-02    0.14338423470818234106E-02
    0.91353805165465473692E+01    0.41182696025860469555E-02    0.17602216069227737214E-02
    0.91441683133533544492E+01    0.35632676154480308166E-02    0.20005892693440970390E-02
    0.91529561101601597528E+01    0.30342205969826918123E-02    0.21642670204637197949E-02
    0.91617439069669668328E+01    0.25366085123966547119E-02    0.22605170990365850044E-02
    0.91705317037737739128E+01    0.20745031052745092730E-02    0.22983907313714074284E-02
    0.91793195005805809927E+01    0.16507043034616748593E-02    0.22865964665727245807E-02
    0.91881072973873880727E+01    0.12668783899500166493E-02    0.22333931547262766797E-02
    0.91968950941941951527E+01    0.92369782140689163114E-03    0.21465113344599456684E-02
    0.92056828910010004563E+01    0.62097925415504804606E-03    0.20330882423646350413E-02
    0.92144706878078075363E+01    0.35781526034972191289E-03    0.18996293327575377880E-02
    0.92232584846146146162E+01    0.13270212195432554885E-03    0.17519838366736048899E-02
    0.92320462814214216962E+01   -0.56340945425561120708E-04    0.15953353214737508569E-02
    0.92408340782282287762E+01   -0.21166259069921802166E-03    0.14342092544680552259E-02
    0.92496218750350358562E+01   -0.33587644598375945197E-03    0.12724877122599321209E-02
    0.92584096718418411598E+01   -0.43177212159520924218E-03    0.11134368664937497814E-02
    0.92671974686486482398E+01   -0.50223383549870335811E-03    0.95974095779907946536E-03
    0.92759852654554553197E+01   -0.55016975218659229258E-03    0.81354152307052155727E-03
    0.92847730622622623997E+01   -0.57845353663382216309E-03    0.67648241182083834137E-03
    0.92935608590690694797E+01   -0.58987224931111251897E-03    0.54975640845813015210E-03
    0.93023486558758765597E+01   -0.58708699630760229245E-03    0.43415372969349388986E-03
    0.93111364526826818633E+01   -0.57260034207051561678E-03    0.33011123607064400123E-03
    0.93199242494894889433E+01   -0.54873177028778950121E-03    0.23776046880821227595E-03
    0.93287120462962960232E+01   -0.51760217231071824727E-03    0.15697424490729753135E-03
    0.93374998431031031032E+01   -0.48112248761962101090E-03    0.87411708893461571401E-04
    0.93462876399099101832E+01   -0.44099015119090814556E-03    0.28559539919257193475E-04
    0.93550754367167172632E+01   -0.39868954247593551415E-03   -0.20229024134174773686E-04
    0.93638632335235243431E+01   -0.35549643695408544896E-03   -0.59698901549395857330E-04
    0.93726510303303296467E+01   -0.31248686373781190805E-03   -0.90662109523713795152E-04
    0.93814388271371367267E+01   -0.27054764949841723096E-03   -0.11396914314997618606E-03
    0.93902266239439438067E+01   -0.23038976482257257639E-03   -0.13048543457809568587E-03
    0.93990144207507508867E+01   -0.19256301376164241222E-03   -0.14107051495079796178E-03
    0.94078022175575579666E+01   -0.15747147369106601045E-03   -0.14656074181824512966E-03
    0.94165900143643650466E+01   -0.12538971206875655379E-03   -0.14775597995154998460E-03
    0.94253778111711703502E+01   -0.96478984307639349596E-04   -0.14540823996269365104E-03
    0.94341656079779774302E+01   -0.70803009698485632590E-04   -0.14021411481841575763E-03
    0.94429534047847845102E+01   -0.48343443253668816795E-04   -0.13280916698229339830E-03
    0.94517412015915915902E+01   -0.29014392336469949682E-04   -0.12376451134059272808E-03
    0.94605289983983986701E+01   -0.12675853581537793196E-04   -0.11358579223198506927E-03
    0.94693167952052057501E+01    0.85360385582919716149E-06   -0.10271319300564783132E-03
    0.94781045920120128301E+01    0.11785815473460525460E-04   -0.91523296620636592760E-04
    0.94868923888188181337E+01    0.20352892570855734866E-04   -0.80331856616266459725E-04
    0.94956801856256252137E+01    0.26798429612363584016E-04   -0.69397363426568529302E-04
    0.95044679824324322936E+01    0.31370176589432495484E-04   -0.58925456461320526293E-04
    0.95132557792392393736E+01    0.34313495990602554096E-04   -0.49073590545202598883E-04
    0.95220435760460464536E+01    0.35866382580002215943E-04   -0.39956040737443605381E-04
    0.95308313728528535336E+01    0.36255286767412927651E-04   -0.31649042533013950365E-04
    0.95396191696596588372E+01    0.35691931680557865362E-04   -0.24195839795103169575E-04
    0.95484069664664659172E+01    0.34371201002467925267E-04   -0.17611618868847134077E-04
    0.95571947632732729971E+01    0.32469526237447542496E-04   -0.11888277600218013805E-04
    0.95659825600800800771E+01    0.30144202281867174824E-04   -0.69987807456251989853E-05
    0.95747703568868871571E+01    0.27533162424913876703E-04   -0.29012839177363906098E-05
    0.95835581536936942371E+01    0.24755225919874837928E-04    0.45716374577840515145E-06
    0.95923459505005013170E+01    0.21910845250071380271E-04    0.31373744416790736770E-05
    0.96011337473073066207E+01    0.19083044113681789855E-04    0.52050478537464909626E-05
    0.96099215441141137006E+01    0.16338668916190526777E-04    0.67283535505965467630E-05
    0.96187093409209207806E+01    0.13729784073243450358E-04    0.77758004263974420562E-05
    0.96274971377277278606E+01    0.11295146650105524313E-04    0.84144951770021559592E-05
    0.96362849345345349406E+01    0.90617597163481332779E-05    0.87088147985266859883E-05
    0.96450727313413420205E+01    0.70464190560607683464E-05    0.87192856962667563943E-05
    0.96538605281481491005E+01    0.52572079746872466997E-05    0.85018560114793245757E-05
    0.96626483249549544041E+01    0.36949563870903539212E-05    0.81073628056648769727E-05
    0.96714361217617614841E+01    0.23545936036122638528E-05    0.75812213156456829114E-05
    0.96802239185685685641E+01    0.12263861072797738428E-05    0.69633464911103125716E-05
    0.96890117153753756440E+01    0.29709490040614124278E-06    0.62881733514683107439E-05
    0.96977995121821827240E+01   -0.44903878924747417902E-06    0.55848502065594132659E-05
    0.97065873089889898040E+01   -0.10293972561489673057E-05    0.48775131590216250452E-05
    0.97153751057957951076E+01   -0.14622246179676557258E-05    0.41856290304935024201E-05
    0.97241629026026021876E+01   -0.17660065502053948502E-05    0.35244078591739190593E-05
    0.97329506994094092676E+01   -0.19589256342735416904E-05    0.29052331086054324431E-05
    0.97417384962162163475E+01   -0.20584633726930410608E-05    0.23361113127152510520E-05
    0.97505262930230234275E+01   -0.20810749034117397352E-05    0.18221274722594618748E-05
    0.97593140898298305075E+01   -0.20419536146024667665E-05    0.13658831236866313755E-05
    0.97681018866366375875E+01   -0.19548886173011767685E-05    0.96791522400902856446E-06
    0.97768896834434428911E+01   -0.18321647217085060445E-05    0.62709530451555232979E-06
    0.97856774802502499710E+01   -0.16845390661398393908E-05    0.34098344751010858266E-06
    0.97944652770570570510E+01   -0.15212540386285141998E-05    0.10615813100917314394E-06
    0.98032530738638641310E+01   -0.13500862200055834169E-05   -0.81495580858861830955E-07
    0.98120408706706712110E+01   -0.11774317580046143711E-05   -0.22654112508733006988E-06
    0.98208286674774782909E+01   -0.10084043741865276018E-05   -0.33377060001509355436E-06
    0.98296164642842835946E+01   -0.84695258648165814610E-06   -0.40803446663158332341E-06
    0.98384042610910906745E+01   -0.69598495174470567867E-06   -0.45409584558193253146E-06
    0.98471920578978977545E+01   -0.55749684720000814947E-06   -0.47651764773315563661E-06
    0.98559798547047048345E+01   -0.43269838355873232749E-06   -0.47958317279034397255E-06
    0.98647676515115119145E+01   -0.32213907710257350447E-06   -0.46723300371629009979E-06
    0.98735554483183189944E+01   -0.22582356716208037847E-06   -0.44303185746097177124E-06
    0.98823432451251260744E+01   -0.14332223489721429553E-06   -0.41014963516726910457E-06
    0.98911310419319313780E+01   -0.73870945151813079067E-07   -0.37135804382068138790E-06
    0.98999188387387384580E+01   -0.16459049702783958711E-07   -0.32904108480112318091E-06
    0.99087066355455455380E+01    0.30104563010246266634E-07   -0.28516580557194172082E-06
    0.99174944323523526180E+01    0.67178029337018534857E-07   -0.24114469037141555000E-06
    0.99262822291591596979E+01    0.96271731986899269641E-07   -0.19771597266667220952E-06
    0.99350700259659667779E+01    0.11887195014535594709E-06   -0.15526641739232783316E-06
    0.99438578227727720815E+01    0.13610730562295719410E-06   -0.11459164850471201133E-06
    0.99526456195795791615E+01    0.14858839226260612695E-06   -0.77383119352034218748E-07
    0.99614334163863862415E+01    0.15675133555065992680E-06   -0.45849932764561453762E-07
    0.99702212131931933214E+01    0.16132802645249920355E-06   -0.22134533911118182256E-07
    0.99790090100000004014E+01    0.16329658427627547524E-06   -0.87021739057378871599E-08
