    0.11999999999999999556E+01    0.00000000000000000000E+00    0.00000000000000000000E+00
    0.12087877968068068135E+01    0.95585624518622299295E-16    0.89004144024369518189E-16
    0.12175755936136136715E+01    0.36654296795326790880E-16    0.38799375343393917732E-16
    0.12263633904204203073E+01    0.28981078913360818148E-16    0.30917002664781249451E-16
    0.12351511872272271653E+01    0.13060593553707860076E-15    0.11069995358706921112E-15
    0.12439389840340340232E+01    0.98494940736853361250E-16    0.74005021464490851319E-16
    0.12527267808408408811E+01   -0.18488229684481375846E-15   -0.17177620898377517719E-15
    0.12615145776476475170E+01   -0.44174574717620701833E-15   -0.38346996377442520808E-15
    0.12703023744544543749E+01   -0.33023792722832729541E-15   -0.27106101032366280215E-15
    0.12790901712612612329E+01    0.67765836857109559004E-16    0.81559137615294901123E-16
    0.12878779680680680908E+01    0.29566573202741059874E-15    0.26733183500864582898E-15
    0.12966657648748749487E+01    0.97535961621154301295E-16    0.68596693238862703183E-16
    0.13054535616816815846E+01   -0.23138237013153870250E-15   -0.23517320648701419369E-15
    0.13142413584884884425E+01   -0.23923514749438622359E-15   -0.23208494854461844896E-15
    0.13230291552952953005E+01    0.87360621972935962230E-16    0.78463787569683774534E-16
    0.13318169521021021584E+01    0.32233784623175361868E-15    0.29205193564867699863E-15
    0.13406047489089087943E+01    0.17881583719217202851E-15    0.14164723078417857199E-15
    0.13493925457157156522E+01   -0.11809019689438586334E-15   -0.15492209508019935005E-15
    0.13581803425225225102E+01   -0.16517222680833065143E-15   -0.21247959659448545213E-15
    0.13669681393293293681E+01    0.88413956023574554560E-16    0.20138851238087389408E-16
    0.13757559361361360040E+01    0.30694844345317242027E-15    0.23318365293510472006E-15
    0.13845437329429428619E+01    0.21563023993370844016E-15    0.18915684016935497946E-15
    0.13933315297497497198E+01   -0.94651590305524526391E-16    0.11835907069469550327E-16
    0.14021193265565565778E+01   -0.37288294770577635747E-15   -0.31370372873235127703E-16
    0.14109071233633634357E+01   -0.55780429823304359960E-15    0.10977978611498900268E-15
    0.14196949201701700716E+01   -0.80199095034182345703E-15    0.23183004830785214343E-15
    0.14284827169769769295E+01   -0.11821234770903415076E-14    0.15403653656546960945E-15
    0.14372705137837837874E+01   -0.15003351082740604282E-14   -0.80825468023783181507E-16
    0.14460583105905906454E+01   -0.14092309497271456849E-14   -0.29133967344922979620E-15
    0.14548461073973975033E+01   -0.65457740933508132259E-15   -0.33438899171422702206E-15
    0.14636339042042041392E+01    0.70373646924576754179E-15   -0.18398513824171877055E-15
    0.14724217010110109971E+01    0.21065718481585559679E-14    0.87077584391859922821E-16
    0.14812094978178178550E+01    0.25762191417371853468E-14    0.34438549017664314851E-15
    0.14899972946246244909E+01    0.14255404724274948090E-14    0.44346553309929511673E-15
    0.14987850914314313489E+01   -0.93224584649940495307E-15    0.28875849060883600143E-15
    0.15075728882382382068E+01   -0.30452422197994302931E-14   -0.93485194298102474023E-16
    0.15163606850450450647E+01   -0.33123813799194511328E-14   -0.47512101140820776319E-15
    0.15251484818518519226E+01   -0.95817718458516352584E-15   -0.47887958300224503848E-15
    0.15339362786586585585E+01    0.30495089739959831140E-14    0.50064485678548210976E-16
    0.15427240754654654165E+01    0.55019050819557333038E-14    0.66106291238174305061E-15
    0.15515118722722722744E+01    0.30627776688554835897E-14    0.60376055632315991850E-15
    0.15602996690790791323E+01   -0.33292088304947034784E-14   -0.24550210482429899378E-15
    0.15690874658858859902E+01   -0.71560964670095895401E-14   -0.97789369697074308710E-15
    0.15778752626926926261E+01   -0.30311682923418797536E-14   -0.66550266442899819966E-15
    0.15866630594994994841E+01    0.53389034616736388231E-14    0.35220690615629986378E-15
    0.15954508563063063420E+01    0.79061975299046624280E-14    0.74668240307481463902E-15
    0.16042386531131129779E+01    0.71735384507295909163E-15   -0.99694618151144113147E-16
    0.16130264499199198358E+01   -0.76384521835364229148E-14   -0.11619388933057899644E-14
    0.16218142467267266937E+01   -0.64884186960425830938E-14   -0.10639613739035789771E-14
    0.16306020435335335517E+01    0.28239756636143466697E-14    0.12723292871605577265E-15
    0.16393898403403404096E+01    0.84163448230250643657E-14    0.10027317708749375641E-14
    0.16481776371471470455E+01    0.34379241729195151437E-14    0.63336753755756695179E-15
    0.16569654339539539034E+01   -0.48808744205343822282E-14   -0.31624494180220232311E-15
    0.16657532307607607613E+01   -0.54215482193327209364E-14   -0.61791313884496371015E-15
    0.16745410275675676193E+01    0.21523588669684666453E-14   -0.39620816140498493213E-16
    0.16833288243743744772E+01    0.77344506752747759923E-14    0.57330274675847968851E-15
    0.16921166211811811131E+01    0.46277807395095149811E-14    0.55443008909310371296E-15
    0.17009044179879879710E+01   -0.20537584707331897554E-14    0.21455573225758172137E-15
    0.17096922147947948289E+01   -0.33750462374989273205E-14    0.20502185568453726787E-15
    0.17184800116016014648E+01    0.15318870967909770048E-14    0.53560277281669014295E-15
    0.17272678084084085448E+01    0.53410661825328096416E-14    0.59646464052809295959E-15
    0.17360556052152151807E+01    0.29160311206644926154E-14    0.74885032373703962772E-16
    0.17448434020220220386E+01   -0.22929622300720530583E-14   -0.53038865852905285092E-15
    0.17536311988288288966E+01   -0.38693757693542595128E-14   -0.56097458842339766607E-15
    0.17624189956356355324E+01   -0.91357125725141133427E-15   -0.98084478826213025972E-16
    0.17712067924424426124E+01    0.17247538282137749282E-14    0.12710601343630653875E-15
    0.17799945892492492483E+01    0.52342478768005095330E-15   -0.30739720302872981745E-15
    0.17887823860560561062E+01   -0.23320171417950550597E-14   -0.95969585199680865538E-15
    0.17975701828628629642E+01   -0.26531024021334372631E-14   -0.11194470691805788325E-14
    0.18063579796696696000E+01    0.13232230069979133880E-15   -0.66507628376004775118E-15
    0.18151457764764764580E+01    0.27548891250610202084E-14   -0.88936413917796780304E-16
    0.18239335732832833159E+01    0.26178023193784995198E-14    0.20685154412577331710E-15
    0.18327213700900899518E+01    0.67831307722159719118E-15    0.34560074850373793695E-15
    0.18415091668968970318E+01   -0.59031377204011019765E-15    0.61478349278983347729E-15
    0.18502969637037036676E+01   -0.43519054381235011457E-15    0.92809319575594733707E-15
    0.18590847605105105256E+01   -0.11578449380275209946E-15    0.86933001268207349999E-15
    0.18678725573173173835E+01   -0.62833048188686398301E-15    0.23922683780388260337E-15
    0.18766603541241240194E+01   -0.12879202870695264718E-14   -0.62537933079010695031E-15
    0.18854481509309310994E+01   -0.88319349503969786881E-15   -0.11682613399554574925E-14
    0.18942359477377377353E+01    0.58319843809953377099E-15   -0.10898969832512606106E-14
    0.19030237445445445932E+01    0.18712897413726962006E-14   -0.48666071788168194030E-15
    0.19118115413513514511E+01    0.19605004087812187089E-14    0.30764121794423280276E-15
    0.19205993381581580870E+01    0.10100614995013213960E-14    0.90824125017788745815E-15
    0.19293871349649649449E+01   -0.14951829796662428874E-15    0.10501729212192785321E-14
    0.19381749317717718029E+01   -0.91109629817871701963E-15    0.72461194137367583804E-15
    0.19469627285785784387E+01   -0.11503582638179837740E-14    0.14255420625063244563E-15
    0.19557505253853855187E+01   -0.93397820996481499881E-15   -0.44607725305729329558E-15
    0.19645383221921921546E+01   -0.31357702080737281173E-15   -0.87512476333621379900E-15
    0.19733261189989990125E+01    0.55512740076440708944E-15   -0.10222143051972614859E-14
    0.19821139158058058705E+01    0.12469703832982731564E-14   -0.74436881504388800104E-15
    0.19909017126126125063E+01    0.12653654529048881056E-14    0.12260870725876447873E-16
    0.19996895094194195863E+01    0.53604981892379486954E-15    0.96549229187204740965E-15
    0.20084773062262262222E+01   -0.39269692605018396086E-15    0.14821550763796166578E-14
    0.20172651030330328581E+01   -0.85339044662406449705E-15    0.10948796192782980024E-14
    0.20260528998398399381E+01   -0.68699695706211482538E-15    0.66381898295128586956E-16
    0.20348406966466465740E+01   -0.24785269441854954188E-15   -0.78648208945690864142E-15
    0.20436284934534532098E+01    0.11004610235080959773E-15   -0.87875348532722531586E-15
    0.20524162902602602898E+01    0.35823577887438512244E-15   -0.34165163459071484439E-15
    0.20612040870670673698E+01    0.59221430848417658053E-15    0.28335340506169665123E-15
    0.20699918838738740057E+01    0.72072653549202005203E-15    0.55593360732900866416E-15
    0.20787796806806806416E+01    0.51454589784565192703E-15    0.34867845946755444590E-15
    0.20875674774874877215E+01   -0.51113180056866400978E-16   -0.19891038198943360956E-15
    0.20963552742942943574E+01   -0.63550234285960406254E-15   -0.77568162303745460099E-15
    0.21051430711011009933E+01   -0.82303251940708388469E-15   -0.10368483148321501048E-14
    0.21139308679079080733E+01   -0.50071983675456422009E-15   -0.75473088846361280154E-15
    0.21227186647147147092E+01    0.10013767060729455833E-15    0.36486434875114755344E-16
    0.21315064615215213450E+01    0.64047448920034029145E-15    0.91377133117715127179E-15
    0.21402942583283284250E+01    0.87524565238084518999E-15    0.11772801155668715526E-14
    0.21490820551351350609E+01    0.71792679166062724462E-15    0.45644692523675916016E-15
    0.21578698519419421409E+01    0.25148347181347226337E-15   -0.69892529640912158517E-15
    0.21666576487487487768E+01   -0.31472848822483568658E-15   -0.11993319555760762749E-14
    0.21754454455555558567E+01   -0.73149852094339099068E-15   -0.56211052688531966212E-15
    0.21842332423623624926E+01   -0.80156648134419755468E-15    0.52547015009174620920E-15
    0.21930210391691691285E+01   -0.47225220713996470037E-15    0.10238663929991460864E-14
    0.22018088359759762085E+01    0.96618724093888036500E-16    0.61901399781676733775E-15
    0.22105966327827828444E+01    0.60356169766756192517E-15   -0.18424908003818407670E-15
    0.22193844295895894803E+01    0.78634166420016403779E-15   -0.76405142147948555490E-15
    0.22281722263963965602E+01    0.56206773699898082467E-15   -0.88836294433850558419E-15
    0.22369600232032031961E+01    0.58854363627129897871E-16   -0.64506156088579365720E-15
    0.22457478200100098320E+01   -0.41190513691596797227E-15   -0.21479270472218985425E-15
    0.22545356168168169120E+01   -0.52291339626663809297E-15    0.22602771645594664812E-15
    0.22633234136236239920E+01   -0.20042545711798051283E-15    0.49614949703347907715E-15
    0.22721112104304301837E+01    0.27328570227002632289E-15    0.43886907372039561727E-15
    0.22808990072372372637E+01    0.51859182770538228163E-15    0.52198500064912604424E-16
    0.22896868040440443437E+01    0.38186454557533166735E-15   -0.39994065534038004723E-15
    0.22984746008508509796E+01    0.78300168800589137349E-18   -0.55009092001828822434E-15
    0.23072623976576576155E+01   -0.33916366142781684523E-15   -0.29518617744827534527E-15
    0.23160501944644646954E+01   -0.37608632862996626776E-15    0.58510407420276054169E-16
    0.23248379912712713313E+01   -0.54188753117088534093E-16    0.14239536781168599646E-15
    0.23336257880780779672E+01    0.35131326771360907388E-15   -0.60231994479391509635E-16
    0.23424135848848850472E+01    0.43757740179413478287E-15   -0.25207787090807734670E-15
    0.23512013816916916831E+01    0.12010814566931328203E-15   -0.20964021148350711939E-15
    0.23599891784984983190E+01   -0.20293125882970134988E-15   -0.11288044483203551444E-16
    0.23687769753053053989E+01   -0.97665489170808473454E-16    0.12585311449233176437E-15
    0.23775647721121124789E+01    0.38245897175649804866E-15    0.93387065920393709700E-16
    0.23863525689189186707E+01    0.75960515441772777943E-15   -0.45838527453863922560E-16
    0.23951403657257257507E+01    0.64502552396979446522E-15   -0.14295266908532862221E-15
    0.24039281625325328307E+01    0.77328806692506036545E-16   -0.68896161420427194953E-16
    0.24127159593393394665E+01   -0.57750812032405512003E-15    0.16965811238790902777E-15
    0.24215037561461461024E+01   -0.86428417658366790080E-15    0.35693528083221758778E-15
    0.24302915529529531824E+01   -0.50859724012876411393E-15    0.23500010576782854559E-15
    0.24390793497597598183E+01    0.30703407251358476452E-15   -0.15829064720453405720E-15
    0.24478671465665664542E+01    0.94413316829836790364E-15   -0.40586025156250434480E-15
    0.24566549433733735341E+01    0.85134372071061947760E-15   -0.15902297478611491044E-15
    0.24654427401801801700E+01    0.13579553645066148629E-15    0.38283353818504188434E-15
    0.24742305369869868059E+01   -0.56194725566557436187E-15    0.65203591898238223723E-15
    0.24830183337937938859E+01   -0.71501548417226812655E-15    0.37925219671944150906E-15
    0.24918061306006009659E+01   -0.31788739453079899359E-15   -0.97093025344966730234E-16
    0.25005939274074071577E+01    0.27227621453424813984E-15   -0.30791885595785906132E-15
    0.25093817242142142376E+01    0.64558147605329069075E-15   -0.23378660748424828971E-15
    0.25181695210210213176E+01    0.56631189467645972417E-15   -0.21806553189467456306E-15
    0.25269573178278279535E+01    0.12336487492023320222E-15   -0.38956948114005101483E-15
    0.25357451146346345894E+01   -0.29553042240032319913E-15   -0.41658095156404122023E-15
    0.25445329114414416694E+01   -0.35241327557458561849E-15    0.10201200673313176740E-16
    0.25533207082482483052E+01   -0.11140361914462494135E-15    0.62834989571584350954E-15
    0.25621085050550549411E+01    0.72487121785186912469E-16    0.80493804196105484227E-15
    0.25708963018618620211E+01    0.49624792995826903787E-18    0.28109678130070927063E-15
    0.25796840986686686570E+01   -0.15599223182036165864E-15   -0.48991739889355055349E-15
    0.25884718954754752929E+01   -0.14744256312718937759E-15   -0.87854313759974446075E-15
    0.25972596922822823728E+01   -0.14365635225098328032E-17   -0.73569413748456472731E-15
    0.26060474890890894528E+01    0.43122717794325626963E-16   -0.38111673310621758164E-15
    0.26148352858958960887E+01   -0.95502240283667887948E-16   -0.10322845919185247786E-15
    0.26236230827027027246E+01   -0.19228707045044840195E-15    0.11913281797932631792E-15
    0.26324108795095098046E+01   -0.32938424785184965321E-16    0.38781633974766605356E-15
    0.26411986763163164404E+01    0.23131013115445803024E-15    0.58560866145943626791E-15
    0.26499864731231230763E+01    0.21256969013727996843E-15    0.44981818443762028353E-15
    0.26587742699299301563E+01   -0.24112166894597889064E-15   -0.87504518831879464490E-16
    0.26675620667367367922E+01   -0.82169217628857327594E-15   -0.74095331113682669677E-15
    0.26763498635435434281E+01   -0.10620338268082509529E-14   -0.10997329931006385728E-14
    0.26851376603503505081E+01   -0.73133821591791735963E-15   -0.92696904959890064234E-15
    0.26939254571571571439E+01    0.40908687264883715130E-16   -0.26861844799104441507E-15
    0.27027132539639637798E+01    0.84767895723967066629E-15    0.58321853255588015213E-15
    0.27115010507707708598E+01    0.11824681546885555458E-14    0.12009157528939880725E-14
    0.27202888475775779398E+01    0.75638320261251502533E-15    0.12426165155935457502E-14
    0.27290766443843845757E+01   -0.22689800674643693516E-15    0.66374562773005430884E-15
    0.27378644411911912115E+01   -0.11940140191766823563E-14   -0.27184810337180008046E-15
    0.27466522379979982915E+01   -0.16064631584582874215E-14   -0.11283445217734712192E-14
    0.27554400348048049274E+01   -0.12530449655016187406E-14   -0.14655149615759438346E-14
    0.27642278316116115633E+01   -0.28805095460005599377E-15   -0.10374392928954313997E-14
    0.27730156284184186433E+01    0.83109156472323266332E-15    0.39018827952006832807E-16
    0.27818034252252252791E+01    0.15503723040913611818E-14    0.13043729441168982160E-14
    0.27905912220320319150E+01    0.15203107827218240420E-14    0.21182474807550338755E-14
    0.27993790188388389950E+01    0.77536315067139435518E-15    0.19153087465725490376E-14
    0.28081668156456460750E+01   -0.32381297718052137791E-15    0.60664409796653922666E-15
    0.28169546124524522668E+01   -0.12359233308087665938E-14   -0.11238702589170081752E-14
    0.28257424092592593468E+01   -0.14923100946382595175E-14   -0.22193405703119599596E-14
    0.28345302060660664267E+01   -0.10104404256258016100E-14   -0.21155423778524571591E-14
    0.28433180028728730626E+01   -0.17145436144236894216E-15   -0.11518006406937353078E-14
    0.28521057996796796985E+01    0.53554754963214158008E-15   -0.88181524423846458821E-16
    0.28608935964864867785E+01    0.90351069044457364346E-15    0.52997192415514166517E-15
    0.28696813932932934144E+01    0.99877561374366409754E-15    0.57409350653563547605E-15
    0.28784691901001000502E+01    0.88025588601685125300E-15    0.22216483025733329338E-15
    0.28872569869069071302E+01    0.47599894329200524266E-15   -0.20286795331165721527E-15
    0.28960447837137137661E+01   -0.21684323713952451016E-15   -0.43520943691110648761E-15
    0.29048325805205204020E+01   -0.91920317098829780890E-15   -0.43092152864254474965E-15
    0.29136203773273274820E+01   -0.12076490989903962645E-14   -0.30540813401150384764E-15
    0.29224081741341345619E+01   -0.88496379344307334614E-15   -0.12151019541717724768E-15
    0.29311959709409407537E+01   -0.16009846170284482286E-15    0.18248069100539110292E-15
    0.29399837677477478337E+01    0.54489176223648628354E-15    0.59524521716568649937E-15
    0.29487715645545549137E+01    0.86670892978946419832E-15    0.84255942178596248638E-15
    0.29575593613613615496E+01    0.67497268890807097175E-15    0.56864315196003775706E-15
    0.29663471581681681855E+01    0.16525733006370397901E-15   -0.24335349393205106378E-15
    0.29751349549749752654E+01   -0.22727368269002487825E-15   -0.11247780072878631451E-14
    0.29839227517817819013E+01   -0.21385008774271073095E-15   -0.14900076301856351035E-14
    0.29927105485885885372E+01    0.65793862083470772304E-17   -0.10742545469325212939E-14
    0.30014983453953956172E+01   -0.23150716356713055498E-16   -0.62185331289474644814E-16
    0.30102861422022022531E+01   -0.42341621653178005660E-15    0.10073772914883205070E-14
    0.30190739390090088889E+01   -0.77114961570012617021E-15    0.14853557603384186808E-14
    0.30278617358158159689E+01   -0.61930469181726836704E-15    0.10778338354376459324E-14
    0.30366495326226230489E+01   -0.56378339706727344878E-16    0.20927690289972478040E-15
    0.30454373294294292407E+01    0.41906638506557015178E-15   -0.34442009441215211075E-15
    0.30542251262362363207E+01    0.47133507140932474118E-15   -0.28187905891364680740E-15
    0.30630129230430434006E+01    0.21233119628318454088E-15   -0.64104158876587387279E-16
    0.30718007198498500365E+01   -0.73581744634043517166E-16   -0.21374369924153412498E-15
    0.30805885166566566724E+01   -0.27493858601434835913E-15   -0.57287372651645127787E-15
    0.30893763134634637524E+01   -0.45973761672686926420E-15   -0.53104826489643581389E-15
    0.30981641102702703883E+01   -0.65975668503568629372E-15    0.12732485251827100966E-15
    0.31069519070770770242E+01   -0.76087602020979546438E-15    0.89385689982196559109E-15
    0.31157397038838841041E+01   -0.60561846005970005562E-15    0.11753104448295376901E-14
    0.31245275006906907400E+01   -0.13473015123996753283E-15    0.98690258647277062256E-15
    0.31333152974974973759E+01    0.54044652317416267028E-15    0.77669596179254580915E-15
    0.31421030943043044559E+01    0.11214462011645354049E-14    0.70218897320722796637E-15
    0.31508908911111115358E+01    0.12326231837116034959E-14    0.38728977849914348295E-15
    0.31596786879179177276E+01    0.73461147893742758204E-15   -0.43704314779391445991E-15
    0.31684664847247248076E+01   -0.28135399880322573576E-16   -0.12977874833502530109E-14
    0.31772542815315318876E+01   -0.49972669270453264173E-15   -0.13629255489714467202E-14
    0.31860420783383385235E+01   -0.49935310803347137927E-15   -0.45013830470605264110E-15
    0.31948298751451451594E+01   -0.39654939698925606430E-15    0.64517812384747678732E-15
    0.32036176719519522393E+01   -0.55904844179092820113E-15    0.10410647282021942167E-14
    0.32124054687587593193E+01   -0.79667449134095957329E-15    0.71112480716752868327E-15
    0.32211932655655655111E+01   -0.58905500390606909271E-15    0.30676389879336138363E-15
    0.32299810623723725911E+01    0.20467315390732719436E-15    0.27654401820523787212E-15
    0.32387688591791796711E+01    0.10848256581982350967E-14    0.43992692525690926084E-15
    0.32475566559859858629E+01    0.14552378574075547195E-14    0.40598523972769077238E-15
    0.32563444527927929428E+01    0.12186356844152065696E-14    0.85680569478417867497E-16
    0.32651322495996000228E+01    0.72515843551327828368E-15   -0.30283271962843249721E-15
    0.32739200464064062146E+01    0.31430062799548820336E-15   -0.54928803424986423364E-15
    0.32827078432132132946E+01    0.58244871909536979960E-16   -0.62366360086319339859E-15
    0.32914956400200203745E+01   -0.11151834526697945972E-15   -0.57281027474334941255E-15
    0.33002834368268265663E+01   -0.22130156856738526310E-15   -0.38780817968068992848E-15
    0.33090712336336336463E+01   -0.23661902752294033621E-15   -0.37519847277633189026E-16
    0.33178590304404407263E+01   -0.14661818449380357214E-15    0.39883993531661040926E-15
    0.33266468272472478063E+01   -0.19180718101489119832E-17    0.71143818864200288155E-15
    0.33354346240540539981E+01    0.13629402120889978742E-15    0.73387876361858684799E-15
    0.33442224208608610780E+01    0.25239151407510034571E-15    0.51113733714428313800E-15
    0.33530102176676681580E+01    0.36263877350413915890E-15    0.24018862984925120949E-15
    0.33617980144744743498E+01    0.45935710775457947736E-15    0.72493402308663068655E-16
    0.33705858112812814298E+01    0.48757400962477625980E-15    0.82423401288654318261E-17
    0.33793736080880885098E+01    0.37924734647805912970E-15   -0.44370871647489776083E-16
    0.33881614048948947016E+01    0.10035025411363160692E-15   -0.17421567391729369651E-15
    0.33969492017017017815E+01   -0.30652570845374053270E-15   -0.39018081106591024926E-15
    0.34057369985085088615E+01   -0.68879419345928141672E-15   -0.56405548360527406335E-15
    0.34145247953153150533E+01   -0.83140950278212242142E-15   -0.47990267187531276396E-15
    0.34233125921221221333E+01   -0.63113811981612271524E-15   -0.49413250679480187055E-16
    0.34321003889289292133E+01   -0.23570031003526130095E-15    0.51031917293893032164E-15
    0.34408881857357362932E+01    0.89137125165168570324E-16    0.82029550040934343335E-15
    0.34496759825425424850E+01    0.24654910580771526881E-15    0.67072293145898192040E-15
    0.34584637793493495650E+01    0.38944825721877958314E-15    0.18030748181197664510E-15
    0.34672515761561566450E+01    0.65851211889702073523E-15   -0.33838020268709093725E-15
    0.34760393729629628368E+01    0.92791579497487642374E-15   -0.57697232897776589675E-15
    0.34848271697697699167E+01    0.91692567919419621702E-15   -0.40370304842624224086E-15
    0.34936149665765769967E+01    0.51334476655165420280E-15   -0.21488340063562899246E-17
    0.35024027633833831885E+01   -0.96514541796411393952E-16    0.20554563961741264544E-15
    0.35111905601901902685E+01   -0.62482137447894190376E-15   -0.33868607157610190159E-16
    0.35199783569969973485E+01   -0.90757810669546836636E-15   -0.46447844240292138708E-15
    0.35287661538038035403E+01   -0.93308847389961971860E-15   -0.57043101208098104597E-15
    0.35375539506106106202E+01   -0.75168331038592309502E-15   -0.15773925101002773568E-15
    0.35463417474174177002E+01   -0.41896509929187933066E-15    0.43205443900093530226E-15
    0.35551295442242247802E+01   -0.45778328490832009578E-17    0.71576252940116864324E-15
    0.35639173410310309720E+01    0.39579656206962280263E-15    0.51029594857541568321E-15
    0.35727051378378380520E+01    0.69677433885777870074E-15   -0.14224983333732386512E-17
    0.35814929346446451319E+01    0.88359902150588624275E-15   -0.43864907913615289237E-15
    0.35902807314514513237E+01    0.10048276469758534312E-14   -0.44649801330997311140E-15
    0.35990685282582584037E+01    0.10593876715192672853E-14    0.23975108986275445601E-16
    0.36078563250650654837E+01    0.91433351908533113002E-15    0.54992254308666747929E-15
    0.36166441218718716755E+01    0.44197309761507542532E-15    0.57835132746896451410E-15
    0.36254319186786787554E+01   -0.23059904497407237490E-15    0.34281822811703137410E-16
    0.36342197154854858354E+01   -0.71259954966883763655E-15   -0.54472843426426657351E-15
    0.36430075122922929154E+01   -0.71691422957726894103E-15   -0.62080283315445619711E-15
    0.36517953090990991072E+01   -0.38391928056395968445E-15   -0.24677452833891549816E-15
    0.36605831059059061872E+01   -0.95167352563994292045E-16    0.97639993035357281969E-16
    0.36693709027127132671E+01   -0.95212260271605312870E-17    0.94618939118242554301E-16
    0.36781586995195194589E+01    0.72942140185960281269E-16   -0.14167224125872162974E-15
    0.36869464963263265389E+01    0.32554723089958329238E-15   -0.32033347516103188859E-15
    0.36957342931331336189E+01    0.54134993870331266951E-15   -0.28370500963965878133E-15
    0.37045220899399398107E+01    0.36273712763247334081E-15   -0.68640393105410200207E-16
    0.37133098867467468907E+01   -0.18038195184602684296E-15    0.18089576773248106947E-15
    0.37220976835535539706E+01   -0.56947263478621098463E-15    0.31040021939380199181E-15
    0.37308854803603601624E+01   -0.37807694488347723746E-15    0.24868522521389088396E-15
    0.37396732771671672424E+01    0.19643629503354734002E-15    0.67361745443220407917E-16
    0.37484610739739743224E+01    0.57899361073924501337E-15   -0.90381217866031759848E-16
    0.37572488707807814023E+01    0.48349242830952822289E-15   -0.14995699877299827643E-15
    0.37660366675875875941E+01    0.15965147144024842313E-15   -0.15754900365386926034E-15
    0.37748244643943946741E+01   -0.22561602508905615357E-16   -0.19531745252551679241E-15
    0.37836122612012017541E+01   -0.48842664206318835581E-17   -0.28912686311917470522E-15
    0.37924000580080079459E+01    0.24652635062651053387E-16   -0.40342599174531384268E-15
    0.38011878548148150259E+01   -0.31783232632911672606E-16   -0.48585355028779514245E-15
    0.38099756516216221058E+01   -0.58221585747053925353E-16   -0.49979605731370100718E-15
    0.38187634484284282976E+01    0.60663178877339767060E-16   -0.43418152431562466666E-15
    0.38275512452352353776E+01    0.23329611221947684594E-15   -0.30560012230046454006E-15
    0.38363390420420424576E+01    0.26612329636225266004E-15   -0.15017426076410591242E-15
    0.38451268388488486494E+01    0.12967745110347451947E-15   -0.92931289164879767165E-17
    0.38539146356556557294E+01    0.17575158878244387054E-16    0.87890813290578857877E-16
    0.38627024324624628093E+01    0.90591684682887827312E-16    0.14577872840826538820E-15
    0.38714902292692698893E+01    0.24727583134529662393E-15    0.21015683666760989755E-15
    0.38802780260760760811E+01    0.24993542567201370384E-15    0.32227966075835653642E-15
    0.38890658228828831611E+01    0.33523779398579512528E-16    0.44881563282348065921E-15
    0.38978536196896902410E+01   -0.20884481826600277582E-15    0.48447142181834095480E-15
    0.39066414164964964328E+01   -0.27784967115374415738E-15    0.36080500227115455968E-15
    0.39154292133033035128E+01   -0.20402479096593605451E-15    0.14008042841392444528E-15
    0.39242170101101105928E+01   -0.15624648933000390723E-15   -0.30983562008758459744E-16
    0.39330048069169167846E+01   -0.18226237481769872533E-15   -0.42225843582282212458E-16
    0.39417926037237238646E+01   -0.14097983770005224608E-15    0.10782997754588316815E-15
    0.39505804005305309445E+01    0.77592378459885725632E-16    0.31708041869181198338E-15
    0.39593681973373371363E+01    0.35649192968037086501E-15    0.42220990668003463312E-15
    0.39681559941441442163E+01    0.46887003542577915195E-15    0.31804283630007671185E-15
    0.39769437909509512963E+01    0.35180379486506719040E-15    0.10303327465366422431E-15
    0.39857315877577583763E+01    0.17733947108838829477E-15    0.40818720983310606440E-16
    0.39945193845645645681E+01    0.12412815660987242274E-15    0.26205541444679640005E-15
    0.40033071813713716480E+01    0.16448463927397249721E-15    0.53611954949209832038E-15
    0.40120949781781787280E+01    0.13635783658394358731E-15    0.49585577877717468629E-15
    0.40208827749849849198E+01   -0.38961888858984802170E-16    0.80841277656048349766E-16
    0.40296705717917919998E+01   -0.27307379265085394527E-15   -0.37249317114098759271E-15
    0.40384583685985990797E+01   -0.42676979128429904972E-15   -0.55167895773882459540E-15
    0.40472461654054052715E+01   -0.43714899239804100759E-15   -0.54158542865731606703E-15
    0.40560339622122123515E+01   -0.33401210873448285263E-15   -0.64419321866918429041E-15
    0.40648217590190194315E+01   -0.19487026050718286121E-15   -0.92637033580370237879E-15
    0.40736095558258256233E+01   -0.95493698627579436373E-16   -0.11125564218331866555E-14
    0.40823973526326327033E+01   -0.60215828119647881552E-16   -0.97665978607384047431E-15
    0.40911851494394397832E+01   -0.35173302479548981528E-16   -0.68295587007390306566E-15
    0.40999729462462468632E+01    0.56316727414318618342E-16   -0.57867271250750808082E-15
    0.41087607430530530550E+01    0.22009074616550220599E-15   -0.72350180618234175947E-15
    0.41175485398598601350E+01    0.36439895853368985806E-15   -0.79346093106211424630E-15
    0.41263363366666672150E+01    0.36835831724323148604E-15   -0.51841634227643861288E-15
    0.41351241334734734068E+01    0.16504481845010758573E-15   -0.63223990462334863504E-16
    0.41439119302802804867E+01   -0.19203359533351575246E-15    0.17405513403296080831E-15
    0.41526997270870875667E+01   -0.48578347495688830049E-15    0.45590738215084046259E-16
    0.41614875238938937585E+01   -0.44142794777123215275E-15   -0.20424833644527701436E-15
    0.41702753207007008385E+01   -0.29826896863229511344E-16   -0.28320139471791841946E-15
    0.41790631175075079184E+01    0.34893069457047456051E-15   -0.17846342775757954711E-15
    0.41878509143143141102E+01    0.24030967651757729327E-15   -0.82260988731178726930E-16
    0.41966387111211211902E+01   -0.25106507595980302496E-15   -0.11852328270422080589E-15
    0.42054265079279282702E+01   -0.45770025058765342812E-15   -0.23309466257028154656E-15
    0.42142143047347353502E+01    0.19851870798295620681E-16   -0.32011922269390078299E-15
    0.42230021015415415420E+01    0.66812531883191455387E-15   -0.35341615897720888473E-15
    0.42317898983483486219E+01    0.63688881491568841757E-15   -0.37224540144518935645E-15
    0.42405776951551557019E+01   -0.13317554297230541131E-15   -0.39552548194721012318E-15
    0.42493654919619618937E+01   -0.74402154701127771929E-15   -0.39330988655537584251E-15
    0.42581532887687689737E+01   -0.49281049762420923011E-15   -0.34012138712258176613E-15
    0.42669410855755760537E+01    0.17332781933462399993E-15   -0.26370006127703901047E-15
    0.42757288823823822455E+01    0.27338509191456826439E-15   -0.22267148774668637566E-15
    0.42845166791891893254E+01   -0.37487930591847461389E-15   -0.24999351910893141908E-15
    0.42933044759959964054E+01   -0.89748969052604397859E-15   -0.32717472041541783822E-15
    0.43020922728028034854E+01   -0.57623182575816323542E-15   -0.40202480883996031201E-15
    0.43108800696096096772E+01    0.13736149901259126414E-15   -0.41759003540623392293E-15
    0.43196678664164167571E+01    0.25440328782709609799E-15   -0.35028756607132804650E-15
    0.43284556632232238371E+01   -0.37801165905086795036E-15   -0.24704617443486713686E-15
    0.43372434600300300289E+01   -0.83719273971592971050E-15   -0.20552144694907361553E-15
    0.43460312568368371089E+01   -0.41752510922318884179E-15   -0.28054171890512846671E-15
    0.43548190536436441889E+01    0.31920396599647644026E-15   -0.41216896137762269598E-15
    0.43636068504504503807E+01    0.30368467792017880575E-15   -0.47440808015427111998E-15
    0.43723946472572574606E+01   -0.48913430814767889874E-15   -0.38088380493760178645E-15
    0.43811824440640645406E+01   -0.85612066731766108697E-15   -0.14082490714095364939E-15
    0.43899702408708707324E+01   -0.33112835541159157024E-17    0.15418274731171378778E-15
    0.43987580376776778124E+01    0.11764173301475723885E-14    0.36902099351442685351E-15
    0.44075458344844848924E+01    0.11826783211911768389E-14    0.40511603364165768360E-15
    0.44163336312912919723E+01   -0.45420608751910656556E-17    0.29144084710407017312E-15
    0.44251214280980981641E+01   -0.70354020807729201121E-15    0.17838812571855551903E-15
    0.44339092249049052441E+01    0.23475865531795175666E-15    0.20658915116944379265E-15
    0.44426970217117123241E+01    0.16830508788546858300E-14    0.38823685790545926794E-15
    0.44514848185185185159E+01    0.16430754475268793499E-14    0.60760175425453042051E-15
    0.44602726153253255958E+01   -0.99306688918108364263E-17    0.68585492852566846113E-15
    0.44690604121321326758E+01   -0.11837205034997233685E-14    0.48561355856053243944E-15
    0.44778482089389388676E+01   -0.35747688237261662645E-15    0.59103744659529894006E-16
    0.44866360057457459476E+01    0.12236357394778970227E-14   -0.29193334414068354292E-15
    0.44954238025525530276E+01    0.12066408283920183416E-14   -0.27142681945760131533E-15
    0.45042115993593592194E+01   -0.58689734476046900878E-15    0.39858214097997424992E-16
    0.45129993961661662993E+01   -0.17412239627092425919E-14    0.20549575559974785871E-15
    0.45217871929729733793E+01   -0.52638745605478564515E-15   -0.46780333500497970406E-16
    0.45305749897797804593E+01    0.15388054719497550020E-14   -0.43890087250726090577E-15
    0.45393627865865866511E+01    0.16569290085590789639E-14   -0.48702955959667112539E-15
    0.45481505833933937311E+01   -0.39344352031999604886E-15   -0.14751996746726758234E-15
    0.45569383802002008110E+01   -0.17801890810664575171E-14    0.10321363651091322089E-15
    0.45657261770070070028E+01   -0.45942160771671595188E-15   -0.88013566107867946013E-16
    0.45745139738138140828E+01    0.18422759705957926875E-14   -0.44734708872455114341E-15
    0.45833017706206211628E+01    0.19310436066536031880E-14   -0.44079847079585022587E-15
    0.45920895674274273546E+01   -0.38697280001982180023E-15   -0.15661798139884154066E-17
    0.46008773642342344345E+01   -0.18079685674812171555E-14    0.36048739675496987474E-15
    0.46096651610410415145E+01   -0.55500399296007639219E-16    0.23354185800378260305E-15
    0.46184529578478477063E+01    0.26688267742086926497E-14   -0.15648394472205421328E-15
    0.46272407546546547863E+01    0.25272639218868669866E-14   -0.28484106493458973966E-15
    0.46360285514614618663E+01   -0.58530959460031545091E-15   -0.30660213155999059965E-16
    0.46448163482682689462E+01   -0.25299057560419820126E-14    0.19850133618554728041E-15
    0.46536041450750751380E+01   -0.48869968130399949262E-15    0.70470054853886990080E-16
    0.46623919418818822180E+01    0.28321171491922972293E-14   -0.19626040583943276545E-15
    0.46711797386886892980E+01    0.26985321667854502800E-14   -0.17076676103546267349E-15
    0.46799675354954954898E+01   -0.11009604215049665199E-14    0.12886792165125468238E-15
    0.46887553323023025698E+01   -0.35978775605546106772E-14    0.19296568988520722397E-15
    0.46975431291091096497E+01   -0.12874852655875597806E-14   -0.25648859761980579339E-15
    0.47063309259159158415E+01    0.28324998979478223286E-14   -0.74962570147366622538E-15
    0.47151187227227229215E+01    0.32409410544657664051E-14   -0.61871489636177572866E-15
    0.47239065195295300015E+01   -0.57463434507712193908E-15    0.48168444775158308352E-16
    0.47326943163363361933E+01   -0.32582904764011655220E-14    0.38906938978613171368E-15
    0.47414821131431432732E+01   -0.92000838401322575570E-15   -0.10885517324752502698E-15
    0.47502699099499503532E+01    0.32972669691344103281E-14   -0.80512049766892318805E-15
    0.47590577067567574332E+01    0.35199909813703287523E-14   -0.70000469825087861093E-15
    0.47678455035635636250E+01   -0.71552667694441208782E-15    0.16642360073488893348E-15
    0.47766333003703707050E+01   -0.35948510427845680017E-14    0.63887044866448598286E-15
    0.47854210971771777849E+01   -0.99695922616692375052E-15   -0.26751625628007113361E-16
    0.47942088939839839767E+01    0.35320896237020593838E-14   -0.10469760932094612844E-14
    0.48029966907907910567E+01    0.35772973003267939748E-14   -0.10930386061560979051E-14
    0.48117844875975981367E+01   -0.12332167759724636846E-14   -0.70572907387943084995E-16
    0.48205722844044043285E+01   -0.43963394814451380147E-14    0.70962302572670056840E-15
    0.48293600812112114085E+01   -0.14168643151433515318E-14    0.29441120171545215822E-15
    0.48381478780180184884E+01    0.36255318985108877988E-14   -0.59363185544365666054E-15
    0.48469356748248246802E+01    0.35414167459641214035E-14   -0.58409053273990580866E-15
    0.48557234716316317602E+01   -0.19874118664186442062E-14    0.42554932790017494299E-15
    0.48645112684384388402E+01   -0.55726067193177783402E-14    0.10736430937988228612E-14
    0.48732990652452459202E+01   -0.21628024030949032028E-14    0.38676059868680133354E-15
    0.48820868620520521119E+01    0.36020199025749699116E-14   -0.83876137588363307143E-15
    0.48908746588588591919E+01    0.36058923057276408477E-14   -0.11041546140261407231E-14
    0.48996624556656662719E+01   -0.25112600027149789008E-14   -0.19543385503501371315E-15
    0.49084502524724724637E+01   -0.64608130545770896991E-14    0.57137177197137595521E-15
    0.49172380492792795437E+01   -0.25854909310029470678E-14    0.16263998643463860782E-15
    0.49260258460860866236E+01    0.39402875915153170134E-14   -0.79758133491791733802E-15
    0.49348136428928928154E+01    0.40902954640417732728E-14   -0.97112030860092741106E-15
    0.49436014396996998954E+01   -0.25056862832931272381E-14   -0.11840754013912795587E-15
    0.49523892365065069754E+01   -0.66384135121419868040E-14    0.65018892568426023356E-15
    0.49611770333133140554E+01   -0.20953479819846359747E-14    0.45209008655175241121E-15
    0.49699648301201202472E+01    0.52772040718141969665E-14   -0.17752754433053676309E-15
    0.49787526269269273271E+01    0.54016319197433076432E-14   -0.12484519355641345982E-15
    0.49875404237337344071E+01   -0.21445591313798250503E-14    0.71931243840039321773E-15
    0.49963282205405405989E+01   -0.71392260210141191256E-14    0.12907519292013711899E-14
    0.50051160173473476789E+01   -0.26041842494475552549E-14    0.82057929662145728740E-15
    0.50139038141541547589E+01    0.52222761987513807264E-14   -0.86846626971277218998E-16
    0.50226916109609609506E+01    0.53952577727311449603E-14   -0.29299878742206271161E-15
    0.50314794077677680306E+01   -0.26768051191777295492E-14    0.34768652908997895324E-15
    0.50402672045745751106E+01   -0.81338365766712036789E-14    0.83782719417545266489E-15
    0.50490550013813813024E+01   -0.35155007963777071989E-14    0.46316439893159293376E-15
    0.50578427981881883824E+01    0.46306820797076301628E-14   -0.18157473457746191123E-15
    0.50666305949949954623E+01    0.48115627625167375856E-14   -0.55560040544890560892E-16
    0.50754183918018025423E+01   -0.34857106943861871989E-14    0.81085140170242464279E-15
    0.50842061886086087341E+01   -0.87535578148099253366E-14    0.12661688440853309993E-14
    0.50929939854154158141E+01   -0.32544585927195477706E-14    0.64375352480908502573E-15
    0.51017817822222228941E+01    0.58302637467987617365E-14   -0.15127130441500750245E-15
    0.51105695790290290859E+01    0.61911589139915742607E-14    0.20690322725837435037E-15
    0.51193573758358361658E+01   -0.26404053903305302408E-14    0.15695029277935838836E-14
    0.51281451726426432458E+01   -0.83139872295481512576E-14    0.23117783720642227486E-14
    0.51369329694494494376E+01   -0.25735598327490441606E-14    0.14429844164794120164E-14
    0.51457207662562565176E+01    0.69072886197137142146E-14    0.44340105851818275668E-16
    0.51545085630630635976E+01    0.70531666579730045448E-14   -0.13736937904981641340E-15
    0.51632963598698697893E+01   -0.25434369389190498625E-14    0.95402068374387424290E-15
    0.51720841566766768693E+01   -0.86850292851788031846E-14    0.15817812353362016831E-14
    0.51808719534834839493E+01   -0.26057328940770261467E-14    0.60756709626098603215E-15
    0.51896597502902910293E+01    0.75077211028463878817E-14   -0.85771481131277864497E-15
    0.51984475470970972211E+01    0.77540601516909418829E-14   -0.96891359617586654386E-15
    0.52072353439039043010E+01   -0.23546419356751162192E-14    0.29238655330120912611E-15
    0.52160231407107113810E+01   -0.89564898009280125716E-14    0.10228185029149118418E-14
    0.52248109375175184610E+01   -0.28470514906407314778E-14    0.35775887587914825436E-17
    0.52335987343243246528E+01    0.74197107650546434899E-14   -0.15218661301980984776E-14
    0.52423865311311317328E+01    0.73700178983603725080E-14   -0.15273359040358769134E-14
    0.52511743279379388127E+01   -0.34027349174357487358E-14   -0.47646056279236654676E-17
    0.52599621247447450045E+01   -0.10375118924664571466E-13    0.95081406087116613675E-15
    0.52687499215515520845E+01   -0.39838619680018560062E-14    0.63229490382806454632E-18
    0.52775377183583591645E+01    0.67869686330814013032E-14   -0.15057060704223960488E-14
    0.52863255151651653563E+01    0.68542071691564823935E-14   -0.13824286961150143628E-14
    0.52951133119719724363E+01   -0.41525522048721615369E-14    0.33551204068203861755E-15
    0.53039011087787795162E+01   -0.11105678394009877538E-13    0.13307445957001828480E-14
    0.53126889055855857080E+01   -0.41053858369088219163E-14    0.15542253556443826692E-15
    0.53214767023923927880E+01    0.74745819884319043641E-14   -0.16583290349423398347E-14
    0.53302644991991998680E+01    0.79688440395721514227E-14   -0.16438937829714028501E-14
    0.53390522960060069479E+01   -0.30547209955108713359E-14    0.24786152877802366175E-15
    0.53478400928128131397E+01   -0.10059909176896393178E-13    0.15473909185522277564E-14
    0.53566278896196202197E+01   -0.29130082623326832865E-14    0.62057094934570877704E-15
    0.53654156864264272997E+01    0.87486780928706494005E-14   -0.10706241789459140669E-14
    0.53742034832332334915E+01    0.89264438242407261658E-14   -0.10464659796538389173E-14
    0.53829912800400405715E+01   -0.26992713822856407814E-14    0.76099901505804026382E-15
    0.53917790768468476514E+01   -0.10146909121641197507E-13    0.19014165328141984414E-14
    0.54005668736536538432E+01   -0.30544642968957869318E-14    0.79751515418442685916E-15
    0.54093546704604609232E+01    0.87117802130346687139E-14   -0.99788952342130218793E-15
    0.54181424672672680032E+01    0.88603369869058671154E-14   -0.95298836699594768887E-15
    0.54269302640740750832E+01   -0.28517991289066408296E-14    0.94817925670058008550E-15
    0.54357180608808812750E+01   -0.10142610151768544231E-13    0.21348753779612218621E-14
    0.54445058576876883549E+01   -0.26417531631993462999E-14    0.94558558958073211721E-15
    0.54532936544944954349E+01    0.93344937919097676194E-14   -0.10566829532250750972E-14
    0.54620814513013016267E+01    0.91165695934370565343E-14   -0.12685013722565543226E-14
    0.54708692481081087067E+01   -0.32828665930479201621E-14    0.41473903284842855851E-15
    0.54796570449149157866E+01   -0.10911253428570256789E-13    0.15069114916963270416E-14
    0.54884448417217219784E+01   -0.30976630347293806507E-14    0.39557988573309394319E-15
    0.54972326385285290584E+01    0.94074749475670548518E-14   -0.13823417498739794465E-14
    0.55060204353353361384E+01    0.93372782371138108374E-14   -0.13233091722158617206E-14
    0.55148082321421423302E+01   -0.33604151924126288836E-14    0.54762839313465583465E-15
    0.55235960289489494102E+01   -0.11326108832983837155E-13    0.16539925989677873454E-14
    0.55323838257557564901E+01   -0.36069477225005790082E-14    0.38859186405921851529E-15
    0.55411716225625635701E+01    0.89157496805671513795E-14   -0.16097177793318192920E-14
    0.55499594193693697619E+01    0.87569797761515781610E-14   -0.17181673838075574108E-14
    0.55587472161761768419E+01   -0.40857726958179624125E-14    0.95924067971535845921E-16
    0.55675350129829839219E+01   -0.12031191406696123037E-13    0.12463897693797038466E-14
    0.55763228097897901137E+01   -0.40421318011409403177E-14    0.81460646153459797386E-16
    0.55851106065965971936E+01    0.88647163096737264213E-14   -0.18235911675893478686E-14
    0.55938984034034042736E+01    0.90367609671434805876E-14   -0.19114340493796429796E-14
    0.56026862002102104654E+01   -0.36134800109857523988E-14   -0.17713922972351240821E-15
    0.56114739970170175454E+01   -0.11566963841223012686E-13    0.83601967858230265037E-15
    0.56202617938238246253E+01   -0.38184012156962790661E-14   -0.42115821300064485483E-15
    0.56290495906306308171E+01    0.87324429462351311732E-14   -0.22661821135835656233E-14
    0.56378373874374378971E+01    0.86804413416120278473E-14   -0.21231456619326656228E-14
    0.56466251842442449771E+01   -0.39032365502492356003E-14   -0.12107771844871306990E-15
    0.56554129810510520571E+01   -0.11600075099313023480E-13    0.99831919567006788580E-15
    0.56642007778578582489E+01   -0.36389996226035693858E-14   -0.37827008701651880213E-15
    0.56729885746646653288E+01    0.89637312956844030770E-14   -0.24090718960301103183E-14
    0.56817763714714724088E+01    0.88789418036706190383E-14   -0.23032955352114508040E-14
    0.56905641682782786006E+01   -0.37048851897319815654E-14   -0.13486141585486287864E-15
    0.56993519650850856806E+01   -0.11389319597071772305E-13    0.12337329010944339697E-14
    0.57081397618918927606E+01   -0.35205798574910540540E-14    0.36572447727612365362E-16
    0.57169275586986989524E+01    0.88542882103746119799E-14   -0.19658746655175579151E-14
    0.57257153555055060323E+01    0.85429530106131444638E-14   -0.19864837322368774225E-14
    0.57345031523123131123E+01   -0.40826775515922391753E-14   -0.33682270345290849938E-16
    0.57432909491191193041E+01   -0.11588415819910763102E-13    0.11428419517981043951E-14
    0.57520787459259263841E+01   -0.34534830951169873782E-14   -0.13392392621830263006E-15
    0.57608665427327334640E+01    0.91247997865056194554E-14   -0.21066199948342905998E-14
    0.57696543395395405440E+01    0.89243681024577851415E-14   -0.20654923975367395450E-14
    0.57784421363463467358E+01   -0.36273064543797533949E-14   -0.98404391427343824781E-16
    0.57872299331531538158E+01   -0.11102691009140524586E-13    0.10188227402076200617E-14
    0.57960177299599608958E+01   -0.30646484908474272084E-14   -0.36429681748909020583E-15
    0.58048055267667670876E+01    0.92672244146748551362E-14   -0.24427373918281583325E-14
    0.58135933235735741675E+01    0.88001167618172078476E-14   -0.24662609837858312312E-14
    0.58223811203803812475E+01   -0.38507342292846500696E-14   -0.49240613654680827837E-15
    0.58311689171871874393E+01   -0.11200340962030653309E-13    0.72141625428107445384E-15
    0.58399567139939945193E+01   -0.29238458047124254285E-14   -0.50562985100529448077E-15
    0.58487445108008015993E+01    0.96091455399093350049E-14   -0.24676275994699788174E-14
    0.58575323076076077911E+01    0.92409901766566373595E-14   -0.24904818246687599278E-14
    0.58663201044144148710E+01   -0.34302226655382447924E-14   -0.55277135046006058414E-15
    0.58751079012212219510E+01   -0.10971708940571822737E-13    0.78836492935959261488E-15
    0.58838956980280290310E+01   -0.30382475560976889678E-14   -0.51077128685135710396E-16
    0.58926834948348352228E+01    0.92391755881927153154E-14   -0.15222586438252067019E-14
    0.59014712916416423027E+01    0.89634197078077840098E-14   -0.12160348956748277748E-14
    0.59102590884484493827E+01   -0.33931040298001487145E-14    0.76666393611633392806E-15
    0.59190468852552555745E+01   -0.10897525011161615345E-13    0.19566191232898371117E-14
    0.59278346820620626545E+01   -0.34489799558078810272E-14    0.92695813789946369999E-15
    0.59366224788688697345E+01    0.82925247228931900049E-14   -0.68872353897678205959E-15
    0.59454102756756759263E+01    0.81139307273788806208E-14   -0.49275312642191616039E-15
    0.59541980724824830062E+01   -0.34929755456131743098E-14    0.13504911886286611266E-14
    0.59629858692892900862E+01   -0.10322937889056050669E-13    0.23236613769899400155E-14
    0.59717736660960962780E+01   -0.28705828570318754179E-14    0.10191297807904328054E-14
    0.59805614629029033580E+01    0.84326505350133445410E-14   -0.84865204609278329647E-15
    0.59893492597097104380E+01    0.80325863993016795114E-14   -0.82423030384219745651E-15
    0.59981370565165175179E+01   -0.33219885016780065836E-14    0.88893125867687831399E-15
    0.60069248533233237097E+01   -0.97889365834448347694E-14    0.16810281411861475894E-14
    0.60157126501301307897E+01   -0.22783939053402467704E-14    0.11492759865939813123E-15
    0.60245004469369378697E+01    0.88277888657842950026E-14   -0.20116227036502231406E-14
    0.60332882437437440615E+01    0.83182396432853367834E-14   -0.21207800430836980159E-14
    0.60420760405505511415E+01   -0.29237295932624241607E-14   -0.34152085826978750013E-15
    0.60508638373573582214E+01   -0.92914609019689080251E-14    0.71544846250683843845E-15
    0.60596516341641644132E+01   -0.19409689515249878932E-14   -0.46799440226491484930E-15
    0.60684394309709714932E+01    0.88365927518292025618E-14   -0.22441658031422431243E-14
    0.60772272277777785732E+01    0.80949457630200809066E-14   -0.21597430394886943916E-14
    0.60860150245845856531E+01   -0.32603078831012902003E-14   -0.31927257597948967450E-15
    0.60948028213913918449E+01   -0.98934399444013990312E-14    0.81973411847956759359E-15
    0.61035906181981989249E+01   -0.30454321217669646901E-14   -0.15997149788064731779E-15
    0.61123784150050060049E+01    0.74292543138467427337E-14   -0.16881023127690468647E-14
    0.61211662118118121967E+01    0.70794757346420642172E-14   -0.14681833805143825797E-14
    0.61299540086186192767E+01   -0.33796304665728336036E-14    0.33671494237111122160E-15
    0.61387418054254263566E+01   -0.94263751766849761560E-14    0.13542358981740331693E-14
    0.61475296022322325484E+01   -0.27706750257130521590E-14    0.28928570462858954137E-15
    0.61563173990390396284E+01    0.72474932831287808688E-14   -0.12336484103513599581E-14
    0.61651051958458467084E+01    0.70032869464133263627E-14   -0.94038986381514778931E-15
    0.61738929926526529002E+01   -0.27358754137471798552E-14    0.95132346504617539324E-15
    0.61826807894594599802E+01   -0.82318843949498086865E-14    0.20192175976901889812E-14
    0.61914685862662670601E+01   -0.17863720611093611865E-14    0.92244257980581871858E-15
    0.62002563830730741401E+01    0.75919701612420766368E-14   -0.76013277081352383508E-15
    0.62090441798798803319E+01    0.70085314634558868656E-14   -0.75276432032153254588E-15
    0.62178319766866874119E+01   -0.25818669179067730166E-14    0.84055607165301001778E-15
    0.62266197734934944918E+01   -0.79286122760782202647E-14    0.17695129614548248673E-14
    0.62354075703003006836E+01   -0.17406839827691325089E-14    0.73915204402053986436E-15
    0.62441953671071077636E+01    0.72109633669172942028E-14   -0.84689007113812190120E-15
    0.62529831639139148436E+01    0.65436893865496073506E-14   -0.92373293014549946666E-15
    0.62617709607207210354E+01   -0.27025557404852218907E-14    0.41480826386063675251E-15
    0.62705587575275281154E+01   -0.77090690938516179258E-14    0.11420427341728233476E-14
    0.62793465543343351953E+01   -0.15260095649368335410E-14    0.13613762470407735786E-15
    0.62881343511411413871E+01    0.72790673065069245620E-14   -0.12594109278719541471E-14
    0.62969221479479484671E+01    0.67402022355760393896E-14   -0.11657877736506916450E-14
    0.63057099447547555471E+01   -0.20835217781361725949E-14    0.21149885993972093772E-15
    0.63144977415615626271E+01   -0.68048872271469572616E-14    0.87221358802514300062E-15
    0.63232855383683688189E+01   -0.77100207411119695212E-15   -0.22286294141073346572E-15
    0.63320733351751758988E+01    0.77041909086114084748E-14   -0.16689304089400255572E-14
    0.63408611319819829788E+01    0.70895723419391921934E-14   -0.15367539632196863337E-14
    0.63496489287887891706E+01   -0.15696314595806284882E-14    0.48320643638697208085E-16
    0.63584367255955962506E+01   -0.63531981533831131290E-14    0.11428600005051198620E-14
    0.63672245224024033305E+01   -0.85166460997343538179E-15    0.58829082191369450526E-15
    0.63760123192092095223E+01    0.70341490886251395798E-14   -0.54631622843891778946E-15
    0.63848001160160166023E+01    0.63360068079603780082E-14   -0.61690284810690895993E-15
    0.63935879128228236823E+01   -0.19652004164174449846E-14    0.33706880444665424842E-15
    0.64023757096296298741E+01   -0.65953511275086730993E-14    0.77478117270249085723E-15
    0.64111635064364369541E+01   -0.14959515800311397843E-14   -0.13282750641792007412E-15
    0.64199513032432440340E+01    0.59102798284098689119E-14   -0.13166459836318999693E-14
    0.64287391000500511140E+01    0.53278379839736104930E-14   -0.13147372238120755122E-14
    0.64375268968568573058E+01   -0.23355377116838000360E-14   -0.27144975170074284320E-15
    0.64463146936636643858E+01   -0.65719181724647501834E-14    0.30409433847322202280E-15
    0.64551024904704714658E+01   -0.17712259060377758442E-14   -0.37859994879028479755E-15
    0.64638902872772776576E+01    0.51233167673018436472E-14   -0.13020201105463776686E-14
    0.64726780840840847375E+01    0.45382769387073802280E-14   -0.10973125229420206717E-14
    0.64814658808908918175E+01   -0.26608241041039366109E-14    0.51959449691391171753E-16
    0.64902536776976980093E+01   -0.67042883251307468226E-14    0.67025368206268965462E-15
    0.64990414745045050893E+01   -0.23423569872843433882E-14    0.10014688435265263474E-16
    0.65078292713113121692E+01    0.41093721876704554434E-14   -0.91089695461384452721E-15
    0.65166170681181183610E+01    0.38924328039334824523E-14   -0.74524613339056227008E-15
    0.65254048649249254410E+01   -0.22477580771751419668E-14    0.32653382637591709438E-15
    0.65341926617317325210E+01   -0.55071972191304525669E-14    0.85062965678290299593E-15
    0.65429804585385396010E+01   -0.12582118862632732192E-14    0.54495468589569838838E-16
    0.65517682553453457928E+01    0.46291444129985298324E-14   -0.11333263248293639519E-14
    0.65605560521521528727E+01    0.42292868400633198105E-14   -0.13961618481705408943E-14
    0.65693438489589599527E+01   -0.15257572872779029785E-14   -0.74753445227027968855E-15
    0.65781316457657661445E+01   -0.43771693218115971905E-14   -0.36674040788000395669E-15
    0.65869194425725732245E+01   -0.18316623034519977814E-15   -0.93013716560176191404E-15
    0.65957072393793803045E+01    0.53104018147817262676E-14   -0.17303905572239544941E-14
    0.66044950361861864963E+01    0.46029732484720980453E-14   -0.17555678032014056641E-14
    0.66132828329929935762E+01   -0.12112454226191989986E-14   -0.10962532427346685897E-14
    0.66220706297998006562E+01   -0.40603702549143108731E-14   -0.75194649569778707266E-15
    0.66308584266066068480E+01    0.58419759080066356790E-16   -0.11762787622816735559E-14
    0.66396462234134139280E+01    0.55684083532280428805E-14   -0.15786880916527369306E-14
    0.66484340202202210079E+01    0.51637955570752422083E-14   -0.10454533693084384240E-14
    0.66572218170270280879E+01   -0.26188314844597399573E-15    0.84356901854446680065E-16
    0.66660096138338342797E+01   -0.31250716338797297705E-14    0.55382904048810161456E-15
    0.66747974106406413597E+01    0.41400050800698254262E-15   -0.14862592443843997744E-15
    0.66835852074474484397E+01    0.52606888094322324634E-14   -0.10113387773891346765E-14
    0.66923730042542546315E+01    0.47054033244482167369E-14   -0.79502157554439563365E-15
    0.67011608010610617114E+01   -0.36448813183571800409E-15    0.37275313051604654596E-15
    0.67099485978678687914E+01   -0.29303437841981575143E-14    0.12531667396677450040E-14
    0.67187363946746749832E+01    0.44873711365648605942E-15    0.11807053420659417717E-14
    0.67275241914814820632E+01    0.48856744215413706670E-14    0.91033446498592467822E-15
    0.67363119882882891432E+01    0.40722120037116090914E-14    0.14882700201963252130E-14
    0.67450997850950962231E+01   -0.11204141778018278797E-14    0.28214317922682912868E-14
    0.67538875819019024149E+01   -0.40688578207193149396E-14    0.38714361603211266907E-14
    0.67626753787087094949E+01   -0.14870822180470220780E-14    0.40918781522187139724E-14
    0.67714631755155165749E+01    0.21480216865455006262E-14    0.41367179642858657858E-14
    0.67802509723223227667E+01    0.99352920933998585508E-15    0.48677828341885885883E-14
    0.67890387691291298466E+01   -0.42271954561917366749E-14    0.61202117802596707077E-14
    0.67978265659359369266E+01   -0.75292953385562373663E-14    0.69156749145796788589E-14
    0.68066143627427431184E+01   -0.59576711584881285720E-14    0.67693797550648558128E-14
    0.68154021595495501984E+01   -0.35867234806892098238E-14    0.63025163323075786574E-14
    0.68241899563563572784E+01   -0.56853411493561056905E-14    0.62706232103412749678E-14
    0.68329777531631634702E+01   -0.11535306187616371556E-13    0.63929847648044413132E-14
    0.68417655499699705501E+01   -0.15657674617705451560E-13    0.56302902090471279983E-14
    0.68505533467767776301E+01   -0.15331636354693728549E-13    0.35408301532985366420E-14
    0.68593411435835847101E+01   -0.14176569885832031271E-13    0.87758099787678567666E-15
    0.68681289403903909019E+01   -0.16835539072296785087E-13   -0.15036451706688272089E-14
    0.68769167371971979819E+01   -0.22492903017141210840E-13   -0.39288091174330168317E-14
    0.68857045340040050618E+01   -0.26056144254283334691E-13   -0.75875967395290558276E-14
    0.68944923308108112536E+01   -0.25010903449810624848E-13   -0.13032493850381114266E-13
    0.69032801276176183336E+01   -0.22627302772314898309E-13   -0.19483299361323000397E-13
    0.69120679244244254136E+01   -0.23041016425368140568E-13   -0.25911857430918018172E-13
    0.69208557212312316054E+01   -0.25323633459009274552E-13   -0.32352057158735327666E-13
    0.69296435180380386853E+01   -0.24632608890172284394E-13   -0.39678364360865158467E-13
    0.69384313148448457653E+01   -0.18545473140165785245E-13   -0.48260304263824820216E-13
    0.69472191116516519571E+01   -0.99922633974690941693E-14   -0.57311605704782474391E-13
    0.69560069084584590371E+01   -0.27158570071475803985E-14   -0.65777708078224072985E-13
    0.69647947052652661171E+01    0.41622294438502193468E-14   -0.73420902819314968409E-13
    0.69735825020720731970E+01    0.15066068852348853953E-13   -0.80633612855580374275E-13
    0.69823702988788793888E+01    0.32170914201225242591E-13   -0.87328225789731482235E-13
    0.69911580956856864688E+01    0.52727529811724728745E-13   -0.92417060821146859806E-13
    0.69999458924924935488E+01    0.73155551290423408716E-13   -0.94578915279730543078E-13
    0.70087336892992997406E+01    0.93923563983942711979E-13   -0.93181402980737562990E-13
    0.70175214861061068206E+01    0.11857206937356763731E-12   -0.88121518219618445838E-13
    0.70263092829129139005E+01    0.14853470962845756719E-12   -0.78889405028696770471E-13
    0.70350970797197200923E+01    0.18076784758873139833E-12   -0.64141366985058979345E-13
    0.70438848765265271723E+01    0.21140013681863851230E-12   -0.42367340610610361569E-13
    0.70526726733333342523E+01    0.24004198060993021455E-12   -0.12692696825745696330E-13
    0.70614604701401404441E+01    0.26882758294980854317E-12    0.25206163078655885531E-13
    0.70702482669469475240E+01    0.29772398189941043518E-12    0.71815960759981804338E-13
    0.70790360637537546040E+01    0.32246753550943365890E-12    0.12807970325801151672E-12
    0.70878238605605616840E+01    0.33803579923339586780E-12    0.19479726166752609083E-12
    0.70966116573673678758E+01    0.34267889235691296757E-12    0.27193120393360809680E-12
    0.71053994541741749558E+01    0.33700191729243538725E-12    0.35868835418747670975E-12
    0.71141872509809820357E+01    0.31957793362815865466E-12    0.45414307922777784733E-12
    0.71229750477877882275E+01    0.28504391064248015887E-12    0.55743641096518095882E-12
    0.71317628445945953075E+01    0.22736131486741638681E-12    0.66710197691367920078E-12
    0.71405506414014023875E+01    0.14360704173501275731E-12    0.78032230290145834494E-12
    0.71493384382082085793E+01    0.33305756917425434921E-13    0.89303657513439407116E-12
    0.71581262350150156593E+01   -0.10533353581101461094E-12    0.10006363412561835120E-11
    0.71669140318218227392E+01   -0.27697289971479221236E-12    0.10981962329498781218E-11
    0.71757018286286289310E+01   -0.48615585257672541372E-12    0.11797589041489618381E-11
    0.71844896254354360110E+01   -0.73386825274364245787E-12    0.12375657223888595011E-11
    0.71932774222422430910E+01   -0.10180044862925991037E-11    0.12622895978973331741E-11
    0.72020652190490501710E+01   -0.13365133129809518289E-11    0.12439560728210332358E-11
    0.72108530158558563627E+01   -0.16885514759014143702E-11    0.11723772284029773305E-11
    0.72196408126626634427E+01   -0.20715998579652606769E-11    0.10365935279570347220E-11
    0.72284286094694705227E+01   -0.24782242824811098730E-11    0.82429037046857356916E-12
    0.72372164062762767145E+01   -0.28964263994034916564E-11    0.52239281713624582042E-12
    0.72460042030830837945E+01   -0.33124340684808080232E-11    0.11846315767745149367E-12
    0.72547919998898908744E+01   -0.37116984517769389923E-11   -0.39843517266854298417E-12
    0.72635797966966970662E+01   -0.40762918087003652711E-11   -0.10379563519764243452E-11
    0.72723675935035041462E+01   -0.43820461059729553490E-11   -0.18086938009933360883E-11
    0.72811553903103112262E+01   -0.45990848551491950732E-11   -0.27170264267617910462E-11
    0.72899431871171174180E+01   -0.46946471620098146792E-11   -0.37650342630510793964E-11
    0.72987309839239244980E+01   -0.46343890533872010726E-11   -0.49489869075190884555E-11
    0.73075187807307315779E+01   -0.43806274136384357986E-11   -0.62589931577271262425E-11
    0.73163065775375386579E+01   -0.38904774843443741834E-11   -0.76787101098052291029E-11
    0.73250943743443448497E+01   -0.31173360572665989835E-11   -0.91838705520745730539E-11
    0.73338821711511519297E+01   -0.20146145744002208001E-11   -0.10740019352721178384E-10
    0.73426699679579590097E+01   -0.53819419668872144154E-12   -0.12300760092113995921E-10
    0.73514577647647652014E+01    0.13537066958149921840E-11   -0.13807020945080065035E-10
    0.73602455615715722814E+01    0.37006281047870758255E-11   -0.15186531203227925929E-10
    0.73690333583783793614E+01    0.65366061203320183979E-11   -0.16353016917987656700E-10
    0.73778211551851855532E+01    0.98846648315726022277E-11   -0.17205239635101063229E-10
    0.73866089519919926332E+01    0.13752408684202259516E-10   -0.17626622138370530342E-10
    0.73953967487987997131E+01    0.18129865268743910516E-10   -0.17485922268245354569E-10
    0.74041845456056067931E+01    0.22987290156195641731E-10   -0.16638357425092962022E-10
    0.74129723424124129849E+01    0.28270081835293940496E-10   -0.14927527918872705578E-10
    0.74217601392192200649E+01    0.33891803660345623375E-10   -0.12187958316365475521E-10
    0.74305479360260271449E+01    0.39728447681836018779E-10   -0.82487464965643852620E-11
    0.74393357328328333367E+01    0.45615118809351522117E-10   -0.29390352804903225234E-11
    0.74481235296396404166E+01    0.51343024743588797910E-10    0.39056937708712780700E-11
    0.74569113264464474966E+01    0.56654989397074595752E-10    0.12435755626241487647E-10
    0.74656991232532536884E+01    0.61240115615242174884E-10    0.22778233043809102932E-10
    0.74744869200600607684E+01    0.64730659684608322572E-10    0.35026403341127176666E-10
    0.74832747168668678484E+01    0.66702812861398264322E-10    0.49226692338352727767E-10
    0.74920625136736740401E+01    0.66678754939355480840E-10    0.65364682620523103466E-10
    0.75008503104804811201E+01    0.64129886575466412667E-10    0.83349745039601313717E-10
    0.75096381072872882001E+01    0.58481120381267010453E-10    0.10299869308517479549E-09
    0.75184259040940952801E+01    0.49119137436431722890E-10    0.12401854901517091684E-09
    0.75272137009009014719E+01    0.35407219585667649563E-10    0.14598795137019136216E-09
    0.75360014977077085518E+01    0.16702827494952917100E-10    0.16833858099238604680E-09
    0.75447892945145156318E+01   -0.76200965976967005089E-11    0.19033821182219474912E-09
    0.75535770913213218236E+01   -0.38145308707400340668E-10    0.21107500824577161618E-09
    0.75623648881281289036E+01   -0.75382847255387901972E-10    0.22944410483447660609E-09
    0.75711526849349359836E+01   -0.11972870583713415946E-09    0.24413786866377716371E-09
    0.75799404817417421754E+01   -0.17142087908235183789E-09    0.25363915215623843396E-09
    0.75887282785485492553E+01   -0.23048938408222160121E-09    0.25622359119535584640E-09
    0.75975160753553563353E+01   -0.29670202817298153617E-09    0.24996847299538377114E-09
    0.76063038721621625271E+01   -0.36950579218687012954E-09    0.23277030390246952073E-09
    0.76150916689689696071E+01   -0.44796151409991261779E-09    0.20237600067817929693E-09
    0.76238794657757766871E+01   -0.53067708527626076041E-09    0.15642216599390878193E-09
    0.76326672625825837670E+01   -0.61574148055338006804E-09    0.92494677447112331039E-10
    0.76414550593893899588E+01   -0.70065966887913016850E-09    0.82026627116881190563E-11
    0.76502428561961970388E+01   -0.78229183068729039009E-09   -0.98731357932436598355E-10
    0.76590306530030041188E+01   -0.85679962575094709193E-09   -0.23035654644443910538E-09
    0.76678184498098103106E+01   -0.91959950339244528218E-09   -0.38836620990670829111E-09
    0.76766062466166173905E+01   -0.96533880333011926350E-09   -0.57394243444586154975E-09
    0.76853940434234244705E+01   -0.98788837306890703817E-09   -0.78758158749752370361E-09
    0.76941818402302306623E+01   -0.98035961667225619729E-09   -0.10289032311249308393E-08
    0.77029696370370377423E+01   -0.93515944101785597198E-09   -0.12964344380869140171E-08
    0.77117574338438448223E+01   -0.84406874600472516523E-09   -0.15873847968878041162E-08
    0.77205452306506510141E+01   -0.69838158897020549971E-09   -0.18974074812767407739E-08
    0.77293330274574580940E+01   -0.48908699720993374081E-09   -0.22203518625561693518E-08
    0.77381208242642651740E+01   -0.20710295035201040387E-09   -0.25480212254133847869E-08
    0.77469086210710722540E+01    0.15641045120872598777E-09   -0.28699399851834557894E-08
    0.77556964178778784458E+01    0.60969564722756452067E-09   -0.31731341744824073123E-08
    0.77644842146846855258E+01    0.11599455917559045848E-08   -0.34419581653341817605E-08
    0.77732720114914926057E+01    0.18127856257425138729E-08   -0.36579556316566498519E-08
    0.77820598082982987975E+01    0.25716895160184167555E-08   -0.37997852896030389962E-08
    0.77908476051051058775E+01    0.34372980873252900668E-08   -0.38432466785035314609E-08
    0.77996354019119129575E+01    0.44066952343398619605E-08   -0.37613698041417290481E-08
    0.78084231987187191493E+01    0.54726038513008522414E-08   -0.35246709291443170143E-08
    0.78172109955255262292E+01    0.66225302197968407494E-08   -0.31015248533590284244E-08
    0.78259987923323333092E+01    0.78378888441547221586E-08   -0.24586973308203453042E-08
    0.78347865891391395010E+01    0.90931028768850553297E-08   -0.15621184039308454910E-08
    0.78435743859459465810E+01    0.10354715908764419818E-07   -0.37778797151506235500E-09
    0.78523621827527536610E+01    0.11580574782169782478E-07    0.11270092721381947515E-08
    0.78611499795595607409E+01    0.12719068046089807024E-07    0.29822782958182732404E-08
    0.78699377763663669327E+01    0.13708509315094897674E-07    0.52136496276110104587E-08
    0.78787255731731740127E+01    0.14476743387135434453E-07    0.78403642514037789698E-08
    0.78875133699799810927E+01    0.14940908969910774526E-07    0.10873092432053570172E-07
    0.78963011667867872845E+01    0.15007627309755817542E-07    0.14311411680833711146E-07
    0.79050889635935943645E+01    0.14573488518447773163E-07    0.18141062051168628406E-07
    0.79138767604004014444E+01    0.13525986640354091068E-07    0.22331032606474971694E-07
    0.79226645572072076362E+01    0.11745122343060787212E-07    0.26830411122501830325E-07
    0.79314523540140147162E+01    0.91053916828574298359E-08    0.31565176014490809644E-07
    0.79402401508208217962E+01    0.54787075190627321023E-08    0.36434978123095659905E-07
    0.79490279476276279880E+01    0.73795195163975313442E-09    0.41309936551843331745E-07
    0.79578157444344350679E+01   -0.52386892182926037493E-08    0.46027678465001040706E-07
    0.79666035412412421479E+01   -0.12562252685990610809E-07    0.50390757722944694730E-07
    0.79753913380480492279E+01   -0.21326945726510867867E-07    0.54164399617445208824E-07
    0.79841791348548554197E+01   -0.31602831651830006671E-07    0.57075202320274166881E-07
    0.79929669316616624997E+01   -0.43427688787340957172E-07    0.58810509468055301002E-07
    0.80017547284684695796E+01   -0.56798071456545791761E-07    0.59018923312630529460E-07
    0.80105425252752748833E+01   -0.71659240995736691969E-07    0.57312497170266526638E-07
    0.80193303220820819632E+01   -0.87894660477214224647E-07    0.53269961454288403741E-07
    0.80281181188888890432E+01   -0.10531478339323400752E-06    0.46442528233806189559E-07
    0.80369059156956961232E+01   -0.12364542999069641957E-06    0.36361431942675294202E-07
    0.80456937125025032032E+01   -0.14251626459732528709E-06    0.22547817968057156078E-07
    0.80544815093093102831E+01   -0.16144947881574298653E-06    0.45260149778853173368E-08
    0.80632693061161173631E+01   -0.17984894766261852641E-06   -0.18161368856585216870E-07
    0.80720571029229226667E+01   -0.19699106134462917492E-06   -0.45934192034586930647E-07
    0.80808448997297297467E+01   -0.21201676240051341008E-06   -0.79152809746072181349E-07
    0.80896326965365368267E+01   -0.22392609740369539709E-06   -0.11809306871274560696E-06
    0.80984204933433439066E+01   -0.23157644203982105419E-06   -0.16291702177049949610E-06
    0.81072082901501509866E+01   -0.23368319269540208251E-06   -0.21364169399721993524E-06
    0.81159960869569580666E+01   -0.22882685229924459792E-06   -0.27010399947394073293E-06
    0.81247838837637633702E+01   -0.21546441247442883341E-06   -0.33192327232040586360E-06
    0.81335716805705704502E+01   -0.19194711978171961284E-06   -0.39846226911966935200E-06
    0.81423594773773775302E+01   -0.15654734047008379869E-06   -0.46878615548169872294E-06
    0.81511472741841846101E+01   -0.10749063051274128382E-06   -0.54162136237805845806E-06
    0.81599350709909916901E+01   -0.43000083240062244320E-07   -0.61531566312350145099E-06
    0.81687228677977987701E+01    0.38651326827091162399E-07   -0.68779933239313521847E-06
    0.81775106646046058501E+01    0.13907842075675221643E-06   -0.75655057049824800477E-06
    0.81862984614114111537E+01    0.25970754002473009058E-06   -0.81856716644174122817E-06
    0.81950862582182182337E+01    0.40169327084041724520E-06   -0.87034309027946643326E-06
    0.82038740550250253136E+01    0.56582015167600628699E-06   -0.90785866094461462443E-06
    0.82126618518318323936E+01    0.75239494787977699245E-06   -0.92657987625190336626E-06
    0.82214496486386394736E+01    0.96112987783590786591E-06   -0.92147307665164578587E-06
    0.82302374454454465535E+01    0.11910135475088254213E-05   -0.88704123138026771188E-06
    0.82390252422522518572E+01    0.14401774375093096776E-05   -0.81737346759962658402E-06
    0.82478130390590589371E+01    0.17057556816218381197E-05   -0.70622686199534199762E-06
    0.82566008358658660171E+01    0.19837412727919664446E-05   -0.54712919261481032517E-06
    0.82653886326726730971E+01    0.22688450281447982251E-05   -0.33351053389435726147E-06
    0.82741764294794801771E+01    0.25543590090563691058E-05   -0.58874754459412119029E-07
    0.82829642262862872570E+01    0.28320267077249108615E-05    0.28300741118270968819E-06
    0.82917520230930943370E+01    0.30919349459479328003E-05    0.69785672268722064449E-06
    0.83005398198998996406E+01    0.33224208186528630027E-05    0.11906131942241385607E-05
    0.83093276167067067206E+01    0.35100094128561420520E-05    0.17651286526269204355E-05
    0.83181154135135138006E+01    0.36393945710988099315E-05    0.24238115684690305386E-05
    0.83269032103203208806E+01    0.36934486629919909821E-05    0.31672500877006512941E-05
    0.83356910071271279605E+01    0.36533058073749978159E-05    0.39937919793762719495E-05
    0.83444788039339350405E+01    0.34984928386820589939E-05    0.48990988978848622304E-05
    0.83532666007407403441E+01    0.32071330146277275149E-05    0.58756832354003651420E-05
    0.83620543975475474241E+01    0.27562492478496968618E-05    0.69124227373695357876E-05
    0.83708421943543545041E+01    0.21221250374819546075E-05    0.79940735196667491987E-05
    0.83796299911611615840E+01    0.12808000071941827331E-05    0.91007943920789537986E-05
    0.83884177879679686640E+01    0.20865024829855542864E-06    0.10207681498506918007E-04
    0.83972055847747757440E+01   -0.11169211024441183786E-05    0.11284346586716859982E-04
    0.84059933815815828240E+01   -0.27166450929758671359E-05    0.12294556473870883663E-04
    0.84147811783883881276E+01   -0.46084722514259976835E-05    0.13195922621066071901E-04
    0.84235689751951952076E+01   -0.68064944789392609140E-05    0.13939726213205937247E-04
    0.84323567720020022875E+01   -0.93197675560591946350E-05    0.14470832167858661772E-04
    0.84411445688088093675E+01   -0.12151030412807740778E-04    0.14727758018957679814E-04
    0.84499323656156164475E+01   -0.15295288926500754626E-04    0.14642952522974850816E-04
    0.84587201624224235275E+01   -0.18738346727825290044E-04    0.14143206028745714905E-04
    0.84675079592292288311E+01   -0.22455246057638830824E-04    0.13150378714683175259E-04
    0.84762957560360359111E+01   -0.26408660043409924235E-04    0.11582329192174699764E-04
    0.84850835528428429910E+01   -0.30547288487379307292E-04    0.93541324108831567640E-05
    0.84938713496496500710E+01   -0.34804263747676457148E-04    0.63796823713769065670E-05
    0.85026591464564571510E+01   -0.39095603825378055709E-04    0.25735091865920240227E-05
    0.85114469432632642309E+01   -0.43318826005976875028E-04   -0.21469209669688135943E-05
    0.85202347400700713109E+01   -0.47351671403209871758E-04   -0.78586105321307820015E-05
    0.85290225368768766145E+01   -0.51051083102657164321E-04   -0.14630069482298597701E-04
    0.85378103336836836945E+01   -0.54252525578509805881E-04   -0.22517876199025743623E-04
    0.85465981304904907745E+01   -0.56769547202777438947E-04   -0.31563006873556712268E-04
    0.85553859272972978545E+01   -0.58393955935619210951E-04   -0.41786689937869100160E-04
    0.85641737241041049344E+01   -0.58896383654134015144E-04   -0.53185982703930646928E-04
    0.85729615209109120144E+01   -0.58027480375536053415E-04   -0.65729098959980692936E-04
    0.85817493177177173180E+01   -0.55519937237398904678E-04   -0.79350421729196531583E-04
    0.85905371145245243980E+01   -0.51091009604788755155E-04   -0.93945428158094803294E-04
    0.85993249113313314780E+01   -0.44446206119732990596E-04   -0.10936552753451811079E-03
    0.86081127081381385580E+01   -0.35283692669088442329E-04   -0.12541287383239184666E-03
    0.86169005049449456379E+01   -0.23299694147466633765E-04   -0.14183538619651873416E-03
    0.86256883017517527179E+01   -0.81951878457779258214E-05   -0.15832205638902107671E-03
    0.86344760985585597979E+01    0.10316705721393684551E-04   -0.17449855684575850444E-03
    0.86432638953653651015E+01    0.32501806600571327588E-04   -0.18992369048021452639E-03
    0.86520516921721721815E+01    0.58595052646533641249E-04   -0.20408638791209144313E-03
    0.86608394889789792614E+01    0.88789600605330396043E-04   -0.21640377216123422572E-03
    0.86696272857857863414E+01    0.12322455943195007619E-03   -0.22622061543899361696E-03
    0.86784150825925934214E+01    0.16197209995844665800E-03   -0.23280972923523816703E-03
    0.86872028793994005014E+01    0.20502334826423380888E-03   -0.23537461287588976803E-03
    0.86959906762062058050E+01    0.25227359867205237723E-03   -0.23305349364868564233E-03
    0.87047784730130128850E+01    0.30350704157498364227E-03   -0.22492554027272576014E-03
    0.87135662698198199649E+01    0.35838090674302045154E-03   -0.21001985917758650793E-03
    0.87223540666266270449E+01    0.41640957320426434446E-03   -0.18732612908887384239E-03
    0.87311418634334341249E+01    0.47694894935087052759E-03   -0.15580895569192605146E-03
    0.87399296602402412049E+01    0.53918110315311117489E-03   -0.11442444980622171647E-03
    0.87487174570470482848E+01    0.60209998230395934786E-03   -0.62139846118749306387E-04
    0.87575052538538535885E+01    0.66449856207262316538E-03    0.20430447361637334109E-05
    0.87662930506606606684E+01    0.72495721193857815597E-03    0.79062361377485278332E-04
    0.87750808474674677484E+01    0.78183522949696313865E-03    0.16976640112249569321E-03
    0.87838686442742748284E+01    0.83326436260314511086E-03    0.27488133444565859918E-03
    0.87926564410810819084E+01    0.87714595925967740655E-03    0.39497605334743834515E-03
    0.88014442378878889883E+01    0.91115271708626887053E-03    0.53042347523532833078E-03
    0.88102320346946942919E+01    0.93273342407709921784E-03    0.68136032105097106819E-03
    0.88190198315015013719E+01    0.93912473028811953042E-03    0.84764406174318135921E-03
    0.88278076283083084519E+01    0.92736714578172524653E-03    0.10288083559682166881E-02
    0.88365954251151155319E+01    0.89432752125499770639E-03    0.12240177299475873875E-02
    0.88453832219219226118E+01    0.83672961428046192366E-03    0.14320214090239096957E-02
    0.88541710187287296918E+01    0.75118934918022085053E-03    0.16511075232900553501E-02
    0.88629588155355367718E+01    0.63426051267479713509E-03    0.18790590658598490224E-02
    0.88717466123423420754E+01    0.48248654085868001489E-03    0.21131111278567321285E-02
    0.88805344091491491554E+01    0.29246056027292693155E-03    0.23499119235057368271E-02
    0.88893222059559562354E+01    0.60895570398786145431E-04    0.25854886153715249397E-02
    0.88981100027627633153E+01   -0.21530009823498284013E-03    0.28152169488550784354E-02
    0.89068977995695703953E+01   -0.53893628912104834215E-03    0.30338003806550726919E-02
    0.89156855963763774753E+01   -0.91244830610597818694E-03    0.32352550105563511809E-02
    0.89244733931831827789E+01   -0.13377971830654861087E-02    0.34129048004821241867E-02
    0.89332611899899898589E+01   -0.18163615018412899386E-02    0.35593894936598161928E-02
    0.89420489867967969388E+01   -0.23488257234610351344E-02    0.36666806770019738648E-02
    0.89508367836036040188E+01   -0.29350622899194144313E-02    0.37261165613802051458E-02
    0.89596245804104110988E+01   -0.35740105558942610389E-02    0.37284477640892586293E-02
    0.89684123772172181788E+01   -0.42635546873059544659E-02    0.36638998702790189638E-02
    0.89772001740240252587E+01   -0.50004005333826630209E-02    0.35222563925182688409E-02
    0.89859879708308305624E+01   -0.57799540593001909675E-02    0.32929534998621776305E-02
    0.89947757676376376423E+01   -0.65962053541538494261E-02    0.29652004647427294103E-02
    0.90035635644444447223E+01   -0.74416164593372304339E-02    0.25281147932926261758E-02
    0.90123513612512518023E+01   -0.83070193429035567995E-02    0.19708772547206475714E-02
    0.90211391580580588823E+01   -0.91815263622898931478E-02    0.12829107494970774187E-02
    0.90299269548648659622E+01   -0.10052450381473419794E-01    0.45407150643202886424E-03
    0.90387147516716712659E+01   -0.10905248293646960245E-01   -0.52513431766915109281E-03
    0.90475025484784783458E+01   -0.11723478539965389092E-01   -0.16633200568779292657E-02
    0.90562903452852854258E+01   -0.12488783215502756094E-01   -0.29679722069224623825E-02
    0.90650781420920925058E+01   -0.13180899755980616042E-01   -0.44451856007714915173E-02
    0.90738659388988995858E+01   -0.13777691514661913677E-01   -0.60993911030870900936E-02
    0.90826537357057066657E+01   -0.14255220968927744332E-01   -0.79330701991449145000E-02
    0.90914415325125137457E+01   -0.14587847471052397749E-01   -0.99464631484552697843E-02
    0.91002293293193190493E+01   -0.14748362505481367804E-01   -0.12137275538463478119E-01
    0.91090171261261261293E+01   -0.14708169405200657853E-01   -0.14500383420976772908E-01
    0.91178049229329332093E+01   -0.14437488704757356697E-01   -0.17027542324177753763E-01
    0.91265927197397402892E+01   -0.13905618666269299946E-01   -0.19707109047458242629E-01
    0.91353805165465473692E+01   -0.13081226653799198426E-01   -0.22523771993929124491E-01
    0.91441683133533544492E+01   -0.11932682553312036824E-01   -0.25458303539894346079E-01
    0.91529561101601597528E+01   -0.10428441319156486061E-01   -0.28487338823815211430E-01
    0.91617439069669668328E+01   -0.85374509101152889351E-02   -0.31583174893749552115E-01
    0.91705317037737739128E+01   -0.62296118643336527432E-02   -0.34713618198423987216E-01
    0.91793195005805809927E+01   -0.34762646754150422143E-02   -0.37841860439770405589E-01
    0.91881072973873880727E+01   -0.25070870094930482403E-03   -0.40926404351680524540E-01
    0.91968950941941951527E+01    0.34712428022645458459E-02   -0.43921048042146970669E-01
    0.92056828910010004563E+01    0.77106931316210250774E-02   -0.46774906814873444538E-01
    0.92144706878078075363E+01    0.12485067422688265332E-01   -0.49432518201487210541E-01
    0.92232584846146146162E+01    0.17807505930260904281E-01   -0.51833993975485603833E-01
    0.92320462814214216962E+01    0.23686254538547394516E-01   -0.53915244412936630392E-01
    0.92408340782282287762E+01    0.30124052947334951924E-01   -0.55608286071565052322E-01
    0.92496218750350358562E+01    0.37117530484378880029E-01   -0.56841597842605083579E-01
    0.92584096718418411598E+01    0.44656626061462215138E-01   -0.57540579403262841207E-01
    0.92671974686486482398E+01    0.52724024014397706528E-01   -0.57628065771899154857E-01
    0.92759852654554553197E+01    0.61294630804567123983E-01   -0.57024918914408376236E-01
    0.92847730622622623997E+01    0.70335099471435125196E-01   -0.55650707160348124314E-01
    0.92935608590690694797E+01    0.79803391095983014503E-01   -0.53424430024213293011E-01
    0.93023486558758765597E+01    0.89648422553205556196E-01   -0.50265334186204602140E-01
    0.93111364526826818633E+01    0.99809764005269016596E-01   -0.46093777482444635296E-01
    0.93199242494894889433E+01    0.11021742454532892919E+00   -0.40832147682055362770E-01
    0.93287120462962960232E+01    0.12079173867606902981E+00   -0.34405842487929570728E-01
    0.93374998431031031032E+01    0.13144331768425071560E+00   -0.26744273862218562871E-01
    0.93462876399099101832E+01    0.14207314287264158348E+00   -0.17781913979615052157E-01
    0.93550754367167172632E+01    0.15257273740662183337E+00   -0.74593603790255270589E-02
    0.93638632335235243431E+01    0.16282446011910434169E+00    0.42755954246341603894E-02
    0.93726510303303296467E+01    0.17270193682483478415E+00    0.17466896851141264224E-01
    0.93814388271371367267E+01    0.18207057150553196401E+00    0.32149164864893990667E-01
    0.93902266239439438067E+01    0.19078822457916916333E+00    0.48346681824401112337E-01
    0.93990144207507508867E+01    0.19870598094058899985E+00    0.66072401978670064482E-01
    0.94078022175575579666E+01    0.20566904254667861540E+00    0.85327029774897616976E-01
    0.94165900143643650466E+01    0.21151775945398706980E+00    0.10609817540057493723E+00
    0.94253778111711703502E+01    0.21608873271568920793E+00    0.12835957046572710194E+00
    0.94341656079779774302E+01    0.21921605982075034746E+00    0.15207042125511488484E+00
    0.94429534047847845102E+01    0.22073265365176950037E+00    0.17717483993408997267E+00
    0.94517412015915915902E+01    0.22047164633985558146E+00    0.20360141483450422406E+00
    0.94605289983983986701E+01    0.21826788568385574463E+00    0.23126293589022972608E+00
    0.94693167952052057501E+01    0.21395946834645357404E+00    0.26005622063510974717E+00
    0.94781045920120128301E+01    0.20738933559949232488E+00    0.28986215662429831719E+00
    0.94868923888188181337E+01    0.19840689716233045337E+00    0.32054586167244303319E+00
    0.94956801856256252137E+01    0.18686966033125332332E+00    0.35195702879286611120E+00
    0.95044679824324322936E+01    0.17264486290306199634E+00    0.38393047427250437398E+00
    0.95132557792392393736E+01    0.15561108599558792775E+00    0.41628680468322898367E+00
    0.95220435760460464536E+01    0.13565980806482993981E+00    0.44883332939148740115E+00
    0.95308313728528535336E+01    0.11269692132517306060E+00    0.48136510258438103271E+00
    0.95396191696596588372E+01    0.86644152035878982399E-01    0.51366614758498674309E+00
    0.95484069664664659172E+01    0.57440374022353302141E-01    0.54551087888584226526E+00
    0.95571947632732729971E+01    0.25042838267580167649E-01    0.57666562790533471006E+00
    0.95659825600800800771E+01   -0.10571786038346976319E-01    0.60689037249854627110E+00
    0.95747703568868871571E+01   -0.49406475537208713322E-01    0.63594056968567103105E+00
    0.95835581536936942371E+01   -0.91443105604134627962E-01    0.66356911080422686933E+00
    0.95923459505005013170E+01   -0.13664190871242951064E+00    0.68952840701753104202E+00
    0.96011337473073066207E+01   -0.18494106681005278991E+00    0.71357252826553518865E+00
    0.96099215441141137006E+01   -0.23625658742203464735E+00    0.73545943426722260039E+00
    0.96187093409209207806E+01   -0.29048233140228535420E+00    0.75495324668879959518E+00
    0.96274971377277278606E+01   -0.34749028002355408784E+00    0.77182653626497554900E+00
    0.96362849345345349406E+01   -0.40713105876509536607E+00    0.78586262342158552663E+00
    0.96450727313413420205E+01   -0.46923461176874914358E+00    0.79685785805242481672E+00
    0.96538605281481491005E+01   -0.53361118234153237516E+00    0.80462383603193521342E+00
    0.96626483249549544041E+01   -0.60005245164418341552E+00    0.80898957456468401084E+00
    0.96714361217617614841E+01   -0.66833290053199378988E+00    0.80980357610096564969E+00
    0.96802239185685685641E+01   -0.73821140736832280282E+00    0.80693577140082883847E+00
    0.96890117153753756440E+01   -0.80943296862537161829E+00    0.80027936483908757026E+00
    0.96977995121821827240E+01   -0.88173065627344660022E+00    0.78975246316318348239E+00
    0.97065873089889898040E+01   -0.95482769197920702720E+00    0.77529958515804064945E+00
    0.97153751057957951076E+01   -0.10284396566561959663E+01    0.75689295391809163771E+00
    0.97241629026026021876E+01   -0.11022768402624472106E+01    0.73453355839953993200E+00
    0.97329506994094092676E+01   -0.11760466445694193194E+01    0.70825206265974016695E+00
    0.97417384962162163475E+01   -0.12494560718168987723E+01    0.67810939746413922968E+00
    0.97505262930230234275E+01   -0.13222142482033432120E+01    0.64419718493263256054E+00
    0.97593140898298305075E+01   -0.13940349416508595048E+01    0.60663789668420542434E+00
    0.97681018866366375875E+01   -0.14646390705030982726E+01    0.56558473317449675655E+00
    0.97768896834434428911E+01   -0.15337571700455905344E+01    0.52122133805258086259E+00
    0.97856774802502499710E+01   -0.16011317496271411098E+01    0.47376118224575058946E+00
    0.97944652770570570510E+01   -0.16665195829705696795E+01    0.42344678037730631992E+00
    0.98032530738638641310E+01   -0.17296938350834301090E+01    0.37054866780325890208E+00
    0.98120408706706712110E+01   -0.17904460167912361612E+01    0.31536413071390806406E+00
    0.98208286674774782909E+01   -0.18485878020594752602E+01    0.25821580656403764209E+00
    0.98296164642842835946E+01   -0.19039525488585573587E+01    0.19945003736978700326E+00
    0.98384042610910906745E+01   -0.19563966594908166474E+01    0.13943510314808477135E+00
    0.98471920578978977545E+01   -0.20058006458713744102E+01    0.78559312478268542024E-01
    0.98559798547047048345E+01   -0.20520698892948834313E+01    0.17228948459125911774E-01
    0.98647676515115119145E+01   -0.20951351934854098857E+01   -0.44133842819659978296E-01
    0.98735554483183189944E+01   -0.21349529118125243343E+01   -0.10509325925904193511E+00
    0.98823432451251260744E+01   -0.21715048526808802265E+01   -0.16520208962714971745E+00
    0.98911310419319313780E+01   -0.22047978178463600862E+01   -0.22400397101249722165E+00
    0.98999188387387384580E+01   -0.22348634247806358211E+01   -0.28103760744062461496E+00
    0.99087066355455455380E+01   -0.22617753736571879486E+01   -0.33589333345889488269E+00
    0.99174944323523526180E+01   -0.22857118948308738915E+01   -0.38840485725810491857E+00
    0.99262822291591596979E+01   -0.23070112869663903510E+01   -0.43882674873168975305E+00
    0.99350700259659667779E+01   -0.23260470520021456764E+01   -0.48751856204849258747E+00
    0.99438578227727720815E+01   -0.23429253583820157658E+01   -0.53414034637279894646E+00
    0.99526456195795791615E+01   -0.23573134861886262392E+01   -0.57713957138485882936E+00
    0.99614334163863862415E+01   -0.23686710716781496089E+01   -0.61416841834210877948E+00
    0.99702212131931933214E+01   -0.23765859330601424304E+01   -0.64269866087066274130E+00
    0.99790090100000004014E+01   -0.23807181365624994207E+01   -0.65941722860325291400E+00
