    0.11999999999999999556E+01    0.00000000000000000000E+00    0.00000000000000000000E+00
    0.12087877968068068135E+01   -0.15603874157113957362E-09   -0.10780881372472126628E-16
    0.12175755936136136715E+01    0.23883840110700178382E-09   -0.86314750387661183825E-17
    0.12263633904204203073E+01    0.22117503114679644739E-09   -0.66221859431521648172E-17
    0.12351511872272271653E+01   -0.51511741560262014139E-09   -0.54786739907352342261E-17
    0.12439389840340340232E+01   -0.50088337477299483066E-09   -0.10285478886803205526E-17
    0.12527267808408408811E+01    0.95750762715078043788E-09    0.75924511071837987310E-17
    0.12615145776476475170E+01    0.21855744346038457708E-08    0.13927056732304493611E-16
    0.12703023744544543749E+01    0.12653568757004829076E-08    0.11044094758420817740E-16
    0.12790901712612612329E+01   -0.92403932497551290804E-09    0.10704800305607325705E-17
    0.12878779680680680908E+01   -0.13528071090007082834E-08   -0.59758077433540254867E-17
    0.12966657648748749487E+01    0.92449007174359869072E-09   -0.38360279163382869675E-17
    0.13054535616816815846E+01    0.25985197313897598725E-08    0.26097347690928791156E-17
    0.13142413584884884425E+01    0.34241947959021803542E-09    0.42804698471132658153E-17
    0.13230291552952953005E+01   -0.35594504425549003947E-08   -0.10908157185091495429E-17
    0.13318169521021021584E+01   -0.29936737040884812155E-08   -0.78146588749999286975E-17
    0.13406047489089087943E+01    0.30984443716260883274E-08   -0.10786084159241654859E-16
    0.13493925457157156522E+01    0.65929033358476333971E-08   -0.11214169614306926875E-16
    0.13581803425225225102E+01    0.24589660149152151970E-09   -0.12100678166749588221E-16
    0.13669681393293293681E+01   -0.94564252606225255467E-08   -0.11055179895103501487E-16
    0.13757559361361360040E+01   -0.73368420203652982318E-08   -0.15921715834360394823E-17
    0.13845437329429428619E+01    0.85138003222430589303E-08    0.17424618224313704052E-16
    0.13933315297497497198E+01    0.17022466383410593314E-07    0.36269011563430715262E-16
    0.14021193265565565778E+01    0.85818126074382818787E-10    0.41196991128489217619E-16
    0.14109071233633634357E+01   -0.24865107256112090405E-07    0.24934508395791729211E-16
    0.14196949201701700716E+01   -0.18528928840769982561E-07   -0.97146615068278676266E-17
    0.14284827169769769295E+01    0.23369391596947317848E-07   -0.53066828716042437388E-16
    0.14372705137837837874E+01    0.45719633254165702904E-07   -0.93648247645205699022E-16
    0.14460583105905906454E+01    0.28074336252649749123E-08   -0.12566327285027650971E-15
    0.14548461073973975033E+01   -0.56040929385743018714E-07   -0.15523667811858605862E-15
    0.14636339042042041392E+01   -0.20663622243917798991E-07   -0.19252913911162123641E-15
    0.14724217010110109971E+01    0.13530846182240574331E-06   -0.23100750725985992897E-15
    0.14812094978178178550E+01    0.30673397053314889690E-06   -0.23960484860319732725E-15
    0.14899972946246244909E+01    0.47781776690984115070E-06   -0.19000675968973873476E-15
    0.14987850914314313489E+01    0.10128651634795375584E-05   -0.91271260201412875449E-16
    0.15075728882382382068E+01    0.27522900598028046318E-05    0.12977698681751395384E-16
    0.15163606850450450647E+01    0.69499913477957472275E-05    0.82445499270459719378E-16
    0.15251484818518519226E+01    0.15844781058422666907E-04    0.10855158512209050532E-15
    0.15339362786586585585E+01    0.34796762227911807010E-04    0.10916039639296830437E-15
    0.15427240754654654165E+01    0.75358512711022420413E-04    0.11034793037837885772E-15
    0.15515118722722722744E+01    0.16071117303252237881E-03    0.12403440409822801503E-15
    0.15602996690790791323E+01    0.33355918380834976211E-03    0.12343927692530139236E-15
    0.15690874658858859902E+01    0.67051118017761831332E-03    0.47645706285514713130E-16
    0.15778752626926926261E+01    0.13110621607616585339E-02   -0.12446099384703509142E-15
    0.15866630594994994841E+01    0.24948876467909184527E-02   -0.29611055619893204601E-15
    0.15954508563063063420E+01    0.46186460185695119365E-02   -0.31055875674451726747E-15
    0.16042386531131129779E+01    0.83111999863645161235E-02   -0.13063754651067786518E-15
    0.16130264499199198358E+01    0.14523354231500822456E-01    0.78237856805170421283E-16
    0.16218142467267266937E+01    0.24645989735917660235E-01    0.12734121598872151994E-15
    0.16306020435335335517E+01    0.40623054387482163130E-01    0.40190115013633282540E-16
    0.16393898403403404096E+01    0.64966380685929622785E-01    0.45188958761105808937E-16
    0.16481776371471470455E+01    0.10067193183369067822E+00    0.34681419202338975900E-15
    0.16569654339539539034E+01    0.15093979095983389715E+00    0.96036196489043464621E-15
    0.16657532307607607613E+01    0.21846742870234742151E+00    0.17590137617109362327E-14
    0.16745410275675676193E+01    0.30453487995229305829E+00    0.25925958833189519204E-14
    0.16833288243743744772E+01    0.40773379189476638418E+00    0.33817757934348663067E-14
    0.16921166211811811131E+01    0.52239946438136031226E+00    0.41835355844648148137E-14
    0.17009044179879879710E+01    0.63748619256985039616E+00    0.51622268104230835095E-14
    0.17096922147947948289E+01    0.73654890881691048587E+00    0.63523034287959344557E-14
    0.17184800116016014648E+01    0.79851678284877469771E+00    0.74120169703194159360E-14
    0.17272678084084085448E+01    0.80098383170049836099E+00    0.77800523095944713139E-14
    0.17360556052152151807E+01    0.72575128244144881950E+00    0.71835573701757684655E-14
    0.17448434020220220386E+01    0.56459906882558219543E+00    0.58997860425947909957E-14
    0.17536311988288288966E+01    0.32493965835422161659E+00    0.43588187763487158050E-14
    0.17624189956356355324E+01    0.34390930320678490817E-01    0.26118421003857078919E-14
    0.17712067924424426124E+01   -0.26108833985002966038E+00    0.39110798028304741246E-15
    0.17799945892492492483E+01   -0.50491984014537882874E+00   -0.23097922060312131807E-14
    0.17887823860560561062E+01   -0.64083079768174333601E+00   -0.48884909606166081047E-14
    0.17975701828628629642E+01   -0.62937955000728817989E+00   -0.64542626217369395831E-14
    0.18063579796696696000E+01   -0.46469131055722551205E+00   -0.63427588545456768157E-14
    0.18151457764764764580E+01   -0.18062963322844635683E+00   -0.44068050366753958259E-14
    0.18239335732832833159E+01    0.15277657055892440718E+00   -0.10967760630032908560E-14
    0.18327213700900899518E+01    0.44152890437176284255E+00    0.26125781937693516198E-14
    0.18415091668968970318E+01    0.59647219019063557610E+00    0.55813187931605972121E-14
    0.18502969637037036676E+01    0.56548845607563236193E+00    0.69278708560503668605E-14
    0.18590847605105105256E+01    0.35172385657563454142E+00    0.62495724835124440540E-14
    0.18678725573173173835E+01    0.18754127059701992258E-01    0.36618866903434114987E-14
    0.18766603541241240194E+01   -0.31981267268682994631E+00   -0.20320181953401847902E-15
    0.18854481509309310994E+01   -0.54169328785694936812E+00   -0.42416926629109638115E-14
    0.18942359477377377353E+01   -0.56449101873549956121E+00   -0.70010495761342444404E-14
    0.19030237445445445932E+01   -0.37454835952426912549E+00   -0.71899654835318931580E-14
    0.19118115413513514511E+01   -0.37433226262934014839E-01   -0.45008987751845110682E-14
    0.19205993381581580870E+01    0.31389283952236529673E+00   -0.21043630212594829484E-16
    0.19293871349649649449E+01    0.53503087568629792425E+00    0.43391721149542439732E-14
    0.19381749317717718029E+01    0.53549217642257707084E+00    0.67227087659654893879E-14
    0.19469627285785784387E+01    0.31191854691701415003E+00    0.60560488289234987940E-14
    0.19557505253853855187E+01   -0.47837641791149333736E-01    0.26208209132436971288E-14
    0.19645383221921921546E+01   -0.38689757021127313408E+00   -0.18769001599839693207E-14
    0.19733261189989990125E+01   -0.55111768300891539329E+00   -0.52866701628030787291E-14
    0.19821139158058058705E+01   -0.46840555342175715925E+00   -0.62160023992160525090E-14
    0.19909017126126125063E+01   -0.17569031473384297271E+00   -0.44902525269414445536E-14
    0.19996895094194195863E+01    0.20003660226707176140E+00   -0.96601164242563565308E-15
    0.20084773062262262222E+01    0.48428109374369682216E+00    0.28344484118284604886E-14
    0.20172651030330328581E+01    0.53688535786061752919E+00    0.53131428815869614072E-14
    0.20260528998398399381E+01    0.33393669717225837879E+00    0.54180283695213275866E-14
    0.20348406966466465740E+01   -0.24930631852652734848E-01    0.30201429619699080167E-14
    0.20436284934534532098E+01   -0.37272954456653989430E+00   -0.93442912459932693611E-15
    0.20524162902602602898E+01   -0.54253234282493401075E+00   -0.46296767962396567600E-14
    0.20612040870670673698E+01   -0.44327100133512431501E+00   -0.62897660457680653169E-14
    0.20699918838738740057E+01   -0.12313596008822107197E+00   -0.51860643240194456132E-14
    0.20787796806806806416E+01    0.25388881649922445671E+00   -0.18812848946196664715E-14
    0.20875674774874877215E+01    0.50326917437380713771E+00    0.21738787108934839481E-14
    0.20963552742942943574E+01    0.50516949759077633963E+00    0.51934558388880442941E-14
    0.21051430711011009933E+01    0.25147333636393481848E+00    0.57696528955529130604E-14
    0.21139308679079080733E+01   -0.13313751042717711370E+00    0.35504051170032741396E-14
    0.21227186647147147092E+01   -0.44731718922284113837E+00   -0.58145643337560665077E-15
    0.21315064615215213450E+01   -0.53075908467492038945E+00   -0.47595394189960452565E-14
    0.21402942583283284250E+01   -0.34821858027002899894E+00   -0.67416843907214096743E-14
    0.21490820551351350609E+01    0.11225093097708908896E-01   -0.51605778280291536256E-14
    0.21578698519419421409E+01    0.36956309939386111640E+00   -0.70677158728104954050E-15
    0.21666576487487487768E+01    0.53770154049451879263E+00    0.42226718285447812953E-14
    0.21754454455555558567E+01    0.42466575515371030036E+00    0.71165939280808860321E-14
    0.21842332423623624926E+01    0.96215114957736949663E-01    0.66373201097602205243E-14
    0.21930210391691691285E+01   -0.27840656266129554242E+00    0.29938061692566882466E-14
    0.22018088359759762085E+01   -0.51360080851505973687E+00   -0.20975100945482339743E-14
    0.22105966327827828444E+01   -0.48600966339955692375E+00   -0.61341587499939309931E-14
    0.22193844295895894803E+01   -0.20255450029552424240E+00   -0.70797714360016198489E-14
    0.22281722263963965602E+01    0.18494503796709960142E+00   -0.43394618469129074051E-14
    0.22369600232032031961E+01    0.47227742023400642868E+00    0.95234915557581022106E-15
    0.22457478200100098320E+01    0.51821793480160649459E+00    0.60662476874446333406E-14
    0.22545356168168169120E+01    0.30100164111943045198E+00    0.79483515693721112730E-14
    0.22633234136236239920E+01   -0.75345113278880118668E-01    0.53384926499761779923E-14
    0.22721112104304301837E+01   -0.41517121915010413158E+00   -0.18114259257488900393E-15
    0.22808990072372372637E+01   -0.53657472052811738816E+00   -0.54940615990602770270E-14
    0.22896868040440443437E+01   -0.38192107401178337911E+00   -0.78552616574772656861E-14
    0.22984746008508509796E+01   -0.36075780313342284411E-01   -0.60684633289419136838E-14
    0.23072623976576576155E+01    0.32999320764019379748E+00   -0.10267774693977340386E-14
    0.23160501944644646954E+01    0.53151603277382886148E+00    0.45190056464739243179E-14
    0.23248379912712713313E+01    0.45814319392012320398E+00    0.76085534327926278769E-14
    0.23336257880780779672E+01    0.14878185337980015523E+00    0.68911175899882620312E-14
    0.23424135848848850472E+01   -0.23198064373766802415E+00    0.30210904005033136465E-14
    0.23512013816916916831E+01   -0.49432675188416652645E+00   -0.20829443965752809544E-14
    0.23599891784984983190E+01   -0.51179531160035096615E+00   -0.61127972483928946529E-14
    0.23687769753053053989E+01   -0.27002325585222664017E+00   -0.72732517991341842105E-14
    0.23775647721121124789E+01    0.11128176275539249096E+00   -0.50731127403191277751E-14
    0.23863525689189186707E+01    0.43435637617603983784E+00   -0.47690919284981301263E-15
    0.23951403657257257507E+01    0.53804385034760759954E+00    0.44614395282039430476E-14
    0.24039281625325328307E+01    0.37873502000806213985E+00    0.73051057625699148361E-14
    0.24127159593393394665E+01    0.32634934090804521012E-01    0.65040934628074270952E-14
    0.24215037561461461024E+01   -0.33375001283113675532E+00    0.25481247406153675275E-14
    0.24302915529529531824E+01   -0.53564124917979671903E+00   -0.23913755112526320725E-14
    0.24390793497597598183E+01   -0.47179780991427616721E+00   -0.59691319247954330581E-14
    0.24478671465665664542E+01   -0.18110204620968051170E+00   -0.68161564074481806758E-14
    0.24566549433733735341E+01    0.19531652350512873628E+00   -0.47593944369821236673E-14
    0.24654427401801801700E+01    0.48109412359162190276E+00   -0.71879577550887448431E-15
    0.24742305369869868059E+01    0.53657166078954987576E+00    0.36294853243141877870E-14
    0.24830183337937938859E+01    0.33123931239030190987E+00    0.63722946247080181334E-14
    0.24918061306006009659E+01   -0.30618499392293680589E-01    0.60247279915062454404E-14
    0.25005939274074071577E+01   -0.37504603976575229263E+00    0.24396456948678189583E-14
    0.25093817242142142376E+01   -0.54520235700455466077E+00   -0.25233580628566901633E-14
    0.25181695210210213176E+01   -0.46151432278540011067E+00   -0.59432057121262307747E-14
    0.25269573178278279535E+01   -0.15871574118085549077E+00   -0.59529955990127022204E-14
    0.25357451146346345894E+01    0.21801550150800763639E+00   -0.29255408572036971868E-14
    0.25445329114414416694E+01    0.49094077465674557104E+00    0.13504372715843076237E-14
    0.25533207082482483052E+01    0.53995919285019522427E+00    0.49639649706101998813E-14
    0.25621085050550549411E+01    0.34508519398859704985E+00    0.65720688241921383271E-14
    0.25708963018618620211E+01   -0.91867114344720435942E-02    0.56179823313623677178E-14
    0.25796840986686686570E+01   -0.36056945475551965830E+00    0.24126746834920061577E-14
    0.25884718954754752929E+01   -0.54747558517017702595E+00   -0.19557503110705254879E-14
    0.25972596922822823728E+01   -0.49112281682537373140E+00   -0.58274067081311667858E-14
    0.26060474890890894528E+01   -0.22004663326946458102E+00   -0.75040041868448132440E-14
    0.26148352858958960887E+01    0.14980891005303387242E+00   -0.60117646004322599329E-14
    0.26236230827027027246E+01    0.45598447677900150188E+00   -0.16371766224216327112E-14
    0.26324108795095098046E+01    0.56166208920418225770E+00    0.40096205990609342120E-14
    0.26411986763163164404E+01    0.42489630415656465257E+00    0.82616968240051082518E-14
    0.26499864731231230763E+01    0.10836088450693785734E+00    0.86361953605491547132E-14
    0.26587742699299301563E+01   -0.25573217837674122599E+00    0.47140297125201051615E-14
    0.26675620667367367922E+01   -0.51351456878679579976E+00   -0.12338809255553721545E-14
    0.26763498635435434281E+01   -0.55306025770742772707E+00   -0.60716603349092183569E-14
    0.26851376603503505081E+01   -0.36085690258565522592E+00   -0.79660776981535723287E-14
    0.26939254571571571439E+01   -0.20908705095350806763E-01   -0.68033489118663744960E-14
    0.27027132539639637798E+01    0.32859601072773331198E+00   -0.33307217137637598063E-14
    0.27115010507707708598E+01    0.54541190872856459837E+00    0.14477119534669110063E-14
    0.27202888475775779398E+01    0.53834570585263563647E+00    0.61824988902176380294E-14
    0.27290766443843845757E+01    0.31290512025519112704E+00    0.90593249212703592735E-14
    0.27378644411911912115E+01   -0.36249345981939573580E-01    0.84821518238479038040E-14
    0.27466522379979982915E+01   -0.37159212097760269122E+00    0.42925606358314786860E-14
    0.27554400348048049274E+01   -0.56195909537653476740E+00   -0.17699152563945130467E-14
    0.27642278316116115633E+01   -0.53037718511632692131E+00   -0.70892982782308979280E-14
    0.27730156284184186433E+01   -0.29162170809562337759E+00   -0.94915928233949792243E-14
    0.27818034252252252791E+01    0.58131960484979532111E-01   -0.80023228544402050883E-14
    0.27905912220320319150E+01    0.38611927013358710026E+00   -0.31662946484519168511E-14
    0.27993790188388389950E+01    0.56917991112694987788E+00    0.30818326857530408384E-14
    0.28081668156456460750E+01    0.53655085710884442562E+00    0.82878466777238820484E-14
    0.28169546124524522668E+01    0.30282572916417055398E+00    0.10479545882532148461E-13
    0.28257424092592593468E+01   -0.41761712881700892297E-01    0.88182236025029374064E-14
    0.28345302060660664267E+01   -0.37150628150858527876E+00    0.39641927477542705078E-14
    0.28433180028728730626E+01   -0.56725759974907763450E+00   -0.20784924180767322000E-14
    0.28521057996796796985E+01   -0.55667013807566922967E+00   -0.70047578920291279779E-14
    0.28608935964864867785E+01   -0.34592283111958449515E+00   -0.93194209745775437874E-14
    0.28696813932932934144E+01   -0.13241760459947130718E-01   -0.86218167891130015750E-14
    0.28784691901001000502E+01    0.32472156286899728217E+00   -0.53075396718893277038E-14
    0.28872569869069071302E+01    0.55015323370034652228E+00   -0.31200711975766049162E-15
    0.28960447837137137661E+01    0.58336008737031130877E+00    0.49785096284622187905E-14
    0.29048325805205204020E+01    0.41536242237326365112E+00    0.88578596182450022118E-14
    0.29136203773273274820E+01    0.10648596267525803349E+00    0.98410659816960331190E-14
    0.29224081741341345619E+01   -0.23919509602820301919E+00    0.74610976981545893938E-14
    0.29311959709409407537E+01   -0.50548942626975768011E+00    0.26004289008047471191E-14
    0.29399837677477478337E+01   -0.60255191950161635095E+00   -0.30384011729246193855E-14
    0.29487715645545549137E+01   -0.50092096582127088045E+00   -0.76464326161731815221E-14
    0.29575593613613615496E+01   -0.23647304204100483283E+00   -0.98072611726356321310E-14
    0.29663471581681681855E+01    0.10535376497050905065E+00   -0.88336313294522509662E-14
    0.29751349549749752654E+01    0.41404777293001104876E+00   -0.49456502942718342052E-14
    0.29839227517817819013E+01    0.59048120156866035213E+00    0.80365075020519447178E-15
    0.29927105485885885372E+01    0.58159831425381081083E+00    0.67276579999099512446E-14
    0.30014983453953956172E+01    0.39236780090097755913E+00    0.10972391783076830154E-13
    0.30102861422022022531E+01    0.81352140242235179701E-01    0.12152300969884639839E-13
    0.30190739390090088889E+01   -0.25477844005291283569E+00    0.98056786977137689357E-14
    0.30278617358158159689E+01   -0.51336791417814886529E+00    0.45107177280202025642E-14
    0.30366495326226230489E+01   -0.61899812770190010269E+00   -0.21784819531146069490E-14
    0.30454373294294292407E+01   -0.54185818752497516559E+00   -0.82106919035563511751E-14
    0.30542251262362363207E+01   -0.30511045494018679269E+00   -0.11783490498550352136E-13
    0.30630129230430434006E+01    0.20099019651008156323E-01   -0.11898218501524739319E-13
    0.30718007198498500365E+01    0.33919435705090311695E+00   -0.85466281702305857528E-14
    0.30805885166566566724E+01    0.56249614888191490358E+00   -0.27296771074804993012E-14
    0.30893763134634637524E+01    0.62765570748040389049E+00    0.38493614126930264133E-14
    0.30981641102702703883E+01    0.51722685100217768994E+00    0.93077402956721875910E-14
    0.31069519070770770242E+01    0.26441839940190237090E+00    0.12078670924778310493E-13
    0.31157397038838841041E+01   -0.60559457668095027782E-01    0.11327690525914331576E-13
    0.31245275006906907400E+01   -0.36980688471237743720E+00    0.72612291886902794888E-14
    0.31333152974974973759E+01   -0.58003739514414276446E+00    0.10447877028218325522E-14
    0.31421030943043044559E+01   -0.63616829958271481349E+00   -0.55484584273339030912E-14
    0.31508908911111115358E+01   -0.52589451319939028995E+00   -0.10623484380149467462E-13
    0.31596786879179177276E+01   -0.27885646364183952484E+00   -0.12835173378165276821E-13
    0.31684664847247248076E+01    0.40358826653803227258E-01   -0.11936898828087541413E-13
    0.31772542815315318876E+01    0.34914112731508317733E+00   -0.85760509203783826799E-14
    0.31860420783383385235E+01    0.56997655726944729260E+00   -0.36163120866132751855E-14
    0.31948298751451451594E+01    0.64927556337684377841E+00    0.22006922922321618554E-14
    0.32036176719519522393E+01    0.56813667629980357798E+00    0.79641002973393837037E-14
    0.32124054687587593193E+01    0.34814257097423567666E+00    0.12310061364166449385E-13
    0.32211932655655655111E+01    0.44318119811260596463E-01    0.13864424618288028789E-13
    0.32299810623723725911E+01   -0.27036571333464837208E+00    0.12121670476868140481E-13
    0.32387688591791796711E+01   -0.52154711439940504292E+00    0.77672875740830845706E-14
    0.32475566559859858629E+01   -0.65059871620260811831E+00    0.20231374461062524260E-14
    0.32563444527927929428E+01   -0.62943760655015212890E+00   -0.40797081519203924569E-14
    0.32651322495996000228E+01   -0.46470048146915504672E+00   -0.96876184771084198067E-14
    0.32739200464064062146E+01   -0.19464881130827796363E+00   -0.13665314370797156156E-13
    0.32827078432132132946E+01    0.11895555101658317199E+00   -0.14634293314757678492E-13
    0.32914956400200203745E+01    0.40623706648962826238E+00   -0.11881135836738473108E-13
    0.33002834368268265663E+01    0.60537703184206892448E+00   -0.61903182062792818311E-14
    0.33090712336336336463E+01    0.67446222490594942567E+00    0.56625573722841701570E-15
    0.33178590304404407263E+01    0.60009656952319878620E+00    0.66032989642795483467E-14
    0.33266468272472478063E+01    0.40015403164649926415E+00    0.10901624060314227647E-13
    0.33354346240540539981E+01    0.11743048962716770567E+00    0.12987250408810496845E-13
    0.33442224208608610780E+01   -0.18956500405801265940E+00    0.12585843822139031368E-13
    0.33530102176676681580E+01   -0.45851826864160488695E+00    0.96815209036829267296E-14
    0.33617980144744743498E+01   -0.63666094558251051794E+00    0.48139084740634695003E-14
    0.33705858112812814298E+01   -0.69083004408670634078E+00   -0.90477721144375093464E-15
    0.33793736080880885098E+01   -0.61202723835299377431E+00   -0.62514993701187953844E-14
    0.33881614048948947016E+01   -0.41715183096335473056E+00   -0.10363573141716977773E-13
    0.33969492017017017815E+01   -0.14445539425690986923E+00   -0.12763103364928240130E-13
    0.34057369985085088615E+01    0.15500239711445301660E+00   -0.13113220509372836278E-13
    0.34145247953153150533E+01    0.42659755570272522851E+00   -0.11163538975612273746E-13
    0.34233125921221221333E+01    0.62198721448999527706E+00   -0.70287352475276775487E-14
    0.34321003889289292133E+01    0.70803191690774325284E+00   -0.14425838113587842818E-14
    0.34408881857357362932E+01    0.67128377879802481054E+00    0.44214123429134200759E-14
    0.34496759825425424850E+01    0.51946635820175923737E+00    0.93910097156124877574E-14
    0.34584637793493495650E+01    0.27992837129336284319E+00    0.12609866726351749973E-13
    0.34672515761561566450E+01   -0.63171747817536523170E-02    0.13620666978669404115E-13
    0.34760393729629628368E+01   -0.29172209519866920679E+00    0.12374869246043689798E-13
    0.34848271697697699167E+01   -0.52983320850889181752E+00    0.91663972038090832382E-14
    0.34936149665765769967E+01   -0.68306049549590974745E+00    0.45207042869920381580E-14
    0.35024027633833831885E+01   -0.72840326924970910660E+00   -0.89198755060467960587E-15
    0.35111905601901902685E+01   -0.65995116764116779073E+00   -0.63005946140029271963E-14
    0.35199783569969973485E+01   -0.48974868258316467395E+00   -0.10882235847394340227E-13
    0.35287661538038035403E+01   -0.24507790389877870396E+00   -0.13873235815392957407E-13
    0.35375539506106106202E+01    0.36503114110700236872E-01   -0.14717270775033380728E-13
    0.35463417474174177002E+01    0.31280964114474496540E+00   -0.13201960456472654584E-13
    0.35551295442242247802E+01    0.54347562672072391443E+00   -0.95720226478534645114E-14
    0.35639173410310309720E+01    0.69605081604047969179E+00   -0.45656149138474461660E-14
    0.35727051378378380520E+01    0.74994908043951680199E+00    0.83696770943602202815E-15
    0.35814929346446451319E+01    0.69893263073026190568E+00    0.58210300176029915522E-14
    0.35902807314514513237E+01    0.55166622094833217549E+00    0.99209613030913715022E-14
    0.35990685282582584037E+01    0.32946872476630911786E+00    0.12842785950148293740E-13
    0.36078563250650654837E+01    0.63112139957903046206E-01    0.14270302751404010966E-13
    0.36166441218718716755E+01   -0.21160940525451299443E+00    0.13936808736230557918E-13
    0.36254319186786787554E+01   -0.45899659194109243554E+00    0.11845348641095309046E-13
    0.36342197154854858354E+01   -0.64797136051306558624E+00    0.83428184208817899388E-14
    0.36430075122922929154E+01   -0.75561962246087088779E+00    0.39559032614337803857E-14
    0.36517953090990991072E+01   -0.76998994807628684534E+00   -0.79004236183548534951E-15
    0.36605831059059061872E+01   -0.69083758238793613327E+00   -0.54054300700876739460E-14
    0.36693709027127132671E+01   -0.52905780959004533592E+00   -0.93885774406844856065E-14
    0.36781586995195194589E+01   -0.30507247134325005122E+00   -0.12245310219326716824E-13
    0.36869464963263265389E+01   -0.45780689798911408661E-01   -0.13618485221478760211E-13
    0.36957342931331336189E+01    0.21882522388992614593E+00   -0.13403603990057173075E-13
    0.37045220899399398107E+01    0.45908855107792351236E+00   -0.11713230735780498475E-13
    0.37133098867467468907E+01    0.64907967286413958963E+00   -0.87574800967651887349E-14
    0.37220976835535539706E+01    0.76926593446242852448E+00   -0.47906836413234389190E-14
    0.37308854803603601624E+01    0.80810142537585394340E+00   -0.16527879009694421764E-15
    0.37396732771671672424E+01    0.76303394459926010551E+00    0.46186369643329165386E-14
    0.37484610739739743224E+01    0.64018786655116410866E+00    0.89730642082073537662E-14
    0.37572488707807814023E+01    0.45322996103153495584E+00    0.12345383143784499131E-13
    0.37660366675875875941E+01    0.22172121092003371778E+00    0.14334082059443743434E-13
    0.37748244643943946741E+01   -0.31206277660929565565E-01    0.14785783401544455155E-13
    0.37836122612012017541E+01   -0.28127906683538206334E+00    0.13838885492909785588E-13
    0.37924000580080079459E+01   -0.50535037837532637006E+00    0.11778436684470288931E-13
    0.38011878548148150259E+01   -0.68353097547752128538E+00    0.87986665444730019460E-14
    0.38099756516216221058E+01   -0.80083395291055137211E+00    0.49625957275981258142E-14
    0.38187634484284282976E+01   -0.84811688214737901426E+00    0.45783637255626355457E-15
    0.38275512452352353776E+01   -0.82266605253991664792E+00   -0.41926835322308081949E-14
    0.38363390420420424576E+01   -0.72800493613689787331E+00   -0.83364282066559980958E-14
    0.38451268388488486494E+01   -0.57322968454536959992E+00   -0.11609612101720222574E-13
    0.38539146356556557294E+01   -0.37202038443194507256E+00   -0.14047180885538681017E-13
    0.38627024324624628093E+01   -0.14122831701707602714E+00   -0.15726242190936121639E-13
    0.38714902292692698893E+01    0.10062738794253026087E+00   -0.16436024399660265998E-13
    0.38802780260760760811E+01    0.33485919009465503482E+00   -0.15826267702217497782E-13
    0.38890658228828831611E+01    0.54408668435637708161E+00   -0.13806218177027443594E-13
    0.38978536196896902410E+01    0.71347582172108292564E+00   -0.10691266584082219995E-13
    0.39066414164964964328E+01    0.83163778383403474947E+00   -0.69631836717961919145E-14
    0.39154292133033035128E+01    0.89132774142681736596E+00   -0.30034842376826481919E-14
    0.39242170101101105928E+01    0.88967012952664881187E+00    0.96573256765793069011E-15
    0.39330048069169167846E+01    0.82809384580107214813E+00    0.48210733266071347421E-14
    0.39417926037237238646E+01    0.71200497710135590701E+00    0.84515640339749033360E-14
    0.39505804005305309445E+01    0.55011216994163503191E+00    0.11648597236002754722E-13
    0.39593681973373371363E+01    0.35364825224504686796E+00    0.14055847653568860617E-13
    0.39681559941441442163E+01    0.13548062950122963244E+00    0.15358499756500511097E-13
    0.39769437909509512963E+01   -0.90833398311020704941E-01    0.15581459088108193944E-13
    0.39857315877577583763E+01   -0.31191940510279236864E+00    0.15116047688488797688E-13
    0.39945193845645645681E+01   -0.51535061030959161688E+00    0.14355231926910401028E-13
    0.40033071813713716480E+01   -0.69032848049014949865E+00    0.13355632792237193688E-13
    0.40120949781781787280E+01   -0.82813897155334448286E+00    0.11896177805996083195E-13
    0.40208827749849849198E+01   -0.92247099113736918952E+00    0.97472354261220830822E-14
    0.40296705717917919998E+01   -0.96958559645948716454E+00    0.68360108831626319804E-14
    0.40384583685985990797E+01   -0.96828795115520693848E+00    0.32476672083739019701E-14
    0.40472461654054052715E+01   -0.91982108022022734950E+00   -0.80546036787185385493E-15
    0.40560339622122123515E+01   -0.82762498709129050933E+00   -0.50068649034522006456E-14
    0.40648217590190194315E+01   -0.69701785660070203487E+00   -0.89586512609657727330E-14
    0.40736095558258256233E+01   -0.53483057589105187368E+00   -0.12250046184610661085E-13
    0.40823973526326327033E+01   -0.34898349857332777724E+00   -0.14588465909352674275E-13
    0.40911851494394397832E+01   -0.14805510055393908408E+00   -0.15902390996255071248E-13
    0.40999729462462468632E+01    0.59135980295682483154E-01   -0.16297619042144559518E-13
    0.41087607430530530550E+01    0.26393737684509233077E+00   -0.15937648643361980019E-13
    0.41175485398598601350E+01    0.45822514820019405457E+00   -0.14964798423709862175E-13
    0.41263363366666672150E+01    0.63470548257248560198E+00   -0.13484228459167427215E-13
    0.41351241334734734068E+01    0.78717672457675857967E+00   -0.11576252945270989276E-13
    0.41439119302802804867E+01    0.91069445359906042725E+00   -0.93635394994005516853E-14
    0.41526997270870875667E+01    0.10016781717892557779E+01   -0.70928711550594479752E-14
    0.41614875238938937585E+01    0.10579521888676275410E+01   -0.50612201266907795884E-14
    0.41702753207007008385E+01    0.10787014868821229729E+01   -0.33318945471948801994E-14
    0.41790631175075079184E+01    0.10643941066386304328E+01   -0.15560194978580431400E-14
    0.41878509143143141102E+01    0.10166461082940916327E+01    0.68921513858604134800E-15
    0.41966387111211211902E+01    0.93805457385218393718E+00    0.33371166940705564721E-14
    0.42054265079279282702E+01    0.83201569695667443316E+00    0.57898405848069122111E-14
    0.42142143047347353502E+01    0.70252549161030386493E+00    0.75933560271244638693E-14
    0.42230021015415415420E+01    0.55398101834695379075E+00    0.89904318923826085122E-14
    0.42317898983483486219E+01    0.39099539816867445730E+00    0.10556204934147186666E-13
    0.42405776951551557019E+01    0.21822219471492895759E+00    0.12408109532393795726E-13
    0.42493654919619618937E+01    0.40200885978787390118E-01    0.14024358779632219627E-13
    0.42581532887687689737E+01   -0.13877000950914517019E+00    0.14904805919482236719E-13
    0.42669410855755760537E+01   -0.31474487206689166774E+00    0.15156058685363820123E-13
    0.42757288823823822455E+01   -0.48421031741240244672E+00    0.15247085702629897194E-13
    0.42845166791891893254E+01   -0.64414534160760095194E+00    0.15373832823749275499E-13
    0.42933044759959964054E+01   -0.79205965841078174172E+00    0.15266159522630344315E-13
    0.43020922728028034854E+01   -0.92600453189259179787E+00    0.14608291248538859550E-13
    0.43108800696096096772E+01   -0.10445723847639569737E+01    0.13438706556586840290E-13
    0.43196678664164167571E+01   -0.11468764503841240021E+01    0.12073776781962178814E-13
    0.43284556632232238371E+01   -0.12325188923805345809E+01    0.10799946405879447141E-13
    0.43372434600300300289E+01   -0.13015468051075735900E+01    0.97252440898164899397E-14
    0.43460312568368371089E+01   -0.13543931655136207670E+01    0.88571037671049171658E-14
    0.43548190536436441889E+01   -0.13918134051010730978E+01    0.81944599125035978515E-14
    0.43636068504504503807E+01   -0.14148169993564478908E+01    0.77210584045358551177E-14
    0.43723946472572574606E+01   -0.14245970812263109018E+01    0.73533047237311398455E-14
    0.43811824440640645406E+01   -0.14224656392083891987E+01    0.69420093952084323161E-14
    0.43899702408708707324E+01   -0.14097961932552631747E+01    0.63473005588974890970E-14
    0.43987580376776778124E+01   -0.13879705974616416420E+01    0.55128980004094752835E-14
    0.44075458344844848924E+01   -0.13583348495497706843E+01    0.44917283628061032938E-14
    0.44163336312912919723E+01   -0.13221605190947589570E+01    0.34399066607504671726E-14
    0.44251214280980981641E+01   -0.12806163275824409276E+01    0.25444712936562210751E-14
    0.44339092249049052441E+01   -0.12347525151217775274E+01    0.18700554944998380104E-14
    0.44426970217117123241E+01   -0.11854924903276959913E+01    0.12685448441800189417E-14
    0.44514848185185185159E+01   -0.11336405604775618983E+01    0.54714981311715720454E-15
    0.44602726153253255958E+01   -0.10798976564815505608E+01   -0.25902648766900288001E-15
    0.44690604121321326758E+01   -0.10248761311880627556E+01   -0.86211298679708014101E-15
    0.44778482089389388676E+01   -0.96911278510593823476E+00   -0.10176616547995596654E-14
    0.44866360057457459476E+01   -0.91308108470022819603E+00   -0.77452337579065585462E-15
    0.44954238025525530276E+01   -0.85720182273124712058E+00   -0.37736706861666908830E-15
    0.45042115993593592194E+01   -0.80185286728037474813E+00   -0.11688843173439594529E-16
    0.45129993961661662993E+01   -0.74737762831364484839E+00    0.29787925164597263369E-15
    0.45217871929729733793E+01   -0.69409191518847979108E+00    0.58510308215282124960E-15
    0.45305749897797804593E+01   -0.64228852173883999033E+00    0.83595385744740240444E-15
    0.45393627865865866511E+01   -0.59223541717733141354E+00    0.99243495441617166775E-15
    0.45481505833933937311E+01   -0.54417077196160246189E+00    0.10073117157428147788E-14
    0.45569383802002008110E+01   -0.49829794182843967221E+00    0.86445578624256766674E-15
    0.45657261770070070028E+01   -0.45478064921877309201E+00    0.55298942908781907536E-15
    0.45745139738138140828E+01   -0.41373939884597027428E+00    0.48521217659115512811E-16
    0.45833017706206211628E+01   -0.37525173391222854669E+00   -0.65582262322220718407E-15
    0.45920895674274273546E+01   -0.33935443712497775914E+00   -0.14972820824813723959E-14
    0.46008773642342344345E+01   -0.30604632096057965418E+00   -0.23223341429423549900E-14
    0.46096651610410415145E+01   -0.27529162746016905272E+00   -0.29062711228212438672E-14
    0.46184529578478477063E+01   -0.24702386646499616130E+00   -0.30101358255636277079E-14
    0.46272407546546547863E+01   -0.22115069574082332760E+00   -0.25328237758585174381E-14
    0.46360285514614618663E+01   -0.19755932579788129666E+00   -0.16821338938963605888E-14
    0.46448163482682689462E+01   -0.17612210382707207956E+00   -0.89670480351280972010E-15
    0.46536041450750751380E+01   -0.15670226959730235161E+00   -0.46471895499172531929E-15
    0.46623919418818822180E+01   -0.13915923200990124031E+00   -0.25577805453821117207E-15
    0.46711797386886892980E+01   -0.12335224204382271018E+00    0.21026522354398229770E-16
    0.46799675354954954898E+01   -0.10914321892743998610E+00    0.35328070970664256189E-15
    0.46887553323023025698E+01   -0.96398890400644351995E-01    0.39035800972698116703E-15
    0.46975431291091096497E+01   -0.84992146605290239125E-01   -0.61457799344303998368E-16
    0.47063309259159158415E+01   -0.74803091759874748568E-01   -0.67473278715755066090E-15
    0.47151187227227229215E+01   -0.65719588345522647610E-01   -0.93598030901533772339E-15
    0.47239065195295300015E+01   -0.57637527044629245643E-01   -0.75499134913995901256E-15
    0.47326943163363361933E+01   -0.50460800476492422006E-01   -0.54520585146919564810E-15
    0.47414821131431432732E+01   -0.44100935842827870825E-01   -0.65449584047691468063E-15
    0.47502699099499503532E+01   -0.38476651097635733434E-01   -0.91975701497351273841E-15
    0.47590577067567574332E+01   -0.33513359534208420065E-01   -0.95369397279493043697E-15
    0.47678455035635636250E+01   -0.29142659268290665303E-01   -0.71988591349549088591E-15
    0.47766333003703707050E+01   -0.25301902357518429171E-01   -0.59939394070839240296E-15
    0.47854210971771777849E+01   -0.21933860109473644895E-01   -0.83812926287841451340E-15
    0.47942088939839839767E+01   -0.18986402610846817018E-01   -0.11353939676351854875E-14
    0.48029966907907910567E+01   -0.16412170799510569091E-01   -0.99072824465439840890E-15
    0.48117844875975981367E+01   -0.14168247513288535072E-01   -0.34320966189860727536E-15
    0.48205722844044043285E+01   -0.12215850555784746670E-01    0.33321042651706675624E-15
    0.48293600812112114085E+01   -0.10520052102446416156E-01    0.59075915099344686741E-15
    0.48381478780180184884E+01   -0.90495082282261943979E-02    0.46322833414973104540E-15
    0.48469356748248246802E+01   -0.77762053829736688462E-02    0.26193499575707867190E-15
    0.48557234716316317602E+01   -0.66752144272901204475E-02    0.10942300582866298075E-15
    0.48645112684384388402E+01   -0.57244423472686501927E-02   -0.15246915933701264372E-15
    0.48732990652452459202E+01   -0.49043809298368245750E-02   -0.60434210001905808210E-15
    0.48820868620520521119E+01   -0.41978593550778108695E-02   -0.98835998974183200882E-15
    0.48908746588588591919E+01   -0.35898100620935765107E-02   -0.96733416968222821131E-15
    0.48996624556656662719E+01   -0.30670428623701109436E-02   -0.57193001314884036690E-15
    0.49084502524724724637E+01   -0.26180374855735151322E-02   -0.21657493352485970014E-15
    0.49172380492792795437E+01   -0.22327573193989831007E-02   -0.20859048658859802286E-15
    0.49260258460860866236E+01   -0.19024733528365215130E-02   -0.37966661759272175637E-15
    0.49348136428928928154E+01   -0.16196078329734269006E-02   -0.33194597222218851703E-15
    0.49436014396996998954E+01   -0.13775888319149372317E-02    0.78439785254097139234E-16
    0.49523892365065069754E+01   -0.11707214127410752597E-02    0.61185451918100031608E-15
    0.49611770333133140554E+01   -0.99407750471635215710E-03    0.93483300600926242810E-15
    0.49699648301201202472E+01   -0.84339427466999835736E-03    0.89504871262071805749E-15
    0.49787526269269273271E+01   -0.71498833054707924307E-03    0.54887380657792493028E-15
    0.49875404237337344071E+01   -0.60567841310242879430E-03    0.75614344227460224231E-16
    0.49963282205405405989E+01   -0.51271954994997880756E-03   -0.32329212227439370511E-15
    0.50051160173473476789E+01   -0.43374986650487559357E-03   -0.53452327065752400453E-15
    0.50139038141541547589E+01   -0.36673994638712804775E-03   -0.59455953064195550743E-15
    0.50226916109609609506E+01   -0.30994356769780117286E-03   -0.60571627575222126421E-15
    0.50314794077677680306E+01   -0.26185063086566547508E-03   -0.60145319541608326236E-15
    0.50402672045745751106E+01   -0.22115314661418189707E-03   -0.52867646803169776129E-15
    0.50490550013813813024E+01   -0.18672588327558014404E-03   -0.36338207577981850940E-15
    0.50578427981881883824E+01   -0.15760877408219770013E-03   -0.18789058526003727421E-15
    0.50666305949949954623E+01   -0.13298753848248380137E-03   -0.95202564923360060699E-16
    0.50754183918018025423E+01   -0.11217363134121807245E-03   -0.38168012920120995933E-16
    0.50842061886086087341E+01   -0.94585194315664175612E-04    0.14867808392391242992E-15
    0.50929939854154158141E+01   -0.79729227964874674144E-04    0.53396544826913584100E-15
    0.51017817822222228941E+01   -0.67185844859432347544E-04    0.94829907615791095702E-15
    0.51105695790290290859E+01   -0.56597897840671933906E-04    0.11424404326484655975E-14
    0.51193573758358361658E+01   -0.47662987524306189803E-04    0.10485929113946009787E-14
    0.51281451726426432458E+01   -0.40125706463010805231E-04    0.81708211130993604528E-15
    0.51369329694494494376E+01   -0.33770049926402689921E-04    0.60098088447837321453E-15
    0.51457207662562565176E+01   -0.28412595943865654840E-04    0.39265383746745177629E-15
    0.51545085630630635976E+01   -0.23897783165177127236E-04    0.11995291155246453067E-15
    0.51632963598698697893E+01   -0.20094128823522078574E-04   -0.16799195831927389605E-15
    0.51720841566766768693E+01   -0.16890697824768502471E-04   -0.29789905071287978758E-15
    0.51808719534834839493E+01   -0.14193812060488275183E-04   -0.17244797128641546336E-15
    0.51896597502902910293E+01   -0.11924101267415962996E-04    0.89567896274032268446E-16
    0.51984475470970972211E+01   -0.10014403633222829107E-04    0.26995433280972664841E-15
    0.52072353439039043010E+01   -0.84080493223599201698E-05    0.25955072148171321354E-15
    0.52160231407107113810E+01   -0.70572892166317671681E-05    0.12055555516859125282E-15
    0.52248109375175184610E+01   -0.59218679969427836203E-05   -0.14375668190462475186E-16
    0.52335987343243246528E+01   -0.49677472316062712553E-05   -0.45432050302381096308E-16
    0.52423865311311317328E+01   -0.41661818663816587458E-05    0.54699449183268479314E-16
    0.52511743279379388127E+01   -0.34929563959559136962E-05    0.23388997530004279643E-15
    0.52599621247447450045E+01   -0.29276953740386792223E-05    0.39720461784340799649E-15
    0.52687499215515520845E+01   -0.24532486561611035186E-05    0.48773795451452995688E-15
    0.52775377183583591645E+01   -0.20551418796600123126E-05    0.53324371178959001542E-15
    0.52863255151651653563E+01   -0.17211744099276007678E-05    0.58033132433842087810E-15
    0.52951133119719724363E+01   -0.14410840183453089698E-05    0.59565297138817626785E-15
    0.53039011087787795162E+01   -0.12062476045975136464E-05    0.47736694552211741369E-15
    0.53126889055855857080E+01   -0.10094182731803821553E-05    0.18424870619886682246E-15
    0.53214767023923927880E+01   -0.84449055597870841613E-06   -0.17785584803381475739E-15
    0.53302644991991998680E+01   -0.70632709687068385408E-06   -0.43404799775719837371E-15
    0.53390522960060069479E+01   -0.59061316656955312232E-06   -0.47716275942630972525E-15
    0.53478400928128131397E+01   -0.49372803943439597148E-06   -0.32966806121337002735E-15
    0.53566278896196202197E+01   -0.41263336648099897890E-06   -0.12251380143383318591E-15
    0.53654156864264272997E+01   -0.34477359964073348242E-06   -0.37835395217004207987E-16
    0.53742034832332334915E+01   -0.28800197099741251390E-06   -0.18807898436193232363E-15
    0.53829912800400405715E+01   -0.24051804145473929917E-06   -0.49130937567779698541E-15
    0.53917790768468476514E+01   -0.20081293034351860290E-06   -0.71508166805380566923E-15
    0.54005668736536538432E+01   -0.16762226472693608488E-06   -0.69451507380504680499E-15
    0.54093546704604609232E+01   -0.13988425028134955458E-06   -0.48163813821569998545E-15
    0.54181424672672680032E+01   -0.11670833365479881211E-06   -0.24258573051232837062E-15
    0.54269302640740750832E+01   -0.97348655698036463302E-07   -0.71340793490783360099E-16
    0.54357180608808812750E+01   -0.81180931140810960950E-07    0.49740697341199926593E-16
    0.54445058576876883549E+01   -0.67682757151321711353E-07    0.13494148861991354109E-15
    0.54532936544944954349E+01   -0.56416082603115390746E-07    0.11832939640772657716E-15
    0.54620814513013016267E+01   -0.47014050266977018782E-07   -0.62544820895476439218E-16
    0.54708692481081087067E+01   -0.39169814102652246758E-07   -0.33865945763722315690E-15
    0.54796570449149157866E+01   -0.32626859181448760561E-07   -0.53449274036587026959E-15
    0.54884448417217219784E+01   -0.27170817409023045210E-07   -0.54945615687608908178E-15
    0.54972326385285290584E+01   -0.22622188360290039465E-07   -0.46839654120087606375E-15
    0.55060204353353361384E+01   -0.18830857907484566136E-07   -0.42727733273457035407E-15
    0.55148082321421423302E+01   -0.15671427216435548411E-07   -0.41045947105264274366E-15
    0.55235960289489494102E+01   -0.13039191154505860299E-07   -0.26528323728990400866E-15
    0.55323838257557564901E+01   -0.10846759342088644115E-07    0.62843417567434544401E-16
    0.55411716225625635701E+01   -0.90210538659008531833E-08    0.39153028703189484107E-15
    0.55499594193693697619E+01   -0.75010430853879398195E-08    0.49348356369795592067E-15
    0.55587472161761768419E+01   -0.62358063513138646009E-08    0.37941243804410999675E-15
    0.55675350129829839219E+01   -0.51828755037906254747E-08    0.28769157686687173390E-15
    0.55763228097897901137E+01   -0.43068485118279347904E-08    0.37850198391420664830E-15
    0.55851106065965971936E+01   -0.35781589456557326784E-08    0.53384345835069890474E-15
    0.55938984034034042736E+01   -0.29721458837493360942E-08    0.53670860831297564609E-15
    0.56026862002102104654E+01   -0.24682583933262603111E-08    0.35959331008002371399E-15
    0.56114739970170175454E+01   -0.20493763407312388710E-08    0.16861475157338985495E-15
    0.56202617938238246253E+01   -0.17012448040381022834E-08    0.43663686268315617601E-16
    0.56290495906306308171E+01   -0.14119726824837822373E-08   -0.18109948963211224419E-15
    0.56378373874374378971E+01   -0.11716538111462857962E-08   -0.66985523744852374153E-15
    0.56466251842442449771E+01   -0.97204266011559223059E-09   -0.12383616273254248584E-14
    0.56554129810510520571E+01   -0.80627813835386541467E-09   -0.14244052209518962472E-14
    0.56642007778578582489E+01   -0.66865403199818083640E-09   -0.96853082296299886573E-15
    0.56729885746646653288E+01   -0.55441572929056817328E-09   -0.12015759182272310366E-15
    0.56817763714714724088E+01   -0.45960677229202980887E-09    0.63896275349390511328E-15
    0.56905641682782786006E+01   -0.38093748995816597737E-09    0.10451919417212349118E-14
    0.56993519650850856806E+01   -0.31567343340620608265E-09    0.11474712735168388024E-14
    0.57081397618918927606E+01   -0.26154286433758756346E-09    0.10487332735517724542E-14
    0.57169275586986989524E+01   -0.21665492237720356882E-09    0.71865770649376861555E-15
    0.57257153555055060323E+01   -0.17943787834326956845E-09    0.10508478340978382837E-15
    0.57345031523123131123E+01   -0.14858625094373260421E-09   -0.66929323191607242268E-15
    0.57432909491191193041E+01   -0.12301606583298752591E-09   -0.13098327839100452030E-14
    0.57520787459259263841E+01   -0.10182788808540233450E-09   -0.15486523257985205123E-14
    0.57608665427327334640E+01   -0.84274088423798197773E-10   -0.13084597812524373887E-14
    0.57696543395395405440E+01   -0.69733952214779857805E-10   -0.71449661957555140915E-15
    0.57784421363463467358E+01   -0.57692276749771711844E-10   -0.38883563412858187545E-16
    0.57872299331531538158E+01   -0.47721494476041906895E-10    0.42315515701360492337E-15
    0.57960177299599608958E+01   -0.39467139990612589549E-10    0.53663462714152766166E-15
    0.58048055267667670876E+01   -0.32634960840295892477E-10    0.41985727412990020721E-15
    0.58135933235735741675E+01   -0.26980948813064744415E-10    0.29725212271597444788E-15
    0.58223811203803812475E+01   -0.22302699520395906251E-10    0.28549173588066761416E-15
    0.58311689171871874393E+01   -0.18432339266127633467E-10    0.33707093534133853774E-15
    0.58399567139939945193E+01   -0.15230927178789874987E-10    0.33676544442157393305E-15
    0.58487445108008015993E+01   -0.12583429937276848435E-10    0.20318524815574696010E-15
    0.58575323076076077911E+01   -0.10394608680216038894E-10   -0.46658282188602603504E-16
    0.58663201044144148710E+01   -0.85853716604058318817E-11   -0.26629477972028896551E-15
    0.58751079012212219510E+01   -0.70899715503522872726E-11   -0.27999057029748525123E-15
    0.58838956980280290310E+01   -0.58539943548247844351E-11   -0.10010332053835072511E-15
    0.58926834948348352228E+01   -0.48325340386242221766E-11   -0.48443733664314197192E-17
    0.59014712916416423027E+01   -0.39885632619413158183E-11   -0.24465862476163469926E-15
    0.59102590884484493827E+01   -0.32914278428465879173E-11   -0.67998886957714534847E-15
    0.59190468852552555745E+01   -0.27156811089990960205E-11   -0.86686405181257498026E-15
    0.59278346820620626545E+01   -0.22402377429309795812E-11   -0.55605096795041705134E-15
    0.59366224788688697345E+01   -0.18476399230407531966E-11    0.64853898580987748143E-17
    0.59454102756756759263E+01   -0.15234916137260003386E-11    0.37852841421910708209E-15
    0.59541980724824830062E+01   -0.12559581730952756681E-11    0.38135239734574558289E-15
    0.59629858692892900862E+01   -0.10352924628467933836E-11    0.18373756460127217673E-15
    0.59717736660960962780E+01   -0.85338751166101554401E-12    0.33802104112992594388E-16
    0.59805614629029033580E+01   -0.70342082547765542177E-12    0.36285557671895181391E-16
    0.59893492597097104380E+01   -0.57970627068927186150E-12    0.14329971232748426394E-15
    0.59981370565165175179E+01   -0.47761099218425836355E-12    0.22613835152029531393E-15
    0.60069248533233237097E+01   -0.39340865426949567514E-12    0.17245385933557992253E-15
    0.60157126501301307897E+01   -0.32407241396594199294E-12    0.23016046647397872518E-18
    0.60245004469369378697E+01   -0.26707607614003024097E-12   -0.11934539797517546633E-15
    0.60332882437437440615E+01   -0.22023233277649721658E-12   -0.56029979419730199675E-16
    0.60420760405505511415E+01   -0.18157308143577415756E-12    0.58382594019078852847E-16
    0.60508638373573582214E+01   -0.14941308800381979415E-12   -0.68713486629723767789E-16
    0.60596516341641644132E+01   -0.12257189385213674653E-12   -0.50357556421844966615E-15
    0.60684394309709714932E+01   -0.10042454334707466440E-12   -0.89562234200486585098E-15
    0.60772272277777785732E+01   -0.82511709066962308086E-13   -0.82347944173853389086E-15
    0.60860150245845856531E+01   -0.68076126149546534725E-13   -0.25811650364006373275E-15
    0.60948028213913918449E+01   -0.56117323253419395613E-13    0.43305450926486499201E-15
    0.61035906181981989249E+01   -0.45907142234184322086E-13    0.89449216658506183658E-15
    0.61123784150050060049E+01   -0.37291301166172076638E-13    0.10621479011884409396E-14
    0.61211662118118121967E+01   -0.30371220526961598501E-13    0.10319208701772123308E-14
    0.61299540086186192767E+01   -0.25032368366043177473E-13    0.82148685520417134004E-15
    0.61387418054254263566E+01   -0.20870471897026603932E-13    0.36630181453146856366E-15
    0.61475296022322325484E+01   -0.17474782383131144241E-13   -0.27674458363480836069E-15
    0.61563173990390396284E+01   -0.14633299734806460676E-13   -0.83566683353635517447E-15
    0.61651051958458467084E+01   -0.12262078081769903519E-13   -0.10363020955662006889E-14
    0.61738929926526529002E+01   -0.10259684664720359308E-13   -0.87262228264977692883E-15
    0.61826807894594599802E+01   -0.84911100414501227998E-14   -0.57463733302304011484E-15
    0.61914685862662670601E+01   -0.68864421433127475593E-14   -0.31256004974438967600E-15
    0.62002563830730741401E+01   -0.54931191559226088819E-14   -0.32196312077012772902E-16
    0.62090441798798803319E+01   -0.43928847173750981147E-14    0.34380478725947982170E-15
    0.62178319766866874119E+01   -0.35887317696176674362E-14    0.64866306776865635631E-15
    0.62266197734934944918E+01   -0.29925789740866824753E-14    0.56862728766521442065E-15
    0.62354075703003006836E+01   -0.25016067964418845209E-14    0.51835283895913000982E-16
    0.62441953671071077636E+01   -0.20596613169147994963E-14   -0.50248527488801376850E-15
    0.62529831639139148436E+01   -0.16618093028147207972E-14   -0.62556649692370976104E-15
    0.62617709607207210354E+01   -0.13357015921578474582E-14   -0.27050712782591803697E-15
    0.62705587575275281154E+01   -0.10999218801967259256E-14    0.20601886730222867580E-15
    0.62793465543343351953E+01   -0.90587781213314283850E-15    0.50074569353127814562E-15
    0.62881343511411413871E+01   -0.64105664436691715425E-15    0.65159927019326994643E-15
    0.62969221479479484671E+01   -0.27135597860496749847E-15    0.83879960083296859886E-15
    0.63057099447547555471E+01    0.16822386791019214635E-16    0.10716002667836234310E-14
    0.63144977415615626271E+01   -0.44439968047586041406E-16    0.11721724773877954044E-14
    0.63232855383683688189E+01   -0.43494072141594038370E-15    0.10146666652845326498E-14
    0.63320733351751758988E+01   -0.71953300469610862250E-15    0.67806328705061159741E-15
    0.63408611319819829788E+01   -0.50894726192994624940E-15    0.34592664105871981384E-15
    0.63496489287887891706E+01    0.36188519769430128333E-17    0.14038538439533021973E-15
    0.63584367255955962506E+01    0.21685905817256072923E-15    0.66961990338617058614E-16
    0.63672245224024033305E+01   -0.11430775506194398380E-15    0.56558832243927924870E-16
    0.63760123192092095223E+01   -0.51350289705287258661E-15    0.21593463680184425046E-16
    0.63848001160160166023E+01   -0.42622694257469135619E-15   -0.81715166643249226797E-16
    0.63935879128228236823E+01   -0.26108962610161075163E-16   -0.20380828934115652598E-15
    0.64023757096296298741E+01   -0.24784081380093095696E-16   -0.23844324296434477203E-15
    0.64111635064364369541E+01   -0.66040020659159363874E-15   -0.12959046528931716923E-15
    0.64199513032432440340E+01   -0.12171687611069201972E-14    0.70654798190899576998E-16
    0.64287391000500511140E+01   -0.88097055426186373253E-15    0.26608865702319506066E-15
    0.64375268968568573058E+01    0.18157308991009719170E-15    0.40575477385230516659E-15
    0.64463146936636643858E+01    0.98082452503361139550E-15    0.48898364444378634814E-15
    0.64551024904704714658E+01    0.87951370862538885926E-15    0.50102408737560418652E-15
    0.64638902872772776576E+01    0.26110706945557785388E-15    0.38737406714665897369E-15
    0.64726780840840847375E+01   -0.11952003188248494570E-15    0.12662528489329641544E-15
    0.64814658808908918175E+01   -0.57948614408183841167E-16   -0.18686972365337895341E-15
    0.64902536776976980093E+01    0.63066456881241089553E-16   -0.38676077380622039707E-15
    0.64990414745045050893E+01   -0.35877685559771489960E-16   -0.38038628733990076035E-15
    0.65078292713113121692E+01   -0.13624134598188590010E-15   -0.22771118759304938754E-15
    0.65166170681181183610E+01    0.81724395284375454227E-16   -0.56290272546500822397E-16
    0.65254048649249254410E+01    0.49984378067321928305E-15    0.60385809915676201210E-16
    0.65341926617317325210E+01    0.65484766835106298895E-15    0.13377511271009132847E-15
    0.65429804585385396010E+01    0.33948824018670098419E-15    0.21506429746854683704E-15
    0.65517682553453457928E+01   -0.95905570096713408558E-16    0.34119109075867778476E-15
    0.65605560521521528727E+01   -0.18099750269926514415E-15    0.48032530812226523019E-15
    0.65693438489589599527E+01    0.10849156169175355639E-15    0.49947743048459612213E-15
    0.65781316457657661445E+01    0.38093430481748881877E-15    0.25671507374921923270E-15
    0.65869194425725732245E+01    0.33810878652632407858E-15   -0.21224849607873171264E-15
    0.65957072393793803045E+01    0.87178034233733564910E-16   -0.63630186934589494155E-15
    0.66044950361861864963E+01   -0.61487957920668138594E-16   -0.73746581484454883976E-15
    0.66132828329929935762E+01    0.79177184086408180940E-16   -0.49604807841553579034E-15
    0.66220706297998006562E+01    0.45473192705323586755E-15   -0.11957910606060337205E-15
    0.66308584266066068480E+01    0.82607377768222355681E-15    0.22225400725633085603E-15
    0.66396462234134139280E+01    0.89681773777266115320E-15    0.54359539645113748064E-15
    0.66484340202202210079E+01    0.54550137701230265833E-15    0.89417640107479766518E-15
    0.66572218170270280879E+01    0.21679568081498788607E-16    0.11658439397352589786E-14
    0.66660096138338342797E+01   -0.23440640691084677911E-15    0.11538926975583690098E-14
    0.66747974106406413597E+01   -0.58699451768311157570E-16    0.81532721690066833658E-15
    0.66835852074474484397E+01    0.23283072037752146296E-15    0.37646384884793743133E-15
    0.66923730042542546315E+01    0.23320698728075829520E-15    0.93934735121658982076E-16
    0.67011608010610617114E+01   -0.78135131612078909540E-16   -0.30151196747413569963E-16
    0.67099485978678687914E+01   -0.37085234743746687037E-15   -0.20157228269821249232E-15
    0.67187363946746749832E+01   -0.39799451418733059230E-15   -0.53080207341024893648E-15
    0.67275241914814820632E+01   -0.24332202738255321247E-15   -0.86737426507832930510E-15
    0.67363119882882891432E+01   -0.11039327498255760217E-15   -0.96368146500555401939E-15
    0.67450997850950962231E+01   -0.30748131883975016273E-16   -0.70733032874599725856E-15
    0.67538875819019024149E+01    0.11039192243799080371E-15   -0.18089719684327371815E-15
    0.67626753787087094949E+01    0.30600733757395694523E-15    0.41621136669628357481E-15
    0.67714631755155165749E+01    0.31971163981146695019E-15    0.85814449856851303876E-15
    0.67802509723223227667E+01   -0.53782025312346018977E-16    0.97869299506329739716E-15
    0.67890387691291298466E+01   -0.68853934951557053762E-15    0.74425066140498877765E-15
    0.67978265659359369266E+01   -0.12079641006077132581E-14    0.26415312865662099797E-15
    0.68066143627427431184E+01   -0.13535544802758286243E-14   -0.24991056087375693252E-15
    0.68154021595495501984E+01   -0.11895016898965416742E-14   -0.56545882434573832565E-15
    0.68241899563563572784E+01   -0.92665602498865783681E-15   -0.58055094602478895214E-15
    0.68329777531631634702E+01   -0.67303979428826407731E-15   -0.44618195494982097943E-15
    0.68417655499699705501E+01   -0.39788428044735393476E-15   -0.42719323411752497601E-15
    0.68505533467767776301E+01   -0.59733538073757644442E-16   -0.57415406826091376096E-15
    0.68593411435835847101E+01    0.30479553172581285270E-15   -0.60929683362883593344E-15
    0.68681289403903909019E+01    0.60136302664489600001E-15   -0.26584519882137923840E-15
    0.68769167371971979819E+01    0.73096250413281308759E-15    0.33170298335197451225E-15
    0.68857045340040050618E+01    0.64452171882870934141E-15    0.77350043068818752947E-15
    0.68944923308108112536E+01    0.39472502720742609855E-15    0.82905869538948226755E-15
    0.69032801276176183336E+01    0.13084729544770692833E-15    0.67181939978346473032E-15
    0.69120679244244254136E+01   -0.15536686026196153028E-16    0.57174267515600336673E-15
    0.69208557212312316054E+01   -0.48084691804092198596E-16    0.51687005689008178300E-15
    0.69296435180380386853E+01   -0.75099897204934155187E-16    0.27349273726356436763E-15
    0.69384313148448457653E+01   -0.17039321567015992685E-15   -0.23209735820950548901E-15
    0.69472191116516519571E+01   -0.29854289090610968408E-15   -0.73843284336398869619E-15
    0.69560069084584590371E+01   -0.38362975964061225511E-15   -0.92878402447389263096E-15
    0.69647947052652661171E+01   -0.40042726414628741166E-15   -0.77105715498571961548E-15
    0.69735825020720731970E+01   -0.36740837042751122235E-15   -0.48916596812945139920E-15
    0.69823702988788793888E+01   -0.26910900042938234628E-15   -0.26455903692689006682E-15
    0.69911580956856864688E+01   -0.36728000085662347700E-16   -0.72020023016682611617E-16
    0.69999458924924935488E+01    0.34827373379706201707E-15    0.18060774492962219536E-15
    0.70087336892992997406E+01    0.75168131082850538572E-15    0.46444882839700239314E-15
    0.70175214861061068206E+01    0.96790590924964451058E-15    0.63962519487696795126E-15
    0.70263092829129139005E+01    0.92957051838437612615E-15    0.60955726098126909824E-15
    0.70350970797197200923E+01    0.77580689577705791446E-15    0.41067324142607896403E-15
    0.70438848765265271723E+01    0.63303089394155937996E-15    0.15484418762882303490E-15
    0.70526726733333342523E+01    0.38832139691552463470E-15   -0.60803999179679227292E-16
    0.70614604701401404441E+01   -0.16561584748359642673E-15   -0.19720654608475396278E-15
    0.70702482669469475240E+01   -0.93016599735269404766E-15   -0.27949155310206667761E-15
    0.70790360637537546040E+01   -0.14044178729945213605E-14   -0.36985665107219979455E-15
    0.70878238605605616840E+01   -0.11971985858852915253E-14   -0.48557249098041769633E-15
    0.70966116573673678758E+01   -0.55551633280831067712E-15   -0.52993660852016577755E-15
    0.71053994541741749558E+01   -0.12704650666217486946E-15   -0.36335510467008840561E-15
    0.71141872509809820357E+01   -0.19089942985334551660E-15    0.29951897816838878730E-16
    0.71229750477877882275E+01   -0.33813779918092642205E-15    0.47964879462893426049E-15
    0.71317628445945953075E+01   -0.70895092124112905643E-16    0.77546630497191944242E-15
    0.71405506414014023875E+01    0.51218759694449675746E-15    0.83909967281394260680E-15
    0.71493384382082085793E+01    0.86257039044679746615E-15    0.73712134108824445592E-15
    0.71581262350150156593E+01    0.70685309884928955605E-15    0.57948355175454917609E-15
    0.71669140318218227392E+01    0.37390572907190250747E-15    0.43555177665513526850E-15
    0.71757018286286289310E+01    0.29941897366899579769E-15    0.30179679018992051059E-15
    0.71844896254354360110E+01    0.44626554777676530593E-15    0.10106268097363832929E-15
    0.71932774222422430910E+01    0.41798739242105222062E-15   -0.23492626688235635964E-15
    0.72020652190490501710E+01    0.48977588448783440594E-16   -0.63160334912779400384E-15
    0.72108530158558563627E+01   -0.34298656744770133702E-15   -0.85776971631671927661E-15
    0.72196408126626634427E+01   -0.39222009749690966059E-15   -0.73677837603632598936E-15
    0.72284286094694705227E+01   -0.17989809999173310399E-15   -0.35677865165404829167E-15
    0.72372164062762767145E+01   -0.11101445892695773601E-15    0.18061509696087805156E-16
    0.72460042030830837945E+01   -0.37143881339364544096E-15    0.23798925319183484407E-15
    0.72547919998898908744E+01   -0.69171813269482563616E-15    0.39224815467242871452E-15
    0.72635797966966970662E+01   -0.72713475788785852695E-15    0.60464644540225617268E-15
    0.72723675935035041462E+01   -0.49572216254365556450E-15    0.80296911246174909320E-15
    0.72811553903103112262E+01   -0.29945498562949887797E-15    0.78692604618383268580E-15
    0.72899431871171174180E+01   -0.29666959331732051306E-15    0.49593016281655767824E-15
    0.72987309839239244980E+01   -0.31578309187014595263E-15    0.11456486779202643953E-15
    0.73075187807307315779E+01   -0.15146380035808879532E-15   -0.14091436673840534089E-15
    0.73163065775375386579E+01    0.10127569811045137253E-15   -0.25936030683400786060E-15
    0.73250943743443448497E+01    0.14216719788451241258E-15   -0.37940148033704599060E-15
    0.73338821711511519297E+01   -0.15361945743993920578E-15   -0.54011239883224365647E-15
    0.73426699679579590097E+01   -0.56835492513558345304E-15   -0.58235551144595263487E-15
    0.73514577647647652014E+01   -0.79368878751643227483E-15   -0.34442626840438277030E-15
    0.73602455615715722814E+01   -0.73246076035073962340E-15    0.12053239348810147901E-15
    0.73690333583783793614E+01   -0.51509142445579493078E-15    0.58889339891105272780E-15
    0.73778211551851855532E+01   -0.32103155004232355033E-15    0.88539117593651689340E-15
    0.73866089519919926332E+01   -0.24499335376473602111E-15    0.10025643174684854769E-14
    0.73953967487987997131E+01   -0.27113181742731795345E-15    0.10207061410239701289E-14
    0.74041845456056067931E+01   -0.29206212393896080178E-15    0.99039092219002966794E-15
    0.74129723424124129849E+01   -0.20289013327959384081E-15    0.88440321144560432060E-15
    0.74217601392192200649E+01   -0.37083990677441124305E-16    0.60214827260328609881E-15
    0.74305479360260271449E+01    0.26899652230253300897E-16    0.38314123646422147636E-16
    0.74393357328328333367E+01   -0.11291674322740998527E-15   -0.74650061415141117088E-15
    0.74481235296396404166E+01   -0.27983185364888954300E-15   -0.14029898952038256487E-14
    0.74569113264464474966E+01   -0.17332730544184581526E-15   -0.15076961583577561973E-14
    0.74656991232532536884E+01    0.25206571823227340167E-15   -0.98503019306950503442E-15
    0.74744869200600607684E+01    0.66533342088530228799E-15   -0.23194421528917639889E-15
    0.74832747168668678484E+01    0.70885299898717223760E-15    0.29422040730963425768E-15
    0.74920625136736740401E+01    0.37488706002840086666E-15    0.51264647969571672649E-15
    0.75008503104804811201E+01   -0.44652624838585467208E-16    0.64496236435546129635E-15
    0.75096381072872882001E+01   -0.28577210325621308144E-15    0.81353473499057899262E-15
    0.75184259040940952801E+01   -0.30045788830022054262E-15    0.86833893333090543636E-15
    0.75272137009009014719E+01   -0.16925901052983228271E-15    0.64642973217092951647E-15
    0.75360014977077085518E+01    0.31614588731716703491E-16    0.25588358096323947108E-15
    0.75447892945145156318E+01    0.25233129448727730431E-15   -0.22815780021993980237E-16
    0.75535770913213218236E+01    0.42069551583335890364E-15   -0.75180797702171836850E-16
    0.75623648881281289036E+01    0.44361133596019807256E-15   -0.78115559734365078638E-16
    0.75711526849349359836E+01    0.30205393611409921310E-15   -0.23568365216297253843E-15
    0.75799404817417421754E+01    0.12773294845896410996E-15   -0.49805176557473906345E-15
    0.75887282785485492553E+01    0.95261108274373885456E-16   -0.64000375621326497677E-15
    0.75975160753553563353E+01    0.20535360218488149083E-15   -0.56296216372746301884E-15
    0.76063038721621625271E+01    0.24039472191830460341E-15   -0.40518692853355485321E-15
    0.76150916689689696071E+01    0.20132084516831922051E-16   -0.30391658364634445604E-15
    0.76238794657757766871E+01   -0.34891093673028821249E-15   -0.15750404096905054871E-15
    0.76326672625825837670E+01   -0.57855188954767027169E-15    0.23301050500374040520E-15
    0.76414550593893899588E+01   -0.52229643844355157600E-15    0.79612437493514735874E-15
    0.76502428561961970388E+01   -0.31589025610349200790E-15    0.11183136058108519454E-14
    0.76590306530030041188E+01   -0.18841708147078276223E-15    0.88819693086035505056E-15
    0.76678184498098103106E+01   -0.23824810330468823821E-15    0.32104059579157555084E-15
    0.76766062466166173905E+01   -0.40960898453473304206E-15   -0.52319196190881058514E-16
    0.76853940434234244705E+01   -0.59738738851451615205E-15    0.18794253854682896827E-16
    0.76941818402302306623E+01   -0.72376155406127955029E-15    0.26794466403588158456E-15
    0.77029696370370377423E+01   -0.75204060914567949313E-15    0.30849876077951059619E-15
    0.77117574338438448223E+01   -0.68369765017599336481E-15    0.75703852916726939551E-16
    0.77205452306506510141E+01   -0.54950126243745144029E-15   -0.20229383648781159021E-15
    0.77293330274574580940E+01   -0.39615910057889228947E-15   -0.32478214424206562960E-15
    0.77381208242642651740E+01   -0.26136266554339503548E-15   -0.28771533759215741364E-15
    0.77469086210710722540E+01   -0.13108286137245904905E-15   -0.17202016328639648207E-15
    0.77556964178778784458E+01    0.80648927325519545141E-16   -0.12536657916658028834E-17
    0.77644842146846855258E+01    0.43889708716617454997E-15    0.24187537674598997549E-15
    0.77732720114914926057E+01    0.83549502502611561142E-15    0.50439497064814033751E-15
    0.77820598082982987975E+01    0.99514230097807334943E-15    0.63970506992061544384E-15
    0.77908476051051058775E+01    0.74112557835989219176E-15    0.53594677194800932450E-15
    0.77996354019119129575E+01    0.23176405727071600244E-15    0.24287773102363614494E-15
    0.78084231987187191493E+01   -0.18634267302633230877E-15   -0.59999303509982071751E-16
    0.78172109955255262292E+01   -0.34767758233099680896E-15   -0.19325055240493526831E-15
    0.78259987923323333092E+01   -0.39958436807939647276E-15   -0.81023934873634617032E-16
    0.78347865891391395010E+01   -0.53130213329114444635E-15    0.19978981826505704873E-15
    0.78435743859459465810E+01   -0.69363676737315329297E-15    0.42144346223528378865E-15
    0.78523621827527536610E+01   -0.67657806501108260285E-15    0.36470364188017697352E-15
    0.78611499795595607409E+01   -0.39665065168324115428E-15    0.58972722495385659377E-16
    0.78699377763663669327E+01   -0.97721468070087532537E-17   -0.19367410608903559442E-15
    0.78787255731731740127E+01    0.27437642457237821118E-15   -0.14198786941693262110E-15
    0.78875133699799810927E+01    0.39456190103852630881E-15    0.11312435384701449096E-15
    0.78963011667867872845E+01    0.42000368019729046312E-15    0.24337807572138704264E-15
    0.79050889635935943645E+01    0.40274572592061725961E-15    0.64641422993258112561E-16
    0.79138767604004014444E+01    0.31372115688758532566E-15   -0.29829025596646412735E-15
    0.79226645572072076362E+01    0.12385469669500560561E-15   -0.59703327654333217104E-15
    0.79314523540140147162E+01   -0.10962581636237934465E-15   -0.68171738881119040086E-15
    0.79402401508208217962E+01   -0.27293200695460776329E-15   -0.54092264296044355514E-15
    0.79490279476276279880E+01   -0.29271436127527330995E-15   -0.23128869102585355182E-15
    0.79578157444344350679E+01   -0.18504622908334195944E-15    0.17307641869543180218E-15
    0.79666035412412421479E+01   -0.22659205993068547814E-16    0.58804488900127575921E-15
    0.79753913380480492279E+01    0.11432492766492022442E-15    0.92076467522796339090E-15
    0.79841791348548554197E+01    0.17809080083854716600E-15    0.10862587841285181878E-14
    0.79929669316616624997E+01    0.18342473587535503262E-15    0.10336004782046140959E-14
    0.80017547284684695796E+01    0.19595082501960465623E-15    0.77493683967151477220E-15
    0.80105425252752748833E+01    0.25762498316346197192E-15    0.41718371702075238433E-15
    0.80193303220820819632E+01    0.32541204803874759775E-15    0.15986844690218296946E-15
    0.80281181188888890432E+01    0.31926282314252436709E-15    0.15616714725494418312E-15
    0.80369059156956961232E+01    0.22901269005487396000E-15    0.31009962629982915670E-15
    0.80456937125025032032E+01    0.14075179289279903118E-15    0.29213217548236589083E-15
    0.80544815093093102831E+01    0.13538941755293256518E-15   -0.10973600061236813264E-15
    0.80632693061161173631E+01    0.19210721562922300723E-15   -0.68872661829066490097E-15
    0.80720571029229226667E+01    0.22473328371263629912E-15   -0.10123809543853295622E-14
    0.80808448997297297467E+01    0.19115564865070534181E-15   -0.88476480303378167339E-15
    0.80896326965365368267E+01    0.13019598000584361981E-15   -0.51188895707182031444E-15
    0.80984204933433439066E+01    0.82402594945278019688E-16   -0.19460269309710972907E-15
    0.81072082901501509866E+01    0.17403769766439658194E-16   -0.55545294340484536671E-17
    0.81159960869569580666E+01   -0.11202016645128006740E-15    0.18388682909706031205E-15
    0.81247838837637633702E+01   -0.25137968178088037680E-15    0.47848798683603064452E-15
    0.81335716805705704502E+01   -0.24628014469648912325E-15    0.83297415257025599775E-15
    0.81423594773773775302E+01   -0.28493414128449360492E-16    0.10938467740842090127E-14
    0.81511472741841846101E+01    0.23328576603061602049E-15    0.10816952608486838471E-14
    0.81599350709909916901E+01    0.27611017489260322603E-15    0.68596549130771750628E-15
    0.81687228677977987701E+01    0.37662052991474240072E-16   -0.40377547771398732279E-16
    0.81775106646046058501E+01   -0.27001547055392883359E-15   -0.86825347680382593488E-15
    0.81862984614114111537E+01   -0.42640087423855396051E-15   -0.15006101756146406886E-14
    0.81950862582182182337E+01   -0.45188147307736610297E-15   -0.17007945822721019660E-14
    0.82038740550250253136E+01   -0.50997173466028303163E-15   -0.13969809299213187202E-14
    0.82126618518318323936E+01   -0.62656676061280099045E-15   -0.76055379033277289785E-15
    0.82214496486386394736E+01   -0.61528470167393193029E-15   -0.14663344116433340345E-15
    0.82302374454454465535E+01   -0.32029850043778094488E-15    0.16240421603428859003E-15
    0.82390252422522518572E+01    0.15547544492852811315E-15    0.17631704229996241528E-15
    0.82478130390590589371E+01    0.53787097541711998890E-15    0.11478089011456318870E-15
    0.82566008358658660171E+01    0.63805597404670793507E-15    0.16255049274002287052E-15
    0.82653886326726730971E+01    0.47406163919430801422E-15    0.33956348578387111667E-15
    0.82741764294794801771E+01    0.18082987893551853323E-15    0.55305555171920713991E-15
    0.82829642262862872570E+01   -0.10551467533455763219E-15    0.68134989023955757000E-15
    0.82917520230930943370E+01   -0.28976455527651065402E-15    0.62975019032417074624E-15
    0.83005398198998996406E+01   -0.31853529570948365433E-15    0.36838318634641744015E-15
    0.83093276167067067206E+01   -0.19057869210994234761E-15   -0.51957358847695294271E-16
    0.83181154135135138006E+01    0.16030424138871318415E-16   -0.51390797107226842818E-15
    0.83269032103203208806E+01    0.14073515960522947826E-15   -0.86191263939383578501E-15
    0.83356910071271279605E+01    0.39530620847861825353E-16   -0.95986064204957961614E-15
    0.83444788039339350405E+01   -0.27011959308878015514E-15   -0.76186933834194928547E-15
    0.83532666007407403441E+01   -0.59134953024704374426E-15   -0.34735895560965061939E-15
    0.83620543975475474241E+01   -0.71361605660116278058E-15    0.96291137235567624671E-16
    0.83708421943543545041E+01   -0.57404619078000074030E-15    0.32644775341164322970E-15
    0.83796299911611615840E+01   -0.26102643135964567547E-15    0.18701980315050790692E-15
    0.83884177879679686640E+01    0.69622139599912361595E-16   -0.21870673149517277262E-15
    0.83972055847747757440E+01    0.27235778876669491568E-15   -0.55622490963619016689E-15
    0.84059933815815828240E+01    0.27258332632018419198E-15   -0.57114906082332771087E-15
    0.84147811783883881276E+01    0.10314115522474421599E-15   -0.34867457733037958953E-15
    0.84235689751951952076E+01   -0.13397121493289326810E-15   -0.17074485547387927523E-15
    0.84323567720020022875E+01   -0.34354602515962423620E-15   -0.17228116116289550622E-15
    0.84411445688088093675E+01   -0.47530744140949632897E-15   -0.22419783972106422600E-15
    0.84499323656156164475E+01   -0.50623775903373317872E-15   -0.14903988419232049544E-15
    0.84587201624224235275E+01   -0.42254512465996029710E-15    0.61015194163180634616E-16
    0.84675079592292288311E+01   -0.24168979496881250855E-15    0.26408643050406394477E-15
    0.84762957560360359111E+01   -0.50093143767487578175E-16    0.31451913131899613103E-15
    0.84850835528428429910E+01    0.25687175455330087536E-16    0.16334256786087123869E-15
    0.84938713496496500710E+01   -0.60167068417918707044E-16   -0.11569088036921577276E-15
    0.85026591464564571510E+01   -0.18741872212088407856E-15   -0.34218029658862817420E-15
    0.85114469432632642309E+01   -0.17771253293425335417E-15   -0.34086737283259020152E-15
    0.85202347400700713109E+01    0.71421771120016293862E-17   -0.93190656527591213116E-16
    0.85290225368768766145E+01    0.21670554044509170583E-15    0.23620958406979580217E-15
    0.85378103336836836945E+01    0.27518263623585817467E-15    0.44667805516029618872E-15
    0.85465981304904907745E+01    0.14469365339926105059E-15    0.44860929363366109668E-15
    0.85553859272972978545E+01   -0.62087203981334853011E-16    0.28653680102102627088E-15
    0.85641737241041049344E+01   -0.15457765930113029240E-15    0.92620623886993585176E-16
    0.85729615209109120144E+01    0.17802082614577456883E-16    0.90168018395926108382E-17
    0.85817493177177173180E+01    0.39585015551148221042E-15    0.75177603285946935493E-16
    0.85905371145245243980E+01    0.63374274258823203977E-15    0.16454397676466323935E-15
    0.85993249113313314780E+01    0.38227989722096213882E-15    0.11783550716384645262E-15
    0.86081127081381385580E+01   -0.27735297493554278405E-15   -0.40129046518568271971E-16
    0.86169005049449456379E+01   -0.81652015971486787656E-15   -0.97309456021589216770E-16
    0.86256883017517527179E+01   -0.80939010948281194734E-15    0.57787100570886659047E-16
    0.86344760985585597979E+01   -0.39445143960694726056E-15    0.21868835088721959431E-15
    0.86432638953653651015E+01   -0.42376143764884013788E-16    0.84961901077532160610E-16
    0.86520516921721721815E+01    0.45703671240102507617E-17   -0.31815379405628945586E-15
    0.86608394889789792614E+01   -0.79762835635866110907E-16   -0.59243223446830315128E-15
    0.86696272857857863414E+01   -0.37607593604865060644E-16   -0.42629267491389113092E-15
    0.86784150825925934214E+01    0.14877651334236853724E-15    0.22848263389312486315E-16
    0.86872028793994005014E+01    0.30918998574911982222E-15    0.34949385551645326325E-15
    0.86959906762062058050E+01    0.32058799320219991548E-15    0.39820403901138600850E-15
    0.87047784730130128850E+01    0.20846401074786975200E-15    0.38658513360329585797E-15
    0.87135662698198199649E+01    0.58273846570427700464E-16    0.51576582265286897666E-15
    0.87223540666266270449E+01   -0.82405968745729110075E-16    0.64082680771520833991E-15
    0.87311418634334341249E+01   -0.20854461483482723364E-15    0.48005406909020162742E-15
    0.87399296602402412049E+01   -0.31636504276975059858E-15    0.62796167477742343419E-16
    0.87487174570470482848E+01   -0.38478403894682269435E-15   -0.21725512330722789918E-15
    0.87575052538538535885E+01   -0.38995196657668184242E-15   -0.77796296512755580823E-16
    0.87662930506606606684E+01   -0.32150412245975290356E-15    0.26858034858553803610E-15
    0.87750808474674677484E+01   -0.18328687597228968968E-15    0.37964028305098689096E-15
    0.87838686442742748284E+01    0.13431604579573265758E-16    0.13599644269862380220E-15
    0.87926564410810819084E+01    0.25234842550318462744E-15   -0.14461970241715730413E-15
    0.88014442378878889883E+01    0.50829316780458969098E-15   -0.17713780488888598902E-15
    0.88102320346946942919E+01    0.74384110114179419051E-15   -0.10152385566868777460E-15
    0.88190198315015013719E+01    0.91132316433178176986E-15   -0.25082443976012267358E-15
    0.88278076283083084519E+01    0.95931003705872165752E-15   -0.64554784922714863286E-15
    0.88365954251151155319E+01    0.85587198286990149304E-15   -0.90297981996801540277E-15
    0.88453832219219226118E+01    0.63224003324172517302E-15   -0.69435193644214430863E-15
    0.88541710187287296918E+01    0.39903732640552403582E-15   -0.13350412679734913887E-15
    0.88629588155355367718E+01    0.25983507617416714320E-15    0.39729567212197056431E-15
    0.88717466123423420754E+01    0.18776965817494061912E-15    0.67400656146936585749E-15
    0.88805344091491491554E+01    0.41291412095033705793E-16    0.76836907667864775633E-15
    0.88893222059559562354E+01   -0.24292376697095119630E-15    0.80255111905229563133E-15
    0.88981100027627633153E+01   -0.51321967885169407474E-15    0.73048986586873237003E-15
    0.89068977995695703953E+01   -0.55588709535541997608E-15    0.43738335703233091847E-15
    0.89156855963763774753E+01   -0.36560103978789914074E-15   -0.24251022464503727950E-16
    0.89244733931831827789E+01   -0.16530311665109364017E-15   -0.40433309125562688613E-15
    0.89332611899899898589E+01   -0.10591563108249544583E-15   -0.49142698789596905699E-15
    0.89420489867967969388E+01   -0.42141544865649670737E-16   -0.31233903991892998580E-15
    0.89508367836036040188E+01    0.25718036374202102062E-15   -0.56083001014717384167E-16
    0.89596245804104110988E+01    0.72398685671000632035E-15    0.12560413064165399317E-15
    0.89684123772172181788E+01    0.97315818376869694233E-15    0.20196249411632139277E-15
    0.89772001740240252587E+01    0.74986238586729456955E-15    0.19478055729409611666E-15
    0.89859879708308305624E+01    0.27546102138234399601E-15    0.11029626605896994297E-15
    0.89947757676376376423E+01    0.12376770557073532246E-18   -0.39638063058016642533E-16
    0.90035635644444447223E+01    0.10573608017790770448E-15   -0.18184845304688156393E-15
    0.90123513612512518023E+01    0.37643858643275685289E-15   -0.20990573101362184551E-15
    0.90211391580580588823E+01    0.53691537288256430896E-15   -0.11594499043577253797E-15
    0.90299269548648659622E+01    0.55053918529400541935E-15   -0.63034273641438680799E-16
    0.90387147516716712659E+01    0.52498423361178242851E-15   -0.21085672850328356552E-15
    0.90475025484784783458E+01    0.45401034290465457608E-15   -0.45538850390044293696E-15
    0.90562903452852854258E+01    0.19680230196367128660E-15   -0.47095913572908824665E-15
    0.90650781420920925058E+01   -0.24518391646461612450E-15   -0.12276454702131209472E-15
    0.90738659388988995858E+01   -0.54896815591903267851E-15    0.25603900965697196654E-15
    0.90826537357057066657E+01   -0.36158907869041994181E-15    0.21694468478612435235E-15
    0.90914415325125137457E+01    0.23394204506451258893E-15   -0.21166108895333434453E-15
    0.91002293293193190493E+01    0.71191821789068579403E-15   -0.48914746072755481108E-15
    0.91090171261261261293E+01    0.65961176929250966368E-15   -0.21102584394024700433E-15
    0.91178049229329332093E+01    0.21528362156307119280E-15    0.38687970502503261859E-15
    0.91265927197397402892E+01   -0.16494083261455349663E-15    0.74378740430107059538E-15
    0.91353805165465473692E+01   -0.21975886692358384998E-15    0.62465362474610624338E-15
    0.91441683133533544492E+01   -0.49605579842470259117E-16    0.29499895726062592842E-15
    0.91529561101601597528E+01    0.14685217210920712135E-15    0.10670335434564324481E-15
    0.91617439069669668328E+01    0.31385260608740155415E-15    0.12460824344505601853E-15
    0.91705317037737739128E+01    0.48111275130799965678E-15    0.19299760985358440036E-15
    0.91793195005805809927E+01    0.58647616814858301266E-15    0.19249974386441780954E-15
    0.91881072973873880727E+01    0.47884874487309674492E-15    0.15228334942878199230E-15
    0.91968950941941951527E+01    0.13972420061547836353E-15    0.17846282109252857680E-15
    0.92056828910010004563E+01   -0.17923336573311929463E-15    0.35758249310616636920E-15
    0.92144706878078075363E+01   -0.18793662022665881387E-15    0.68064163206433475650E-15
    0.92232584846146146162E+01    0.80110482653209319362E-16    0.99072875308947064722E-15
    0.92320462814214216962E+01    0.26734774797293824181E-15    0.10517873627829720585E-14
    0.92408340782282287762E+01    0.12092984765972170545E-15    0.75622666580040812561E-15
    0.92496218750350358562E+01   -0.18775092464308015461E-15    0.26187530743053550625E-15
    0.92584096718418411598E+01   -0.29222829618745602957E-15   -0.15477254101018700902E-15
    0.92671974686486482398E+01   -0.73486227449441301425E-16   -0.35430122315803121845E-15
    0.92759852654554553197E+01    0.23795995747415655491E-15   -0.40306143462774666971E-15
    0.92847730622622623997E+01    0.36745986540189212417E-15   -0.41826744642952660499E-15
    0.92935608590690694797E+01    0.26464983484080136245E-15   -0.42745855329372385042E-15
    0.93023486558758765597E+01    0.57021872612542319146E-16   -0.38308115270792341580E-15
    0.93111364526826818633E+01   -0.12947152849272039396E-15   -0.24357650860307765738E-15
    0.93199242494894889433E+01   -0.25699242412376724537E-15   -0.17095746933610157274E-16
    0.93287120462962960232E+01   -0.34728766480318496801E-15    0.24210695776377187368E-15
    0.93374998431031031032E+01   -0.43438026911307128018E-15    0.45299054075028362705E-15
    0.93462876399099101832E+01   -0.51853809643741194190E-15    0.55008080103564313227E-15
    0.93550754367167172632E+01   -0.52970763038224552534E-15    0.53005764261538531317E-15
    0.93638632335235243431E+01   -0.36498952105964798980E-15    0.44671202123322560866E-15
    0.93726510303303296467E+01   -0.88787753184462893535E-17    0.34721348863946139677E-15
    0.93814388271371367267E+01    0.38966443252821281730E-15    0.22609552834411901662E-15
    0.93902266239439438067E+01    0.60615776195503366762E-15    0.59287655615131190896E-16
    0.93990144207507508867E+01    0.49582050774365679491E-15   -0.13316934058358620554E-15
    0.94078022175575579666E+01    0.81671810185322086498E-16   -0.28400508852550995805E-15
    0.94165900143643650466E+01   -0.43896267344635402631E-15   -0.34410335202147317677E-15
    0.94253778111711703502E+01   -0.75275857583330551476E-15   -0.33129446478932255669E-15
    0.94341656079779774302E+01   -0.63759672984531595690E-15   -0.29879642111297549904E-15
    0.94429534047847845102E+01   -0.19991471049034910351E-15   -0.27294972645799686230E-15
    0.94517412015915915902E+01    0.18178379207489550467E-15   -0.23164345048023536922E-15
    0.94605289983983986701E+01    0.24103267010663580758E-15   -0.13039225726348598890E-15
    0.94693167952052057501E+01    0.93211631812926191518E-16    0.59346025975002404161E-16
    0.94781045920120128301E+01    0.26345126530998705555E-16    0.29886878166363989165E-15
    0.94868923888188181337E+01    0.11983891932186500477E-15    0.43959459901608467685E-15
    0.94956801856256252137E+01    0.17541235980101569755E-15    0.29668612233559853075E-15
    0.95044679824324322936E+01    0.21945090373512950510E-17   -0.15150812353682997637E-15
    0.95132557792392393736E+01   -0.35048547204915379323E-15   -0.65598362468399287228E-15
    0.95220435760460464536E+01   -0.66925974957482595986E-15   -0.90754161320499932772E-15
    0.95308313728528535336E+01   -0.77544447231412949845E-15   -0.84931842410023476847E-15
    0.95396191696596588372E+01   -0.62731142174184873155E-15   -0.69822382779385496183E-15
    0.95484069664664659172E+01   -0.30882710991381532777E-15   -0.64328093790024061169E-15
    0.95571947632732729971E+01    0.17276850286831979731E-16   -0.62385396322448408367E-15
    0.95659825600800800771E+01    0.20622275276717614326E-15   -0.47578414584665281123E-15
    0.95747703568868871571E+01    0.23621908504773908883E-15   -0.20425156238027820968E-15
    0.95835581536936942371E+01    0.20975010451413811537E-15   -0.32871198709020672629E-17
    0.95923459505005013170E+01    0.24179537837533785769E-15    0.45349400730824186546E-17
    0.96011337473073066207E+01    0.36470185144297046617E-15   -0.57224808325802182297E-16
    0.96099215441141137006E+01    0.52859631161250921994E-15   -0.41298939058062836661E-17
    0.96187093409209207806E+01    0.64345908834910628558E-15    0.11192544064999398191E-15
    0.96274971377277278606E+01    0.62763791004113688775E-15    0.33060215590641785161E-16
    0.96362849345345349406E+01    0.46049547049965603249E-15   -0.31997972979420420957E-15
    0.96450727313413420205E+01    0.21012645710779450146E-15   -0.61832427097750168438E-15
    0.96538605281481491005E+01   -0.94027146998878823340E-17   -0.47381717981278219616E-15
    0.96626483249549544041E+01   -0.10790851124279777049E-15    0.37825995324959006923E-16
    0.96714361217617614841E+01   -0.67935699724276693662E-16    0.39870685315950724003E-15
    0.96802239185685685641E+01    0.31670797470446703511E-16    0.25586018937757730293E-15
    0.96890117153753756440E+01    0.35800428827445051592E-16   -0.15891463172786502346E-15
    0.96977995121821827240E+01   -0.15847196872902421805E-15   -0.36468596028380992093E-15
    0.97065873089889898040E+01   -0.45368838972862176719E-15   -0.21893428123026320110E-15
    0.97153751057957951076E+01   -0.60014107282334750769E-15   -0.95363170937932043299E-17
    0.97241629026026021876E+01   -0.45027495449158931619E-15   -0.13004242645715166801E-16
    0.97329506994094092676E+01   -0.12573570433830727623E-15   -0.16110143081219537001E-15
    0.97417384962162163475E+01    0.13602396761786820933E-15   -0.21859674220207039610E-15
    0.97505262930230234275E+01    0.24023713734528190136E-15   -0.13336008764620814147E-15
    0.97593140898298305075E+01    0.28200945935650211886E-15   -0.84420909876220521167E-16
    0.97681018866366375875E+01    0.36795592869167449502E-15   -0.20739463937625868325E-15
    0.97768896834434428911E+01    0.47668946942772357595E-15   -0.39638634725625404485E-15
    0.97856774802502499710E+01    0.51364657221910260622E-15   -0.43982107133567179326E-15
    0.97944652770570570510E+01    0.43444349269591880971E-15   -0.26762324120827296207E-15
    0.98032530738638641310E+01    0.28287351196677751556E-15   -0.39690749042383464358E-17
    0.98120408706706712110E+01    0.13686448490469569298E-15    0.18666899034425137381E-15
    0.98208286674774782909E+01    0.51449836239016623286E-16    0.23259477574415421216E-15
    0.98296164642842835946E+01    0.29951891383706916120E-16    0.15149217532364524893E-15
    0.98384042610910906745E+01    0.13925528318940735478E-16   -0.57804602888401397584E-17
    0.98471920578978977545E+01   -0.73304642855388351084E-16   -0.19063270741504326392E-15
    0.98559798547047048345E+01   -0.23056658527009117397E-15   -0.36810278064483447583E-15
    0.98647676515115119145E+01   -0.33764536196145118862E-15   -0.51706744598623913503E-15
    0.98735554483183189944E+01   -0.27834755869834161382E-15   -0.61044013573510732229E-15
    0.98823432451251260744E+01   -0.10376077904397901677E-15   -0.59436245224358432304E-15
    0.98911310419319313780E+01   -0.50278938752558695561E-17   -0.41898398400765427681E-15
    0.98999188387387384580E+01   -0.92277453308322998908E-16   -0.11993629572501882006E-15
    0.99087066355455455380E+01   -0.24676101433171476343E-15    0.15747319940564479455E-15
    0.99174944323523526180E+01   -0.23636579369179207494E-15    0.30201599473470278031E-15
    0.99262822291591596979E+01    0.76139226612739895465E-16    0.40689630333189986477E-15
    0.99350700259659667779E+01    0.61526677760456067830E-15    0.64737914935453510944E-15
    0.99438578227727720815E+01    0.10748114066392414723E-14    0.87395429223242848617E-15
    0.99526456195795791615E+01    0.10171338667015040630E-14    0.55929000677773143995E-15
    0.99614334163863862415E+01    0.23797634934857098061E-15   -0.24088547335996299184E-15
    0.99702212131931933214E+01   -0.73978310098059640458E-15   -0.15835829030558125672E-15
    0.99790090100000004014E+01   -0.13260810784064244274E-17   -0.30542417765680176204E-15
