    0.11999999999999999556E+01    0.00000000000000000000E+00    0.00000000000000000000E+00
    0.12087877968068068135E+01    0.37476567791303684282E-12   -0.10971142737381694163E-17
    0.12175755936136136715E+01   -0.55740783494710990508E-12    0.24045057937607564788E-17
    0.12263633904204203073E+01   -0.53454268773601506464E-12    0.26896903748200664368E-17
    0.12351511872272271653E+01    0.11953460611365893566E-11   -0.35382855857408842919E-17
    0.12439389840340340232E+01    0.11894906094268448594E-11   -0.41585437060842255741E-17
    0.12527267808408408811E+01   -0.22032160122698560756E-11    0.79785047730826354869E-17
    0.12615145776476475170E+01   -0.50881440203257607542E-11    0.21356076182925038070E-16
    0.12703023744544543749E+01   -0.29749767724286743995E-11    0.20067067570849261685E-16
    0.12790901712612612329E+01    0.21203014447849305655E-11    0.56442933265851557337E-17
    0.12878779680680680908E+01    0.31559058531213939677E-11   -0.42291571145279979540E-17
    0.12966657648748749487E+01   -0.20994750667336733813E-11    0.29143273358302310923E-18
    0.13054535616816815846E+01   -0.60078307094100836499E-11    0.69610202480407575434E-17
    0.13142413584884884425E+01   -0.84755763614211519481E-12   -0.58400384194699391553E-18
    0.13230291552952953005E+01    0.81653867391122920839E-11   -0.16755123258998067318E-16
    0.13318169521021021584E+01    0.69443596230019859159E-11   -0.17598289689264708150E-16
    0.13406047489089087943E+01   -0.70228914669969199555E-11    0.68999360571868850495E-17
    0.13493925457157156522E+01   -0.15135673824799775495E-10    0.34376750709276910134E-16
    0.13581803425225225102E+01   -0.71712019381067184867E-12    0.35771750024767094656E-16
    0.13669681393293293681E+01    0.21524370539497657542E-10    0.12260872764572272939E-16
    0.13757559361361360040E+01    0.16910395754769294291E-10   -0.57083634700364163005E-17
    0.13845437329429428619E+01   -0.19119915594669202901E-10    0.40541414789191302296E-17
    0.13933315297497497198E+01   -0.38745889297633756768E-10    0.31004457247827561645E-16
    0.14021193265565565778E+01   -0.61797342270423563685E-12    0.51573606652281051504E-16
    0.14109071233633634357E+01    0.56178786575970568833E-10    0.60872658517272726475E-16
    0.14196949201701700716E+01    0.42820917463070841675E-10    0.72823575906634981462E-16
    0.14284827169769769295E+01   -0.50639167240761505519E-10    0.90230122094515798152E-16
    0.14372705137837837874E+01   -0.99441391763693598638E-10    0.90503062790195075852E-16
    0.14460583105905906454E+01    0.29834232249993853377E-11    0.59200019349464549826E-16
    0.14548461073973975033E+01    0.15536916167720413632E-09    0.31066399074148122880E-16
    0.14636339042042041392E+01    0.13455535964708003961E-09    0.61809906320358397810E-16
    0.14724217010110109971E+01   -0.62710652083512048736E-10    0.13615474859802418306E-15
    0.14812094978178178550E+01   -0.52851326667387490378E-10    0.13242899946398306340E-15
    0.14899972946246244909E+01    0.59933340791011942324E-09   -0.56448659104001558132E-16
    0.14987850914314313489E+01    0.20194437907466561681E-08   -0.37143016245709259620E-15
    0.15075728882382382068E+01    0.47185901129911502478E-08   -0.61633907565380953683E-15
    0.15163606850450450647E+01    0.11329326957993482247E-07   -0.65504199537591443371E-15
    0.15251484818518519226E+01    0.29392983315136621235E-07   -0.54090281634903691045E-15
    0.15339362786586585585E+01    0.76350902938190019365E-07   -0.43219232141550967802E-15
    0.15427240754654654165E+01    0.18885237878890501741E-06   -0.44219222001500076936E-15
    0.15515118722722722744E+01    0.45501770467341992942E-06   -0.57512365395401914981E-15
    0.15602996690790791323E+01    0.10708815513916664260E-05   -0.74573159999726344014E-15
    0.15690874658858859902E+01    0.24635318348468862716E-05   -0.83235891040339346982E-15
    0.15778752626926926261E+01    0.55650948911529416247E-05   -0.78348522753814103858E-15
    0.15866630594994994841E+01    0.12238602765164956904E-04   -0.71573912254430541699E-15
    0.15954508563063063420E+01    0.26332427264020148673E-04   -0.83136435313332324085E-15
    0.16042386531131129779E+01    0.55372932906644300956E-04   -0.11743143382908103317E-14
    0.16130264499199198358E+01    0.11365793096975376091E-03   -0.15071775112837072602E-14
    0.16218142467267266937E+01    0.22844712318581474227E-03   -0.15191616526886607360E-14
    0.16306020435335335517E+01    0.44854233749203666634E-03   -0.11167271184056928132E-14
    0.16393898403403404096E+01    0.86104004010831704068E-03   -0.48186639243040426254E-15
    0.16481776371471470455E+01    0.16159448810949058207E-02    0.85674370642130813917E-16
    0.16569654339539539034E+01    0.29607585145140472190E-02    0.34018149874925809023E-15
    0.16657532307607607613E+01    0.52959212566300846795E-02    0.23070577590447185040E-15
    0.16745410275675676193E+01    0.92403518826428502481E-02   -0.98948610581283191581E-17
    0.16833288243743744772E+01    0.15713945391293164533E-01   -0.32928835626008595391E-16
    0.16921166211811811131E+01    0.26034377088533556394E-01    0.23716870257031176726E-15
    0.17009044179879879710E+01    0.41996527032117363099E-01    0.45224508989265663883E-15
    0.17096922147947948289E+01    0.65907706993255585348E-01    0.30020026342117790466E-15
    0.17184800116016014648E+01    0.10058151489864623762E+00    0.52913904476297732889E-16
    0.17272678084084085448E+01    0.14917020517659415613E+00    0.31945668777523038789E-15
    0.17360556052152151807E+01    0.21484577188023737393E+00    0.11070782980269596233E-14
    0.17448434020220220386E+01    0.30032412798228663720E+00    0.14305433140095156786E-14
    0.17536311988288288966E+01    0.40707462419091999806E+00    0.36241075969961411032E-15
    0.17624189956356355324E+01    0.53441313235602749820E+00   -0.16722655018084895360E-14
    0.17712067924424426124E+01    0.67855400145984912097E+00   -0.32020643462408843341E-14
    0.17799945892492492483E+01    0.83164694687362294978E+00   -0.34143616721441868754E-14
    0.17887823860560561062E+01    0.98120547845946826104E+00   -0.31165337171462060405E-14
    0.17975701828628629642E+01    0.11104237319591747646E+01   -0.36365151799130425347E-14
    0.18063579796696696000E+01    0.11990336548144073792E+01   -0.52509708780820583047E-14
    0.18151457764764764580E+01    0.12255912188414281871E+01   -0.70832355615034958270E-14
    0.18239335732832833159E+01    0.11710285852335791112E+01   -0.82923648260897636452E-14
    0.18327213700900899518E+01    0.10226035177654435593E+01   -0.88407115542901109290E-14
    0.18415091668968970318E+01    0.77839175739674482113E+00   -0.89734774957647261807E-14
    0.18502969637037036676E+01    0.45148910330679653535E+00   -0.84133630786391133172E-14
    0.18590847605105105256E+01    0.71329431450944141835E-01   -0.65009672022111914326E-14
    0.18678725573173173835E+01   -0.31764855842315747880E+00   -0.31475709368408256730E-14
    0.18766603541241240194E+01   -0.66014947187317929433E+00    0.68778935842099056820E-15
    0.18854481509309310994E+01   -0.89969633137624815955E+00    0.37867014554323970605E-14
    0.18942359477377377353E+01   -0.99007223950794798206E+00    0.57162874559336193547E-14
    0.19030237445445445932E+01   -0.90612294612628307977E+00    0.68402648971580350583E-14
    0.19118115413513514511E+01   -0.65370837640837031746E+00    0.74430899077696393983E-14
    0.19205993381581580870E+01   -0.27451843925545027503E+00    0.71861309026271952579E-14
    0.19293871349649649449E+01    0.16015364770030598995E+00    0.55199939472726191942E-14
    0.19381749317717718029E+01    0.56051674496225456501E+00    0.23492635196264775112E-14
    0.19469627285785784387E+01    0.83633643753695741108E+00   -0.17096669644138258460E-14
    0.19557505253853855187E+01    0.92060490920841364648E+00   -0.54400894596624193122E-14
    0.19645383221921921546E+01    0.78856395438934245856E+00   -0.74051875036553956493E-14
    0.19733261189989990125E+01    0.46520069147336678972E+00   -0.68165332660297133078E-14
    0.19821139158058058705E+01    0.26064411684548680764E-01   -0.43436815525807648882E-14
    0.19909017126126125063E+01   -0.41861224790650963801E+00   -0.16263532632651719000E-14
    0.19996895094194195863E+01   -0.75380554519994003027E+00    0.27938191111576330350E-15
    0.20084773062262262222E+01   -0.88896458933962996252E+00    0.17201163902243836872E-14
    0.20172651030330328581E+01   -0.78242421534458250765E+00    0.34221232318893978853E-14
    0.20260528998398399381E+01   -0.46008288126815688468E+00    0.51175628358490972961E-14
    0.20348406966466465740E+01   -0.10075510183405729167E-01    0.56542177748704463685E-14
    0.20436284934534532098E+01    0.44293353862537304666E+00    0.43378956589099746176E-14
    0.20524162902602602898E+01    0.76882661955974329615E+00    0.17437048465436471899E-14
    0.20612040870670673698E+01    0.86957002076928557877E+00   -0.90187532355688017241E-15
    0.20699918838738740057E+01    0.71424366289272700481E+00   -0.26928954855214406675E-14
    0.20787796806806806416E+01    0.34759295682175811448E+00   -0.33726009781592520820E-14
    0.20875674774874877215E+01   -0.12407580690502914567E+00   -0.31154493086755150582E-14
    0.20963552742942943574E+01   -0.55841233225588282618E+00   -0.22945812583220085193E-14
    0.21051430711011009933E+01   -0.82120861662478727983E+00   -0.13482475094802136550E-14
    0.21139308679079080733E+01   -0.83235266474244862245E+00   -0.66937421873544295067E-15
    0.21227186647147147092E+01   -0.58759859027789584918E+00   -0.44488646871207567173E-15
    0.21315064615215213450E+01   -0.15942023767099702813E+00   -0.46569089394066552802E-15
    0.21402942583283284250E+01    0.31840056783516773597E+00   -0.18083401922270297018E-15
    0.21490820551351350609E+01    0.69529681896027950572E+00    0.73244681627734495727E-15
    0.21578698519419421409E+01    0.85449477233220894057E+00    0.17917156086945380052E-14
    0.21666576487487487768E+01    0.74533354721349620586E+00    0.20199717912612426855E-14
    0.21754454455555558567E+01    0.39943952617742106703E+00    0.95949210676343559553E-15
    0.21842332423623624926E+01   -0.72485990237994429863E-01   -0.78775582531186468847E-15
    0.21930210391691691285E+01   -0.52033231233401477933E+00   -0.21589846983568293301E-14
    0.22018088359759762085E+01   -0.80398847446578969311E+00   -0.24851487796639988822E-14
    0.22105966327827828444E+01   -0.83277022242361886661E+00   -0.17616492263494701154E-14
    0.22193844295895894803E+01   -0.59540983275139292008E+00   -0.43557772650940101805E-15
    0.22281722263963965602E+01   -0.16944139826595572274E+00    0.86802535632592162418E-15
    0.22369600232032031961E+01    0.30957314208073583028E+00    0.16369605174074878999E-14
    0.22457478200100098320E+01    0.69132977534993533819E+00    0.17215207552525959033E-14
    0.22545356168168169120E+01    0.85364453848815724513E+00    0.13286288169757266634E-14
    0.22633234136236239920E+01    0.74361662829148766907E+00    0.81045800265060934781E-15
    0.22721112104304301837E+01    0.39881607620511849710E+00    0.44197869679758486215E-15
    0.22808990072372372637E+01   -0.71759582319709538933E-01    0.22153571048097562324E-15
    0.22896868040440443437E+01   -0.52091138992226204696E+00   -0.23721108580389084016E-15
    0.22984746008508509796E+01   -0.80568494918004940342E+00   -0.13550991279174630510E-14
    0.23072623976576576155E+01   -0.83590935843053271181E+00   -0.29010247215162808775E-14
    0.23160501944644646954E+01   -0.60522216032649001072E+00   -0.38023463496191077954E-14
    0.23248379912712713313E+01   -0.18551286188551374678E+00   -0.30253941507534328495E-14
    0.23336257880780779672E+01    0.29318540394785763681E+00   -0.60006725707052115469E-15
    0.23424135848848850472E+01    0.68061043885316452329E+00    0.23510327863611275806E-14
    0.23512013816916916831E+01    0.85722682021868168434E+00    0.43731481605479751382E-14
    0.23599891784984983190E+01    0.77194685673884699817E+00    0.44347094023235747510E-14
    0.23687769753053053989E+01    0.45069644219312904321E+00    0.25053688795093814968E-14
    0.23775647721121124789E+01   -0.84547761404051950673E-02   -0.13814233067644831198E-15
    0.23863525689189186707E+01   -0.46446312874672690540E+00   -0.17685523019013514975E-14
    0.23951403657257257507E+01   -0.78083249354314809842E+00   -0.19047342020735403376E-14
    0.24039281625325328307E+01   -0.86575680583020375725E+00   -0.18655146523626819625E-14
    0.24127159593393394665E+01   -0.69388555607858637408E+00   -0.28993726502581373095E-14
    0.24215037561461461024E+01   -0.31729897254424116460E+00   -0.41236627661017230733E-14
    0.24302915529529531824E+01    0.15119811816154665740E+00   -0.33116224028296656831E-14
    0.24390793497597598183E+01    0.57602436554609337538E+00    0.19947183637919924932E-15
    0.24478671465665664542E+01    0.83612191927809353942E+00    0.42083643940360975754E-14
    0.24566549433733735341E+01    0.85668761444776664327E+00    0.59160229581934750956E-14
    0.24654427401801801700E+01    0.63408341261412204393E+00    0.47179164507334724191E-14
    0.24742305369869868059E+01    0.23384035055356094945E+00    0.21882709880452521555E-14
    0.24830183337937938859E+01   -0.23224021995477930891E+00   -0.58234855288709557532E-16
    0.24918061306006009659E+01   -0.63474807606173688779E+00   -0.17070033924601162871E-14
    0.25005939274074071577E+01   -0.86236119355771090333E+00   -0.31235144675097579432E-14
    0.25093817242142142376E+01   -0.85548964403684724100E+00   -0.43206130407933574690E-14
    0.25181695210210213176E+01   -0.61859336347255711175E+00   -0.47864224078928118509E-14
    0.25269573178278279535E+01   -0.21567245301611637220E+00   -0.39722829457129592655E-14
    0.25357451146346345894E+01    0.24460010323706288249E+00   -0.17265061342605705297E-14
    0.25445329114414416694E+01    0.64038714999771384484E+00    0.15034078589465436092E-14
    0.25533207082482483052E+01    0.87080714576493911672E+00    0.46293877248836561196E-14
    0.25621085050550549411E+01    0.87852210957778109623E+00    0.63567655086660040334E-14
    0.25708963018618620211E+01    0.66286864811322865343E+00    0.59520885854603621727E-14
    0.25796840986686686570E+01    0.28127573746660056164E+00    0.36420269569941270626E-14
    0.25884718954754752929E+01   -0.16982702091786414100E+00    0.24852134015319308868E-15
    0.25972596922822823728E+01   -0.58005957695248322459E+00   -0.33305651648774418643E-14
    0.26060474890890894528E+01   -0.85022599664640063910E+00   -0.63031944191181858078E-14
    0.26148352858958960887E+01   -0.91685021942842492848E+00   -0.79192277686644217153E-14
    0.26236230827027027246E+01   -0.76753593218457427660E+00   -0.75622776314547588288E-14
    0.26324108795095098046E+01   -0.43912226476867027847E+00   -0.51784354564535281055E-14
    0.26411986763163164404E+01   -0.89980898351535339164E-02   -0.16310074836407730475E-14
    0.26499864731231230763E+01    0.42311791788393332547E+00    0.17982525610695485761E-14
    0.26587742699299301563E+01    0.76012699964149998966E+00    0.44923916443530576515E-14
    0.26675620667367367922E+01    0.92890865665568311815E+00    0.68251999129149394232E-14
    0.26763498635435434281E+01    0.89373533949995931369E+00    0.89726964998112593865E-14
    0.26851376603503505081E+01    0.66482553650136810841E+00    0.97100442536253573433E-14
    0.26939254571571571439E+01    0.29400181830738764122E+00    0.72656108889881912061E-14
    0.27027132539639637798E+01   -0.13919416040137480572E+00    0.15949496936399510133E-14
    0.27115010507707708598E+01   -0.54383161332232510254E+00   -0.47947816231600291593E-14
    0.27202888475775779398E+01   -0.83674409944569771991E+00   -0.89459189164096512713E-14
    0.27290766443843845757E+01   -0.96066510070705701807E+00   -0.98845025291612940535E-14
    0.27378644411911912115E+01   -0.89348911398126029670E+00   -0.86559555284965261329E-14
    0.27466522379979982915E+01   -0.65073331598598382897E+00   -0.66443454505822700786E-14
    0.27554400348048049274E+01   -0.28234639358441071533E+00   -0.44240825413259681251E-14
    0.27642278316116115633E+01    0.13966931137116478379E+00   -0.18827741285892753788E-14
    0.27730156284184186433E+01    0.53605242722659718346E+00    0.13003146346111177790E-14
    0.27818034252252252791E+01    0.83439347690940557367E+00    0.51679456651435354930E-14
    0.27905912220320319150E+01    0.98243695336087277781E+00    0.90302238203940466104E-14
    0.27993790188388389950E+01    0.95705107516034659820E+00    0.11504361039876545292E-13
    0.28081668156456460750E+01    0.76545560719706196018E+00    0.11444067813415958035E-13
    0.28169546124524522668E+01    0.44319802714291667289E+00    0.88871221205182338394E-14
    0.28257424092592593468E+01    0.46769254336547737283E-01    0.49135409692899529928E-14
    0.28345302060660664267E+01   -0.35754671279950905882E+00    0.74413222103741265421E-15
    0.28433180028728730626E+01   -0.70461411875278745498E+00   -0.28749319370888713378E-14
    0.28521057996796796985E+01   -0.94037753982590144286E+00   -0.56478735705196788415E-14
    0.28608935964864867785E+01   -0.10304877757849797426E+01   -0.75281446919708617205E-14
    0.28696813932932934144E+01   -0.96403427754390091931E+00   -0.85062924041574484133E-14
    0.28784691901001000502E+01   -0.75366012254487546596E+00   -0.84072684528844810650E-14
    0.28872569869069071302E+01   -0.43304746126614451773E+00   -0.69091304438920703338E-14
    0.28960447837137137661E+01   -0.50301182995379410678E-01   -0.39530330532720156738E-14
    0.29048325805205204020E+01    0.33977409805742897486E+00   -0.12417969697282213812E-15
    0.29136203773273274820E+01    0.68338903284062557653E+00    0.36005495413758915376E-14
    0.29224081741341345619E+01    0.93534225061528653011E+00    0.65252001210538199420E-14
    0.29311959709409407537E+01    0.10647867879209997888E+01    0.85588913060159127127E-14
    0.29399837677477478337E+01    0.10578223510570303745E+01    0.98597726370835386282E-14
    0.29487715645545549137E+01    0.91859993083165891736E+00    0.10395859222313551756E-13
    0.29575593613613615496E+01    0.66745745164033709607E+00    0.99656698178956308165E-14
    0.29663471581681681855E+01    0.33697162153131587914E+00    0.85257130033289879908E-14
    0.29751349549749752654E+01   -0.32608932302340659648E-01    0.63168280476128998916E-14
    0.29839227517817819013E+01   -0.39868706774904205670E+00    0.35926993228127122598E-14
    0.29927105485885885372E+01   -0.72155760271835756026E+00    0.34673079700076259201E-15
    0.30014983453953956172E+01   -0.96834385129597844166E+00   -0.34835789462805057340E-14
    0.30102861422022022531E+01   -0.11159562048735722772E+01   -0.75118441257959522214E-14
    0.30190739390090088889E+01   -0.11528628128940261455E+01   -0.10807843226131147186E-13
    0.30278617358158159689E+01   -0.10789467585550813755E+01   -0.12555737574137067050E-13
    0.30366495326226230489E+01   -0.90462640896279422620E+00   -0.12732853275213922920E-13
    0.30454373294294292407E+01   -0.64890502557144058571E+00   -0.11982348544754483422E-13
    0.30542251262362363207E+01   -0.33669601858674147454E+00   -0.10952623953126425523E-13
    0.30630129230430434006E+01    0.39071555216031207680E-02   -0.98751046887511643722E-14
    0.30718007198498500365E+01    0.34434692477424400092E+00   -0.86301598386676847589E-14
    0.30805885166566566724E+01    0.65815940092585878407E+00   -0.69478296113467244098E-14
    0.30893763134634637524E+01    0.92283580657642216849E+00   -0.46449362556099937778E-14
    0.30981641102702703883E+01    0.11211788587983764209E+01   -0.18696597078762142217E-14
    0.31069519070770770242E+01    0.12421405928780739902E+01    0.87212940815061869347E-15
    0.31157397038838841041E+01    0.12808499061063247648E+01    0.30617868519743726854E-14
    0.31245275006906907400E+01    0.12383260291165156808E+01    0.45372501446581219739E-14
    0.31333152974974973759E+01    0.11207197588150537015E+01    0.55456138189911233246E-14
    0.31421030943043044559E+01    0.93823768413351615880E+00    0.65761586209718981349E-14
    0.31508908911111115358E+01    0.70399939477231454621E+00    0.80922032259549810499E-14
    0.31596786879179177276E+01    0.43282729872591346743E+00    0.10125982936845517980E-13
    0.31684664847247248076E+01    0.14006561365112024653E+00    0.12010191612577843734E-13
    0.31772542815315318876E+01   -0.15939604165314077977E+00    0.12867128093030938538E-13
    0.31860420783383385235E+01   -0.45195014185762921732E+00    0.12549993496412565494E-13
    0.31948298751451451594E+01   -0.72591122808439567660E+00    0.11914437518305073224E-13
    0.32036176719519522393E+01   -0.97186273357371577575E+00    0.11912940291310259126E-13
    0.32124054687587593193E+01   -0.11828784450682094942E+01    0.12631020992395233859E-13
    0.32211932655655655111E+01   -0.13545186952324266283E+01    0.13365585630529005698E-13
    0.32299810623723725911E+01   -0.14846743234785164667E+01    0.13374473202806864909E-13
    0.32387688591791796711E+01   -0.15733331613854528719E+01    0.12434374599444335945E-13
    0.32475566559859858629E+01   -0.16222390048831341058E+01    0.10988872639461963868E-13
    0.32563444527927929428E+01   -0.16345233556238261130E+01    0.10056387459916278751E-13
    0.32651322495996000228E+01   -0.16143353369343631520E+01    0.10541441645057416517E-13
    0.32739200464064062146E+01   -0.15664733272651216733E+01    0.12225866853173246418E-13
    0.32827078432132132946E+01   -0.14960515431443124346E+01    0.13641481206169197497E-13
    0.32914956400200203745E+01   -0.14082239184196865267E+01    0.13423612050074309953E-13
    0.33002834368268265663E+01   -0.13079392884953620069E+01    0.11640670377741614895E-13
    0.33090712336336336463E+01   -0.11997700883395672200E+01    0.94551793519405126897E-14
    0.33178590304404407263E+01   -0.10877909780274943596E+01    0.77610996521061236207E-14
    0.33266468272472478063E+01   -0.97549547300204331179E+00    0.65100179016749232877E-14
    0.33354346240540539981E+01   -0.86576791763378424527E+00    0.52857127197143936582E-14
    0.33442224208608610780E+01   -0.76087683189902588499E+00    0.40142061936018845595E-14
    0.33530102176676681580E+01   -0.66250154110197700952E+00    0.29547117079543771094E-14
    0.33617980144744743498E+01   -0.57178075455262700189E+00    0.22493021774316882824E-14
    0.33705858112812814298E+01   -0.48937308612773217087E+00    0.17284003324025263559E-14
    0.33793736080880885098E+01   -0.41553397717595802474E+00    0.11822153050259045817E-14
    0.33881614048948947016E+01   -0.35019526174984183520E+00    0.65152962267592034758E-15
    0.33969492017017017815E+01   -0.29303916875297159050E+00    0.32659737873715862693E-15
    0.34057369985085088615E+01   -0.24356816477280279765E+00    0.21691423527350321347E-15
    0.34145247953153150533E+01   -0.20116689334658388599E+00    0.67907196728966515307E-16
    0.34233125921221221333E+01   -0.16515198950100823394E+00   -0.30253189180221704222E-15
    0.34321003889289292133E+01   -0.13481609918442838403E+00   -0.69428088002760495698E-15
    0.34408881857357362932E+01   -0.10945988368817073655E+00   -0.74415089864371963834E-15
    0.34496759825425424850E+01   -0.88416030780042426107E-01   -0.44436686294573977390E-15
    0.34584637793493495650E+01   -0.71066667602745825505E-01   -0.25165578660036621127E-15
    0.34672515761561566450E+01   -0.56851307785232597924E-01   -0.51701178988576985143E-15
    0.34760393729629628368E+01   -0.45271421957533398983E-01   -0.95776212216084445831E-15
    0.34848271697697699167E+01   -0.35890348710481183303E-01   -0.96588928422493443126E-15
    0.34936149665765769967E+01   -0.28330264221459212914E-01   -0.39223916393463683161E-15
    0.35024027633833831885E+01   -0.22268153036241699477E-01    0.21368988835009359316E-15
    0.35111905601901902685E+01   -0.17430565749881433285E-01    0.26860568961426139168E-15
    0.35199783569969973485E+01   -0.13588104091466711096E-01   -0.17135771479020274302E-15
    0.35287661538038035403E+01   -0.10549954979520057355E-01   -0.56759049975726348407E-15
    0.35375539506106106202E+01   -0.81584915884002715686E-02   -0.54080123200981978669E-15
    0.35463417474174177002E+01   -0.62843015007800146279E-02   -0.18732041059891496308E-15
    0.35551295442242247802E+01   -0.48218717985324607844E-02    0.16442040604563598628E-15
    0.35639173410310309720E+01   -0.36855925983460824380E-02    0.27523217734302879862E-15
    0.35727051378378380520E+01   -0.28064291323011193204E-02    0.10611887887105970775E-15
    0.35814929346446451319E+01   -0.21290285856724881948E-02   -0.20506576879575267019E-15
    0.35902807314514513237E+01   -0.16091956446268535288E-02   -0.43214901473190351230E-15
    0.35990685282582584037E+01   -0.12118864601232206841E-02   -0.43291183934204137363E-15
    0.36078563250650654837E+01   -0.90941535669042112937E-03   -0.27723091417944528002E-15
    0.36166441218718716755E+01   -0.68003487799327567292E-03   -0.12234003141839776895E-15
    0.36254319186786787554E+01   -0.50675425675946459466E-03    0.43680633630862009220E-16
    0.36342197154854858354E+01   -0.37633713194879680379E-03    0.40857891950146645514E-15
    0.36430075122922929154E+01   -0.27854619274033184549E-03    0.95127710949921756408E-15
    0.36517953090990991072E+01   -0.20548383195359416179E-03    0.11584262110379181607E-14
    0.36605831059059061872E+01   -0.15109009614372044517E-03    0.49241298398756063333E-15
    0.36693709027127132671E+01   -0.11073968473875690430E-03   -0.75978854984582850669E-15
    0.36781586995195194589E+01   -0.80907638650676034359E-04   -0.14522501413403372502E-14
    0.36869464963263265389E+01   -0.58928060708730227273E-04   -0.80665495584004495972E-15
    0.36957342931331336189E+01   -0.42787671010959695927E-04    0.52323531810120692288E-15
    0.37045220899399398107E+01   -0.30973645527206073672E-04    0.11314394988525641374E-14
    0.37133098867467468907E+01   -0.22355211543685650207E-04    0.47972742995695094987E-15
    0.37220976835535539706E+01   -0.16087263488594468706E-04   -0.57910049295153194507E-15
    0.37308854803603601624E+01   -0.11543355657476408457E-04   -0.10083433637809128143E-14
    0.37396732771671672424E+01   -0.82593534749318722575E-05   -0.78924757041123447137E-15
    0.37484610739739743224E+01   -0.58929944982043656518E-05   -0.60911484901850228491E-15
    0.37572488707807814023E+01   -0.41932315828643983299E-05   -0.72757039155925668318E-15
    0.37660366675875875941E+01   -0.29756841214274653888E-05   -0.62800383522212099339E-15
    0.37748244643943946741E+01   -0.21061314008466907689E-05    0.90381673632353816360E-16
    0.37836122612012017541E+01   -0.14868427708243792970E-05    0.89261022186769000330E-15
    0.37924000580080079459E+01   -0.10469794261423534204E-05    0.81329652238798358274E-15
    0.38011878548148150259E+01   -0.73547351131399239867E-06   -0.34112225623754284826E-15
    0.38099756516216221058E+01   -0.51540859170441960314E-06   -0.16409694980426465807E-14
    0.38187634484284282976E+01   -0.36035434850217255239E-06   -0.19950898152910911299E-14
    0.38275512452352353776E+01   -0.25137296169633451100E-06   -0.11438206873414754342E-14
    0.38363390420420424576E+01   -0.17495480354600521398E-06    0.31770987813199947577E-15
    0.38451268388488486494E+01   -0.12151409444444550193E-06    0.14740176715454326129E-14
    0.38539146356556557294E+01   -0.84218444423921913946E-07    0.16068968984349953233E-14
    0.38627024324624628093E+01   -0.58248775662381424486E-07    0.62931803776821684610E-15
    0.38714902292692698893E+01   -0.40202901696905202510E-07   -0.70028589721794094430E-15
    0.38802780260760760811E+01   -0.27689315115163928104E-07   -0.13206517764923001539E-14
    0.38890658228828831611E+01   -0.19034635922995170502E-07   -0.78789965154455682354E-15
    0.38978536196896902410E+01   -0.13059505442216110820E-07    0.40156315381718199340E-15
    0.39066414164964964328E+01   -0.89421384544406068489E-08    0.13822341977648379737E-14
    0.39154292133033035128E+01   -0.61099541225441202527E-08    0.15715945738371167978E-14
    0.39242170101101105928E+01   -0.41658960546447471861E-08    0.91167972730529227177E-15
    0.39330048069169167846E+01   -0.28353632004030832566E-08   -0.14257188688160646146E-15
    0.39417926037237238646E+01   -0.19262938464378053811E-08   -0.86180040729263720921E-15
    0.39505804005305309445E+01   -0.13060794560921770766E-08   -0.77637781954785855811E-15
    0.39593681973373371363E+01   -0.88353638630706485065E-09   -0.89629362677616216625E-16
    0.39681559941441442163E+01   -0.59638167399252377031E-09    0.58467847223498685853E-15
    0.39769437909509512963E+01   -0.40198519976198497703E-09    0.83060343259364607306E-15
    0.39857315877577583763E+01   -0.27060346725246352915E-09    0.68539929349782333906E-15
    0.39945193845645645681E+01   -0.18181930945703133162E-09    0.36612215294934298943E-15
    0.40033071813713716480E+01   -0.12183757949650243930E-09   -0.22467303093172960021E-16
    0.40120949781781787280E+01   -0.81452577636281772289E-10   -0.44431560633369488019E-15
    0.40208827749849849198E+01   -0.54428317028388668124E-10   -0.72287221090936260981E-15
    0.40296705717917919998E+01   -0.36372452255306594520E-10   -0.55840005782066510599E-15
    0.40384583685985990797E+01   -0.24263895905047600384E-10    0.12583937497904726647E-15
    0.40472461654054052715E+01   -0.16119695025364210716E-10    0.92249801467691872684E-15
    0.40560339622122123515E+01   -0.10675308090122834813E-10    0.12323071230278503263E-14
    0.40648217590190194315E+01   -0.70817426311145190621E-11    0.82528326657392095583E-15
    0.40736095558258256233E+01   -0.47138750509610417748E-11    0.29982546112256097428E-16
    0.40823973526326327033E+01   -0.31312871869419540616E-11   -0.61557304276244643664E-15
    0.40911851494394397832E+01   -0.20611310739484712212E-11   -0.75650921869976758879E-15
    0.40999729462462468632E+01   -0.13478677269612368419E-11   -0.37450630377434426760E-15
    0.41087607430530530550E+01   -0.88760878797928714549E-12    0.20665897788474055482E-15
    0.41175485398598601350E+01   -0.59196940614276107370E-12    0.49813202919553000260E-15
    0.41263363366666672150E+01   -0.39370445722745725310E-12    0.25729698586791887915E-15
    0.41351241334734734068E+01   -0.25587672801627618171E-12   -0.22476951788162796985E-15
    0.41439119302802804867E+01   -0.16349883843597914280E-12   -0.44241229421631023121E-15
    0.41526997270870875667E+01   -0.10654526220558495738E-12   -0.27488578608824085206E-15
    0.41614875238938937585E+01   -0.71866951899387273260E-13   -0.10186306159163596966E-15
    0.41702753207007008385E+01   -0.47914194396287270396E-13   -0.24111259216892914333E-15
    0.41790631175075079184E+01   -0.29987637750010215263E-13   -0.47135283540007982048E-15
    0.41878509143143141102E+01   -0.18322060634813970874E-13   -0.33069781647596637454E-15
    0.41966387111211211902E+01   -0.12650540369314436283E-13    0.22222646130472871447E-15
    0.42054265079279282702E+01   -0.10031913382202370600E-13    0.67967580293737584180E-15
    0.42142143047347353502E+01   -0.73528216559595443051E-14    0.59958326098326451011E-15
    0.42230021015415415420E+01   -0.38893787015840677445E-14    0.14442922174787280120E-15
    0.42317898983483486219E+01   -0.85089107708087180232E-15   -0.15605973549255485303E-15
    0.42405776951551557019E+01    0.58696177459810194582E-15   -0.15359611895278498962E-16
    0.42493654919619618937E+01    0.34648888766056508279E-15    0.38278968999267790206E-15
    0.42581532887687689737E+01   -0.81655416398018691575E-15    0.69789022488413738112E-15
    0.42669410855755760537E+01   -0.18449201589726123873E-14    0.75906494861183362441E-15
    0.42757288823823822455E+01   -0.19319438223843964715E-14    0.57027142497712425174E-15
    0.42845166791891893254E+01   -0.10322949893917266575E-14    0.15956448990133110572E-15
    0.42933044759959964054E+01    0.13551367964330853983E-15   -0.44413329019721027623E-15
    0.43020922728028034854E+01    0.75246524177739586383E-15   -0.10557738977352543794E-14
    0.43108800696096096772E+01    0.51965669064159265535E-15   -0.12603715487424256777E-14
    0.43196678664164167571E+01   -0.30735273117594297681E-15   -0.73431405367701513573E-15
    0.43284556632232238371E+01   -0.11895152094496948967E-14    0.27978230258343492089E-15
    0.43372434600300300289E+01   -0.15830690014447388809E-14    0.10102919152586177381E-14
    0.43460312568368371089E+01   -0.12029135463187898631E-14    0.87161455029847759931E-15
    0.43548190536436441889E+01   -0.19950561027775601492E-15    0.56007875613461735686E-16
    0.43636068504504503807E+01    0.94545529868807801064E-15   -0.72924739975717583568E-15
    0.43723946472572574606E+01    0.16684724641458454941E-14   -0.93116312956561527778E-15
    0.43811824440640645406E+01    0.15811560289243723435E-14   -0.49562845949605022340E-15
    0.43899702408708707324E+01    0.72224837406235613020E-15    0.24167612826647364573E-15
    0.43987580376776778124E+01   -0.33812047998088321042E-15    0.77765026576494981762E-15
    0.44075458344844848924E+01   -0.88371978270685000891E-15    0.75336740614156350164E-15
    0.44163336312912919723E+01   -0.64235382012734894937E-15    0.27139188596879757702E-15
    0.44251214280980981641E+01    0.53166662195266920954E-16   -0.16829713020918620770E-15
    0.44339092249049052441E+01    0.66954523265531297999E-15   -0.21850374546125214014E-15
    0.44426970217117123241E+01    0.87964522080334821577E-15   -0.97956283621550626128E-16
    0.44514848185185185159E+01    0.62387893432161737565E-15   -0.24919809716400928413E-15
    0.44602726153253255958E+01    0.16732173937723233137E-17   -0.67598415166481139728E-15
    0.44690604121321326758E+01   -0.79336220322850331881E-15   -0.86175042541250224326E-15
    0.44778482089389388676E+01   -0.14715761802413486801E-14   -0.44604782243640767215E-15
    0.44866360057457459476E+01   -0.16871184919234842443E-14    0.23361617413203186304E-15
    0.44954238025525530276E+01   -0.12547627009254074110E-14    0.50249602588081596203E-15
    0.45042115993593592194E+01   -0.41914838042400269128E-15    0.10432436329193514848E-15
    0.45129993961661662993E+01    0.21744609492234966137E-15   -0.57612068188988921441E-15
    0.45217871929729733793E+01    0.19842889073236456523E-15   -0.98924497650972295606E-15
    0.45305749897797804593E+01   -0.38006030545957192499E-15   -0.89065120612108865667E-15
    0.45393627865865866511E+01   -0.10315624854734927442E-14   -0.37314567447488068561E-15
    0.45481505833933937311E+01   -0.13056040397337454591E-14    0.31337328690107698232E-15
    0.45569383802002008110E+01   -0.10447276777538895003E-14    0.89476165841435454077E-15
    0.45657261770070070028E+01   -0.40946635482415924696E-15    0.11319584764344021881E-14
    0.45745139738138140828E+01    0.20333059803182002936E-15    0.88029867259855817984E-15
    0.45833017706206211628E+01    0.44800733950182323744E-15    0.19180858487141307232E-15
    0.45920895674274273546E+01    0.37521702811010700010E-15   -0.58582835820437133420E-15
    0.46008773642342344345E+01    0.37814016280699571077E-15   -0.93681320470926861311E-15
    0.46096651610410415145E+01    0.64659551992316515803E-15   -0.58152337566117934470E-15
    0.46184529578478477063E+01    0.79987287282533333157E-15    0.23072719497726119909E-15
    0.46272407546546547863E+01    0.36921396485714701691E-15    0.94179271019411043817E-15
    0.46360285514614618663E+01   -0.40082348760899226318E-15    0.11307662389365777510E-14
    0.46448163482682689462E+01   -0.60984458762555157924E-15    0.74839496581653297436E-15
    0.46536041450750751380E+01    0.17738006587741746718E-15    0.74922969204125690238E-16
    0.46623919418818822180E+01    0.11450860415066450078E-14   -0.41710165557685227995E-15
    0.46711797386886892980E+01    0.10921337731944713019E-14   -0.34314277593100795450E-15
    0.46799675354954954898E+01   -0.56279511569903818140E-16    0.27793938976971567277E-15
    0.46887553323023025698E+01   -0.10810109748568468016E-14    0.10120131066415009028E-14
    0.46975431291091096497E+01   -0.96512047479677454629E-15    0.13677066284758859301E-14
    0.47063309259159158415E+01   -0.83773851957587253465E-16    0.11328142868556422198E-14
    0.47151187227227229215E+01    0.47562656740129913021E-15    0.43953993645357827770E-15
    0.47239065195295300015E+01    0.35603051045281098726E-15   -0.31222169513555708244E-15
    0.47326943163363361933E+01    0.22163076730779179620E-15   -0.64419499699631981509E-15
    0.47414821131431432732E+01    0.62333765619953175173E-15   -0.31274258939884850447E-15
    0.47502699099499503532E+01    0.11083200738820837326E-14    0.47680105668871462310E-15
    0.47590577067567574332E+01    0.85111780300024126776E-15    0.12267584225736777622E-14
    0.47678455035635636250E+01   -0.12224760465937706128E-15    0.14706990505553556997E-14
    0.47766333003703707050E+01   -0.82093554051163358651E-15    0.10253822040037415541E-14
    0.47854210971771777849E+01   -0.52677148951216319641E-15    0.14219392027737476847E-15
    0.47942088939839839767E+01    0.26668578783943015311E-15   -0.51521645830671032781E-15
    0.48029966907907910567E+01    0.54016433241864940363E-15   -0.37050439490897901299E-15
    0.48117844875975981367E+01    0.67845011855088787222E-16    0.42305138297469832071E-15
    0.48205722844044043285E+01   -0.37336306609721949083E-15    0.10406563762415975412E-14
    0.48293600812112114085E+01   -0.13506052116307139806E-15    0.87297340125977905750E-15
    0.48381478780180184884E+01    0.41947420854940812550E-15    0.19540666048043030732E-15
    0.48469356748248246802E+01    0.47634494290316379669E-15   -0.24998339126117924587E-15
    0.48557234716316317602E+01   -0.10735000207116372023E-15   -0.10715855205830086800E-15
    0.48645112684384388402E+01   -0.62073623503223758234E-15    0.33879502362634783948E-15
    0.48732990652452459202E+01   -0.44142451652969138088E-15    0.63004570539124211020E-15
    0.48820868620520521119E+01    0.20879046117622274762E-15    0.58195818187765257040E-15
    0.48908746588588591919E+01    0.63765509030979168107E-15    0.29462804641602038630E-15
    0.48996624556656662719E+01    0.50656296851508782221E-15   -0.29661513392042133338E-16
    0.49084502524724724637E+01    0.73450593314941923408E-16   -0.22199104727736214627E-15
    0.49172380492792795437E+01   -0.26215137593358106593E-15   -0.21566082636332969228E-15
    0.49260258460860866236E+01   -0.37290005521949600590E-15   -0.75186170934257517081E-16
    0.49348136428928928154E+01   -0.34839623543213784477E-15    0.59701531520199093262E-16
    0.49436014396996998954E+01   -0.24905731682512164444E-15    0.65560039879989300747E-16
    0.49523892365065069754E+01   -0.49913492162601811962E-16   -0.99088519916774145635E-16
    0.49611770333133140554E+01    0.18918184987835406075E-15   -0.36097004484903003651E-15
    0.49699648301201202472E+01    0.22681942649037426050E-15   -0.54051511662477070451E-15
    0.49787526269269273271E+01   -0.13078811260081841644E-15   -0.46534780432765035896E-15
    0.49875404237337344071E+01   -0.70027040798196508478E-15   -0.11775166723024468549E-15
    0.49963282205405405989E+01   -0.97834313175164815335E-15    0.32843743576083749584E-15
    0.50051160173473476789E+01   -0.64023146058056414120E-15    0.59990232340944147131E-15
    0.50139038141541547589E+01    0.98649153105019203698E-16    0.45904516858931398046E-15
    0.50226916109609609506E+01    0.72905393879515436343E-15   -0.97088827029334527483E-16
    0.50314794077677680306E+01    0.92844504182782684265E-15   -0.65761788467835420404E-15
    0.50402672045745751106E+01    0.73643900570431471140E-15   -0.61481877178431868741E-15
    0.50490550013813813024E+01    0.37345742330795624859E-15    0.18224187845420002377E-15
    0.50578427981881883824E+01    0.43161525694051476663E-16    0.10549986995931270637E-14
    0.50666305949949954623E+01   -0.14496564844885872086E-15    0.11354176141788851892E-14
    0.50754183918018025423E+01   -0.19254707717151836994E-15    0.34413468683182512704E-15
    0.50842061886086087341E+01   -0.16985599741198591995E-15   -0.52081449645309130859E-15
    0.50929939854154158141E+01   -0.11177316253300883679E-15   -0.70024056376783595987E-15
    0.51017817822222228941E+01    0.36421312170059591763E-16   -0.20914822253052354892E-15
    0.51105695790290290859E+01    0.30301865365618071063E-15    0.40394262038147625616E-15
    0.51193573758358361658E+01    0.52745683982315855894E-15    0.68165574249959885860E-15
    0.51281451726426432458E+01    0.42399563832855331290E-15    0.53410295587969893048E-15
    0.51369329694494494376E+01   -0.10575794555837411883E-15    0.10923557744085757802E-15
    0.51457207662562565176E+01   -0.77332544701380098039E-15   -0.37217612067193152768E-15
    0.51545085630630635976E+01   -0.11345214595454964848E-14   -0.69930184877484330666E-15
    0.51632963598698697893E+01   -0.97540668450815667675E-15   -0.71987342164777500190E-15
    0.51720841566766768693E+01   -0.44456077899551553045E-15   -0.40203513544193872243E-15
    0.51808719534834839493E+01    0.10188267820640209028E-15    0.90647797511181308006E-16
    0.51896597502902910293E+01    0.29932973549175332984E-15    0.41569536119715122725E-15
    0.51984475470970972211E+01   -0.29098819600895445435E-16    0.32978371077211893882E-15
    0.52072353439039043010E+01   -0.70859783271706258470E-15    0.21252751125597523668E-16
    0.52160231407107113810E+01   -0.12914738275675921277E-14   -0.12273020092089933770E-16
    0.52248109375175184610E+01   -0.13956920011301592489E-14    0.42530341230364907472E-15
    0.52335987343243246528E+01   -0.97140305401838547812E-15    0.86601240985445901340E-15
    0.52423865311311317328E+01   -0.25614540207297442662E-15    0.71295175716015700396E-15
    0.52511743279379388127E+01    0.40051452564466230641E-15    0.51494914173556247229E-16
    0.52599621247447450045E+01    0.69804707279710750688E-15   -0.36119696673507326858E-15
    0.52687499215515520845E+01    0.52225334473350182748E-15    0.47417742578266183021E-17
    0.52775377183583591645E+01    0.17101818103106076910E-16    0.81207237176950648595E-15
    0.52863255151651653563E+01   -0.51296973995071125929E-15    0.13024338275328286888E-14
    0.52951133119719724363E+01   -0.76805911938030948896E-15    0.11221081944490673679E-14
    0.53039011087787795162E+01   -0.58666321828563620355E-15    0.55091160789417892316E-15
    0.53126889055855857080E+01   -0.40360934285539231245E-16    0.77420759022234279012E-16
    0.53214767023923927880E+01    0.55423810238215044793E-15   -0.15114881446975249157E-16
    0.53302644991991998680E+01    0.83206450366120614491E-15    0.23629839547915150762E-15
    0.53390522960060069479E+01    0.63862594137580470409E-15    0.50865403037848161400E-15
    0.53478400928128131397E+01    0.10297646004365873799E-15    0.41153771824792927394E-15
    0.53566278896196202197E+01   -0.48933730471824459343E-15   -0.11377949990484615622E-15
    0.53654156864264272997E+01   -0.84010877230661368969E-15   -0.61076342409570947962E-15
    0.53742034832332334915E+01   -0.74649342604618615110E-15   -0.57668692576586705996E-15
    0.53829912800400405715E+01   -0.18882656107056321512E-15   -0.10745464095742607504E-15
    0.53917790768468476514E+01    0.62180610737774958594E-15    0.16327536675930404109E-15
    0.54005668736536538432E+01    0.12419799128627852326E-14   -0.13860708376467723104E-15
    0.54093546704604609232E+01    0.11260865055148898686E-14   -0.61479078320456631938E-15
    0.54181424672672680032E+01    0.88967136355918681845E-16   -0.63119924991630798973E-15
    0.54269302640740750832E+01   -0.12073308299846756727E-14   -0.17257530943813982766E-15
    0.54357180608808812750E+01   -0.15986404974673401614E-14    0.13285918346620132596E-15
    0.54445058576876883549E+01   -0.60944470558917165313E-15   -0.14645311350546682564E-15
    0.54532936544944954349E+01    0.86081847945932679607E-15   -0.67487788388242728278E-15
    0.54620814513013016267E+01    0.15106614933853373173E-14   -0.82612985327138813174E-15
    0.54708692481081087067E+01    0.10952860224331797552E-14   -0.48623808121103948023E-15
    0.54796570449149157866E+01    0.51291658959656034458E-15   -0.13556259787704857172E-15
    0.54884448417217219784E+01    0.47602018862986965592E-15   -0.18298161247397241981E-15
    0.54972326385285290584E+01    0.61396865955672746125E-15   -0.48685546156260054576E-15
    0.55060204353353361384E+01    0.24103570217167767163E-15   -0.64842235479857557283E-15
    0.55148082321421423302E+01   -0.39705202495190851800E-15   -0.55088908948613643051E-15
    0.55235960289489494102E+01   -0.25886813144039556822E-15   -0.42969202984528536112E-15
    0.55323838257557564901E+01    0.95532388286758906751E-15   -0.46030553615974543220E-15
    0.55411716225625635701E+01    0.19532004017589762047E-14   -0.48135537326506219557E-15
    0.55499594193693697619E+01    0.12996900681092832391E-14   -0.24753413117552427963E-15
    0.55587472161761768419E+01   -0.54242210219019525432E-15    0.16810808449322568063E-15
    0.55675350129829839219E+01   -0.14949274295389209436E-14    0.41279302134410124193E-15
    0.55763228097897901137E+01   -0.47520903943292818648E-15    0.33545776491065779489E-15
    0.55851106065965971936E+01    0.10253974937133283365E-14    0.25558473449133079258E-15
    0.55938984034034042736E+01    0.85936208742765153909E-15    0.52566632553127986461E-15
    0.56026862002102104654E+01   -0.89459511465710018391E-15    0.92213221549192207723E-15
    0.56114739970170175454E+01   -0.19796549296866475196E-14    0.79447247580202996973E-15
    0.56202617938238246253E+01   -0.93692502428557160188E-15   -0.36820175537208753490E-16
    0.56290495906306308171E+01    0.95343115542943278537E-15   -0.79577276167782895687E-15
    0.56378373874374378971E+01    0.14044589388525840062E-14   -0.58349228731474787255E-15
    0.56466251842442449771E+01   -0.65189602071819923613E-16    0.45293772372856421903E-15
    0.56554129810510520571E+01   -0.17995966207455777959E-14    0.11985159719878250892E-14
    0.56642007778578582489E+01   -0.21525132665132357335E-14    0.87926973431055483253E-15
    0.56729885746646653288E+01   -0.11192003192632418436E-14   -0.70060521230436597964E-16
    0.56817763714714724088E+01    0.19460973950462724459E-15   -0.67865819714831091536E-15
    0.56905641682782786006E+01    0.84003008372153853889E-15   -0.57365803716331347101E-15
    0.56993519650850856806E+01    0.60018689895197300681E-15   -0.18438320840457209735E-15
    0.57081397618918927606E+01   -0.14795382774151323633E-15   -0.23058167276418178761E-16
    0.57169275586986989524E+01   -0.73805319966570909600E-15   -0.12408152497458759363E-15
    0.57257153555055060323E+01   -0.68834088256019610005E-15   -0.19481803701254104129E-15
    0.57345031523123131123E+01   -0.15118398548594911088E-15   -0.97560033365490621321E-17
    0.57432909491191193041E+01    0.24953237487883180344E-15    0.39460724437797279257E-15
    0.57520787459259263841E+01    0.16264568734667855016E-15    0.73269696553041706451E-15
    0.57608665427327334640E+01   -0.67021439802981522496E-16    0.61122188258097416240E-15
    0.57696543395395405440E+01    0.37812549074740220111E-16   -0.82754306297679149880E-16
    0.57784421363463467358E+01    0.29040509750463383278E-15   -0.80694183786623628569E-15
    0.57872299331531538158E+01    0.21030482260997438726E-17   -0.71386424366236214137E-15
    0.57960177299599608958E+01   -0.94539600315439667368E-15    0.32381426768776792753E-15
    0.58048055267667670876E+01   -0.15616349445250227005E-14    0.12454795268689548232E-14
    0.58135933235735741675E+01   -0.81211411157795220337E-15    0.91849408858570582768E-15
    0.58223811203803812475E+01    0.95410584136062353843E-15   -0.39711706011787565797E-15
    0.58311689171871874393E+01    0.21824332726430879774E-14   -0.12353883955590484049E-14
    0.58399567139939945193E+01    0.18118601293494329171E-14   -0.67274039183829261628E-15
    0.58487445108008015993E+01    0.38145200698704403386E-15    0.58122288024637258082E-15
    0.58575323076076077911E+01   -0.78711798117816694462E-15    0.11867965732700137391E-14
    0.58663201044144148710E+01   -0.97078763152169826597E-15    0.74904020922714488626E-15
    0.58751079012212219510E+01   -0.41894797848350888534E-15    0.18705130438820979185E-16
    0.58838956980280290310E+01    0.24301309262724919415E-15   -0.21401746510189934496E-15
    0.58926834948348352228E+01    0.56772650819648607733E-15    0.58422550603198305386E-16
    0.59014712916416423027E+01    0.43201896402772253088E-15    0.33229992863718530656E-15
    0.59102590884484493827E+01    0.11975794849777100715E-16    0.21465833747821723301E-15
    0.59190468852552555745E+01   -0.37910971889029394476E-15   -0.29651954480584562044E-15
    0.59278346820620626545E+01   -0.56944963050895154126E-15   -0.86958867002490309498E-15
    0.59366224788688697345E+01   -0.66071509710771259748E-15   -0.10235750658519662873E-14
    0.59454102756756759263E+01   -0.77571094331073805406E-15   -0.50967120227518808932E-15
    0.59541980724824830062E+01   -0.73815630898106171952E-15    0.32458043147882681741E-15
    0.59629858692892900862E+01   -0.22210955737248759134E-15    0.75085797362493636580E-15
    0.59717736660960962780E+01    0.67578027485456378700E-15    0.39972939813813507539E-15
    0.59805614629029033580E+01    0.12217758952834740651E-14   -0.31892520944036768911E-15
    0.59893492597097104380E+01    0.79917987028556599627E-15   -0.70466660427956695059E-15
    0.59981370565165175179E+01   -0.17730039745520213646E-15   -0.48939261972506745179E-15
    0.60069248533233237097E+01   -0.56643306925186833392E-15    0.45537041864444251290E-16
    0.60157126501301307897E+01    0.97309529374419949078E-16    0.51264583342753419062E-15
    0.60245004469369378697E+01    0.87643916066057541007E-15    0.76237917860631916741E-15
    0.60332882437437440615E+01    0.59959301031253209371E-15    0.82984292005889394682E-15
    0.60420760405505511415E+01   -0.56515675939514384804E-15    0.76066538401345393965E-15
    0.60508638373573582214E+01   -0.12808290050718623986E-14    0.57209069990481383984E-15
    0.60596516341641644132E+01   -0.78201414431347684045E-15    0.33845391218873865258E-15
    0.60684394309709714932E+01    0.11238710763237501737E-15    0.21866808362467037577E-15
    0.60772272277777785732E+01    0.12032749469549392920E-15    0.31400084867012331650E-15
    0.60860150245845856531E+01   -0.87596071405583654952E-15    0.50489236184603635531E-15
    0.60948028213913918449E+01   -0.17732355921902959712E-14    0.53420032596988784159E-15
    0.61035906181981989249E+01   -0.16065551817690027302E-14    0.30676652266590897376E-15
    0.61123784150050060049E+01   -0.50718317992439676311E-15    0.35870424387657903436E-16
    0.61211662118118121967E+01    0.65925245673917478236E-15   -0.21493341196262700914E-16
    0.61299540086186192767E+01    0.10712857634596540966E-14    0.91072178453644182371E-16
    0.61387418054254263566E+01    0.44189261335397165104E-15    0.87419102404683859617E-16
    0.61475296022322325484E+01   -0.77711636811343249584E-15   -0.14962077857489981013E-15
    0.61563173990390396284E+01   -0.15317381568121502228E-14   -0.35310978733630724197E-15
    0.61651051958458467084E+01   -0.99434695081324541679E-15   -0.19956317319882463880E-15
    0.61738929926526529002E+01    0.54497972961992216347E-15    0.25136412447725530900E-15
    0.61826807894594599802E+01    0.18803488616032155112E-14    0.58760574637477962554E-15
    0.61914685862662670601E+01    0.20463174032867934617E-14    0.48938985023423210811E-15
    0.62002563830730741401E+01    0.11062110566720905687E-14    0.35212258293797051502E-16
    0.62090441798798803319E+01   -0.14483006747604270481E-15   -0.41616976413671338049E-15
    0.62178319766866874119E+01   -0.82422680600793750610E-15   -0.48662328375539492838E-15
    0.62266197734934944918E+01   -0.44823758975706880757E-15   -0.21315565208657617705E-16
    0.62354075703003006836E+01    0.74670005354425666953E-15    0.70082038129421412243E-15
    0.62441953671071077636E+01    0.18276722168654130435E-14    0.10143429714509154658E-14
    0.62529831639139148436E+01    0.19109277853289191795E-14    0.47774495249683414769E-15
    0.62617709607207210354E+01    0.10015405880227163865E-14   -0.48212795425955580785E-15
    0.62705587575275281154E+01   -0.82079239338954081634E-16   -0.87689332211604407154E-15
    0.62793465543343351953E+01   -0.57052327038843023106E-15   -0.26668821814087530909E-15
    0.62881343511411413871E+01   -0.34183798346421671447E-15    0.67120938824617892189E-15
    0.62969221479479484671E+01    0.26611528445023044434E-15    0.97416842207334329670E-15
    0.63057099447547555471E+01    0.86936831100189710453E-15    0.50836520347790569331E-15
    0.63144977415615626271E+01    0.12180436233786747964E-14   -0.50226756493037990113E-16
    0.63232855383683688189E+01    0.11702365312374254521E-14   -0.20014554041736534842E-15
    0.63320733351751758988E+01    0.68773218822125792730E-15   -0.19171760664522673312E-15
    0.63408611319819829788E+01   -0.68323644736183272192E-16   -0.47103629557717918737E-15
    0.63496489287887891706E+01   -0.66285086630837398610E-15   -0.89885298452993933921E-15
    0.63584367255955962506E+01   -0.63369213566893773658E-15   -0.87515594264183713793E-15
    0.63672245224024033305E+01    0.43562340216025248087E-17   -0.22110189474577333998E-15
    0.63760123192092095223E+01    0.59976457764959699021E-15    0.39674209833369273903E-15
    0.63848001160160166023E+01    0.51141397992870357451E-15    0.21910487607835277640E-15
    0.63935879128228236823E+01   -0.13302138150636494174E-15   -0.64594574713542275666E-15
    0.64023757096296298741E+01   -0.58717987063529210222E-15   -0.13251826904949128708E-14
    0.64111635064364369541E+01   -0.38862816948227615951E-15   -0.11689431617577700841E-14
    0.64199513032432440340E+01    0.13363339572928151403E-15   -0.37266397834947027064E-15
    0.64287391000500511140E+01    0.38066119134129624253E-15    0.40405044600997772654E-15
    0.64375268968568573058E+01    0.22260637479880442238E-15    0.67933481224367932882E-15
    0.64463146936636643858E+01    0.47415465903500210622E-16    0.40137391651604485594E-15
    0.64551024904704714658E+01    0.23222805174669964716E-15   -0.13756161661287950782E-15
    0.64638902872772776576E+01    0.76021759853539787894E-15   -0.48357906928379094637E-15
    0.64726780840840847375E+01    0.12843258345997630052E-14   -0.32656190263888663202E-15
    0.64814658808908918175E+01    0.13502779502085879355E-14    0.22034031588765226323E-15
    0.64902536776976980093E+01    0.70101897056885360202E-15    0.71674037811618686369E-15
    0.64990414745045050893E+01   -0.37338222148129111765E-15    0.79563008374142494168E-15
    0.65078292713113121692E+01   -0.10422427076628696587E-14    0.42622421024867181745E-15
    0.65166170681181183610E+01   -0.69830893744255198881E-15   -0.18388494515390754087E-15
    0.65254048649249254410E+01    0.23676002148733789658E-15   -0.78375931988350335219E-15
    0.65341926617317325210E+01    0.64762683782813272002E-15   -0.11684558792362883858E-14
    0.65429804585385396010E+01   -0.29841724159602718431E-16   -0.11810040069726140723E-14
    0.65517682553453457928E+01   -0.11596957224403535086E-14   -0.75142913618095792956E-15
    0.65605560521521528727E+01   -0.17045552267319550677E-14   -0.32371304370160192419E-16
    0.65693438489589599527E+01   -0.13128221469591194033E-14    0.50188876998396648210E-15
    0.65781316457657661445E+01   -0.44455684493869224087E-15    0.33270420568072557277E-15
    0.65869194425725732245E+01    0.28521528284015370576E-15   -0.53915201947141647886E-15
    0.65957072393793803045E+01    0.59771150344531285774E-15   -0.14028859825125100890E-14
    0.66044950361861864963E+01    0.52457736573683377090E-15   -0.14794398957500131093E-14
    0.66132828329929935762E+01    0.23104274784382690068E-15   -0.68864237739715230866E-15
    0.66220706297998006562E+01   -0.95152529966386282849E-16    0.34033229606880025833E-15
    0.66308584266066068480E+01   -0.29742625936093309768E-15    0.86811192760884374159E-15
    0.66396462234134139280E+01   -0.28680042023016562035E-15    0.54582000678534779341E-15
    0.66484340202202210079E+01   -0.55814751435782372375E-16   -0.42020342419720493091E-15
    0.66572218170270280879E+01    0.31734101866524434985E-15   -0.12892209666680512125E-14
    0.66660096138338342797E+01    0.67977014963552838660E-15   -0.12484329812619860614E-14
    0.66747974106406413597E+01    0.82970559392576021254E-15   -0.19689690680352229396E-15
    0.66835852074474484397E+01    0.59711818430215624808E-15    0.98798061020701053322E-15
    0.66923730042542546315E+01    0.31181475951633917377E-16    0.12980144446953412795E-14
    0.67011608010610617114E+01   -0.45738329127395321722E-15    0.59889549900174883655E-15
    0.67099485978678687914E+01   -0.37689434361317222745E-15   -0.37783883383979712674E-15
    0.67187363946746749832E+01    0.25387831972422961267E-15   -0.83874820395542864840E-15
    0.67275241914814820632E+01    0.74786823169451847069E-15   -0.52304813610784068729E-15
    0.67363119882882891432E+01    0.52398655619497989974E-15    0.29061165022186851172E-15
    0.67450997850950962231E+01   -0.60365132948752988864E-16    0.99063521713577812158E-15
    0.67538875819019024149E+01   -0.92084442240834452715E-16    0.10180595446795937930E-14
    0.67626753787087094949E+01    0.60379197719116552575E-15    0.36695369121318021597E-15
    0.67714631755155165749E+01    0.99329326734058838617E-15   -0.30193575333029878953E-15
    0.67802509723223227667E+01    0.18053722336557605370E-15   -0.33718484201309503606E-15
    0.67890387691291298466E+01   -0.11025504723313029360E-14    0.16094451335000042010E-15
    0.67978265659359369266E+01   -0.11685136125209814026E-14    0.51403077943906699358E-15
    0.68066143627427431184E+01    0.34543909865396364247E-15    0.32995019883354330925E-15
    0.68154021595495501984E+01    0.16043871213309755366E-14   -0.60507521093686310565E-16
    0.68241899563563572784E+01    0.78835321587618799878E-15   -0.14650065205083361505E-15
    0.68329777531631634702E+01   -0.13901201871957666818E-14    0.72399118939614725493E-16
    0.68417655499699705501E+01   -0.24228919491061798263E-14    0.16236001631018008977E-15
    0.68505533467767776301E+01   -0.11651305073749402727E-14   -0.93193413032485579027E-16
    0.68593411435835847101E+01    0.69431326267189056244E-15   -0.38103408218321609635E-15
    0.68681289403903909019E+01    0.92467243706691639882E-15   -0.31836302892787083558E-15
    0.68769167371971979819E+01   -0.44256932416120088061E-15   -0.93967928320956982490E-17
    0.68857045340040050618E+01   -0.14486333794139808878E-14    0.89021176272862187612E-16
    0.68944923308108112536E+01   -0.87914467197192415456E-15   -0.18937640137566920531E-15
    0.69032801276176183336E+01    0.34724612126065630827E-15   -0.44841462745128604282E-15
    0.69120679244244254136E+01    0.71446405407360192276E-15   -0.27104361045568747730E-15
    0.69208557212312316054E+01    0.93131863733256519860E-16    0.16060626879002312124E-15
    0.69296435180380386853E+01   -0.38796571427055457334E-15    0.27044484029804420158E-15
    0.69384313148448457653E+01   -0.31845726129841700552E-16   -0.10836541048534812577E-15
    0.69472191116516519571E+01    0.55541299585106459885E-15   -0.42111166531087711524E-15
    0.69560069084584590371E+01    0.45160091646118596727E-15   -0.12866633625560177255E-15
    0.69647947052652661171E+01   -0.32490069339558406055E-15    0.47301150952021498770E-15
    0.69735825020720731970E+01   -0.93686137125706459647E-15    0.56751106337798949858E-15
    0.69823702988788793888E+01   -0.85717829373215248432E-15   -0.56219524138477231347E-16
    0.69911580956856864688E+01   -0.44777514007454295590E-15   -0.57992713653210480610E-15
    0.69999458924924935488E+01   -0.31183881435992602302E-15   -0.20839994044451425047E-15
    0.70087336892992997406E+01   -0.47200641236915618468E-15    0.66344197848407886157E-15
    0.70175214861061068206E+01   -0.45168344315821148438E-15    0.84660198444997386171E-15
    0.70263092829129139005E+01   -0.82194915436143048102E-17   -0.13193838416771000940E-15
    0.70350970797197200923E+01    0.51676319055970278506E-15   -0.13622968671003666557E-14
    0.70438848765265271723E+01    0.68209540263512814532E-15   -0.16656903447782504024E-14
    0.70526726733333342523E+01    0.52775945491450830416E-15   -0.93343869715193294967E-15
    0.70614604701401404441E+01    0.44699516243821636388E-15   -0.55911095907511408541E-16
    0.70702482669469475240E+01    0.55942208588215292302E-15    0.16739191921765308296E-15
    0.70790360637537546040E+01    0.49086405641799967608E-15   -0.28427190486466315583E-15
    0.70878238605605616840E+01   -0.48218141304520228923E-17   -0.89300969944174398747E-15
    0.70966116573673678758E+01   -0.41318989221761617964E-15   -0.10806670878299935308E-14
    0.71053994541741749558E+01    0.54315634970255966393E-16   -0.56873724545581078403E-15
    0.71141872509809820357E+01    0.12174213864195302677E-14    0.37317271769092929786E-15
    0.71229750477877882275E+01    0.16604374279988591569E-14    0.10123843077935883006E-14
    0.71317628445945953075E+01    0.38872827472603563120E-15    0.83051425285576077046E-15
    0.71405506414014023875E+01   -0.15131046924032203918E-14    0.16460263171205111340E-15
    0.71493384382082085793E+01   -0.18370756024868041988E-14   -0.13602640659413050677E-15
    0.71581262350150156593E+01    0.10015500558733724386E-16    0.27339921611059620690E-15
    0.71669140318218227392E+01    0.19991443831771538419E-14    0.81835350513310650767E-15
    0.71757018286286289310E+01    0.19238319965280870572E-14    0.80052914336709526878E-15
    0.71844896254354360110E+01    0.11220873228413169858E-15    0.30307449295865594973E-15
    0.71932774222422430910E+01   -0.11846432337618972718E-14    0.78284969686094152692E-17
    0.72020652190490501710E+01   -0.69401328735723107597E-15    0.26339602129365065871E-15
    0.72108530158558563627E+01    0.50593623211562129308E-15    0.66426113672726662878E-15
    0.72196408126626634427E+01    0.75190020573097183961E-15    0.67593885122597988005E-15
    0.72284286094694705227E+01   -0.67206030260979702677E-16    0.36049351416969019777E-15
    0.72372164062762767145E+01   -0.70799637103730745047E-15    0.21153046279836380808E-15
    0.72460042030830837945E+01   -0.37610742201923181015E-15    0.38667626861300575974E-15
    0.72547919998898908744E+01    0.37876185832761125799E-15    0.42735508695298837020E-15
    0.72635797966966970662E+01    0.65241538567501930500E-15   -0.53676231680740110007E-16
    0.72723675935035041462E+01    0.39990710457801158171E-15   -0.65340917231908426949E-15
    0.72811553903103112262E+01    0.29043410394062633330E-15   -0.55293446119705587553E-15
    0.72899431871171174180E+01    0.64199859617360053285E-15    0.38571248312786815691E-15
    0.72987309839239244980E+01    0.95731851127434445985E-15    0.12430217878546802497E-14
    0.73075187807307315779E+01    0.67000465538422711945E-15    0.10547896999188743161E-14
    0.73163065775375386579E+01   -0.15567496067992006361E-16   -0.78946198667919577526E-16
    0.73250943743443448497E+01   -0.36774262794972517081E-15   -0.11818669327600820899E-14
    0.73338821711511519297E+01   -0.89660589113708059053E-16   -0.14656799043414109950E-14
    0.73426699679579590097E+01    0.29211599865924188058E-15   -0.95016942917347603500E-15
    0.73514577647647652014E+01    0.15603220971958478713E-15   -0.16642615381217562712E-15
    0.73602455615715722814E+01   -0.40066535206742246168E-15    0.33803165837249139228E-15
    0.73690333583783793614E+01   -0.72908302062879131960E-15    0.28142153735583809999E-15
    0.73778211551851855532E+01   -0.44661813653270269032E-15   -0.23201185650549874338E-15
    0.73866089519919926332E+01    0.16290026635589808892E-15   -0.76918505861750162421E-15
    0.73953967487987997131E+01    0.57441941711604688250E-15   -0.90857349684101247189E-15
    0.74041845456056067931E+01    0.56140007092949695508E-15   -0.57853346228729630164E-15
    0.74129723424124129849E+01    0.26386595450848919342E-15   -0.44335393032290139310E-16
    0.74217601392192200649E+01   -0.63968733753425296514E-16    0.34220713913427718722E-15
    0.74305479360260271449E+01   -0.24578203988321924996E-15    0.34702077603087132683E-15
    0.74393357328328333367E+01   -0.22325889342560077783E-15   -0.57311143154166756083E-16
    0.74481235296396404166E+01   -0.49398143708247558743E-16   -0.66241741396898679736E-15
    0.74569113264464474966E+01    0.15058686744995766627E-15   -0.11295194755972966416E-14
    0.74656991232532536884E+01    0.23996310649047684261E-15   -0.11820790577557087135E-14
    0.74744869200600607684E+01    0.13402319399272988582E-15   -0.75205599956523367664E-15
    0.74832747168668678484E+01   -0.13510931038885526832E-15   -0.33409073364863404834E-16
    0.74920625136736740401E+01   -0.38640038206581431789E-15    0.54196348847790017801E-15
    0.75008503104804811201E+01   -0.40608334518638344917E-15    0.56870851401742019545E-15
    0.75096381072872882001E+01   -0.15322538740952097647E-15    0.69747856151676700512E-16
    0.75184259040940952801E+01    0.17378332759024756420E-15   -0.43174393776109286501E-15
    0.75272137009009014719E+01    0.31842825331208279934E-15   -0.41631058269323192043E-15
    0.75360014977077085518E+01    0.17304492141436335939E-15    0.11465577073707390827E-15
    0.75447892945145156318E+01   -0.18100437307109465358E-15    0.71732192566129838634E-15
    0.75535770913213218236E+01   -0.54610289072085913429E-15    0.96889108827849887564E-15
    0.75623648881281289036E+01   -0.70233959793858148209E-15    0.76720952546958777851E-15
    0.75711526849349359836E+01   -0.52085370016595670900E-15    0.30133463836032796682E-15
    0.75799404817417421754E+01   -0.58577592102012817028E-16   -0.82797610746210680198E-16
    0.75887282785485492553E+01    0.45033067500193984807E-15   -0.11159673425825033659E-15
    0.75975160753553563353E+01    0.67688105860467088968E-15    0.14548386359101005820E-15
    0.76063038721621625271E+01    0.35993747518289034886E-15    0.27826171089881632901E-15
    0.76150916689689696071E+01   -0.40991666575894234161E-15   -0.48257220240609198493E-17
    0.76238794657757766871E+01   -0.10211092140514236377E-14   -0.45793178623468545079E-15
    0.76326672625825837670E+01   -0.80238760057086150802E-15   -0.55370012227985256938E-15
    0.76414550593893899588E+01    0.15582967660682004858E-15   -0.14731915311414312951E-15
    0.76502428561961970388E+01    0.86951071649674590110E-15    0.29959955824911913593E-15
    0.76590306530030041188E+01    0.50732020859305463384E-15    0.27209907598229402940E-15
    0.76678184498098103106E+01   -0.59644737016954675735E-15   -0.20830388544632383631E-15
    0.76766062466166173905E+01   -0.13313448686899082897E-14   -0.66562130668979026835E-15
    0.76853940434234244705E+01   -0.10580245571869813248E-14   -0.67317230047421626966E-15
    0.76941818402302306623E+01   -0.18309563378546830005E-15   -0.17249468875947317161E-15
    0.77029696370370377423E+01    0.47296650607296483147E-15    0.56490195091415027204E-15
    0.77117574338438448223E+01    0.46603286544804270044E-15    0.10877977880860075417E-14
    0.77205452306506510141E+01   -0.71008150000892023637E-16    0.10190362981834883804E-14
    0.77293330274574580940E+01   -0.61790990427363061822E-15    0.35641531723015828097E-15
    0.77381208242642651740E+01   -0.59197143583383147020E-15   -0.46522978612085519413E-15
    0.77469086210710722540E+01    0.16166779670527139873E-15   -0.90300028571233393116E-15
    0.77556964178778784458E+01    0.10382404036214304747E-14   -0.67480573365484344920E-15
    0.77644842146846855258E+01    0.11798818424881400863E-14    0.10457134933698006702E-15
    0.77732720114914926057E+01    0.45689304981539605447E-15    0.95020278568266881815E-15
    0.77820598082982987975E+01   -0.28845376053742534289E-15    0.12203736520476350911E-14
    0.77908476051051058775E+01   -0.23326954037296384738E-15    0.60562902055028000311E-15
    0.77996354019119129575E+01    0.45076980496729369055E-15   -0.48398910594527295693E-15
    0.78084231987187191493E+01    0.93122554316868934675E-15   -0.12339451078832398269E-14
    0.78172109955255262292E+01    0.81864214428233175480E-15   -0.11518626430932778941E-14
    0.78259987923323333092E+01    0.57010577154307472498E-15   -0.41251413492167051661E-15
    0.78347865891391395010E+01    0.69225913764593215696E-15    0.45218523548549234256E-15
    0.78435743859459465810E+01    0.93546262820565712211E-15    0.96554456096075041714E-15
    0.78523621827527536610E+01    0.63373854856403845062E-15    0.89650860170798966876E-15
    0.78611499795595607409E+01   -0.29617049200040580849E-15    0.30464810077616584277E-15
    0.78699377763663669327E+01   -0.10669444921909770698E-14   -0.48958887890814584333E-15
    0.78787255731731740127E+01   -0.92487768271272756075E-15   -0.10349557180489842200E-14
    0.78875133699799810927E+01   -0.52714635900536906531E-16   -0.92315277233144558546E-15
    0.78963011667867872845E+01    0.68346163921554297701E-15   -0.44428965126981858313E-16
    0.79050889635935943645E+01    0.66673732794134139856E-15    0.11391239485446700952E-14
    0.79138767604004014444E+01    0.19323327151706528018E-16    0.17273141358591635018E-14
    0.79226645572072076362E+01   -0.67597447454672713068E-15    0.11471217522856653790E-14
    0.79314523540140147162E+01   -0.81605149704178003011E-15   -0.18833098140769646646E-15
    0.79402401508208217962E+01   -0.14635827722893858271E-15   -0.12486168188753935278E-14
    0.79490279476276279880E+01    0.95042958388388726744E-15   -0.13447596328007696394E-14
    0.79578157444344350679E+01    0.15976134391088269046E-14   -0.60930051371270390550E-15
    0.79666035412412421479E+01    0.12199770211445548360E-14    0.32918203456755353665E-15
    0.79753913380480492279E+01    0.21774630546201587687E-15    0.82259086136490278160E-15
    0.79841791348548554197E+01   -0.45128102351376664997E-15    0.53905998635765518664E-15
    0.79929669316616624997E+01   -0.30042193979400041737E-15   -0.31339997726595628816E-15
    0.80017547284684695796E+01    0.27636133450970813095E-15   -0.10724308752815645677E-14
    0.80105425252752748833E+01    0.60711540146321493500E-15   -0.11641208816786432617E-14
    0.80193303220820819632E+01    0.42269271131603670639E-15   -0.59795266826925721520E-15
    0.80281181188888890432E+01   -0.71284362762434227776E-16    0.14336798018053340107E-15
    0.80369059156956961232E+01   -0.48728323042023094926E-15    0.56459223442333189228E-15
    0.80456937125025032032E+01   -0.52570547550473277413E-15    0.46308279000548121619E-15
    0.80544815093093102831E+01   -0.16812896462289339786E-15   -0.40809719526560307174E-16
    0.80632693061161173631E+01    0.24090398436676602001E-15   -0.57896317374450791596E-15
    0.80720571029229226667E+01    0.28194125701444642211E-15   -0.78119549280388773549E-15
    0.80808448997297297467E+01   -0.65465572216339364636E-16   -0.59778827966653913840E-15
    0.80896326965365368267E+01   -0.34766178549453930466E-15   -0.33801469776183342266E-15
    0.80984204933433439066E+01   -0.17676698585532799445E-15   -0.27691560057783368557E-15
    0.81072082901501509866E+01    0.27379272542696584740E-15   -0.30648798119770103172E-15
    0.81159960869569580666E+01    0.48241045901996920497E-15   -0.13605198342989215128E-15
    0.81247838837637633702E+01    0.18040612694530531924E-15    0.21792005118383386234E-15
    0.81335716805705704502E+01   -0.39764053880237374780E-15    0.34458786177061194429E-15
    0.81423594773773775302E+01   -0.82451545292525900406E-15   -0.23549201395047796873E-16
    0.81511472741841846101E+01   -0.85019839740622749566E-15   -0.54661961764266644675E-15
    0.81599350709909916901E+01   -0.52051216320558061939E-15   -0.63094190525064290711E-15
    0.81687228677977987701E+01   -0.13696066156936655608E-15   -0.20664788529301262258E-15
    0.81775106646046058501E+01   -0.83024678816162429039E-16    0.11381350192111304178E-15
    0.81862984614114111537E+01   -0.47298823211256688465E-15   -0.17299926356458197678E-15
    0.81950862582182182337E+01   -0.91439613413578683872E-15   -0.75447538225899759765E-15
    0.82038740550250253136E+01   -0.85234346054087491627E-15   -0.91131562276620819715E-15
    0.82126618518318323936E+01   -0.20650356114725629312E-15   -0.50637745217411438306E-15
    0.82214496486386394736E+01    0.48905436774544641035E-15   -0.21162076310633980187E-15
    0.82302374454454465535E+01    0.69712585133083803548E-15   -0.57188301879656052771E-15
    0.82390252422522518572E+01    0.45175296815901869210E-15   -0.11681391231579122095E-14
    0.82478130390590589371E+01    0.17735909124546819388E-15   -0.11103368274509914170E-14
    0.82566008358658660171E+01    0.10867984812382638515E-15   -0.21572660635331950558E-15
    0.82653886326726730971E+01    0.94022852960726817620E-16    0.68045878835828829568E-15
    0.82741764294794801771E+01   -0.11374069575129262639E-16    0.72960596029820359676E-15
    0.82829642262862872570E+01    0.64790251484120522033E-17    0.27815274770489906869E-16
    0.82917520230930943370E+01    0.44267457434671215541E-15   -0.65688584406142687264E-15
    0.83005398198998996406E+01    0.10899407475615620941E-14   -0.80976721611477430209E-15
    0.83093276167067067206E+01    0.12331470708622317396E-14   -0.57045443219914799579E-15
    0.83181154135135138006E+01    0.49418343541053854690E-15   -0.32282806460421454581E-15
    0.83269032103203208806E+01   -0.48719232072432459956E-15   -0.23002226176259276954E-15
    0.83356910071271279605E+01   -0.64911205536418348960E-15   -0.20505836882953026545E-15
    0.83444788039339350405E+01    0.26066350796459685822E-15   -0.12054232745734728422E-15
    0.83532666007407403441E+01    0.13558693182252010191E-14    0.54793877294931407897E-16
    0.83620543975475474241E+01    0.16181154830431131589E-14    0.24624156111060704415E-15
    0.83708421943543545041E+01    0.89485052047532896784E-15    0.31005405949002340240E-15
    0.83796299911611615840E+01   -0.16384334902356629205E-15    0.14403465019801848040E-15
    0.83884177879679686640E+01   -0.74838654825828776163E-15   -0.17512936243451132092E-15
    0.83972055847747757440E+01   -0.40219958636115743693E-15   -0.40754326616938636859E-15
    0.84059933815815828240E+01    0.70649872059774857902E-15   -0.38163764219832519847E-15
    0.84147811783883881276E+01    0.17419880872883832118E-14   -0.18558610683495094698E-15
    0.84235689751951952076E+01    0.18072939220299650313E-14   -0.50019362105196879555E-16
    0.84323567720020022875E+01    0.83578718330329817725E-15   -0.77493567655335748714E-16
    0.84411445688088093675E+01   -0.29085283385592165089E-15   -0.15615359521943845049E-15
    0.84499323656156164475E+01   -0.72120540581519246855E-15   -0.14255522752165141127E-15
    0.84587201624224235275E+01   -0.50744301559753942392E-15   -0.41361052575798874390E-16
    0.84675079592292288311E+01   -0.28841658041188354186E-15    0.25594909875836021209E-16
    0.84762957560360359111E+01   -0.38001344123958393760E-15   -0.40052508702891738197E-16
    0.84850835528428429910E+01   -0.48533275525038507909E-15   -0.23203888834349329254E-15
    0.84938713496496500710E+01   -0.30729855525469547536E-15   -0.45040119503336118787E-15
    0.85026591464564571510E+01   -0.10240125897890427926E-15   -0.54725513776639401854E-15
    0.85114469432632642309E+01   -0.37005290415226511127E-15   -0.42961563996326138063E-15
    0.85202347400700713109E+01   -0.11274093358873997236E-14   -0.17838945268525952221E-15
    0.85290225368768766145E+01   -0.17509713675726902608E-14   -0.14332877618596201815E-16
    0.85378103336836836945E+01   -0.16246672757928903359E-14   -0.55578141682743747755E-16
    0.85465981304904907745E+01   -0.75272907977160393616E-15   -0.13678306282769049467E-15
    0.85553859272972978545E+01    0.32500875216852213418E-15    0.65357955871903578179E-17
    0.85641737241041049344E+01    0.98283940034936216012E-15    0.38503539123210975138E-15
    0.85729615209109120144E+01    0.85977825072593668509E-15    0.68515227884645716293E-15
    0.85817493177177173180E+01    0.42633923277531905692E-16    0.59369551259991000556E-15
    0.85905371145245243980E+01   -0.89759647716579382618E-15    0.10620649033127468742E-15
    0.85993249113313314780E+01   -0.12638492793094340707E-14   -0.49654975880103446544E-15
    0.86081127081381385580E+01   -0.76757462222544260490E-15   -0.84941811759302824564E-15
    0.86169005049449456379E+01    0.27205968490202163628E-15   -0.71178290712976703763E-15
    0.86256883017517527179E+01    0.11939702100365253592E-14   -0.16980183276179969610E-15
    0.86344760985585597979E+01    0.13592296888155569615E-14    0.29472941203255304158E-15
    0.86432638953653651015E+01    0.53672375812999416630E-15    0.19121417436377783017E-15
    0.86520516921721721815E+01   -0.75563444994394522177E-15   -0.40803555285245327260E-15
    0.86608394889789792614E+01   -0.14702038213272166729E-14   -0.85025050713396860747E-15
    0.86696272857857863414E+01   -0.98245302119393098932E-15   -0.63039886087567165217E-15
    0.86784150825925934214E+01    0.18613557915435213924E-15    0.10270469041460466781E-16
    0.86872028793994005014E+01    0.92169554686441100330E-15    0.42767957547939427982E-15
    0.86959906762062058050E+01    0.66275726412147188371E-15    0.35261783541514573690E-15
    0.87047784730130128850E+01   -0.19970449472087559572E-15    0.96859187258684819707E-16
    0.87135662698198199649E+01   -0.94630616281434557821E-15   -0.22488274942255590357E-16
    0.87223540666266270449E+01   -0.11803585756377646323E-14   -0.16603532110371206726E-15
    0.87311418634334341249E+01   -0.89921548260436814260E-15   -0.62940348771872735965E-15
    0.87399296602402412049E+01   -0.27543482291355159317E-15   -0.11488832212808372197E-14
    0.87487174570470482848E+01    0.46398866965229182128E-15   -0.95064230118519446649E-15
    0.87575052538538535885E+01    0.10098634347261195023E-14    0.21397007419543927406E-15
    0.87662930506606606684E+01    0.98817467557012001984E-15    0.13443655961270577986E-14
    0.87750808474674677484E+01    0.22403109289597436608E-15    0.11427634869756721792E-14
    0.87838686442742748284E+01   -0.91493974828073196892E-15   -0.33023732807644965992E-15
    0.87926564410810819084E+01   -0.16318894817645752231E-14   -0.15057908635909837872E-14
    0.88014442378878889883E+01   -0.14044817869947245024E-14   -0.11408965991193070883E-14
    0.88102320346946942919E+01   -0.53181348828187457637E-15    0.18369929172166640543E-15
    0.88190198315015013719E+01    0.21047287021482681450E-15    0.92944421285173907824E-15
    0.88278076283083084519E+01    0.32140633498944775242E-15    0.51726833214115784992E-15
    0.88365954251151155319E+01   -0.11563199784216309552E-15   -0.17723299067188614660E-15
    0.88453832219219226118E+01   -0.71760250423319151188E-15   -0.21594653724635044925E-15
    0.88541710187287296918E+01   -0.11342758870640676880E-14    0.18758748784258620922E-15
    0.88629588155355367718E+01   -0.11711501818713503113E-14    0.20233466405043954894E-15
    0.88717466123423420754E+01   -0.80421601648871977017E-15   -0.31864342168255813359E-15
    0.88805344091491491554E+01   -0.17047767149542287269E-15   -0.59672784736856475715E-15
    0.88893222059559562354E+01    0.46542893527951446768E-15   -0.75609610440387005190E-16
    0.88981100027627633153E+01    0.78085029164278992199E-15    0.66733616989368710144E-15
    0.89068977995695703953E+01    0.56812257541736429552E-15    0.61821178021937720489E-15
    0.89156855963763774753E+01   -0.64031321074800339237E-16   -0.30075443738624975388E-15
    0.89244733931831827789E+01   -0.70569706974587984271E-15   -0.10362018589680175041E-14
    0.89332611899899898589E+01   -0.93399574953135229777E-15   -0.72494441110746860841E-15
    0.89420489867967969388E+01   -0.58729161216553464090E-15    0.22967547612436102546E-15
    0.89508367836036040188E+01    0.16740378502500425538E-15    0.76789621712016318294E-15
    0.89596245804104110988E+01    0.88556335045977715116E-15    0.50616393018126525492E-15
    0.89684123772172181788E+01    0.10504358479924418094E-14    0.56313219856281656030E-16
    0.89772001740240252587E+01    0.45819861246918303428E-15    0.41533194976233079589E-16
    0.89859879708308305624E+01   -0.52962446566477012687E-15    0.26918241060607017583E-15
    0.89947757676376376423E+01   -0.12614209627933110264E-14    0.15958165116497279516E-15
    0.90035635644444447223E+01   -0.12997651998877284217E-14   -0.30189807160993340460E-15
    0.90123513612512518023E+01   -0.66416262106932388349E-15   -0.44230046650992653595E-15
    0.90211391580580588823E+01    0.26572528267383574802E-15    0.17197408197565033551E-15
    0.90299269548648659622E+01    0.94325239262752119627E-15    0.10224849490524686945E-14
    0.90387147516716712659E+01    0.95947545123093125347E-15    0.11990146117876304896E-14
    0.90475025484784783458E+01    0.36424491657089868706E-15    0.48209908172414213752E-15
    0.90562903452852854258E+01   -0.35146601776437642488E-15   -0.42379998478398528792E-15
    0.90650781420920925058E+01   -0.68569780984807296210E-15   -0.72410618680472357948E-15
    0.90738659388988995858E+01   -0.49976477186599099959E-15   -0.28892539064049000846E-15
    0.90826537357057066657E+01    0.11868313256989209334E-16    0.43326168243988505825E-15
    0.90914415325125137457E+01    0.53901634724167378746E-15    0.89066123006901580019E-15
    0.91002293293193190493E+01    0.81515807801722825653E-15    0.77366160010752789534E-15
    0.91090171261261261293E+01    0.69419952240703905988E-15    0.17486135522224615072E-15
    0.91178049229329332093E+01    0.20337276306494365916E-15   -0.40847990980761107371E-15
    0.91265927197397402892E+01   -0.43276797402426539048E-15   -0.45883822426692319768E-15
    0.91353805165465473692E+01   -0.80298267613595654387E-15    0.48245239302539713355E-16
    0.91441683133533544492E+01   -0.50660395271556597147E-15    0.61355602375770458825E-15
    0.91529561101601597528E+01    0.43381883952668782383E-15    0.76636350187775879776E-15
    0.91617439069669668328E+01    0.13647083835365917646E-14    0.51549164232548870406E-15
    0.91705317037737739128E+01    0.15368753974306586120E-14    0.17899101147567556851E-15
    0.91793195005805809927E+01    0.90413302404037024165E-15   -0.44041539002960948220E-16
    0.91881072973873880727E+01    0.16728079464333306678E-15   -0.20064079927097108459E-15
    0.91968950941941951527E+01   -0.86662231574772190385E-16   -0.34033990012499381990E-15
    0.92056828910010004563E+01   -0.40411658343707023964E-16   -0.32894168572753704644E-15
    0.92144706878078075363E+01   -0.20679456046703027927E-15   -0.30689286647336454275E-16
    0.92232584846146146162E+01   -0.57209407650967008284E-15    0.38073886823465132741E-15
    0.92320462814214216962E+01   -0.54738200973013153745E-15    0.48234874877294595905E-15
    0.92408340782282287762E+01    0.11504147117096266817E-15    0.10048590423530060232E-15
    0.92496218750350358562E+01    0.70306438478358944984E-15   -0.36303548297488633027E-15
    0.92584096718418411598E+01    0.31681783614854423796E-15   -0.34853575742290498280E-15
    0.92671974686486482398E+01   -0.86453461787913998667E-15    0.17389527629293016855E-15
    0.92759852654554553197E+01   -0.15733589107573084314E-14    0.64212273066627425845E-15
    0.92847730622622623997E+01   -0.92516118535376074163E-15    0.57880568046369768686E-15
    0.92935608590690694797E+01    0.48093836364160526576E-15    0.12112300261697410517E-15
    0.93023486558758765597E+01    0.13111967240916843383E-14   -0.25898506095766120967E-15
    0.93111364526826818633E+01    0.96744173368831825752E-15   -0.35070291431213644064E-15
    0.93199242494894889433E+01    0.85202829766101769486E-17   -0.34475375624907692944E-15
    0.93287120462962960232E+01   -0.67736343844564947380E-15   -0.43339765761938968987E-15
    0.93374998431031031032E+01   -0.66570633580260472910E-15   -0.49939022093991778473E-15
    0.93462876399099101832E+01   -0.71845642545345149327E-16   -0.33326638186725984520E-15
    0.93550754367167172632E+01    0.69717108313837981929E-15   -0.38005403227803461680E-16
    0.93638632335235243431E+01    0.11869016449192215489E-14    0.11072159144236891084E-18
    0.93726510303303296467E+01    0.11154570255815686993E-14   -0.35948916649656631740E-15
    0.93814388271371367267E+01    0.52233017043938637178E-15   -0.68315555243382142693E-15
    0.93902266239439438067E+01   -0.27883042979314495090E-15   -0.46108824916814152485E-15
    0.93990144207507508867E+01   -0.84374495492315072381E-15    0.12551536460571867927E-15
    0.94078022175575579666E+01   -0.81166926862957847660E-15    0.27703919141343492927E-15
    0.94165900143643650466E+01   -0.18927985999468528796E-15   -0.39758620235443382545E-15
    0.94253778111711703502E+01    0.52853786860051864337E-15   -0.12016413185976671104E-14
    0.94341656079779774302E+01    0.74259294685439048124E-15   -0.11279308951324081390E-14
    0.94429534047847845102E+01    0.30242553565309442405E-15   -0.13807026796342809220E-15
    0.94517412015915915902E+01   -0.38935771387755984141E-15    0.74259454338255221258E-15
    0.94605289983983986701E+01   -0.78478668621099455899E-15    0.67567724118172928537E-15
    0.94693167952052057501E+01   -0.59087592591399021234E-15   -0.37159646667163949411E-16
    0.94781045920120128301E+01    0.88148015254819562946E-16   -0.47632546046568137564E-15
    0.94868923888188181337E+01    0.75621946627388827317E-15   -0.18409997992467820728E-15
    0.94956801856256252137E+01    0.80596182758243069065E-15    0.49324627104824661367E-15
    0.95044679824324322936E+01    0.88896597659598427276E-16    0.91289306932995236318E-15
    0.95132557792392393736E+01   -0.78158229008577418077E-15    0.67349518764897113322E-15
    0.95220435760460464536E+01   -0.10166270918019896865E-14   -0.14528809851564356277E-15
    0.95308313728528535336E+01   -0.52425486674459281251E-15   -0.92800164596188412624E-15
    0.95396191696596588372E+01    0.29445289874864073391E-16   -0.90484317359417467561E-15
    0.95484069664664659172E+01    0.60187384669434592599E-16    0.10000372846476927746E-16
    0.95571947632732729971E+01   -0.29565173936766607295E-15    0.81764447087526276308E-15
    0.95659825600800800771E+01   -0.50708601241357491400E-15    0.46601948331947287150E-15
    0.95747703568868871571E+01   -0.32840182425710309939E-15   -0.70673949363196334886E-15
    0.95835581536936942371E+01    0.15664620850895797526E-16   -0.11574404593460436233E-14
    0.95923459505005013170E+01    0.20062682586002402070E-15   -0.96909797062767032388E-16
    0.96011337473073066207E+01    0.13441864378845824680E-15    0.12543674442248828020E-14
    0.96099215441141137006E+01   -0.59474957214470047867E-16    0.11393231337530848114E-14
    0.96187093409209207806E+01   -0.20308924906813027264E-15   -0.39193988624888054274E-15
    0.96274971377277278606E+01   -0.18553799569647734994E-15   -0.14484098360284606736E-14
    0.96362849345345349406E+01   -0.32702450315865505171E-16   -0.77727975646920050871E-15
    0.96450727313413420205E+01    0.90052449069549267713E-16    0.54033828463834162323E-15
    0.96538605281481491005E+01    0.37573084950105877802E-16    0.62301987653814085006E-15
    0.96626483249549544041E+01   -0.11956210007417235649E-15   -0.62727825066340443911E-15
    0.96714361217617614841E+01   -0.15368184979963633287E-15   -0.13917275964637332587E-14
    0.96802239185685685641E+01   -0.73864614311344007422E-17   -0.44823098040520472409E-15
    0.96890117153753756440E+01    0.31698285506966967245E-16    0.10985727931677570609E-14
    0.96977995121821827240E+01   -0.31528092637643325012E-15    0.13305326046403136164E-14
    0.97065873089889898040E+01   -0.82282883071833872712E-15    0.76464682398726699159E-16
    0.97153751057957951076E+01   -0.87556420310681044994E-15   -0.91689454541485915493E-15
    0.97241629026026021876E+01   -0.22631116705365077553E-15   -0.37314022654473607863E-15
    0.97329506994094092676E+01    0.54407236679493372571E-15    0.84347869654155765549E-15
    0.97417384962162163475E+01    0.63611736288072976496E-15    0.10444133036040997234E-14
    0.97505262930230234275E+01   -0.28792047581350272918E-16   -0.26306014989161077428E-18
    0.97593140898298305075E+01   -0.73014832938441973583E-15   -0.84837823396452294774E-15
    0.97681018866366375875E+01   -0.78417463261864984163E-15   -0.37191794811875499392E-15
    0.97768896834434428911E+01   -0.19980428792244692619E-15    0.81799788261996825689E-15
    0.97856774802502499710E+01    0.51305108722929747552E-15    0.13295486453140018696E-14
    0.97944652770570570510E+01    0.85604709166899322228E-15    0.73623320305864452058E-15
    0.98032530738638641310E+01    0.64639210894550818328E-15   -0.11821974222535267525E-15
    0.98120408706706712110E+01    0.83908076273650363492E-16   -0.34149656961757591548E-15
    0.98208286674774782909E+01   -0.33880895741718219470E-15    0.49706930985644818072E-16
    0.98296164642842835946E+01   -0.24911986394521331237E-15    0.47101621266274407687E-15
    0.98384042610910906745E+01    0.14619722066245106958E-15    0.56509575665360710094E-15
    0.98471920578978977545E+01    0.22741655538219175353E-15    0.43546243372271382933E-15
    0.98559798547047048345E+01   -0.23648602030457110944E-15    0.28452454771155524461E-15
    0.98647676515115119145E+01   -0.64594657506728401720E-15    0.12320921321553007490E-15
    0.98735554483183189944E+01   -0.31741031805939813627E-15   -0.10259554254062503706E-15
    0.98823432451251260744E+01    0.46031915526545022319E-15   -0.26085205307505185541E-15
    0.98911310419319313780E+01    0.61011824125739178758E-15   -0.10015757654468398518E-15
    0.98999188387387384580E+01   -0.29065971769585510715E-15    0.36094822876324113031E-15
    0.99087066355455455380E+01   -0.11909776926451463629E-14    0.65891566816181008112E-15
    0.99174944323523526180E+01   -0.84193615836129197547E-15    0.38842571056870695091E-15
    0.99262822291591596979E+01    0.38464002706292236546E-15   -0.14483156674809401597E-15
    0.99350700259659667779E+01    0.80517305919818685417E-15   -0.14942536632113936843E-15
    0.99438578227727720815E+01   -0.13515518298607500342E-15    0.55279891594206767958E-15
    0.99526456195795791615E+01   -0.67364824190961791043E-15    0.10221440521184679554E-14
    0.99614334163863862415E+01    0.45241118149434224369E-15    0.54799644678817972312E-15
    0.99702212131931933214E+01    0.85470184131985060418E-15    0.14691994074439576438E-15
    0.99790090100000004014E+01    0.29126642334201681916E-15   -0.96087099974894172776E-16
