    0.11999999999999999556E+01    0.00000000000000000000E+00    0.00000000000000000000E+00
    0.12087877968068068135E+01    0.11513252056960262001E-09   -0.33734240004965485819E-18
    0.12175755936136136715E+01   -0.17575645317238579362E-09    0.70046333799628812634E-18
    0.12263633904204203073E+01   -0.16329060775146482315E-09    0.83189791654943884376E-18
    0.12351511872272271653E+01    0.37885632016727486040E-09   -0.10900019382473845544E-17
    0.12439389840340340232E+01    0.36918622775969706626E-09   -0.17805519775244629529E-17
    0.12527267808408408811E+01   -0.70365752639021512227E-09    0.96517920966326237971E-18
    0.12615145776476475170E+01   -0.16078940314545192276E-08    0.44218805307605345939E-17
    0.12703023744544543749E+01   -0.93176937780262934917E-09    0.43936736844999685345E-17
    0.12790901712612612329E+01    0.67888260081635213412E-09    0.74128010352466511847E-18
    0.12878779680680680908E+01    0.99543812009570534267E-09   -0.24823764870722059302E-17
    0.12966657648748749487E+01   -0.67854904515179114177E-09   -0.22240452723167199046E-17
    0.13054535616816815846E+01   -0.19104460197715912456E-08    0.77917301167519513114E-19
    0.13142413584884884425E+01   -0.25343805267185175102E-09    0.11006203015187689899E-17
    0.13230291552952953005E+01    0.26149853790226567199E-08    0.40862349897755372630E-19
    0.13318169521021021584E+01    0.22016656415853329242E-08   -0.76988906360388284600E-18
    0.13406047489089087943E+01   -0.22737121870603391050E-08    0.99761128148408515439E-18
    0.13493925457157156522E+01   -0.48438850488020174628E-08    0.49482579173646036077E-17
    0.13581803425225225102E+01   -0.18532574263070126018E-09    0.75439038460728163159E-17
    0.13669681393293293681E+01    0.69420904732979961789E-08    0.30241173372485203341E-17
    0.13757559361361360040E+01    0.53925532574499903553E-08   -0.12515668086848168980E-16
    0.13845437329429428619E+01   -0.62420019271418484834E-08   -0.34250809168808126139E-16
    0.13933315297497497198E+01   -0.12495921387461402336E-07   -0.47001653904915663993E-16
    0.14021193265565565778E+01   -0.74641184234856388165E-10   -0.37415400282588701364E-16
    0.14109071233633634357E+01    0.18244374376929755385E-07   -0.91160125224856411014E-17
    0.14196949201701700716E+01    0.13631660119398262261E-07    0.17279391494111650429E-16
    0.14284827169769769295E+01   -0.17050286806686123304E-07    0.18760591777888893037E-16
    0.14372705137837837874E+01   -0.33348410216256690065E-07   -0.15625211835910179581E-16
    0.14460583105905906454E+01   -0.15914379491341429087E-08   -0.75459545074396848836E-16
    0.14548461073973975033E+01    0.42410828765261120887E-07   -0.12502320335355627400E-15
    0.14636339042042041392E+01    0.18744607654489018128E-07   -0.12252709121774739451E-15
    0.14724217010110109971E+01   -0.90038927406342023337E-07   -0.60262336237432068184E-16
    0.14812094978178178550E+01   -0.20249906989952191582E-06    0.16991820233468770032E-16
    0.14899972946246244909E+01   -0.29667267776436315892E-06    0.52580722740568502517E-16
    0.14987850914314313489E+01   -0.61773757751689568518E-06    0.32491491202921990716E-16
    0.15075728882382382068E+01   -0.17351774397648554301E-05   -0.12550256782056867506E-16
    0.15163606850450450647E+01   -0.44758806701113596033E-05   -0.54049553719536858838E-16
    0.15251484818518519226E+01   -0.10309063809423106946E-04   -0.94706027648267334068E-16
    0.15339362786586585585E+01   -0.22849880999951316856E-04   -0.13914339329505056372E-15
    0.15427240754654654165E+01   -0.50042434899486208069E-04   -0.15331580565868111681E-15
    0.15515118722722722744E+01   -0.10810633532643798799E-03   -0.89417767603544417260E-16
    0.15602996690790791323E+01   -0.22732977742738466674E-03    0.30020641264048128048E-16
    0.15690874658858859902E+01   -0.46298732304039433814E-03    0.81359900892323831988E-16
    0.15778752626926926261E+01   -0.91782596554866179191E-03   -0.46900064511274472612E-16
    0.15866630594994994841E+01   -0.17715764000982960405E-02   -0.31262854336590335867E-15
    0.15954508563063063420E+01   -0.33287651515560914839E-02   -0.53390967667375417882E-15
    0.16042386531131129779E+01   -0.60840077236519775339E-02   -0.54603407821601657754E-15
    0.16130264499199198358E+01   -0.10804950540484886679E-01   -0.32693618283757994960E-15
    0.16218142467267266937E+01   -0.18651267062697571980E-01   -0.58091722224275848976E-17
    0.16306020435335335517E+01   -0.31298275243836715109E-01    0.18606388130991046190E-15
    0.16393898403403404096E+01   -0.51007259747611097267E-01    0.65526361927862595880E-16
    0.16481776371471470455E+01   -0.80639732921224227535E-01   -0.26980144428235923436E-15
    0.16569654339539539034E+01   -0.12351319910588143269E+00   -0.39646832491217287831E-15
    0.16657532307607607613E+01   -0.18290524529725440961E+00    0.21108452652987931363E-16
    0.16745410275675676193E+01   -0.26136088986162980818E+00    0.75197594287486826466E-15
    0.16833288243743744772E+01   -0.35954666630757525780E+00    0.11419268552311168924E-14
    0.16921166211811811131E+01   -0.47470732225787237724E+00    0.81017224196979534353E-15
    0.17009044179879879710E+01   -0.59930464753354162344E+00    0.54861805783630585807E-16
    0.17096922147947948289E+01   -0.72019106006626065763E+00   -0.56861143828040719719E-15
    0.17184800116016014648E+01   -0.81833839390021001492E+00   -0.86560799569834300572E-15
    0.17272678084084085448E+01   -0.87086229812916515769E+00   -0.10238793357575029996E-14
    0.17360556052152151807E+01   -0.85513840683146413735E+00   -0.11046026924791063788E-14
    0.17448434020220220386E+01   -0.75384918329629058142E+00   -0.78482196585968438578E-15
    0.17536311988288288966E+01   -0.56155668372248412901E+00    0.17962949174447550836E-15
    0.17624189956356355324E+01   -0.29106730833922533908E+00    0.13695658313384181414E-14
    0.17712067924424426124E+01    0.24787357521245827197E-01    0.19219879303721970746E-14
    0.17799945892492492483E+01    0.33564749946342248288E+00    0.14499501333061233505E-14
    0.17887823860560561062E+01    0.58035900796692496684E+00    0.53774059345937213393E-15
    0.17975701828628629642E+01    0.70207793883566294024E+00    0.86716153704628698862E-16
    0.18063579796696696000E+01    0.66547896963471742104E+00    0.38818430650901581481E-15
    0.18151457764764764580E+01    0.46913423012485083730E+00    0.95797524138669017631E-15
    0.18239335732832833159E+01    0.15312438456110602503E+00    0.10516783214698989896E-14
    0.18327213700900899518E+01   -0.20272399605144261758E+00    0.18896571481162479768E-15
    0.18415091668968970318E+01   -0.50024895772030764096E+00   -0.14859432453193922777E-14
    0.18502969637037036676E+01   -0.65083074579720767705E+00   -0.30191443519451148381E-14
    0.18590847605105105256E+01   -0.60170976204671178245E+00   -0.31839543539184105647E-14
    0.18678725573173173835E+01   -0.36001400948164941074E+00   -0.16159685689929549283E-14
    0.18766603541241240194E+01   -0.11574860449439458056E-02    0.65404788036894209549E-15
    0.18854481509309310994E+01    0.35673406898953075039E+00    0.21558793015456119828E-14
    0.18942359477377377353E+01    0.59027315897061560790E+00    0.22562292147555743331E-14
    0.19030237445445445932E+01    0.61042112755634148069E+00    0.13323062287726523750E-14
    0.19118115413513514511E+01    0.40254703958577359169E+00   -0.68326261067908160775E-17
    0.19205993381581580870E+01    0.43665815799283982934E-01   -0.14462895631461275281E-14
    0.19293871349649649449E+01   -0.33044782878672113169E+00   -0.26927233296482428723E-14
    0.19381749317717718029E+01   -0.57510026566951322202E+00   -0.30675897528411695831E-14
    0.19469627285785784387E+01   -0.58728505598972269297E+00   -0.18949490355329105794E-14
    0.19557505253853855187E+01   -0.35499414490714403803E+00    0.46221279217560310079E-15
    0.19645383221921921546E+01    0.24155672399096717040E-01    0.23236869662170252706E-14
    0.19733261189989990125E+01    0.39056182671452172039E+00    0.22203494805619998657E-14
    0.19821139158058058705E+01    0.59047413140438487211E+00    0.63827040237749862073E-15
    0.19909017126126125063E+01    0.53310350571130060704E+00   -0.49434422175836306087E-15
    0.19996895094194195863E+01    0.23622751666948785254E+00   -0.18844683585602064081E-15
    0.20084773062262262222E+01   -0.16538898117597530812E+00    0.38877072216243899601E-15
    0.20172651030330328581E+01   -0.48863804745286881781E+00   -0.34063640024273329594E-15
    0.20260528998398399381E+01   -0.59031013957801270475E+00   -0.20811053603907189167E-14
    0.20348406966466465740E+01   -0.42184467438373579595E+00   -0.29131099193525950026E-14
    0.20436284934534532098E+01   -0.53404586599100217770E-01   -0.16437063252031353428E-14
    0.20524162902602602898E+01    0.34042194282384535819E+00    0.80658178322108676662E-15
    0.20612040870670673698E+01    0.56913454221408243949E+00    0.25769258583564830511E-14
    0.20699918838738740057E+01    0.52815287598064830643E+00    0.26429403960176832601E-14
    0.20787796806806806416E+01    0.23823172652190191534E+00    0.12664194785270693599E-14
    0.20875674774874877215E+01   -0.16917289114280986695E+00   -0.67467966481914428068E-15
    0.20963552742942943574E+01   -0.49702538266559087576E+00   -0.22895229451931605196E-14
    0.21051430711011009933E+01   -0.57921383000836645927E+00   -0.28714084106378714900E-14
    0.21139308679079080733E+01   -0.37836645574577038031E+00   -0.19931090508314770759E-14
    0.21227186647147147092E+01    0.30609500145614824441E-02    0.22982203051781725621E-15
    0.21315064615215213450E+01    0.38421558520744492071E+00    0.27638383355584960326E-14
    0.21402942583283284250E+01    0.58021039542436048109E+00    0.38453753070875573247E-14
    0.21490820551351350609E+01    0.48653261989593432624E+00    0.23689938764232564915E-14
    0.21578698519419421409E+01    0.14973663861930233687E+00   -0.70619755808346939526E-15
    0.21666576487487487768E+01   -0.25695050505475264258E+00   -0.30033748078584959177E-14
    0.21754454455555558567E+01   -0.53516262250730273209E+00   -0.30060067955545182309E-14
    0.21842332423623624926E+01   -0.55236762762740709842E+00   -0.13254351366518914850E-14
    0.21930210391691691285E+01   -0.29331006263639547438E+00    0.49231042504223041534E-15
    0.22018088359759762085E+01    0.11572721186323788045E+00    0.16627345658996389346E-14
    0.22105966327827828444E+01    0.46416996059821635789E+00    0.23242799658873067819E-14
    0.22193844295895894803E+01    0.57826246284161830769E+00    0.24727142578199887294E-14
    0.22281722263963965602E+01    0.40882461308048179127E+00    0.14811361243291350857E-14
    0.22369600232032031961E+01    0.36306754042755587375E-01   -0.90850475728538763204E-15
    0.22457478200100098320E+01   -0.35887566186694430659E+00   -0.34615143736892978603E-14
    0.22545356168168169120E+01   -0.57435813530653589964E+00   -0.41361765324911098575E-14
    0.22633234136236239920E+01   -0.49936713329293691555E+00   -0.21698638231829364324E-14
    0.22721112104304301837E+01   -0.17925248793231030042E+00    0.93039610860853199847E-15
    0.22808990072372372637E+01    0.22730412595978186086E+00    0.29257627762614883097E-14
    0.22896868040440443437E+01    0.52517529478590962988E+00    0.28540267995132974115E-14
    0.22984746008508509796E+01    0.56390071128747865092E+00    0.13272764198386489519E-14
    0.23072623976576576155E+01    0.31850890384210112094E+00   -0.53293317769838716190E-15
    0.23160501944644646954E+01   -0.83034385621011799761E-01   -0.19360905603274097848E-14
    0.23248379912712713313E+01   -0.43967882217782910947E+00   -0.25211230358015860983E-14
    0.23336257880780779672E+01   -0.58286748696883827758E+00   -0.22361372454290912139E-14
    0.23424135848848850472E+01   -0.44303379247874435931E+00   -0.12694938985734635138E-14
    0.23512013816916916831E+01   -0.82104809862861047320E-01   -0.21668028002312749886E-16
    0.23599891784984983190E+01    0.31982711447955575190E+00    0.99789610407913526757E-15
    0.23687769753053053989E+01    0.56199653187265052878E+00    0.14313706086739671347E-14
    0.23775647721121124789E+01    0.53293027891308786259E+00    0.13126281503612075069E-14
    0.23863525689189186707E+01    0.25038760168113927129E+00    0.94276008595229705238E-15
    0.23951403657257257507E+01   -0.15552484247074030432E+00    0.49414730996201629234E-15
    0.24039281625325328307E+01   -0.48949263323229891265E+00   -0.14418922642466302260E-15
    0.24127159593393394665E+01   -0.58612642658331692846E+00   -0.99039556552523689322E-15
    0.24215037561461461024E+01   -0.40367478416364382943E+00   -0.15643502485257532944E-14
    0.24302915529529531824E+01   -0.34005797814261815026E-01   -0.11716096843976253969E-14
    0.24390793497597598183E+01    0.35308804118508607672E+00    0.30256769929544187300E-15
    0.24478671465665664542E+01    0.57793691935202240462E+00    0.20417951707376826155E-14
    0.24566549433733735341E+01    0.52991401778050917226E+00    0.29143394997767792168E-14
    0.24654427401801801700E+01    0.23369991831375042102E+00    0.22822470932281175206E-14
    0.24742305369869868059E+01   -0.16738687904156754338E+00    0.31317405060774463315E-15
    0.24830183337937938859E+01   -0.49137460075309985497E+00   -0.21087238945569833735E-14
    0.24918061306006009659E+01   -0.59371396558267386379E+00   -0.37263677946274819800E-14
    0.25005939274074071577E+01   -0.42323554186057482651E+00   -0.36663200393869674907E-14
    0.25093817242142142376E+01   -0.58110636421579292543E-01   -0.21406293399735076423E-14
    0.25181695210210213176E+01    0.33070643427577534057E+00   -0.23633612550965780517E-15
    0.25269573178278279535E+01    0.56995558700008297492E+00    0.97379711763617010607E-15
    0.25357451146346345894E+01    0.55812324562248416537E+00    0.10610429489962419872E-14
    0.25445329114414416694E+01    0.29750153772800147500E+00    0.24167463277935802516E-15
    0.25533207082482483052E+01   -0.97232460586949925885E-01   -0.83596606000795336779E-15
    0.25621085050550549411E+01   -0.44759852159307966790E+00   -0.14570646654980794814E-14
    0.25708963018618620211E+01   -0.60118203900163136311E+00   -0.13006615425894302378E-14
    0.25796840986686686570E+01   -0.49735558444441918535E+00   -0.62160162013112918044E-15
    0.25884718954754752929E+01   -0.17922846536748140989E+00    0.11403284609585436676E-15
    0.25972596922822823728E+01    0.21825156065459930255E+00    0.67012876920452294747E-15
    0.26060474890890894528E+01    0.52198545625960135474E+00    0.10687861590486077746E-14
    0.26148352858958960887E+01    0.60357946091602721062E+00    0.13170191641522320933E-14
    0.26236230827027027246E+01    0.43466322966566428576E+00    0.12755582041142224951E-14
    0.26324108795095098046E+01    0.84885904247153823321E-01    0.85011137731133747671E-15
    0.26411986763163164404E+01   -0.30250165360791170244E+00    0.20685421106002509166E-15
    0.26499864731231230763E+01   -0.56492198142524474580E+00   -0.35362185946438343867E-15
    0.26587742699299301563E+01   -0.59475534910662453125E+00   -0.75854974077555145847E-15
    0.26675620667367367922E+01   -0.38541005085204360636E+00   -0.12448603379793489784E-14
    0.26763498635435434281E+01   -0.21069102635227893866E-01   -0.18771548296290212593E-14
    0.26851376603503505081E+01    0.35398023160744762627E+00   -0.20897580782226117864E-14
    0.26939254571571571439E+01    0.58788929053324900931E+00   -0.11407957408630220116E-14
    0.27027132539639637798E+01    0.58780195368348520102E+00    0.81286317141408196382E-15
    0.27115010507707708598E+01    0.35899420075708643463E+00    0.24133799251017683770E-14
    0.27202888475775779398E+01   -0.91986239342758940180E-02    0.23347392333644052723E-14
    0.27290766443843845757E+01   -0.37589461769424531434E+00    0.63716580508784402394E-15
    0.27378644411911912115E+01   -0.59820017060914865148E+00   -0.13973586295095775416E-14
    0.27466522379979982915E+01   -0.59121962569988062430E+00   -0.25100751006032360668E-14
    0.27554400348048049274E+01   -0.36259396284158862400E+00   -0.22939997369464841598E-14
    0.27642278316116115633E+01    0.14745621903291053489E-02   -0.10734844310131628864E-14
    0.27730156284184186433E+01    0.36681247022964613702E+00    0.47208947525632727710E-15
    0.27818034252252252791E+01    0.59692200772255654684E+00    0.16439017923186811317E-14
    0.27905912220320319150E+01    0.60777517739329844915E+00    0.20170531671365754593E-14
    0.27993790188388389950E+01    0.40006883800933701334E+00    0.15948264185885694536E-14
    0.28081668156456460750E+01    0.48982144768931340506E-01    0.71736801801776621381E-15
    0.28169546124524522668E+01   -0.32109120817669761783E+00   -0.11182664594785505389E-15
    0.28257424092592593468E+01   -0.57768585022378982075E+00   -0.46896492626161719212E-15
    0.28345302060660664267E+01   -0.63128397498468213911E+00   -0.28700780078042098620E-15
    0.28433180028728730626E+01   -0.46737894486820552586E+00    0.88499979122035455478E-16
    0.28521057996796796985E+01   -0.14277118706332006526E+00    0.24617985873597702567E-15
    0.28608935964864867785E+01    0.23181038482246224541E+00    0.91070357045237481087E-16
    0.28696813932932934144E+01    0.52765845200748850985E+00   -0.12628850152789548309E-15
    0.28784691901001000502E+01    0.64599469965200184696E+00   -0.33036096197223088552E-16
    0.28872569869069071302E+01    0.55098043900612514445E+00    0.61474387754233185213E-15
    0.28960447837137137661E+01    0.27419816684244213700E+00    0.16728819927963378821E-14
    0.29048325805205204020E+01   -0.93184341701074119291E-01    0.24669279258924647817E-14
    0.29136203773273274820E+01   -0.42990093212192176386E+00    0.22094558219256068826E-14
    0.29224081741341345619E+01   -0.62839353494590999283E+00    0.77435613730076019152E-15
    0.29311959709409407537E+01   -0.62839473526563882633E+00   -0.10302855076747390450E-14
    0.29399837677477478337E+01   -0.43013778496305793420E+00   -0.21292522367568185085E-14
    0.29487715645545549137E+01   -0.97013743102040514432E-01   -0.19778681883922110139E-14
    0.29575593613613615496E+01    0.26549848439847617554E+00   -0.79751564424072057539E-15
    0.29663471581681681855E+01    0.54690776740228619346E+00    0.59653581820467868846E-15
    0.29751349549749752654E+01    0.66392708219993212815E+00    0.11946417580401781268E-14
    0.29839227517817819013E+01    0.58165301658680101937E+00    0.52372860654280286980E-15
    0.29927105485885885372E+01    0.32667704346198744858E+00   -0.78052717044502286437E-15
    0.30014983453953956172E+01   -0.23482262752367810688E-01   -0.15363338949035114129E-14
    0.30102861422022022531E+01   -0.36719089120415526750E+00   -0.12998834569141945554E-14
    0.30190739390090088889E+01   -0.60632989840694206940E+00   -0.81591225051395872442E-15
    0.30278617358158159689E+01   -0.67282993055428907958E+00   -0.91947596160687065631E-15
    0.30366495326226230489E+01   -0.55038944953697122031E+00   -0.13684046534454431489E-14
    0.30454373294294292407E+01   -0.27556236621929491859E+00   -0.12102716305165444880E-14
    0.30542251262362363207E+01    0.75566982999191206760E-01   -0.13775859602624105911E-15
    0.30630129230430434006E+01    0.40657509198967056729E+00    0.99840610224658484194E-15
    0.30718007198498500365E+01    0.62778639284378556784E+00    0.12642464929686439462E-14
    0.30805885166566566724E+01    0.68225004376661479988E+00    0.79813082829617173592E-15
    0.30893763134634637524E+01    0.55746820940330543692E+00    0.47198387836761715091E-15
    0.30981641102702703883E+01    0.28687691936165465867E+00    0.60134065666444277456E-15
    0.31069519070770770242E+01   -0.57683443811019877168E-01    0.49497466089127091045E-15
    0.31157397038838841041E+01   -0.38732187604794365843E+00   -0.43530473044068726383E-15
    0.31245275006906907400E+01   -0.61979933737063230836E+00   -0.15433547271133538882E-14
    0.31333152974974973759E+01   -0.69785717962044446772E+00   -0.15110763779443090964E-14
    0.31421030943043044559E+01   -0.60326431433850591368E+00    0.29380583092703562139E-16
    0.31508908911111115358E+01   -0.36170035206910350345E+00    0.19063572749448126480E-14
    0.31596786879179177276E+01   -0.32792863285073046986E-01    0.27048182467346968087E-14
    0.31684664847247248076E+01    0.30444383471316766032E+00    0.21884333019617410170E-14
    0.31772542815315318876E+01    0.56979628268971616034E+00    0.11588478808703686503E-14
    0.31860420783383385235E+01    0.70194648644529600290E+00    0.31673413797826118826E-15
    0.31948298751451451594E+01    0.67245778987803306315E+00   -0.33223856005252015404E-15
    0.32036176719519522393E+01    0.48926822593962543406E+00   -0.10257604281131372568E-14
    0.32124054687587593193E+01    0.19537166831192354088E+00   -0.16803235650390547351E-14
    0.32211932655655655111E+01   -0.14198491518892533692E+00   -0.19846667667129078720E-14
    0.32299810623723725911E+01   -0.44820105155944184316E+00   -0.19003337304932967886E-14
    0.32387688591791796711E+01   -0.65716179385476891639E+00   -0.18022531345704158115E-14
    0.32475566559859858629E+01   -0.72446364971992405213E+00   -0.19714525078505950883E-14
    0.32563444527927929428E+01   -0.63773975220850975809E+00   -0.21039924787749775497E-14
    0.32651322495996000228E+01   -0.41725160101276437263E+00   -0.15892756651022735020E-14
    0.32739200464064062146E+01   -0.10992133323016528568E+00   -0.25395367796845749852E-15
    0.32827078432132132946E+01    0.22008958890127172658E+00    0.13639337690899323616E-14
    0.32914956400200203745E+01    0.50557468978308839347E+00    0.25699265286614676840E-14
    0.33002834368268265663E+01    0.69056555083640069892E+00    0.31189910500430043889E-14
    0.33090712336336336463E+01    0.73994789661252791113E+00    0.31625487077112513505E-14
    0.33178590304404407263E+01    0.64569712761847319893E+00    0.27904776396303038538E-14
    0.33266468272472478063E+01    0.42820229178166330231E+00    0.18429056474527797700E-14
    0.33354346240540539981E+01    0.13004796932061229997E+00    0.21098971217802805384E-15
    0.33442224208608610780E+01   -0.19251017589913135830E+00   -0.18395942331125548390E-14
    0.33530102176676681580E+01   -0.48003426532641185753E+00   -0.37555634419694985380E-14
    0.33617980144744743498E+01   -0.68141745639642359311E+00   -0.50360613417937196054E-14
    0.33705858112812814298E+01   -0.76269643351203564308E+00   -0.54509475519727861152E-14
    0.33793736080880885098E+01   -0.71137067456016878086E+00   -0.50309938059652827796E-14
    0.33881614048948947016E+01   -0.53839217019348106774E+00   -0.39909508956986409865E-14
    0.33969492017017017815E+01   -0.27493949352552010668E+00   -0.26024605120553928621E-14
    0.34057369985085088615E+01    0.34155699994518701201E-01   -0.10457630809794614288E-14
    0.34145247953153150533E+01    0.33789191963200898572E+00    0.61121747340232578824E-15
    0.34233125921221221333E+01    0.58760369069729279090E+00    0.22295474463757720153E-14
    0.34321003889289292133E+01    0.74497767214399113200E+00    0.34519126660822943153E-14
    0.34408881857357362932E+01    0.78701658237394134243E+00    0.39078368668029271873E-14
    0.34496759825425424850E+01    0.70889657573647335553E+00    0.36125882991791011929E-14
    0.34584637793493495650E+01    0.52430288381369827277E+00    0.30209477486123336378E-14
    0.34672515761561566450E+01    0.26203443275713289573E+00    0.25155127566416333721E-14
    0.34760393729629628368E+01   -0.38604285595728565772E-01    0.19399307277141491284E-14
    0.34848271697697699167E+01   -0.33376186010756248024E+00    0.86819166253469529496E-15
    0.34936149665765769967E+01   -0.58174625567747806354E+00   -0.70882950524322811527E-15
    0.35024027633833831885E+01   -0.74872758960030050268E+00   -0.21954734698111525400E-14
    0.35111905601901902685E+01   -0.81277066881953607957E+00   -0.30292706887352621959E-14
    0.35199783569969973485E+01   -0.76677051737817492061E+00   -0.32961347741857023798E-14
    0.35287661538038035403E+01   -0.61851703623192888504E+00   -0.34638531192285728226E-14
    0.35375539506106106202E+01   -0.38890550211836938388E+00   -0.36174343871119148406E-14
    0.35463417474174177002E+01   -0.10893340473208001917E+00   -0.32454624098323043878E-14
    0.35551295442242247802E+01    0.18496621008659627772E+00   -0.19340838658123340113E-14
    0.35639173410310309720E+01    0.45585102250901843313E+00   -0.30428327117911659659E-16
    0.35727051378378380520E+01    0.67068494890335994540E+00    0.16667858843986299972E-14
    0.35814929346446451319E+01    0.80433871189963346282E+00    0.27629801152479119262E-14
    0.35902807314514513237E+01    0.84234767266779708716E+00    0.35516728229223532394E-14
    0.35990685282582584037E+01    0.78180113957574770556E+00    0.43624649216263647427E-14
    0.36078563250650654837E+01    0.63137519286997612067E+00    0.49229570320468766890E-14
    0.36166441218718716755E+01    0.40966206863524817772E+00    0.46347654640872313333E-14
    0.36254319186786787554E+01    0.14244859023148725985E+00    0.33571275099182919944E-14
    0.36342197154854858354E+01   -0.14036324565895175187E+00    0.16511867015124490119E-14
    0.36430075122922929154E+01   -0.40825977687905634639E+00    0.15105412499200312567E-15
    0.36517953090990991072E+01   -0.63351271025062094733E+00   -0.10606683931810849831E-14
    0.36605831059059061872E+01   -0.79377440167567980822E+00   -0.22749008308477168274E-14
    0.36693709027127132671E+01   -0.87412232662331579292E+00   -0.35336807023929016152E-14
    0.36781586995195194589E+01   -0.86824209400656005009E+00   -0.44362721437505068540E-14
    0.36869464963263265389E+01   -0.77836760994823628312E+00   -0.46362149799163227075E-14
    0.36957342931331336189E+01   -0.61471042976784517897E+00   -0.43167352899578062665E-14
    0.37045220899399398107E+01   -0.39398625965939565452E+00   -0.39730364943006892110E-14
    0.37133098867467468907E+01   -0.13740025093215876839E+00   -0.38162674443983740987E-14
    0.37220976835535539706E+01    0.13148779216460002028E+00   -0.35610971383066847690E-14
    0.37308854803603601624E+01    0.38901760287015729745E+00   -0.28243105767896313759E-14
    0.37396732771671672424E+01    0.61357589028464631919E+00   -0.15495259813417079301E-14
    0.37484610739739743224E+01    0.78722746569915913462E+00   -0.57277695831905500379E-17
    0.37572488707807814023E+01    0.89700140904500946792E+00    0.14599175698569257860E-14
    0.37660366675875875941E+01    0.93568007694747634684E+00    0.26130403945413324891E-14
    0.37748244643943946741E+01    0.90188569664293305461E+00    0.34134287409108185658E-14
    0.37836122612012017541E+01    0.79987374937610178360E+00    0.40225764136312109919E-14
    0.37924000580080079459E+01    0.63879659720993986483E+00    0.46210572962973479119E-14
    0.38011878548148150259E+01    0.43165082742927551873E+00    0.51383411853519664382E-14
    0.38099756516216221058E+01    0.19410574042352674029E+00    0.52424978466062429617E-14
    0.38187634484284282976E+01   -0.56809388766870340393E-01    0.47171062393973770581E-14
    0.38275512452352353776E+01   -0.30400184686463627148E+00    0.37827730362145215519E-14
    0.38363390420420424576E+01   -0.53143351538870697848E+00    0.28876705955687499128E-14
    0.38451268388488486494E+01   -0.72511638676438339157E+00    0.22224909068295705698E-14
    0.38539146356556557294E+01   -0.87388316979336744250E+00    0.15781871719992822046E-14
    0.38627024324624628093E+01   -0.96984167316795077962E+00    0.72631419262560114871E-15
    0.38714902292692698893E+01   -0.10086746523710448109E+01   -0.22440705705576098743E-15
    0.38802780260760760811E+01   -0.98961589042939690497E+00   -0.98512156627682801123E-15
    0.38890658228828831611E+01   -0.91522938724751312645E+00   -0.15088641466501653444E-14
    0.38978536196896902410E+01   -0.79104090167397289601E+00   -0.20959402386131815926E-14
    0.39066414164964964328E+01   -0.62497585846601566573E+00   -0.30204833320047696084E-14
    0.39154292133033035128E+01   -0.42674298028497098523E+00   -0.41853337477885671207E-14
    0.39242170101101105928E+01   -0.20717012220702774039E+00   -0.52631597084290704471E-14
    0.39330048069169167846E+01    0.22481238940752094890E-01   -0.60870736781611879627E-14
    0.39417926037237238646E+01    0.25114245701030568636E+00   -0.67589938345601736649E-14
    0.39505804005305309445E+01    0.46847701435079786014E+00   -0.73345236995932412652E-14
    0.39593681973373371363E+01    0.66535658823260812600E+00   -0.75499735105160081685E-14
    0.39681559941441442163E+01    0.83417223045742872056E+00   -0.70346428653286707466E-14
    0.39769437909509512963E+01    0.96904411532178202915E+00   -0.57620836973141330004E-14
    0.39857315877577583763E+01    0.10659275464608455319E+01   -0.41423442091889659977E-14
    0.39945193845645645681E+01    0.11225813069147654311E+01   -0.25880818071699505669E-14
    0.40033071813713716480E+01    0.11384831678449183201E+01   -0.11288663397084979575E-14
    0.40120949781781787280E+01    0.11146579105774607754E+01    0.39699770478808766504E-15
    0.40208827749849849198E+01    0.10534558742431887612E+01    0.18693670658033443706E-14
    0.40296705717917919998E+01    0.95831796610993047469E+00    0.28366389554157810432E-14
    0.40384583685985990797E+01    0.83352634007644144098E+00    0.30794149045779242950E-14
    0.40472461654054052715E+01    0.68395822047186349835E+00    0.30622286123799341053E-14
    0.40560339622122123515E+01    0.51486180627854671865E+00    0.35223073890234970052E-14
    0.40648217590190194315E+01    0.33164624215640098326E+00    0.46434538195394750840E-14
    0.40736095558258256233E+01    0.13969238900267363923E+00    0.58626065946944763846E-14
    0.40823973526326327033E+01   -0.55808582690147996719E-01    0.65855292008013001469E-14
    0.40911851494394397832E+01   -0.25000064408548461348E+00    0.68473414906622837158E-14
    0.40999729462462468632E+01   -0.43847174316008435957E+00    0.71092678706725733801E-14
    0.41087607430530530550E+01   -0.61734065083820677255E+00    0.76230818146847976878E-14
    0.41175485398598601350E+01   -0.78332120758415380024E+00    0.81978586708920988338E-14
    0.41263363366666672150E+01   -0.93375722072630074067E+00    0.85545305257824455871E-14
    0.41351241334734734068E+01   -0.10666424067481874438E+01    0.86826695525893440390E-14
    0.41439119302802804867E+01   -0.11806085069225513706E+01    0.87827953884450603857E-14
    0.41526997270870875667E+01   -0.12748948854305877099E+01    0.89987965233117832747E-14
    0.41614875238938937585E+01   -0.13493032094388059949E+01    0.92951940194419230600E-14
    0.41702753207007008385E+01   -0.14041333534290993956E+01    0.95488426451707192487E-14
    0.41790631175075079184E+01   -0.14401141037089750796E+01    0.96576659054656028172E-14
    0.41878509143143141102E+01   -0.14583288661328244196E+01    0.95580881880845536249E-14
    0.41966387111211211902E+01   -0.14601389953151389101E+01    0.91956255590566942360E-14
    0.42054265079279282702E+01   -0.14471098431460593936E+01    0.85169547156370647580E-14
    0.42142143047347353502E+01   -0.14209407483076781364E+01    0.74949819013808937308E-14
    0.42230021015415415420E+01   -0.13833990992993787650E+01    0.61666287844716130796E-14
    0.42317898983483486219E+01   -0.13362658095992800966E+01    0.46919449796260138286E-14
    0.42405776951551557019E+01   -0.12812877062597516353E+01    0.34070874038203164823E-14
    0.42493654919619618937E+01   -0.12201390070148880884E+01    0.27002201174400681692E-14
    0.42581532887687689737E+01   -0.11543944440646647376E+01    0.26552299624505498241E-14
    0.42669410855755760537E+01   -0.10855071347882387922E+01    0.28236231237582849599E-14
    0.42757288823823822455E+01   -0.10147948841027021327E+01    0.25935496061197547066E-14
    0.42845166791891893254E+01   -0.94343134149516194586E+00    0.18207964382350264487E-14
    0.42933044759959964054E+01   -0.87244175161509118777E+00    0.94898260167959552008E-15
    0.43020922728028034854E+01   -0.80270443124260648649E+00    0.43720367929191466753E-15
    0.43108800696096096772E+01   -0.73495447337782982000E+00    0.25429421192180993857E-15
    0.43196678664164167571E+01   -0.66979123267205542547E+00    0.58271340711764285076E-16
    0.43284556632232238371E+01   -0.60768776280772496268E+00   -0.30317555534917334434E-15
    0.43372434600300300289E+01   -0.54900023329320013499E+00   -0.63854820944089692328E-15
    0.43460312568368371089E+01   -0.49397717712922445399E+00   -0.73499404238781766806E-15
    0.43548190536436441889E+01   -0.44276907636708867644E+00   -0.65608454283143515055E-15
    0.43636068504504503807E+01   -0.39543919524943871302E+00   -0.64725306807842491824E-15
    0.43723946472572574606E+01   -0.35197508202302668634E+00   -0.85638776764336522015E-15
    0.43811824440640645406E+01   -0.31230034557107139159E+00   -0.12223221219166404399E-14
    0.43899702408708707324E+01   -0.27628672718803815034E+00   -0.15948698508597537117E-14
    0.43987580376776778124E+01   -0.24376575333978448001E+00   -0.18678138952230795714E-14
    0.44075458344844848924E+01   -0.21453880354137733200E+00   -0.20078692103194915948E-14
    0.44163336312912919723E+01   -0.18838628468576948394E+00   -0.20302030442547106232E-14
    0.44251214280980981641E+01   -0.16507595849104703123E+00   -0.19709014871881820852E-14
    0.44339092249049052441E+01   -0.14437023441523105793E+00   -0.18597182804248718929E-14
    0.44426970217117123241E+01   -0.12603289118425731186E+00   -0.17035722626572110817E-14
    0.44514848185185185159E+01   -0.10983455607163707113E+00   -0.15053500927423728583E-14
    0.44602726153253255958E+01   -0.95557394150109789543E-01   -0.12961622479404809306E-14
    0.44690604121321326758E+01   -0.82998212878688693017E-01   -0.11259502520673498659E-14
    0.44778482089389388676E+01   -0.71969595176626530164E-01   -0.10008098011731884386E-14
    0.44866360057457459476E+01   -0.62300448453438433960E-01   -0.84416225385354527426E-15
    0.44954238025525530276E+01   -0.53835847549790177835E-01   -0.56839870983290029022E-15
    0.45042115993593592194E+01   -0.46436499724872980222E-01   -0.19126260969736630725E-15
    0.45129993961661662993E+01   -0.39977951788004326139E-01    0.14695527764189740350E-15
    0.45217871929729733793E+01   -0.34349496567664818125E-01    0.29419951884105339823E-15
    0.45305749897797804593E+01   -0.29452979083832240420E-01    0.19596624158182262385E-15
    0.45393627865865866511E+01   -0.25201457859415212631E-01   -0.76671605787813646402E-16
    0.45481505833933937311E+01   -0.21517810857188394980E-01   -0.34655311393158208596E-15
    0.45569383802002008110E+01   -0.18333491595465392643E-01   -0.41755493279936635347E-15
    0.45657261770070070028E+01   -0.15587479370316976307E-01   -0.24088737997225520379E-15
    0.45745139738138140828E+01   -0.13225343013471111894E-01   -0.74463212928021207607E-17
    0.45833017706206211628E+01   -0.11198554881986495443E-01    0.43205618494098406868E-16
    0.45920895674274273546E+01   -0.94639320573719019208E-02   -0.78970194632563609498E-16
    0.46008773642342344345E+01   -0.79831218614918580262E-02   -0.11006817327112191626E-15
    0.46096651610410415145E+01   -0.67221344503124802819E-02    0.10452824443965703914E-15
    0.46184529578478477063E+01   -0.56509067845853903911E-02    0.34494548593004323171E-15
    0.46272407546546547863E+01   -0.47429391808004664477E-02    0.27377136118773655066E-15
    0.46360285514614618663E+01   -0.39749694247519975349E-02   -0.10052921930182513537E-15
    0.46448163482682689462E+01   -0.33266686542107273307E-02   -0.39233998571346481821E-15
    0.46536041450750751380E+01   -0.27803616568247697775E-02   -0.34678465174412313139E-15
    0.46623919418818822180E+01   -0.23207552216789112051E-02   -0.21659260316987638377E-15
    0.46711797386886892980E+01   -0.19346780790607202155E-02   -0.42398329539992717334E-15
    0.46799675354954954898E+01   -0.16108285382703247095E-02   -0.94157790703040075697E-15
    0.46887553323023025698E+01   -0.13395415361689610913E-02   -0.12444056576811037612E-14
    0.46975431291091096497E+01   -0.11125791191805023145E-02   -0.96837421584130262889E-15
    0.47063309259159158415E+01   -0.92293449775849873556E-03   -0.40740685144227293635E-15
    0.47151187227227229215E+01   -0.76466544023552022319E-03   -0.11925883337795263958E-15
    0.47239065195295300015E+01   -0.63274351943021125543E-03   -0.18048595698995945575E-15
    0.47326943163363361933E+01   -0.52292033050741122159E-03   -0.10385584067434851026E-15
    0.47414821131431432732E+01   -0.43161339721593648287E-03    0.43102833157009661168E-15
    0.47502699099499503532E+01   -0.35580194638987785961E-03    0.10293769904537276719E-14
    0.47590577067567574332E+01   -0.29294247505949112288E-03    0.10335532627164979510E-14
    0.47678455035635636250E+01   -0.24089485434942290083E-03    0.36576680333828088070E-15
    0.47766333003703707050E+01   -0.19785915612712806221E-03   -0.35588209302247046063E-15
    0.47854210971771777849E+01   -0.16232475157278991053E-03   -0.58623614368467308799E-15
    0.47942088939839839767E+01   -0.13302442178566434359E-03   -0.46326183115472879872E-15
    0.48029966907907910567E+01   -0.10889727843219713650E-03   -0.46608475739168013234E-15
    0.48117844875975981367E+01   -0.89056327777979016834E-04   -0.69558542220811561198E-15
    0.48205722844044043285E+01   -0.72760701801637326616E-04   -0.74920128149715060674E-15
    0.48293600812112114085E+01   -0.59393185506619002912E-04   -0.31587666895212285380E-15
    0.48381478780180184884E+01   -0.48439984792949331092E-04    0.35572056120758638793E-15
    0.48469356748248246802E+01   -0.39474523588500025589E-04    0.74511302296512603766E-15
    0.48557234716316317602E+01   -0.32143335388768658092E-04    0.64801132337218415193E-15
    0.48645112684384388402E+01   -0.26153962080291181445E-04    0.32971995950885768403E-15
    0.48732990652452459202E+01   -0.21265107267206023094E-04    0.15365677465962521044E-15
    0.48820868620520521119E+01   -0.17277780580552059918E-04    0.23766562321204032251E-15
    0.48908746588588591919E+01   -0.14028264384542289537E-04    0.45996256041193736281E-15
    0.48996624556656662719E+01   -0.11382026204726977263E-04    0.62142721237737495588E-15
    0.49084502524724724637E+01   -0.92285817846627380881E-05    0.57155031843674425185E-15
    0.49172380492792795437E+01   -0.74774191544108495181E-05    0.28197681484811733636E-15
    0.49260258460860866236E+01   -0.60543684449757780277E-05   -0.12631583952512889222E-15
    0.49348136428928928154E+01   -0.48987656154920210044E-05   -0.46720863488451973902E-15
    0.49436014396996998954E+01   -0.39610238154088538607E-05   -0.61541512870607862963E-15
    0.49523892365065069754E+01   -0.32006063846543394928E-05   -0.55845758242985581768E-15
    0.49611770333133140554E+01   -0.25844438884768551392E-05   -0.36093949973314994605E-15
    0.49699648301201202472E+01   -0.20855346131387256458E-05   -0.11485035205957646010E-15
    0.49787526269269273271E+01   -0.16818673979506366629E-05    0.10839003373125282262E-15
    0.49875404237337344071E+01   -0.13555081564603424228E-05    0.29731103169662918645E-15
    0.49963282205405405989E+01   -0.10918439362657864440E-05    0.47515507857222310769E-15
    0.50051160173473476789E+01   -0.87899933858406797246E-06    0.60314469271139275110E-15
    0.50139038141541547589E+01   -0.70731883134246114272E-06    0.53336404875301504009E-15
    0.50226916109609609506E+01   -0.56895840689294146668E-06    0.13995513830567892489E-15
    0.50314794077677680306E+01   -0.45753465039841240369E-06   -0.49396476138666598521E-15
    0.50402672045745751106E+01   -0.36784604075938820821E-06   -0.10853919288916444324E-14
    0.50490550013813813024E+01   -0.29567337835802576360E-06   -0.13829692875522383670E-14
    0.50578427981881883824E+01   -0.23760425369001202352E-06   -0.13531963142785761038E-14
    0.50666305949949954623E+01   -0.19088975028161746815E-06   -0.11321492374712095408E-14
    0.50754183918018025423E+01   -0.15331787765034858883E-06   -0.87992212446870387642E-15
    0.50842061886086087341E+01   -0.12310767187696305892E-06   -0.68669987353256332925E-15
    0.50929939854154158141E+01   -0.98825862170823520061E-07   -0.54282995005668320228E-15
    0.51017817822222228941E+01   -0.79314500519354842237E-07   -0.34942830554318191027E-15
    0.51105695790290290859E+01   -0.63639520238801284297E-07   -0.15218953754830418260E-16
    0.51193573758358361658E+01   -0.51049227356964306443E-07    0.42348154308636883923E-15
    0.51281451726426432458E+01   -0.40939163605137181424E-07    0.79984872601987251375E-15
    0.51369329694494494376E+01   -0.32823635116019395924E-07    0.94377062494448178001E-15
    0.51457207662562565176E+01   -0.26310850711258100396E-07    0.79140530547653098637E-15
    0.51545085630630635976E+01   -0.21085264117552673029E-07    0.38647199486164260516E-15
    0.51632963598698697893E+01   -0.16893312986299766488E-07   -0.16379818526232405894E-15
    0.51720841566766768693E+01   -0.13531381887411523567E-07   -0.71991481058493288581E-15
    0.51808719534834839493E+01   -0.10836077339198567260E-07   -0.11256182691562803789E-14
    0.51896597502902910293E+01   -0.86757533766525858789E-08   -0.12386646239546463467E-14
    0.51984475470970972211E+01   -0.69445188577588507155E-08   -0.10112572628004695144E-14
    0.52072353439039043010E+01   -0.55574040788284597945E-08   -0.57237022293150576080E-15
    0.52160231407107113810E+01   -0.44462789611834613581E-08   -0.15724690828033172231E-15
    0.52248109375175184610E+01   -0.35565462844490468214E-08    0.12563958076187220669E-15
    0.52335987343243246528E+01   -0.28442648959124185223E-08    0.42145806310209345422E-15
    0.52423865311311317328E+01   -0.22741303583239093967E-08    0.89198952280080056371E-15
    0.52511743279379388127E+01   -0.18178518352520916561E-08    0.13756251530205041473E-14
    0.52599621247447450045E+01   -0.14527791488971529284E-08    0.14499629914508477843E-14
    0.52687499215515520845E+01   -0.11607854894928814673E-08    0.92629910378939576089E-15
    0.52775377183583591645E+01   -0.92729685074457796564E-09    0.15971699950959207809E-15
    0.52863255151651653563E+01   -0.74061620267125416119E-09   -0.32861504820821295058E-15
    0.52951133119719724363E+01   -0.59138236718592885700E-09   -0.44605762274033143338E-15
    0.53039011087787795162E+01   -0.47211144000484411464E-09   -0.56333100687681994270E-15
    0.53126889055855857080E+01   -0.37682178977355099349E-09   -0.94810145223520236806E-15
    0.53214767023923927880E+01   -0.30070880057582091650E-09   -0.13639961449674427056E-14
    0.53302644991991998680E+01   -0.23992025227097066892E-09   -0.13672848940828783081E-14
    0.53390522960060069479E+01   -0.19137717465367893581E-09   -0.83835436305905656139E-15
    0.53478400928128131397E+01   -0.15262164762732269963E-09   -0.84968254960510532062E-16
    0.53566278896196202197E+01   -0.12169162930228090100E-09    0.51542132490991056565E-15
    0.53654156864264272997E+01   -0.97012557154162897037E-10    0.81380220610401352673E-15
    0.53742034832332334915E+01   -0.77323151257473757045E-10    0.84099120918074375515E-15
    0.53829912800400405715E+01   -0.61616495476776864782E-10    0.63375646901161547621E-15
    0.53917790768468476514E+01   -0.49089857729074778642E-10    0.19688742444751692695E-15
    0.54005668736536538432E+01   -0.39103193073118631080E-10   -0.38868058771087625572E-15
    0.54093546704604609232E+01   -0.31143257704759091773E-10   -0.90732364585894296689E-15
    0.54181424672672680032E+01   -0.24799236528285356689E-10   -0.11401321672785652197E-14
    0.54269302640740750832E+01   -0.19743464382148564392E-10   -0.10496790980646657428E-14
    0.54357180608808812750E+01   -0.15715022608290935590E-10   -0.78351942303619631547E-15
    0.54445058576876883549E+01   -0.12506167863466978773E-10   -0.48924110911005755015E-15
    0.54532936544944954349E+01   -0.99505938882359057301E-11   -0.18157335571789302821E-15
    0.54620814513013016267E+01   -0.79154324411082722190E-11    0.17999781373932049016E-15
    0.54708692481081087067E+01   -0.62949001154042774075E-11    0.54630328377490712228E-15
    0.54796570449149157866E+01   -0.50049138584049758708E-11    0.76615058511325935199E-15
    0.54884448417217219784E+01   -0.39786543624750192964E-11    0.71224064452569017754E-15
    0.54972326385285290584E+01   -0.31626889883528574901E-11    0.38419110622870424135E-15
    0.55060204353353361384E+01   -0.25141973961259497286E-11   -0.10087498107713004746E-15
    0.55148082321421423302E+01   -0.19987311201217424744E-11   -0.56451752175174571280E-15
    0.55235960289489494102E+01   -0.15886397381203608560E-11   -0.83494127064077858167E-15
    0.55323838257557564901E+01   -0.12621526260562968483E-11   -0.82411026311509767193E-15
    0.55411716225625635701E+01   -0.10024166535874661292E-11   -0.57996412314483808495E-15
    0.55499594193693697619E+01   -0.79617608862336308113E-12   -0.27071029495420135990E-15
    0.55587472161761768419E+01   -0.63242835980786206385E-12   -0.13102325667783874894E-15
    0.55675350129829839219E+01   -0.50192985345498506446E-12   -0.32849875257320682553E-15
    0.55763228097897901137E+01   -0.39755064385601838747E-12   -0.75717180086015224389E-15
    0.55851106065965971936E+01   -0.31436938446143068093E-12   -0.98910030030890351840E-15
    0.55938984034034042736E+01   -0.24879265331298134804E-12   -0.65759273663503167063E-15
    0.56026862002102104654E+01   -0.19741922418116287297E-12    0.69909800993773217526E-16
    0.56114739970170175454E+01   -0.15682272611710783640E-12    0.58975349139000864168E-15
    0.56202617938238246253E+01   -0.12425355761564601864E-12    0.52496467929002922843E-15
    0.56290495906306308171E+01   -0.98108075220525710090E-13    0.14809803493144314500E-15
    0.56378373874374378971E+01   -0.77478518637880807269E-13   -0.71975373514980930559E-17
    0.56466251842442449771E+01   -0.61424656406635026585E-13    0.22516919170906213837E-15
    0.56554129810510520571E+01   -0.48810462018579448838E-13    0.55111229957047862377E-15
    0.56642007778578582489E+01   -0.38705961922175875179E-13    0.65961445491958940637E-15
    0.56729885746646653288E+01   -0.30656771448249566087E-13    0.55564292212043213914E-15
    0.56817763714714724088E+01   -0.24423240959850310751E-13    0.42809920561795339112E-15
    0.56905641682782786006E+01   -0.19576632998122710444E-13    0.36959587330274903238E-15
    0.56993519650850856806E+01   -0.15526241482160361222E-13    0.31531071917339058040E-15
    0.57081397618918927606E+01   -0.11966532056043679190E-13    0.20069692487863086422E-15
    0.57169275586986989524E+01   -0.91156216349012757380E-14    0.76808054113534458966E-16
    0.57257153555055060323E+01   -0.72902575598615729605E-14    0.45050335260127476330E-16
    0.57345031523123131123E+01   -0.63178507849372166878E-14    0.13566697707998131111E-15
    0.57432909491191193041E+01   -0.55736511349677126626E-14    0.27454527419690474756E-15
    0.57520787459259263841E+01   -0.46224107383177288471E-14    0.33847214377672676935E-15
    0.57608665427327334640E+01   -0.36259138942485293992E-14    0.22283494477077290771E-15
    0.57696543395395405440E+01   -0.29701001871929424495E-14   -0.89731038503618429567E-16
    0.57784421363463467358E+01   -0.26774516434421384046E-14   -0.47691624869598694230E-15
    0.57872299331531538158E+01   -0.23703170059201076136E-14   -0.73691368953096667937E-15
    0.57960177299599608958E+01   -0.17661814250471474320E-14   -0.75382582048310110780E-15
    0.58048055267667670876E+01   -0.10121351319501373285E-14   -0.59668125476531943766E-15
    0.58135933235735741675E+01   -0.45158783877600342147E-15   -0.42163656331231222310E-15
    0.58223811203803812475E+01   -0.22446098964010880851E-15   -0.31698028533577565986E-15
    0.58311689171871874393E+01   -0.18075087920976341294E-15   -0.26021970619315100486E-15
    0.58399567139939945193E+01   -0.98059236706058669455E-16   -0.18410978791946567989E-15
    0.58487445108008015993E+01    0.12518250409827847832E-15   -0.41248665021018963147E-16
    0.58575323076076077911E+01    0.43327843364787993230E-15    0.16989994681995199866E-15
    0.58663201044144148710E+01    0.64832177852774931319E-15    0.39860661942301544867E-15
    0.58751079012212219510E+01    0.59282210396438365273E-15    0.57051216173803282291E-15
    0.58838956980280290310E+01    0.28699673883374613917E-15    0.64746886940106549664E-15
    0.58926834948348352228E+01    0.90035685152688122368E-17    0.65690911758290496234E-15
    0.59014712916416423027E+01    0.32823517898478576504E-17    0.63836672535567377110E-15
    0.59102590884484493827E+01    0.13036881140283228809E-15    0.57431315647936355809E-15
    0.59190468852552555745E+01   -0.16344743854945605540E-16    0.41840919557013282660E-15
    0.59278346820620626545E+01   -0.56544334922172843039E-15    0.21226940127400013682E-15
    0.59366224788688697345E+01   -0.10850556196849444597E-14    0.12477498891138602010E-15
    0.59454102756756759263E+01   -0.10562830388357339193E-14    0.28029198065955901335E-15
    0.59541980724824830062E+01   -0.51575790786403485816E-15    0.55285318342357085527E-15
    0.59629858692892900862E+01   -0.56902985116430889440E-17    0.63955679344066640745E-15
    0.59717736660960962780E+01    0.11284540784147112687E-15    0.38831254434447431564E-15
    0.59805614629029033580E+01    0.72749046751357538781E-16   -0.14694016913525515875E-16
    0.59893492597097104380E+01    0.27730527484461819218E-15   -0.26430172161583593205E-15
    0.59981370565165175179E+01    0.67697341189440204452E-15   -0.25886911486408470469E-15
    0.60069248533233237097E+01    0.80519656893843912430E-15   -0.14168997502273309325E-15
    0.60157126501301307897E+01    0.41510867007605427448E-15   -0.82854418222764085263E-16
    0.60245004469369378697E+01   -0.15246698029777900933E-15   -0.11477118072551978606E-15
    0.60332882437437440615E+01   -0.40466394973281412397E-15   -0.16957871805627850109E-15
    0.60420760405505511415E+01   -0.31683869452739606985E-15   -0.18158597467697513450E-15
    0.60508638373573582214E+01   -0.29868945879829833125E-15   -0.14396511872488453413E-15
    0.60596516341641644132E+01   -0.57037025923583417789E-15   -0.11991285971706878737E-15
    0.60684394309709714932E+01   -0.80966614345059406012E-15   -0.21293379993508473177E-15
    0.60772272277777785732E+01   -0.59541016293627648255E-15   -0.45614372975201927847E-15
    0.60860150245845856531E+01   -0.24705481003758842130E-16   -0.70539478462241718695E-15
    0.60948028213913918449E+01    0.35099281329041342922E-15   -0.73690402993055821871E-15
    0.61035906181981989249E+01    0.19767591533430304092E-15   -0.52204555480185518429E-15
    0.61123784150050060049E+01   -0.20951880735659789988E-15   -0.33719719867120847232E-15
    0.61211662118118121967E+01   -0.40714436755776729579E-15   -0.44656047098364182210E-15
    0.61299540086186192767E+01   -0.34915265693888218140E-15   -0.71452207130058269235E-15
    0.61387418054254263566E+01   -0.38912106338787424555E-15   -0.71181246237998001400E-15
    0.61475296022322325484E+01   -0.71044777053326902976E-15   -0.25420458757429066150E-15
    0.61563173990390396284E+01   -0.10059816516219563259E-14    0.30997117413595938971E-15
    0.61651051958458467084E+01   -0.87555800379926923146E-15    0.50100166507677150141E-15
    0.61738929926526529002E+01   -0.37678159025706111421E-15    0.25876010773280209111E-15
    0.61826807894594599802E+01    0.16278300717699951475E-16   -0.57103750418292086139E-16
    0.61914685862662670601E+01   -0.26268550898051976754E-16   -0.15144721944439876453E-15
    0.62002563830730741401E+01   -0.34774713722716614815E-15   -0.99664251023765896741E-16
    0.62090441798798803319E+01   -0.59321255145103889780E-15   -0.12222506203738607349E-15
    0.62178319766866874119E+01   -0.64708441113300359510E-15   -0.23441733559620436562E-15
    0.62266197734934944918E+01   -0.65875972319452313015E-15   -0.24975395503672220825E-15
    0.62354075703003006836E+01   -0.70917998414527406185E-15   -0.90904431786045688824E-16
    0.62441953671071077636E+01   -0.62895727215074856448E-15    0.41565298531265688653E-16
    0.62529831639139148436E+01   -0.24860512148885475770E-15   -0.10187198517933336849E-15
    0.62617709607207210354E+01    0.27373173859018974284E-15   -0.50658109757611200144E-15
    0.62705587575275281154E+01    0.54468758811232953525E-15   -0.88976487108736981310E-15
    0.62793465543343351953E+01    0.38562048652280565690E-15   -0.96492668338516730128E-15
    0.62881343511411413871E+01    0.66112922131338546561E-16   -0.64367099739150606918E-15
    0.62969221479479484671E+01   -0.31864893496416226396E-16   -0.29462243593992511691E-16
    0.63057099447547555471E+01    0.13397016087042064893E-15    0.66022602498834024885E-15
    0.63144977415615626271E+01    0.26626834008789418086E-15    0.11801540927177890246E-14
    0.63232855383683688189E+01    0.11484732895947710303E-15    0.13478007198816471971E-14
    0.63320733351751758988E+01   -0.26829263339960917295E-15    0.11105311862100847284E-14
    0.63408611319819829788E+01   -0.65999485337702233930E-15    0.56072909645214630429E-15
    0.63496489287887891706E+01   -0.89693003496214764931E-15   -0.80370196655848057122E-16
    0.63584367255955962506E+01   -0.93535859331936333092E-15   -0.56090830390280697891E-15
    0.63672245224024033305E+01   -0.76410646737046563799E-15   -0.76114265433260207312E-15
    0.63760123192092095223E+01   -0.36076414808875875529E-15   -0.75841135267831282207E-15
    0.63848001160160166023E+01    0.22224457113530189592E-15   -0.66505475641828055852E-15
    0.63935879128228236823E+01    0.76069435152953014689E-15   -0.43598718808675619489E-15
    0.64023757096296298741E+01    0.94871741685488082581E-15    0.62577744225824095487E-16
    0.64111635064364369541E+01    0.64242491852978414978E-15    0.77114804734409798543E-15
    0.64199513032432440340E+01   -0.24137876181870119284E-17    0.13283280054721756487E-14
    0.64287391000500511140E+01   -0.65691855981397426883E-15    0.13848389156279449504E-14
    0.64375268968568573058E+01   -0.10203949689610452336E-14    0.97903516821059950551E-15
    0.64463146936636643858E+01   -0.95339138486061857648E-15    0.46812293984858127043E-15
    0.64551024904704714658E+01   -0.54654596634619597956E-15    0.95204806091337031049E-16
    0.64638902872772776576E+01   -0.89397931721138237775E-16   -0.24296722244352523971E-15
    0.64726780840840847375E+01    0.15704510169882776388E-15   -0.71601425266109012661E-15
    0.64814658808908918175E+01    0.19655915933860675170E-15   -0.11913501915068279531E-14
    0.64902536776976980093E+01    0.22081836199240203287E-15   -0.13086803908013755191E-14
    0.64990414745045050893E+01    0.28177870405854938657E-15   -0.91391766769283576065E-15
    0.65078292713113121692E+01    0.15526258141971488060E-15   -0.27762716818798818071E-15
    0.65166170681181183610E+01   -0.33580830331222769264E-15    0.22278992402156022052E-15
    0.65254048649249254410E+01   -0.94364948673113864532E-15    0.51580497364679777659E-15
    0.65341926617317325210E+01   -0.11440836089753434288E-14    0.81116478625111670859E-15
    0.65429804585385396010E+01   -0.70480965249855823035E-15    0.12214068207584091407E-14
    0.65517682553453457928E+01    0.33458024502086124002E-16    0.15480179437324928424E-14
    0.65605560521521528727E+01    0.56884544036737912687E-15    0.14911075291239576750E-14
    0.65693438489589599527E+01    0.77188071452238525071E-15    0.95306975492185521014E-15
    0.65781316457657661445E+01    0.86694955551822540597E-15    0.11440172219213017543E-15
    0.65869194425725732245E+01    0.97241025921219686918E-15   -0.68065418877157037741E-15
    0.65957072393793803045E+01    0.86888922585016471180E-15   -0.10764969098974561717E-14
    0.66044950361861864963E+01    0.33630057376894662167E-15   -0.89373506212685942931E-15
    0.66132828329929935762E+01   -0.42611788401466776047E-15   -0.28136099183443654484E-15
    0.66220706297998006562E+01   -0.91158770330648988299E-15    0.38802172909652384340E-15
    0.66308584266066068480E+01   -0.83586759414546292508E-15    0.82326999059846879951E-15
    0.66396462234134139280E+01   -0.41310215976611709198E-15    0.99381290280095274360E-15
    0.66484340202202210079E+01   -0.21292148617508639882E-16    0.10077547769581446421E-14
    0.66572218170270280879E+01    0.23574472072560535291E-15    0.92501523780507071578E-15
    0.66660096138338342797E+01    0.49084000325128647817E-15    0.72885365799100924644E-15
    0.66747974106406413597E+01    0.70680561345842797918E-15    0.42347421644125467856E-15
    0.66835852074474484397E+01    0.52954116713982278426E-15    0.90619067894198270206E-16
    0.66923730042542546315E+01   -0.25521057007786506340E-15   -0.16386874461978313720E-15
    0.67011608010610617114E+01   -0.12239058949176704844E-14   -0.28675631883455102059E-15
    0.67099485978678687914E+01   -0.16037287027427020963E-14   -0.29609285708883280175E-15
    0.67187363946746749832E+01   -0.11572354230397734218E-14   -0.25307989463594116716E-15
    0.67275241914814820632E+01   -0.53936428382279723791E-15   -0.22991236960183669695E-15
    0.67363119882882891432E+01   -0.47362899038085617913E-15   -0.27945598725614661862E-15
    0.67450997850950962231E+01   -0.79117565215177516536E-15   -0.40862073339456993085E-15
    0.67538875819019024149E+01   -0.67007889708434823788E-15   -0.56851106294098936676E-15
    0.67626753787087094949E+01    0.21301877133323106999E-15   -0.65930093191441653394E-15
    0.67714631755155165749E+01    0.11496778259859916982E-14   -0.56330283272098595751E-15
    0.67802509723223227667E+01    0.12800284135619703736E-14   -0.23071172057574558762E-15
    0.67890387691291298466E+01    0.66661748289187516722E-15    0.24384420139205734913E-15
    0.67978265659359369266E+01    0.12428177650082423700E-15    0.67802743335789300276E-15
    0.68066143627427431184E+01    0.10853220223539472436E-15    0.95740948381830037119E-15
    0.68154021595495501984E+01    0.16667987797885348491E-15    0.11065091811560264097E-14
    0.68241899563563572784E+01   -0.31622858330027717393E-15    0.11738929763705054915E-14
    0.68329777531631634702E+01   -0.11873789149913546532E-14    0.10977471327348571672E-14
    0.68417655499699705501E+01   -0.16674119694263741240E-14    0.76150684037058476491E-15
    0.68505533467767776301E+01   -0.12969021174395464775E-14    0.18948894448914412150E-15
    0.68593411435835847101E+01   -0.43796728479036385398E-15   -0.38133667739533433609E-15
    0.68681289403903909019E+01    0.24873264960726211446E-15   -0.69802861846229984128E-15
    0.68769167371971979819E+01    0.50567945665991802493E-15   -0.71754599290773964647E-15
    0.68857045340040050618E+01    0.52827028269539488212E-15   -0.57037379713276596457E-15
    0.68944923308108112536E+01    0.52291028338790229262E-15   -0.33078724628879898945E-15
    0.69032801276176183336E+01    0.44546132355005443041E-15    0.78492224888496890619E-16
    0.69120679244244254136E+01    0.18237367226483269793E-15    0.68557305587444467882E-15
    0.69208557212312316054E+01   -0.19468860395149296675E-15    0.12506297816976294678E-14
    0.69296435180380386853E+01   -0.46534580960914882964E-15    0.14015764317104824072E-14
    0.69384313148448457653E+01   -0.51103529880827687819E-15    0.10244730251534282275E-14
    0.69472191116516519571E+01   -0.43033143670123639649E-15    0.41279757480757356882E-15
    0.69560069084584590371E+01   -0.35582830851377497523E-15   -0.91410731252032112410E-16
    0.69647947052652661171E+01   -0.24212433857856226875E-15   -0.49950529859345840617E-15
    0.69735825020720731970E+01    0.51479259675505971933E-16   -0.10453909842367254363E-14
    0.69823702988788793888E+01    0.46914412901564685192E-15   -0.16745454064754237123E-14
    0.69911580956856864688E+01    0.67849670727988865984E-15   -0.18794877551226510164E-14
    0.69999458924924935488E+01    0.42942499512688770697E-15   -0.12600543835846279662E-14
    0.70087336892992997406E+01   -0.68901489679753408982E-16   -0.12560735533978304212E-15
    0.70175214861061068206E+01   -0.31547338436050286514E-15    0.74262010132459459549E-15
    0.70263092829129139005E+01   -0.72550258887081684090E-16    0.92755528541041503262E-15
    0.70350970797197200923E+01    0.37264072258689524220E-15    0.76207299660417688130E-15
    0.70438848765265271723E+01    0.56618801272540595865E-15    0.76313745378365485384E-15
    0.70526726733333342523E+01    0.34454500727106858089E-15    0.94804363722903481297E-15
    0.70614604701401404441E+01   -0.97607286301908113001E-16    0.91573099814068562139E-15
    0.70702482669469475240E+01   -0.42798273145983321023E-15    0.47402739835873880435E-15
    0.70790360637537546040E+01   -0.39345064237400342837E-15   -0.60767321852227041014E-16
    0.70878238605605616840E+01    0.22343624921259251327E-16   -0.26905342057284547599E-15
    0.70966116573673678758E+01    0.51836320991741160762E-15   -0.12148809714675624679E-15
    0.71053994541741749558E+01    0.69239803449721548745E-15    0.73102611962771948161E-16
    0.71141872509809820357E+01    0.45493775903108835947E-15    0.10658057366949041505E-15
    0.71229750477877882275E+01    0.15671015487366758249E-15    0.97107219032662097521E-16
    0.71317628445945953075E+01    0.15610127201125561047E-15    0.25554371478050993383E-15
    0.71405506414014023875E+01    0.35617111387296647818E-15    0.58381507490367415506E-15
    0.71493384382082085793E+01    0.35731168912695784788E-15    0.86796763832933293321E-15
    0.71581262350150156593E+01    0.33622832075209840873E-16    0.88302880792991508359E-15
    0.71669140318218227392E+01   -0.24376041473180461275E-15    0.55624628998880586035E-15
    0.71757018286286289310E+01   -0.97709568537259934758E-16    0.17924449144072458072E-16
    0.71844896254354360110E+01    0.31350587317608840101E-15   -0.41517504685119905875E-15
    0.71932774222422430910E+01    0.46654328326529169843E-15   -0.43143147920009619702E-15
    0.72020652190490501710E+01    0.13060327750137879940E-15   -0.24929718835571517624E-16
    0.72108530158558563627E+01   -0.34699789519469368417E-15    0.44421625450355546718E-15
    0.72196408126626634427E+01   -0.50719739670228838428E-15    0.64038524100409845561E-15
    0.72284286094694705227E+01   -0.32366567214154957396E-15    0.64775070601719521061E-15
    0.72372164062762767145E+01   -0.13559549842380440975E-15    0.79814370599461487233E-15
    0.72460042030830837945E+01   -0.16007307057042642520E-15    0.11201350012879242980E-14
    0.72547919998898908744E+01   -0.24134167013953390238E-15    0.11635563605194562115E-14
    0.72635797966966970662E+01   -0.92064347575154906390E-16    0.55577810303917181215E-15
    0.72723675935035041462E+01    0.38354147152382959232E-15   -0.41561730462513322781E-15
    0.72811553903103112262E+01    0.10110426302994526612E-14   -0.10342242759758766434E-14
    0.72899431871171174180E+01    0.14456901116271719597E-14   -0.93141366058305558937E-15
    0.72987309839239244980E+01    0.13505231827476215862E-14   -0.43456155568548903675E-15
    0.73075187807307315779E+01    0.68325266841366601918E-15   -0.70218550818634315262E-16
    0.73163065775375386579E+01   -0.10159335787719561880E-15    0.27093676286725567909E-16
    0.73250943743443448497E+01   -0.38335992000192087228E-15    0.84984334704781820818E-16
    0.73338821711511519297E+01   -0.44345177749779710640E-16    0.24451311032476820243E-15
    0.73426699679579590097E+01    0.33915545725494627855E-15    0.34776331164791253404E-15
    0.73514577647647652014E+01    0.19590111264100248725E-15    0.20480517657084688764E-15
    0.73602455615715722814E+01   -0.31290218241231447938E-15   -0.98108910344780254500E-16
    0.73690333583783793614E+01   -0.53140844866790884082E-15   -0.29006275576539113053E-15
    0.73778211551851855532E+01   -0.17920553091499532496E-15   -0.26820721584709745939E-15
    0.73866089519919926332E+01    0.29673443850264455892E-15   -0.22094648607252410737E-15
    0.73953967487987997131E+01    0.36601638126700541566E-15   -0.31307749028117833634E-15
    0.74041845456056067931E+01    0.12285960828050372290E-15   -0.36517071366785728976E-15
    0.74129723424124129849E+01    0.85575741475337543023E-16   -0.35260047860368821813E-16
    0.74217601392192200649E+01    0.40797859867448977155E-15    0.67958146829881733833E-15
    0.74305479360260271449E+01    0.59773570535239275532E-15    0.12918943410475587498E-14
    0.74393357328328333367E+01    0.19396779199041419866E-15    0.13223706026458883061E-14
    0.74481235296396404166E+01   -0.52292216446355765333E-15    0.82389779503758630284E-15
    0.74569113264464474966E+01   -0.80975884099211927905E-15    0.25264883140582570301E-15
    0.74656991232532536884E+01   -0.37193188660298480167E-15   -0.83458432592785021464E-16
    0.74744869200600607684E+01    0.27119409221836706987E-15   -0.27966403819378340052E-15
    0.74832747168668678484E+01    0.44376136504705544197E-15   -0.52197440162380595625E-15
    0.74920625136736740401E+01    0.57932552698504947890E-16   -0.72672829575634108958E-15
    0.75008503104804811201E+01   -0.43651811833728797676E-15   -0.62203856561811039293E-15
    0.75096381072872882001E+01   -0.62204053841726039116E-15   -0.11257131059424276564E-15
    0.75184259040940952801E+01   -0.45626324342178303156E-15    0.55764602467464824814E-15
    0.75272137009009014719E+01   -0.15674494112420090039E-15    0.10242311785643164064E-14
    0.75360014977077085518E+01    0.18858748453921461878E-16    0.10751489695686493929E-14
    0.75447892945145156318E+01   -0.63315387917108050148E-16    0.72827199633139184263E-15
    0.75535770913213218236E+01   -0.29956646838948967816E-15    0.17487174592612494708E-15
    0.75623648881281289036E+01   -0.39575853197013249717E-15   -0.32450065069984581966E-15
    0.75711526849349359836E+01   -0.17572831079106922901E-15   -0.60440825786819226059E-15
    0.75799404817417421754E+01    0.15222883529732840345E-15   -0.71813109048712525441E-15
    0.75887282785485492553E+01    0.20379498602417554357E-15   -0.81495474146448348394E-15
    0.75975160753553563353E+01   -0.86274933196822130942E-16   -0.87157577244177252635E-15
    0.76063038721621625271E+01   -0.32929096600458364269E-15   -0.64551564662263371335E-15
    0.76150916689689696071E+01   -0.18313913355328011631E-15   -0.15574514956401312735E-16
    0.76238794657757766871E+01    0.15409422922394108246E-15    0.70493997618966789519E-15
    0.76326672625825837670E+01    0.17315018259219531289E-15    0.99536474776534342298E-15
    0.76414550593893899588E+01   -0.27724126453203687761E-15    0.68093444357392357522E-15
    0.76502428561961970388E+01   -0.75820389256728526329E-15    0.12180138686122764615E-15
    0.76590306530030041188E+01   -0.78445931642261613312E-15   -0.23921987070464339076E-15
    0.76678184498098103106E+01   -0.39661167915100200232E-15   -0.35390642115708951016E-15
    0.76766062466166173905E+01   -0.27430395082065199372E-16   -0.46844861338801707532E-15
    0.76853940434234244705E+01    0.64883255181187026518E-16   -0.67035113512482070110E-15
    0.76941818402302306623E+01    0.34210466497046418553E-16   -0.72138754688033015717E-15
    0.77029696370370377423E+01    0.92244815994069737339E-16   -0.40158943203934367583E-15
    0.77117574338438448223E+01    0.13381543997381115484E-15    0.13644179479754447092E-15
    0.77205452306506510141E+01   -0.10528369276426083038E-15    0.50417864086963887016E-15
    0.77293330274574580940E+01   -0.57636026114560423239E-15    0.50886066674160808553E-15
    0.77381208242642651740E+01   -0.81339489948327490155E-15    0.31943918905587536113E-15
    0.77469086210710722540E+01   -0.45988925617552048672E-15    0.16680618232311617440E-15
    0.77556964178778784458E+01    0.23245036241333489718E-15    0.28645488976330300771E-16
    0.77644842146846855258E+01    0.67136401557525836973E-15   -0.27288972339648858428E-15
    0.77732720114914926057E+01    0.64156475394745400285E-15   -0.72952832953820235322E-15
    0.77820598082982987975E+01    0.53933198561036511852E-15   -0.10484116751015016526E-14
    0.77908476051051058775E+01    0.78062769239398098654E-15   -0.97187894056244985887E-15
    0.77996354019119129575E+01    0.12040590172199826444E-14   -0.59396377086226914898E-15
    0.78084231987187191493E+01    0.12830066951421755331E-14   -0.24277081261286859150E-15
    0.78172109955255262292E+01    0.81356384367882359372E-15   -0.10661390256307078106E-15
    0.78259987923323333092E+01    0.16587555961785734398E-15   -0.81217447743618509616E-16
    0.78347865891391395010E+01   -0.21286250058116727917E-15    0.21442573276220937402E-17
    0.78435743859459465810E+01   -0.31765827973077373681E-15    0.12746334939159575285E-15
    0.78523621827527536610E+01   -0.45994245046652680542E-15    0.13299998701689915980E-15
    0.78611499795595607409E+01   -0.76391269124108550785E-15   -0.77375169400434509140E-16
    0.78699377763663669327E+01   -0.97894437810989902145E-15   -0.42083507166970279584E-15
    0.78787255731731740127E+01   -0.83220294920342882256E-15   -0.69696117444464682799E-15
    0.78875133699799810927E+01   -0.39794472953401088995E-15   -0.69214236877787125366E-15
    0.78963011667867872845E+01   -0.13778176509461618793E-16   -0.29146124259084756876E-15
    0.79050889635935943645E+01    0.70171059087515699758E-16    0.41377718591681069729E-15
    0.79138767604004014444E+01   -0.12303811142231285318E-15    0.11259385385705467431E-14
    0.79226645572072076362E+01   -0.39971574133537313285E-15    0.15072969753492188726E-14
    0.79314523540140147162E+01   -0.55342976872066644793E-15    0.13616974731030039750E-14
    0.79402401508208217962E+01   -0.47445699588191875490E-15    0.72139350952334877692E-15
    0.79490279476276279880E+01   -0.22080782697987400811E-15   -0.13364393178982251729E-15
    0.79578157444344350679E+01    0.12685550587652116300E-16   -0.77138584889439374650E-15
    0.79666035412412421479E+01    0.77057594731052988910E-16   -0.87168565452069961532E-15
    0.79753913380480492279E+01    0.25560816705280616492E-16   -0.45275687548522110058E-15
    0.79841791348548554197E+01    0.23768580774509724750E-16    0.20850741092254754358E-15
    0.79929669316616624997E+01    0.12306301436816030134E-15    0.83149234555422517421E-15
    0.80017547284684695796E+01    0.18788457800005909768E-15    0.12623950302329751493E-14
    0.80105425252752748833E+01    0.72409885143468183584E-16    0.13957774925092790066E-14
    0.80193303220820819632E+01   -0.19777175814349623528E-15    0.10974962545294123923E-14
    0.80281181188888890432E+01   -0.45061375522617672988E-15    0.32283931958358972323E-15
    0.80369059156956961232E+01   -0.51414151840822131033E-15   -0.66897914099599687882E-15
    0.80456937125025032032E+01   -0.33036788445954436140E-15   -0.13534430223706844055E-14
    0.80544815093093102831E+01   -0.56488803374082874376E-17   -0.13705655881859477967E-14
    0.80632693061161173631E+01    0.19917459768646714503E-15   -0.89469784239761898658E-15
    0.80720571029229226667E+01    0.58716416600558434048E-16   -0.42039721221432797284E-15
    0.80808448997297297467E+01   -0.34236169455892577604E-15   -0.22872395263733518659E-15
    0.80896326965365368267E+01   -0.59791257250097564063E-15   -0.18384057946806144243E-15
    0.80984204933433439066E+01   -0.37054494735723638946E-15   -0.57557537017394833817E-16
    0.81072082901501509866E+01    0.25004822593370485373E-15    0.13355335940216882058E-15
    0.81159960869569580666E+01    0.86310236586094241079E-15    0.20240785867063643705E-15
    0.81247838837637633702E+01    0.11374352412874033157E-14    0.91031741850398612433E-16
    0.81335716805705704502E+01    0.10156558280578486913E-14   -0.35244550361617753388E-16
    0.81423594773773775302E+01    0.62858884283590174186E-15   -0.21024498236131446833E-16
    0.81511472741841846101E+01    0.16126778149065866967E-15    0.59270456313807215375E-16
    0.81599350709909916901E+01   -0.22006467883899069965E-15    0.12658567664037720602E-16
    0.81687228677977987701E+01   -0.40380474302299728543E-15   -0.18671732249989805826E-15
    0.81775106646046058501E+01   -0.35601213597841466590E-15   -0.33312189952649756230E-15
    0.81862984614114111537E+01   -0.12809304857660462113E-15   -0.26643740209821339073E-15
    0.81950862582182182337E+01    0.15304538247643929858E-15   -0.11679261093992527283E-15
    0.82038740550250253136E+01    0.34883628831689282338E-15   -0.13896095141179105286E-15
    0.82126618518318323936E+01    0.39816635656831487576E-15   -0.33609179941252534987E-15
    0.82214496486386394736E+01    0.33923248021969725851E-15   -0.38925560062860064890E-15
    0.82302374454454465535E+01    0.23120317194217684151E-15   -0.51667460812280248569E-16
    0.82390252422522518572E+01    0.79271170432923416627E-16    0.49735136382023705578E-15
    0.82478130390590589371E+01   -0.14531286466244463429E-15    0.83153018990076799351E-15
    0.82566008358658660171E+01   -0.43482993545874925952E-15    0.73805918999372072068E-15
    0.82653886326726730971E+01   -0.72104471532287802425E-15    0.40250456267014748548E-15
    0.82741764294794801771E+01   -0.92294194758672560222E-15    0.16862576287404191310E-15
    0.82829642262862872570E+01   -0.10000333387224373890E-14    0.24941089673893947024E-15
    0.82917520230930943370E+01   -0.96878980045923492930E-15    0.59744668778164057984E-15
    0.83005398198998996406E+01   -0.89509583017066123299E-15    0.88429797473961591032E-15
    0.83093276167067067206E+01   -0.85339722311510505145E-15    0.68223552965565150081E-15
    0.83181154135135138006E+01   -0.84139573361607055232E-15   -0.78976485811818244346E-16
    0.83269032103203208806E+01   -0.73275815808723933404E-15   -0.81222224228723721565E-15
    0.83356910071271279605E+01   -0.40548856105271473338E-15   -0.77044485272197852261E-15
    0.83444788039339350405E+01    0.49965150886712591894E-16    0.75140903594669340211E-16
    0.83532666007407403441E+01    0.33157101965445530269E-15    0.89748432946676449223E-15
    0.83620543975475474241E+01    0.22836130437498529656E-15    0.95640988504004624330E-15
    0.83708421943543545041E+01   -0.12516722908165768586E-15    0.44134999157139397723E-15
    0.83796299911611615840E+01   -0.40427320767858028488E-15    0.11424613696517135028E-15
    0.83884177879679686640E+01   -0.45413529360849618084E-15    0.34110350859706651453E-15
    0.83972055847747757440E+01   -0.39652438033897267551E-15    0.74867645782275663745E-15
    0.84059933815815828240E+01   -0.36338867266005905589E-15    0.81252008507660078201E-15
    0.84147811783883881276E+01   -0.25851988347950056129E-15    0.45364771627736953165E-15
    0.84235689751951952076E+01    0.96853619834467239583E-16   -0.37779295929775521465E-16
    0.84323567720020022875E+01    0.63304404046571270311E-15   -0.42820962108502668201E-15
    0.84411445688088093675E+01    0.98707660192401032896E-15   -0.72389412828586575935E-15
    0.84499323656156164475E+01    0.87050016403111247181E-15   -0.98625266479049049051E-15
    0.84587201624224235275E+01    0.39167660480655681692E-15   -0.11427684546965969089E-14
    0.84675079592292288311E+01   -0.91100066111768215792E-16   -0.10543154843561985519E-14
    0.84762957560360359111E+01   -0.35031445352509575938E-15   -0.70997138360462331343E-15
    0.84850835528428429910E+01   -0.42791262688034527793E-15   -0.28419358170639432817E-15
    0.84938713496496500710E+01   -0.42117169565414588489E-15    0.64598210380969564421E-17
    0.85026591464564571510E+01   -0.28144954665779153847E-15    0.52945210908099155992E-16
    0.85114469432632642309E+01    0.85170805833188049183E-16   -0.11963828865960780122E-15
    0.85202347400700713109E+01    0.57465719853523958535E-15   -0.39419195160028786269E-15
    0.85290225368768766145E+01    0.86338067225821168381E-15   -0.62513673073874085895E-15
    0.85378103336836836945E+01    0.69957191479384046801E-15   -0.72446677267950283940E-15
    0.85465981304904907745E+01    0.15753278764611615370E-15   -0.71580969938665250561E-15
    0.85553859272972978545E+01   -0.46197219341593021594E-15   -0.65983330198800049114E-15
    0.85641737241041049344E+01   -0.90736963348155029597E-15   -0.52382270973173473942E-15
    0.85729615209109120144E+01   -0.11082771894995713411E-14   -0.18737236973807963424E-15
    0.85817493177177173180E+01   -0.10985874871324835371E-14    0.36475393522101983596E-15
    0.85905371145245243980E+01   -0.92210643501606550750E-15    0.90096114034715593411E-15
    0.85993249113313314780E+01   -0.62297365716946203084E-15    0.11100546753562059102E-14
    0.86081127081381385580E+01   -0.27753959647789446398E-15    0.90995684293015034612E-15
    0.86169005049449456379E+01    0.12404648674837037056E-16    0.52422660597199403800E-15
    0.86256883017517527179E+01    0.18108092127571211536E-15    0.23689702848483003359E-15
    0.86344760985585597979E+01    0.24426306805803970051E-15    0.15945067243152030099E-15
    0.86432638953653651015E+01    0.25255324346719739800E-15    0.25934345459840137422E-15
    0.86520516921721721815E+01    0.20440112077388198849E-15    0.51386337703032307878E-15
    0.86608394889789792614E+01    0.43273041053293471395E-16    0.93729247964212106107E-15
    0.86696272857857863414E+01   -0.23123273561820077129E-15    0.14316323885945951091E-14
    0.86784150825925934214E+01   -0.48339832457560361246E-15    0.16962340999550860123E-14
    0.86872028793994005014E+01   -0.54400050456824791897E-15    0.14567451561936273488E-14
    0.86959906762062058050E+01   -0.39200371822589060701E-15    0.82297026303110710429E-15
    0.87047784730130128850E+01   -0.17470745513048503632E-15    0.27059149657067960185E-15
    0.87135662698198199649E+01   -0.10768711078706513315E-16    0.12203025939867540250E-15
    0.87223540666266270449E+01    0.16270193220063510927E-15    0.14636528753932546596E-15
    0.87311418634334341249E+01    0.45159362846043691492E-15   -0.10958424293469895269E-15
    0.87399296602402412049E+01    0.74396950394448609134E-15   -0.66762237698805437356E-15
    0.87487174570470482848E+01    0.72920051391049296481E-15   -0.10101653211339103009E-14
    0.87575052538538535885E+01    0.28771380077172571365E-15   -0.70412822765880518340E-15
    0.87662930506606606684E+01   -0.23220614880460242131E-15    0.64020229128961875060E-16
    0.87750808474674677484E+01   -0.35405642070199561694E-15    0.72093112166286145534E-15
    0.87838686442742748284E+01   -0.71669086310937637173E-16    0.89587660986630789077E-15
    0.87926564410810819084E+01    0.10440887415450374803E-15    0.65614449148182632928E-15
    0.88014442378878889883E+01   -0.17247243346585383108E-15    0.25915729455000213448E-15
    0.88102320346946942919E+01   -0.55355699468656910935E-15   -0.11593821145036911010E-15
    0.88190198315015013719E+01   -0.41531241316241088752E-15   -0.40065473183136810163E-15
    0.88278076283083084519E+01    0.30880568966346081465E-15   -0.55579462788358091317E-15
    0.88365954251151155319E+01    0.98800850949870485543E-15   -0.54977348618522280610E-15
    0.88453832219219226118E+01    0.10632425423524654908E-14   -0.42066063197503569850E-15
    0.88541710187287296918E+01    0.69302110548810508816E-15   -0.30813034995363157020E-15
    0.88629588155355367718E+01    0.43369505594000293689E-15   -0.33496803117907303024E-15
    0.88717466123423420754E+01    0.49311018400492583117E-15   -0.43419038634384456016E-15
    0.88805344091491491554E+01    0.54210675578477237701E-15   -0.37798118117296207744E-15
    0.88893222059559562354E+01    0.25992784899945587143E-15   -0.63679146855371562598E-16
    0.88981100027627633153E+01   -0.19694926117018730398E-15    0.28114161591589169347E-15
    0.89068977995695703953E+01   -0.41843240379879833245E-15    0.31204754876075977656E-15
    0.89156855963763774753E+01   -0.26757568763093566434E-15   -0.43898946548562874662E-16
    0.89244733931831827789E+01   -0.15871763428091267736E-16   -0.51237069214345050488E-15
    0.89332611899899898589E+01    0.32060596460616716770E-16   -0.79869486250572651845E-15
    0.89420489867967969388E+01   -0.12535475684435424487E-15   -0.86924975280174040005E-15
    0.89508367836036040188E+01   -0.27878898626793339704E-15   -0.84789395547346498318E-15
    0.89596245804104110988E+01   -0.29109020222380148155E-15   -0.74765605396682090970E-15
    0.89684123772172181788E+01   -0.19149222285223379048E-15   -0.43594304979889813775E-15
    0.89772001740240252587E+01   -0.23260217621947892289E-16    0.10113394071329958891E-15
    0.89859879708308305624E+01    0.27441741696657146864E-15    0.57037306748813255102E-15
    0.89947757676376376423E+01    0.73235690487771620344E-15    0.59874715611590541582E-15
    0.90035635644444447223E+01    0.11269852774389972478E-14    0.12827871284873306761E-15
    0.90123513612512518023E+01    0.10582613157419865169E-14   -0.51399891308489151955E-15
    0.90211391580580588823E+01    0.40139688218903442701E-15   -0.95595920798254759798E-15
    0.90299269548648659622E+01   -0.39414702843858408981E-15   -0.10848199271886513502E-14
    0.90387147516716712659E+01   -0.70037669574753687720E-15   -0.10066304307719093410E-14
    0.90475025484784783458E+01   -0.38039464700790068445E-15   -0.84910910104421179863E-15
    0.90562903452852854258E+01    0.10539272952228813270E-15   -0.65779213994928176076E-15
    0.90650781420920925058E+01    0.29487252005790504002E-15   -0.41676886004220827293E-15
    0.90738659388988995858E+01    0.22061917515081031019E-15   -0.94995748375617872112E-16
    0.90826537357057066657E+01    0.20537096269929909756E-15    0.29674950786112235889E-15
    0.90914415325125137457E+01    0.36326053044788841385E-15    0.65223830490263931326E-15
    0.91002293293193190493E+01    0.47519645847963188491E-15    0.79109662902409099545E-15
    0.91090171261261261293E+01    0.33323149541324707316E-15    0.57028722377317155708E-15
    0.91178049229329332093E+01    0.30561618260173672486E-16   -0.85860944568017438774E-17
    0.91265927197397402892E+01   -0.17262162815247662713E-15   -0.75413489269102414324E-15
    0.91353805165465473692E+01   -0.15892862336402517709E-15   -0.12885145193930954653E-14
    0.91441683133533544492E+01   -0.35223223761647396696E-16   -0.12192649028137559363E-14
    0.91529561101601597528E+01    0.69076963369009269288E-16   -0.50500668387286567907E-15
    0.91617439069669668328E+01    0.16978105853610130376E-15    0.34849951545771448313E-15
    0.91705317037737739128E+01    0.34040537042548725456E-15    0.71609075693453555745E-15
    0.91793195005805809927E+01    0.52557322626788750948E-15    0.50577696097829516422E-15
    0.91881072973873880727E+01    0.53858256728723928187E-15    0.21243729371710753330E-15
    0.91968950941941951527E+01    0.28162160289163604713E-15    0.25213988595224687878E-15
    0.92056828910010004563E+01   -0.93056510636416508044E-16    0.44518730315367108511E-15
    0.92144706878078075363E+01   -0.31781679919950185771E-15    0.32740067939458197424E-15
    0.92232584846146146162E+01   -0.26242636600738634135E-15   -0.21095697234211815066E-15
    0.92320462814214216962E+01   -0.16372155861358096237E-16   -0.78983167243935804560E-15
    0.92408340782282287762E+01    0.23635319801197984963E-15   -0.10127872756881234989E-14
    0.92496218750350358562E+01    0.35275375053615156072E-15   -0.86630906902964945519E-15
    0.92584096718418411598E+01    0.29083029950986778203E-15   -0.58404850493479351430E-15
    0.92671974686486482398E+01    0.12706564539354925269E-15   -0.29472427695379838274E-15
    0.92759852654554553197E+01    0.85523188212870535390E-17    0.68157252339641239050E-16
    0.92847730622622623997E+01    0.32640507017865002633E-16    0.54091189517354940068E-15
    0.92935608590690694797E+01    0.16518374685243127607E-15    0.95668071101693130891E-15
    0.93023486558758765597E+01    0.31015326705457661637E-15    0.10870536057352052736E-14
    0.93111364526826818633E+01    0.43501865395299231347E-15    0.90040636861886985529E-15
    0.93199242494894889433E+01    0.58285631820671853611E-15    0.59085226407008525567E-15
    0.93287120462962960232E+01    0.75210222881700488561E-15    0.33783705315613295892E-15
    0.93374998431031031032E+01    0.82338779643099383696E-15    0.12432739691901451008E-15
    0.93462876399099101832E+01    0.69035542763979658033E-15   -0.13962694253344910378E-15
    0.93550754367167172632E+01    0.45345247605358610865E-15   -0.38335734194603689162E-15
    0.93638632335235243431E+01    0.36800700476640081782E-15   -0.37861813694677137116E-15
    0.93726510303303296467E+01    0.51202846795302550183E-15   -0.16464511274781669365E-16
    0.93814388271371367267E+01    0.58357445050019502806E-15    0.49916424662957554530E-15
    0.93902266239439438067E+01    0.21167172411697040797E-15    0.83318888585570280505E-15
    0.93990144207507508867E+01   -0.55744529669093358104E-15    0.84048810750628753874E-15
    0.94078022175575579666E+01   -0.12282201106370054250E-14    0.64787477253205589807E-15
    0.94165900143643650466E+01   -0.13444717164373308188E-14    0.45828003719350724197E-15
    0.94253778111711703502E+01   -0.88851504992517673398E-15    0.36915732374010216809E-15
    0.94341656079779774302E+01   -0.17512123938943920892E-15    0.36324966994887120925E-15
    0.94429534047847845102E+01    0.46146896524208038024E-15    0.37398172682958350220E-15
    0.94517412015915915902E+01    0.83827467000216301619E-15    0.33481697047092322657E-15
    0.94605289983983986701E+01    0.92251075136785753373E-15    0.20641576949409872580E-15
    0.94693167952052057501E+01    0.78820014356654195799E-15   -0.55849684638830880499E-17
    0.94781045920120128301E+01    0.53104808192728419337E-15   -0.24940176848310222166E-15
    0.94868923888188181337E+01    0.17922113031252216202E-15   -0.43649113536381082801E-15
    0.94956801856256252137E+01   -0.28111625904705607913E-15   -0.47741818141525404097E-15
    0.95044679824324322936E+01   -0.75524194471196180396E-15   -0.34575249237092676846E-15
    0.95132557792392393736E+01   -0.97455078318301123987E-15   -0.11501941122399830727E-15
    0.95220435760460464536E+01   -0.72964777721126708693E-15    0.93503233055470921922E-16
    0.95308313728528535336E+01   -0.18533186214871422971E-15    0.19664004580255056877E-15
    0.95396191696596588372E+01    0.18908418618065847904E-15    0.19385003581104160610E-15
    0.95484069664664659172E+01    0.11198986929175833263E-15    0.16345588629849882207E-15
    0.95571947632732729971E+01   -0.17794306594135802627E-15    0.22521339120854131258E-15
    0.95659825600800800771E+01   -0.22532031268134169218E-15    0.42980307023068560061E-15
    0.95747703568868871571E+01    0.11513411128528255198E-15    0.64092051397196522030E-15
    0.95835581536936942371E+01    0.55640343081826382443E-15    0.60801666132811071622E-15
    0.95923459505005013170E+01    0.70897862679453311688E-15    0.24381576864587672900E-15
    0.96011337473073066207E+01    0.39403095034972377407E-15   -0.20751022792073911366E-15
    0.96099215441141137006E+01   -0.28635904039386869307E-15   -0.39548080632219814929E-15
    0.96187093409209207806E+01   -0.99763063011082794295E-15   -0.21909467431472715440E-15
    0.96274971377277278606E+01   -0.13366155024542577378E-14    0.10988212379727402795E-15
    0.96362849345345349406E+01   -0.11108497309897127258E-14    0.32499657053216219613E-15
    0.96450727313413420205E+01   -0.50753822205541484013E-15    0.32923300041993001610E-15
    0.96538605281481491005E+01    0.90783639759126317896E-16    0.18859600540906404656E-15
    0.96626483249549544041E+01    0.41600705862001412928E-15    0.30116066960601450135E-16
    0.96714361217617614841E+01    0.43810598585876163988E-15   -0.44313829436908491123E-16
    0.96802239185685685641E+01    0.28262478723821820576E-15   -0.21137853899976788216E-16
    0.96890117153753756440E+01    0.12095894873830776420E-15    0.68218376867735447817E-17
    0.96977995121821827240E+01    0.72456120970684463251E-16   -0.64030751060120615557E-16
    0.97065873089889898040E+01    0.12405986554604297402E-15   -0.22279457324558856391E-15
    0.97153751057957951076E+01    0.14573005227340946108E-15   -0.35600484201545119410E-15
    0.97241629026026021876E+01    0.64516267733913482943E-17   -0.40429808765554417316E-15
    0.97329506994094092676E+01   -0.31818087950033901755E-15   -0.45409759554402368645E-15
    0.97417384962162163475E+01   -0.70235853061478583525E-15   -0.59454435184611161657E-15
    0.97505262930230234275E+01   -0.87406636833167227301E-15   -0.71243891328952936102E-15
    0.97593140898298305075E+01   -0.57816993868208055195E-15   -0.55547255641531661477E-15
    0.97681018866366375875E+01    0.10251647325012263960E-15   -0.74958934989974991634E-16
    0.97768896834434428911E+01    0.62975541005542175791E-15    0.38496150298324102799E-15
    0.97856774802502499710E+01    0.50054628654480806509E-15    0.42096420505148014873E-15
    0.97944652770570570510E+01   -0.11256121231932775631E-15    0.52816206541812443018E-16
    0.98032530738638641310E+01   -0.47157724625816714190E-15   -0.29053618041006191014E-15
    0.98120408706706712110E+01   -0.15986716622946525039E-15   -0.30226382138126823665E-15
    0.98208286674774782909E+01    0.36126086314104475983E-15   -0.15716722798685113242E-15
    0.98296164642842835946E+01    0.37598826753147977860E-15   -0.21282165567166361015E-15
    0.98384042610910906745E+01   -0.11313992774946021562E-15   -0.50351469259299064195E-15
    0.98471920578978977545E+01   -0.38228485871086168617E-15   -0.68499138604194075712E-15
    0.98559798547047048345E+01    0.12849493052587962047E-16   -0.45011707422253935710E-15
    0.98647676515115119145E+01    0.58137263711835553976E-15    0.14783812278738276243E-15
    0.98735554483183189944E+01    0.53355302356498333434E-15    0.79548685829689565913E-15
    0.98823432451251260744E+01   -0.19252434805525626661E-15    0.11777941511419990223E-14
    0.98911310419319313780E+01   -0.86158359728689734478E-15    0.11433675608708217043E-14
    0.98999188387387384580E+01   -0.85794976385151625289E-15    0.76452975472348498999E-15
    0.99087066355455455380E+01   -0.34828316204978084448E-15    0.30748957182570622304E-15
    0.99174944323523526180E+01    0.87551220728776922377E-16    0.84035325366399546915E-17
    0.99262822291591596979E+01    0.16375594751508002529E-15   -0.17896787464739242843E-15
    0.99350700259659667779E+01    0.59229277572206383647E-16   -0.48069941908557404089E-15
    0.99438578227727720815E+01    0.32923803571788358680E-16   -0.85065706732886632692E-15
    0.99526456195795791615E+01    0.10333044866713607868E-15   -0.82198021027801791248E-15
    0.99614334163863862415E+01    0.97711217997321954545E-16   -0.26754824161770009807E-15
    0.99702212131931933214E+01   -0.19725446206562317008E-15   -0.35466420967122488470E-16
    0.99790090100000004014E+01   -0.12064438136775753117E-14    0.88004764750902871195E-15
