    0.11999999999999999556E+01    0.00000000000000000000E+00    0.00000000000000000000E+00
    0.12087877968068068135E+01   -0.16802067930449708344E-11    0.21373334785884360937E-17
    0.12175755936136136715E+01    0.24877449279262589297E-11    0.40627758363084076258E-17
    0.12263633904204203073E+01    0.23988286555057911160E-11    0.29735092180161909218E-17
    0.12351511872272271653E+01   -0.53303289666818872915E-11   -0.19163298957352664959E-17
    0.12439389840340340232E+01   -0.53234573927954205752E-11   -0.47677486584007715245E-18
    0.12527267808408408811E+01    0.98118333977379499620E-11    0.10867588790386530180E-16
    0.12615145776476475170E+01    0.22701564768891632243E-10    0.18735698705356094779E-16
    0.12703023744544543749E+01    0.13293673754753859875E-10    0.95628652962132519565E-17
    0.12790901712612612329E+01   -0.94385188782914395161E-11   -0.72978587451730263751E-17
    0.12878779680680680908E+01   -0.14084933299605469715E-10   -0.59942117730230111455E-17
    0.12966657648748749487E+01    0.93307621672469732015E-11    0.20722710004483475192E-16
    0.13054535616816815846E+01    0.26775913752780756752E-10    0.43231140596328887249E-16
    0.13142413584884884425E+01    0.38156015864859263756E-11    0.28823678065574857896E-16
    0.13230291552952953005E+01   -0.36348036518243206565E-10   -0.12153629726288380686E-16
    0.13318169521021021584E+01   -0.30965000444933917886E-10   -0.33104489168236225789E-16
    0.13406047489089087943E+01    0.31204910360917134940E-10   -0.92209111335980663156E-17
    0.13493925457157156522E+01    0.67383715408576644941E-10    0.28152547645899617341E-16
    0.13581803425225225102E+01    0.32939426349595893031E-11    0.33201220386330907669E-16
    0.13669681393293293681E+01   -0.95701647391574833423E-10    0.68577440469168592776E-17
    0.13757559361361360040E+01   -0.75322155170063294682E-10   -0.64093217777011596345E-17
    0.13845437329429428619E+01    0.84849922443969874544E-10    0.16232101579538010229E-16
    0.13933315297497497198E+01    0.17228013333691006030E-09    0.38214086356842649311E-16
    0.14021193265565565778E+01    0.30536699255458477316E-11    0.13657346813807450759E-16
    0.14109071233633634357E+01   -0.24931514303344530885E-09   -0.41317475173428565308E-16
    0.14196949201701700716E+01   -0.19005607296632843915E-09   -0.57815003941718402139E-16
    0.14284827169769769295E+01    0.22566394785909953150E-09    0.51173538334604760930E-19
    0.14372705137837837874E+01    0.44527437315150951749E-09    0.84251311019532510544E-16
    0.14460583105905906454E+01   -0.41529955699020618983E-12    0.12163182340776801332E-15
    0.14548461073973975033E+01   -0.65081106814855705823E-09    0.10110041655127773127E-15
    0.14636339042042041392E+01   -0.47993200598141924724E-09    0.76665450352511088841E-16
    0.14724217010110109971E+01    0.61883167144057062322E-09    0.90548968319942173462E-16
    0.14812094978178178550E+01    0.12094362893268728109E-08    0.12068670992581243457E-15
    0.14899972946246244909E+01    0.12049635615988864930E-09    0.11243962774702950171E-15
    0.14987850914314313489E+01   -0.13167068500985611801E-08    0.36748500605957579972E-16
    0.15075728882382382068E+01   -0.12783092223341060889E-09   -0.82889170836905742520E-16
    0.15163606850450450647E+01    0.46300808405882315217E-08   -0.17486326508256481945E-15
    0.15251484818518519226E+01    0.10933545325339853677E-07   -0.15151194774856493390E-15
    0.15339362786586585585E+01    0.20273225821525613347E-07    0.28466526984213458251E-17
    0.15427240754654654165E+01    0.46543533758619902763E-07    0.15066689406446493710E-15
    0.15515118722722722744E+01    0.12292008742526614208E-06    0.98357116676150437572E-16
    0.15602996690790791323E+01    0.30802411915072950051E-06   -0.14710896640535947653E-15
    0.15690874658858859902E+01    0.72071114386832387806E-06   -0.28014087641489967972E-15
    0.15778752626926926261E+01    0.16429300672256653398E-05   -0.21657876129376410448E-16
    0.15866630594994994841E+01    0.36784951555143831157E-05    0.48001695547249742362E-15
    0.15954508563063063420E+01    0.81138196056784022412E-05    0.75135438786048169562E-15
    0.16042386531131129779E+01    0.17488882844979229789E-04    0.55244165216199682497E-15
    0.16130264499199198358E+01    0.36740727185152843132E-04    0.18626223785743641105E-15
    0.16218142467267266937E+01    0.75628164476747652967E-04    0.87487162918460226476E-16
    0.16306020435335335517E+01    0.15218683793895550964E-03    0.25059298527994883839E-15
    0.16393898403403404096E+01    0.29983194363466527613E-03    0.28658045153022669659E-15
    0.16481776371471470455E+01    0.57802168149254725023E-03    0.46658834836152502206E-16
    0.16569654339539539034E+01    0.10885112088305614730E-02   -0.65653981127640736478E-16
    0.16657532307607607613E+01    0.20035476389955063012E-02    0.32957881676052877773E-15
    0.16745410275675676193E+01    0.36009636213793360000E-02    0.85625312423653379877E-15
    0.16833288243743744772E+01    0.63160440101825629511E-02    0.65897102172728623968E-15
    0.16921166211811811131E+01    0.10808638361569559636E-01   -0.42772574248564561859E-15
    0.17009044179879879710E+01    0.18035197909018287066E-01   -0.13368882469115259722E-14
    0.17096922147947948289E+01    0.29327701252212231425E-01   -0.92128349404012747641E-15
    0.17184800116016014648E+01    0.46466430445235948343E-01    0.57235688042742482174E-15
    0.17272678084084085448E+01    0.71699066890088314352E-01    0.17514117648387681441E-14
    0.17360556052152151807E+01    0.10770735481033200109E+00    0.18480037462392683055E-14
    0.17448434020220220386E+01    0.15747988663080456084E+00    0.17040968604051747331E-14
    0.17536311988288288966E+01    0.22398571593733185292E+00    0.25427921783847813136E-14
    0.17624189956356355324E+01    0.30974181864086963722E+00    0.42716679610714472725E-14
    0.17712067924424426124E+01    0.41615361389102134559E+00    0.56735151901666224303E-14
    0.17799945892492492483E+01    0.54265651186429586517E+00    0.62513991045913557914E-14
    0.17887823860560561062E+01    0.68586379373587746944E+00    0.71912008311403099074E-14
    0.17975701828628629642E+01    0.83878429541346388731E+00    0.98816565446118208290E-14
    0.18063579796696696000E+01    0.99018578676434410024E+00    0.13948264287859135624E-13
    0.18151457764764764580E+01    0.11247028415808177915E+01    0.17481298978083053482E-13
    0.18239335732832833159E+01    0.12236347088517685044E+01    0.19172983975571784009E-13
    0.18327213700900899518E+01    0.12665137906403132195E+01    0.19568190187988077839E-13
    0.18415091668968970318E+01    0.12342094437195261225E+01    0.19823022990464674830E-13
    0.18502969637037036676E+01    0.11125918119122237826E+01    0.19896180197111335491E-13
    0.18590847605105105256E+01    0.89640530628659853551E+00    0.18472909002977292824E-13
    0.18678725573173173835E+01    0.59323914967185864544E+00    0.14402699406581258696E-13
    0.18766603541241240194E+01    0.22601508616935067630E+00    0.77695984788294796605E-14
    0.18854481509309310994E+01   -0.16783546786574060627E+00   -0.24953909006814542810E-15
    0.18942359477377377353E+01   -0.53899468607610345749E+00   -0.79502765754082940011E-14
    0.19030237445445445932E+01   -0.83294675682219965207E+00   -0.13740631137985826677E-13
    0.19118115413513514511E+01   -0.10001420437403287789E+01   -0.16813927629648314260E-13
    0.19205993381581580870E+01   -0.10061274605891461498E+01   -0.17392631288485655409E-13
    0.19293871349649649449E+01   -0.84069551879926585070E+00   -0.16024766076030856791E-13
    0.19381749317717718029E+01   -0.52533474821163417268E+00   -0.12729847510009949525E-13
    0.19469627285785784387E+01   -0.11256371345082287483E+00   -0.71382261600915054320E-14
    0.19557505253853855187E+01    0.32186653653389357688E+00    0.53088389700912858868E-15
    0.19645383221921921546E+01    0.69085846853833787762E+00    0.88669210758805446152E-14
    0.19733261189989990125E+01    0.91491641373856136266E+00    0.15692847245102689073E-13
    0.19821139158058058705E+01    0.94219768687700256038E+00    0.18846251823458662210E-13
    0.19909017126126125063E+01    0.76126508302785755866E+00    0.17046327947753230089E-13
    0.19996895094194195863E+01    0.40717460664357896238E+00    0.10785920945865227941E-13
    0.20084773062262262222E+01   -0.40895691552110174927E-01    0.24438846821494409908E-14
    0.20172651030330328581E+01   -0.47855528798515079014E+00   -0.52827594732918392238E-14
    0.20260528998398399381E+01   -0.80054116114943918436E+00   -0.11162334686534668966E-13
    0.20348406966466465740E+01   -0.92497936699660709969E+00   -0.15253870936115742118E-13
    0.20436284934534532098E+01   -0.81693408347498419619E+00   -0.17127336103713476199E-13
    0.20524162902602602898E+01   -0.50185255626362890169E+00   -0.15097038101161250608E-13
    0.20612040870670673698E+01   -0.57647126721795803606E-01   -0.79987700798001716656E-14
    0.20699918838738740057E+01    0.40201942030690451801E+00    0.26394993199831181005E-14
    0.20787796806806806416E+01    0.75496757607584308314E+00    0.12928997975357725962E-13
    0.20875674774874877215E+01    0.90590425664052054433E+00    0.19026880374798780105E-13
    0.20963552742942943574E+01    0.81383447131416730702E+00    0.19062659680153910384E-13
    0.21051430711011009933E+01    0.50064486574025990340E+00    0.13557126744063398130E-13
    0.21139308679079080733E+01    0.50067769157787211931E-01    0.51473606259427471300E-14
    0.21227186647147147092E+01   -0.41346339953725691485E+00   -0.28643983135356703079E-14
    0.21315064615215213450E+01   -0.76223193385275167522E+00   -0.88381135604095707695E-14
    0.21402942583283284250E+01   -0.89970154262394419487E+00   -0.13565821338630539610E-13
    0.21490820551351350609E+01   -0.78498825811629002747E+00   -0.17589506895987460084E-13
    0.21578698519419421409E+01   -0.44958551884673764176E+00   -0.18269678748097513742E-13
    0.21666576487487487768E+01    0.11485518174045365042E-01   -0.11654413772002875335E-13
    0.21754454455555558567E+01    0.46951289619971403599E+00    0.18904176538828267113E-14
    0.21842332423623624926E+01    0.79531874668348134794E+00    0.15488348444157195606E-13
    0.21930210391691691285E+01    0.89468751732033358071E+00    0.21521145216505865187E-13
    0.22018088359759762085E+01    0.73989174817454250732E+00    0.18606693956803448343E-13
    0.22105966327827828444E+01    0.37565235017473025403E+00    0.11285088000630288125E-13
    0.22193844295895894803E+01   -0.96103276709505927600E-01    0.38810049546823742773E-14
    0.22281722263963965602E+01   -0.54088447560084929044E+00   -0.32241174083649963275E-14
    0.22369600232032031961E+01   -0.83081128791105762765E+00   -0.11086622839516831140E-13
    0.22457478200100098320E+01   -0.88466472050127975546E+00   -0.18438734893186995353E-13
    0.22545356168168169120E+01   -0.68770859191936661858E+00   -0.21765626867633516686E-13
    0.22633234136236239920E+01   -0.29445081918790588782E+00   -0.18449065910976059751E-13
    0.22721112104304301837E+01    0.18232616386149341769E+00   -0.89591710636062726987E-14
    0.22808990072372372637E+01    0.60669761934555188621E+00    0.35571455665064977655E-14
    0.22896868040440443437E+01    0.86022350796905755477E+00    0.14597269735340534580E-13
    0.22984746008508509796E+01    0.87166414764256827663E+00    0.20174895774317692598E-13
    0.23072623976576576155E+01    0.63702640063453130903E+00    0.19026807638210465155E-13
    0.23160501944644646954E+01    0.22429617383389122143E+00    0.13267485970991302822E-13
    0.23248379912712713313E+01   -0.25058960365256605085E+00    0.58539799325725658660E-14
    0.23336257880780779672E+01   -0.65667515846395319024E+00   -0.22784525503885705084E-14
    0.23424135848848850472E+01   -0.88126250533971384193E+00   -0.11573771204931195650E-13
    0.23512013816916916831E+01   -0.86251648786488976928E+00   -0.20554978873140347564E-13
    0.23599891784984983190E+01   -0.60846690140570292016E+00   -0.24691879867413123960E-13
    0.23687769753053053989E+01   -0.18900876440746003371E+00   -0.20137989874077600424E-13
    0.23775647721121124789E+01    0.28237113477328507072E+00   -0.80219175345854769147E-14
    0.23863525689189186707E+01    0.67781623474451357936E+00    0.62041491792513495012E-14
    0.23951403657257257507E+01    0.89219557285282879988E+00    0.17214881055081179309E-13
    0.24039281625325328307E+01    0.87139202388913306052E+00    0.22785096970690165693E-13
    0.24127159593393394665E+01    0.62155213955101162870E+00    0.23070373849206630269E-13
    0.24215037561461461024E+01    0.20916977593433713767E+00    0.18953090016444092409E-13
    0.24302915529529531824E+01   -0.25690101134170428843E+00    0.11329845920231283010E-13
    0.24390793497597598183E+01   -0.65716310424835633341E+00    0.11620491729132130042E-14
    0.24478671465665664542E+01   -0.89110126775042874936E+00   -0.10220445652336632670E-13
    0.24566549433733735341E+01   -0.89992963496537803358E+00   -0.20477121947530127555E-13
    0.24654427401801801700E+01   -0.68357604328861409915E+00   -0.25913132083736585912E-13
    0.24742305369869868059E+01   -0.29831256941506961722E+00   -0.23219944806590751343E-13
    0.24830183337937938859E+01    0.16065196431588990578E+00   -0.12679021121995316847E-13
    0.24918061306006009659E+01    0.58104374229190203227E+00    0.92871705947371279701E-15
    0.25005939274074071577E+01    0.86107706813163664705E+00    0.12138155942984825577E-13
    0.25093817242142142376E+01    0.93596271816388343368E+00    0.19098469713857032598E-13
    0.25181695210210213176E+01    0.79036009127439632582E+00    0.23158576563020781855E-13
    0.25269573178278279535E+01    0.45963705315961411735E+00    0.24971396583828131429E-13
    0.25357451146346345894E+01    0.22692381609344142168E-01    0.22597934055365599192E-13
    0.25445329114414416694E+01   -0.41927065632906973525E+00    0.14111995790742354121E-13
    0.25533207082482483052E+01   -0.76725390008170490930E+00    0.82308518206605324568E-15
    0.25621085050550549411E+01   -0.94474882887548961019E+00   -0.13070310834776379849E-13
    0.25708963018618620211E+01   -0.91428547179634478415E+00   -0.23473325135454742066E-13
    0.25796840986686686570E+01   -0.68587166616528505436E+00   -0.28392094726483636117E-13
    0.25884718954754752929E+01   -0.31069377162487499255E+00   -0.27542892376819620609E-13
    0.25972596922822823728E+01    0.13053415955251831959E+00   -0.21417098105660358239E-13
    0.26060474890890894528E+01    0.54468819080456543080E+00   -0.11093503094646512555E-13
    0.26148352858958960887E+01    0.84711707272501379773E+00    0.14105611751137154569E-14
    0.26236230827027027246E+01    0.97870870078952587612E+00    0.13271874764729118549E-13
    0.26324108795095098046E+01    0.91505209291569267194E+00    0.22001599900990323377E-13
    0.26411986763163164404E+01    0.67138062176840340722E+00    0.26584864911835766253E-13
    0.26499864731231230763E+01    0.29775604107229902695E+00    0.27171045156548939137E-13
    0.26587742699299301563E+01   -0.13301221413023447959E+00    0.23747361791480877957E-13
    0.26675620667367367922E+01   -0.53910368087463755860E+00    0.15740849739924442338E-13
    0.26763498635435434281E+01   -0.84519498737740961225E+00    0.35305025277207994231E-14
    0.26851376603503505081E+01   -0.99713107617146012895E+00   -0.10036751615959090135E-13
    0.26939254571571571439E+01   -0.96996440740177725104E+00   -0.20796788079681030012E-13
    0.27027132539639637798E+01   -0.77085716608932031146E+00   -0.26274701421528626753E-13
    0.27115010507707708598E+01   -0.43750403304584889463E+00   -0.27055521681577610171E-13
    0.27202888475775779398E+01   -0.29171795391607614756E-01   -0.24808986793649470755E-13
    0.27290766443843845757E+01    0.38443033188454628357E+00   -0.19909189426920217300E-13
    0.27378644411911912115E+01    0.73473634997636516619E+00   -0.11679225487058589612E-13
    0.27466522379979982915E+01    0.96601768670700782771E+00   -0.47830760634082462571E-15
    0.27554400348048049274E+01    0.10441034730725635704E+01    0.11370828912090767379E-13
    0.27642278316116115633E+01    0.95962114247803487199E+00    0.21092571056151172201E-13
    0.27730156284184186433E+01    0.72873049096003250646E+00    0.27279287383738939237E-13
    0.27818034252252252791E+01    0.38910336648735022180E+00    0.29924925451682219197E-13
    0.27905912220320319150E+01   -0.75224887824175143761E-02    0.29204938116324840972E-13
    0.27993790188388389950E+01   -0.40336876749749450699E+00    0.24867744793029705101E-13
    0.28081668156456460750E+01   -0.74310892392936100936E+00    0.16944670137193195093E-13
    0.28169546124524522668E+01   -0.98186611633882814321E+00    0.65772029769094511540E-14
    0.28257424092592593468E+01   -0.10902220602064185417E+01   -0.43368331265007677756E-14
    0.28345302060660664267E+01   -0.10569624871495904017E+01   -0.14302541729032390677E-13
    0.28433180028728730626E+01   -0.88973747980856054962E+00   -0.22777080852366884431E-13
    0.28521057996796796985E+01   -0.61234178236030367692E+00   -0.29491347509868337071E-13
    0.28608935964864867785E+01   -0.26082728942804483951E+00   -0.33658423974315955864E-13
    0.28696813932932934144E+01    0.12154910156530177034E+00   -0.34235140537575560935E-13
    0.28784691901001000502E+01    0.49014631888506904334E+00   -0.30892669971920710976E-13
    0.28872569869069071302E+01    0.80417849713603684059E+00   -0.24415902562853244554E-13
    0.28960447837137137661E+01    0.10307890247864572864E+01   -0.15973095902115354091E-13
    0.29048325805205204020E+01    0.11483802372670603997E+01   -0.62789169274881095371E-14
    0.29136203773273274820E+01    0.11479252593547197847E+01    0.43088427487231366422E-14
    0.29224081741341345619E+01    0.10328102121951425740E+01    0.15069504642597466506E-13
    0.29311959709409407537E+01    0.81769871136752503293E+00    0.24692281864617880738E-13
    0.29399837677477478337E+01    0.52590212171293948540E+00    0.32014048953072845757E-13
    0.29487715645545549137E+01    0.18632544233518347210E+00    0.36792714678545382103E-13
    0.29575593613613615496E+01   -0.16970126717315395237E+00    0.39445428397276998477E-13
    0.29663471581681681855E+01   -0.51163103948147126143E+00    0.40106251295753733931E-13
    0.29751349549749752654E+01   -0.81240592576502823619E+00    0.38257474481696586975E-13
    0.29839227517817819013E+01   -0.10502757603036507739E+01    0.33466406379514126449E-13
    0.29927105485885885372E+01   -0.12101712504920407731E+01    0.26193189751164988191E-13
    0.30014983453953956172E+01   -0.12841073504260023252E+01    0.17577718184999961266E-13
    0.30102861422022022531E+01   -0.12708992097589975057E+01    0.85527880749022769338E-14
    0.30190739390090088889E+01   -0.11754996915613056263E+01   -0.61075783676605000972E-15
    0.30278617358158159689E+01   -0.10077850680965692032E+01   -0.99100060827966280637E-14
    0.30366495326226230489E+01   -0.78119387930738004577E+00   -0.19100804374984759088E-13
    0.30454373294294292407E+01   -0.51135605857935095830E+00   -0.27678212419471562704E-13
    0.30542251262362363207E+01   -0.21472907115309886050E+00   -0.35182894628264846020E-13
    0.30630129230430434006E+01    0.92597450086463514718E-01   -0.41373098955175574711E-13
    0.30718007198498500365E+01    0.39580788190226934287E+00   -0.46118445275024224212E-13
    0.30805885166566566724E+01    0.68211856320014219168E+00   -0.49275709571584064486E-13
    0.30893763134634637524E+01    0.94120593907033311964E+00   -0.50809097001953249737E-13
    0.30981641102702703883E+01    0.11654027267932745016E+01   -0.51055922399898143375E-13
    0.31069519070770770242E+01    0.13497375722052404878E+01   -0.50709586873115438385E-13
    0.31157397038838841041E+01    0.14917418372950383976E+01   -0.50302802828539344688E-13
    0.31245275006906907400E+01    0.15911775054211649838E+01   -0.49711466280345367882E-13
    0.31333152974974973759E+01    0.16496801500247935124E+01   -0.48323917391535766445E-13
    0.31421030943043044559E+01    0.16703466914726934345E+01   -0.45640406648511396836E-13
    0.31508908911111115358E+01    0.16573324953187218433E+01   -0.41665011891274093408E-13
    0.31596786879179177276E+01    0.16154722509615766501E+01   -0.36886358817944749447E-13
    0.31684664847247248076E+01    0.15499229306394606276E+01   -0.32110534764560714024E-13
    0.31772542815315318876E+01    0.14658775520356925881E+01   -0.28103302757162284333E-13
    0.31860420783383385235E+01    0.13683291997113407046E+01   -0.25131600068288436859E-13
    0.31948298751451451594E+01    0.12618843300504793969E+01   -0.22835688330768418774E-13
    0.32036176719519522393E+01    0.11506515576467897244E+01   -0.20665759303085113613E-13
    0.32124054687587593193E+01    0.10381614743601037532E+01   -0.18361185480651082899E-13
    0.32211932655655655111E+01    0.92733902076420415828E+00   -0.15994557393190542993E-13
    0.32299810623723725911E+01    0.82051142849427760595E+00   -0.13734895577377978603E-13
    0.32387688591791796711E+01    0.71943529547935536339E+00   -0.11686653209933251428E-13
    0.32475566559859858629E+01    0.62535050279155612873E+00   -0.98920121018649918190E-14
    0.32563444527927929428E+01    0.53904205746684896727E+00   -0.83675177032281769461E-14
    0.32651322495996000228E+01    0.46090727081623922290E+00   -0.71130878197504771615E-14
    0.32739200464064062146E+01    0.39102605197034917550E+00   -0.61026653579897034229E-14
    0.32827078432132132946E+01    0.32922759145185809260E+00   -0.52749845273726162701E-14
    0.32914956400200203745E+01    0.27515068184011387542E+00   -0.45272628433803198696E-14
    0.33002834368268265663E+01    0.22830014152512287384E+00   -0.37299940498389948227E-14
    0.33090712336336336463E+01    0.18809327371656534011E+00   -0.28290332834073382894E-14
    0.33178590304404407263E+01    0.15389943927069138496E+00   -0.19891483268059683543E-14
    0.33266468272472478063E+01    0.12507295555233552409E+00   -0.15440158420299435732E-14
    0.33354346240540539981E+01    0.10097602932942026377E+00   -0.16287773202975395010E-14
    0.33442224208608610780E+01    0.80997664009995862244E-01   -0.18742965204292688592E-14
    0.33530102176676681580E+01    0.64565823438378203147E-01   -0.16919735308065399833E-14
    0.33617980144744743498E+01    0.51155128147617287548E-01   -0.90425008703820677703E-15
    0.33705858112812814298E+01    0.40291905829186493160E-01    0.29854576587839052942E-16
    0.33793736080880885098E+01    0.31555544668865981306E-01    0.48285204101462310882E-15
    0.33881614048948947016E+01    0.24578420946551722548E-01    0.19743789066184687416E-15
    0.33969492017017017815E+01    0.19043596119960044810E-01   -0.58306598057392309065E-15
    0.34057369985085088615E+01    0.14681082831805169694E-01   -0.12562112779116178795E-14
    0.34145247953153150533E+01    0.11263672030211703545E-01   -0.11681788786945880305E-14
    0.34233125921221221333E+01    0.86022391461311430161E-02   -0.14929310319267897985E-15
    0.34321003889289292133E+01    0.65409810301872792909E-02    0.11097153623618210152E-14
    0.34408881857357362932E+01    0.49528834787155992178E-02    0.15696974475069205908E-14
    0.34496759825425424850E+01    0.37353620972616990124E-02    0.85948948637603944567E-15
    0.34584637793493495650E+01    0.28062613350726232919E-02   -0.35822755419918642385E-15
    0.34672515761561566450E+01    0.21004002533972962984E-02   -0.11067820791604427817E-14
    0.34760393729629628368E+01    0.15663879059867448582E-02   -0.91685329850874059494E-15
    0.34848271697697699167E+01    0.11640146088364635574E-02   -0.67261239449090772848E-17
    0.34936149665765769967E+01    0.86202413549101540580E-03    0.94877696849814191728E-15
    0.35024027633833831885E+01    0.63621066184199278649E-03    0.12017459683905188361E-14
    0.35111905601901902685E+01    0.46797970147350551615E-03    0.50034694014201083273E-15
    0.35199783569969973485E+01    0.34309123345794797274E-03   -0.52696908314170218635E-15
    0.35287661538038035403E+01    0.25070137903727550844E-03   -0.91767221285831124924E-15
    0.35375539506106106202E+01    0.18259678450673538308E-03   -0.42954256562623338981E-15
    0.35463417474174177002E+01    0.13256173039042303571E-03    0.18519676151996715732E-15
    0.35551295442242247802E+01    0.95928996770106456787E-04    0.16834963454379037975E-15
    0.35639173410310309720E+01    0.69198637851746990228E-04   -0.29052274660013076941E-15
    0.35727051378378380520E+01    0.49758455983491870996E-04   -0.42227539577459132008E-15
    0.35814929346446451319E+01    0.35669174059152650386E-04    0.10696507157658279723E-16
    0.35902807314514513237E+01    0.25490207496190217762E-04    0.37407661428518194857E-15
    0.35990685282582584037E+01    0.18160553179945137907E-04    0.83307015136216876654E-16
    0.36078563250650654837E+01    0.12899391763514984582E-04   -0.51408915911108341991E-15
    0.36166441218718716755E+01    0.91347905562829219477E-05   -0.57082646867462748939E-15
    0.36254319186786787554E+01    0.64500988057637993471E-05    0.10218197392062811699E-15
    0.36342197154854858354E+01    0.45411538055724408151E-05    0.70438767705775354979E-15
    0.36430075122922929154E+01    0.31880001864070499933E-05    0.44633824959525419578E-15
    0.36517953090990991072E+01    0.22316521872345409292E-05   -0.47307249157144312745E-15
    0.36605831059059061872E+01    0.15577311401906097490E-05   -0.11794374099974949373E-14
    0.36693709027127132671E+01    0.10843903328823296813E-05   -0.11572505319032187605E-14
    0.36781586995195194589E+01    0.75282647274628368439E-06   -0.68230565025731590771E-15
    0.36869464963263265389E+01    0.52123129099260581330E-06   -0.27140228142153392445E-15
    0.36957342931331336189E+01    0.35989925906860167358E-06   -0.80508260374344001351E-16
    0.37045220899399398107E+01    0.24782636869695651983E-06    0.33165561630906741450E-16
    0.37133098867467468907E+01    0.17023107355852196896E-06    0.82386553344068101249E-16
    0.37220976835535539706E+01    0.11663948254586309493E-06   -0.15551800749417268408E-15
    0.37308854803603601624E+01    0.79716643955394851994E-07   -0.72582876472066822706E-15
    0.37396732771671672424E+01    0.54337417307379577146E-07   -0.11626811130356882136E-14
    0.37484610739739743224E+01    0.36940977515098736986E-07   -0.90865053369459927091E-15
    0.37572488707807814023E+01    0.25059834966113673776E-07   -0.11331250560582358393E-15
    0.37660366675875875941E+01    0.16963825238075420816E-07    0.30258945064925067150E-15
    0.37748244643943946741E+01    0.11456316171870146688E-07   -0.29834788396340885730E-15
    0.37836122612012017541E+01    0.77158444214961058012E-08   -0.13572372737441289416E-14
    0.37924000580080079459E+01    0.51831444438654727814E-08   -0.16943939458561035934E-14
    0.38011878548148150259E+01    0.34762159145875354006E-08   -0.87103963366533482943E-15
    0.38099756516216221058E+01    0.23282090358025257808E-08    0.35789308007082207947E-15
    0.38187634484284282976E+01    0.15559401098468414913E-08    0.99804159380556741296E-15
    0.38275512452352353776E+01    0.10364152479968489295E-08    0.80499387740716456423E-15
    0.38363390420420424576E+01    0.68835912430413308885E-09    0.24094922796281398590E-15
    0.38451268388488486494E+01    0.45698400990917787871E-09   -0.14582608970845723287E-15
    0.38539146356556557294E+01    0.30349026259743384666E-09   -0.13219860894406270395E-15
    0.38627024324624628093E+01    0.20111634313371471678E-09    0.13144593831997987826E-15
    0.38714902292692698893E+01    0.13253094365926363487E-09    0.22336200036995138829E-15
    0.38802780260760760811E+01    0.86949080809002264945E-10   -0.17649863615438005702E-15
    0.38890658228828831611E+01    0.57180286571876208698E-10   -0.80943170575245527927E-15
    0.38978536196896902410E+01    0.37796492619749537438E-10   -0.91918924012545313343E-15
    0.39066414164964964328E+01    0.24915503408811161966E-10   -0.13930890250868243983E-15
    0.39154292133033035128E+01    0.16206905394549343664E-10    0.81839072107651227045E-15
    0.39242170101101105928E+01    0.10439939236111250192E-10    0.85602127642329254718E-15
    0.39330048069169167846E+01    0.67992688537502298085E-11   -0.13773425122420471227E-15
    0.39417926037237238646E+01    0.45185954090183321068E-11   -0.10186402898779413951E-14
    0.39505804005305309445E+01    0.29882882300270913876E-11   -0.74678720162551165828E-15
    0.39593681973373371363E+01    0.19019738445737618487E-11    0.37514543245305688529E-15
    0.39681559941441442163E+01    0.11770631996752290847E-11    0.11811129861066129264E-14
    0.39769437909509512963E+01    0.75788653662605372911E-12    0.10073732655993889819E-14
    0.39857315877577583763E+01    0.52392007187802437325E-12    0.23132869021170166407E-15
    0.39945193845645645681E+01    0.35685853129887329441E-12   -0.43572519500518080418E-15
    0.40033071813713716480E+01    0.21549154242917659349E-12   -0.70682247882786783179E-15
    0.40120949781781787280E+01    0.11769993122057842054E-12   -0.71157530802529357721E-15
    0.40208827749849849198E+01    0.74322014114514869634E-13   -0.58556113429298339998E-15
    0.40296705717917919998E+01    0.60875734845904459376E-13   -0.30656641368312276339E-15
    0.40384583685985990797E+01    0.46431067245735177589E-13    0.89424182088025224532E-16
    0.40472461654054052715E+01    0.24388145665305947957E-13    0.32580916055521698588E-15
    0.40560339622122123515E+01    0.73613438349000891116E-14    0.10830450449863095380E-15
    0.40648217590190194315E+01    0.35849739980095513149E-14   -0.46468550647608929462E-15
    0.40736095558258256233E+01    0.69953321061823530397E-14   -0.86988201060708534303E-15
    0.40823973526326327033E+01    0.78460237337170863163E-14   -0.66455769414666481853E-15
    0.40911851494394397832E+01    0.40464889217023864898E-14    0.62937337355263552444E-16
    0.40999729462462468632E+01    0.27149025694248719508E-16    0.83308174444398628224E-15
    0.41087607430530530550E+01   -0.80368717395513496171E-15    0.12179593459463929709E-14
    0.41175485398598601350E+01    0.55385018072982224340E-15    0.10881731271090755595E-14
    0.41263363366666672150E+01    0.15530934594032795072E-14    0.56432716196929240563E-15
    0.41351241334734734068E+01    0.13174543938292100538E-14   -0.91272456393497808094E-16
    0.41439119302802804867E+01    0.62242331936098683134E-15   -0.58214811722239821732E-15
    0.41526997270870875667E+01    0.21535042823221678308E-15   -0.68419432607567681777E-15
    0.41614875238938937585E+01    0.33289979071440516516E-16   -0.34998166504781741045E-15
    0.41702753207007008385E+01   -0.22049019774631589957E-15    0.19222836015051438378E-15
    0.41790631175075079184E+01   -0.45541882995181788105E-15    0.44423241020728600443E-15
    0.41878509143143141102E+01   -0.37290446305423147560E-15    0.68730883863056333821E-17
    0.41966387111211211902E+01   -0.26138913633548688523E-16   -0.91021197386783401985E-15
    0.42054265079279282702E+01    0.11289214017287978499E-15   -0.15247426146065606766E-14
    0.42142143047347353502E+01   -0.22343829828094207182E-15   -0.12596211282643034080E-14
    0.42230021015415415420E+01   -0.61135340518505517469E-15   -0.38278478163194017806E-15
    0.42317898983483486219E+01   -0.39678471207511641034E-15    0.34313023283310112607E-15
    0.42405776951551557019E+01    0.41702367924668171401E-15    0.48472828039058692883E-15
    0.42493654919619618937E+01    0.10470552444778365649E-14    0.25021177013653383074E-15
    0.42581532887687689737E+01    0.85733797179997569347E-15    0.81840958731816462356E-16
    0.42669410855755760537E+01    0.14281912248398551395E-15    0.20788366310918690725E-15
    0.42757288823823822455E+01   -0.28687427228985177898E-15    0.54205551560240248306E-15
    0.42845166791891893254E+01   -0.84129308636248586650E-16    0.77716194409333172692E-15
    0.42933044759959964054E+01    0.35070323883035245256E-15    0.59599551574254662535E-15
    0.43020922728028034854E+01    0.53675096498663740506E-15    0.17564839780901488355E-16
    0.43108800696096096772E+01    0.51617746109330668639E-15   -0.42489046296777785530E-15
    0.43196678664164167571E+01    0.60912579188620317387E-15   -0.16747455842415713803E-15
    0.43284556632232238371E+01    0.78405938664800515256E-15    0.63333988800577843880E-15
    0.43372434600300300289E+01    0.58768865039586079244E-15    0.11022970955432030274E-14
    0.43460312568368371089E+01   -0.16873255941684684266E-15    0.64572827641275419027E-15
    0.43548190536436441889E+01   -0.90087536050452447674E-15   -0.25577881636391674396E-15
    0.43636068504504503807E+01   -0.83209224429780687209E-15   -0.60212794305741913421E-15
    0.43723946472572574606E+01   -0.35597859927852746241E-16   -0.36912083525049366487E-16
    0.43811824440640645406E+01    0.49342510986813303089E-15    0.81925250593373599231E-15
    0.43899702408708707324E+01    0.50030343896365513587E-16    0.11549113383801329218E-14
    0.43987580376776778124E+01   -0.81466994541043475698E-15    0.73778351358142830151E-15
    0.44075458344844848924E+01   -0.96561578493678706682E-15   -0.80945317718884354220E-16
    0.44163336312912919723E+01   -0.82457401589811264110E-16   -0.74715246561877388765E-15
    0.44251214280980981641E+01    0.98944255140010277176E-15   -0.82888565609242408579E-15
    0.44339092249049052441E+01    0.12833279631348725564E-14   -0.23905304216423733382E-15
    0.44426970217117123241E+01    0.68846842981351575688E-15    0.66399565878282108508E-15
    0.44514848185185185159E+01   -0.16249973793311034962E-15    0.13152093425705904757E-14
    0.44602726153253255958E+01   -0.54111088163325749015E-15    0.13328318744701340251E-14
    0.44690604121321326758E+01   -0.12038032999653819285E-15    0.71983491267980181897E-15
    0.44778482089389388676E+01    0.76464516414430176330E-15   -0.18741725244295320130E-15
    0.44866360057457459476E+01    0.11499050636028800882E-14   -0.86140845911761471413E-15
    0.44954238025525530276E+01    0.29036303503377744096E-15   -0.86857759683149692819E-15
    0.45042115993593592194E+01   -0.12263749970664713671E-14   -0.19502166506652933159E-15
    0.45129993961661662993E+01   -0.17050806175302165054E-14    0.71729015893333259285E-15
    0.45217871929729733793E+01   -0.25810009907321472799E-15    0.13019002693106060382E-14
    0.45305749897797804593E+01    0.18140278123046681933E-14    0.12106017202055837342E-14
    0.45393627865865866511E+01    0.23829244892141214385E-14    0.47306536172281962051E-15
    0.45481505833933937311E+01    0.99286394527406349668E-15   -0.46200119225134778416E-15
    0.45569383802002008110E+01   -0.67020977657213138921E-15   -0.94473080573182559424E-15
    0.45657261770070070028E+01   -0.91427392774367405235E-15   -0.65242679361400562456E-15
    0.45745139738138140828E+01    0.11647149928315223310E-15    0.55184305270660412783E-16
    0.45833017706206211628E+01    0.10653458124625995230E-14    0.51732308398678609639E-15
    0.45920895674274273546E+01    0.10807924061233985895E-14    0.45884825090526430415E-15
    0.46008773642342344345E+01    0.45747439815724559031E-15    0.16021624000955673407E-15
    0.46096651610410415145E+01   -0.12674505340599195064E-15   -0.29812665358879953871E-16
    0.46184529578478477063E+01   -0.38387467889713129492E-15   -0.11147999748086942245E-15
    0.46272407546546547863E+01   -0.41478772916616095344E-15   -0.25195874335479324453E-15
    0.46360285514614618663E+01   -0.35177598440093893193E-15   -0.35859425749374699324E-15
    0.46448163482682689462E+01   -0.18637574545208764064E-15   -0.79371699618185009044E-16
    0.46536041450750751380E+01    0.15138032594172503749E-15    0.66215814365797447907E-15
    0.46623919418818822180E+01    0.66980744353609898346E-15    0.13069653547496341494E-14
    0.46711797386886892980E+01    0.11958810438605318651E-14    0.11512006887908534543E-14
    0.46799675354954954898E+01    0.12950326948225963946E-14    0.16815349843835198669E-15
    0.46887553323023025698E+01    0.53158501524721395637E-15   -0.87528972624855719284E-15
    0.46975431291091096497E+01   -0.86999202205216454479E-15   -0.11772908416686854531E-14
    0.47063309259159158415E+01   -0.17248044359868203556E-14   -0.58319009659594942668E-15
    0.47151187227227229215E+01   -0.93140840661737151137E-15    0.45273173636285231654E-15
    0.47239065195295300015E+01    0.10262132613818359819E-14    0.12487299950263152959E-14
    0.47326943163363361933E+01    0.22066188660227314978E-14    0.12736583099922995155E-14
    0.47414821131431432732E+01    0.13120260450800343415E-14    0.49388166775197207934E-15
    0.47502699099499503532E+01   -0.74546424445165737440E-15   -0.47857239413284787142E-15
    0.47590577067567574332E+01   -0.19912447874975082991E-14   -0.83362369326579604302E-15
    0.47678455035635636250E+01   -0.16278078736639529325E-14   -0.24096771810636011959E-15
    0.47766333003703707050E+01   -0.60301219268692987103E-15    0.92104459217386501768E-15
    0.47854210971771777849E+01   -0.12571143477294466885E-15    0.18884055727974844380E-14
    0.47942088939839839767E+01   -0.35400214922470261234E-15    0.19410217568166238127E-14
    0.48029966907907910567E+01   -0.69584307636718777331E-15    0.86554335484801662473E-15
    0.48117844875975981367E+01   -0.78853787373798523270E-15   -0.64983618261877939944E-15
    0.48205722844044043285E+01   -0.81588660081531451916E-15   -0.13477360304919127655E-14
    0.48293600812112114085E+01   -0.10051035420756388394E-14   -0.57718523475244360261E-15
    0.48381478780180184884E+01   -0.11921154030238692863E-14    0.90664685288386901043E-15
    0.48469356748248246802E+01   -0.10184885167907631451E-14    0.17155972097216106123E-14
    0.48557234716316317602E+01   -0.38599958080346014446E-15    0.12183839216344690854E-14
    0.48645112684384388402E+01    0.39274005171165248378E-15   -0.34959713896896286264E-16
    0.48732990652452459202E+01    0.81628421321645200781E-15   -0.10545818128716011526E-14
    0.48820868620520521119E+01    0.48979667332774287204E-15   -0.11857443874411878700E-14
    0.48908746588588591919E+01   -0.54897073759669796797E-15   -0.39190434051649018619E-15
    0.48996624556656662719E+01   -0.15671441292854942705E-14    0.72963925259737708488E-15
    0.49084502524724724637E+01   -0.15333796369586816219E-14    0.12842755784691977059E-14
    0.49172380492792795437E+01   -0.25912709080417113095E-15    0.80202470499182632154E-15
    0.49260258460860866236E+01    0.97849374894048068712E-15   -0.28777643195812603620E-15
    0.49348136428928928154E+01    0.72033463093120687854E-15   -0.11063145312887953878E-14
    0.49436014396996998954E+01   -0.76217042111722311412E-15   -0.11341925132106437070E-14
    0.49523892365065069754E+01   -0.15566116394006147729E-14   -0.50520695608593885711E-15
    0.49611770333133140554E+01   -0.51049001107500406287E-15    0.31254209758466865130E-15
    0.49699648301201202472E+01    0.11001820112674463437E-14    0.87881233768206027051E-15
    0.49787526269269273271E+01    0.11774314822025156360E-14    0.97188250255047612340E-15
    0.49875404237337344071E+01   -0.42291081692487455129E-15    0.68056586399171150566E-15
    0.49963282205405405989E+01   -0.16625031396843344715E-14    0.31959055935862391846E-15
    0.50051160173473476789E+01   -0.10305176388066844492E-14    0.15171705682400683846E-15
    0.50139038141541547589E+01    0.45903805020249232757E-15    0.18413153201725826158E-15
    0.50226916109609609506E+01    0.74398827734137723024E-15    0.27297548985014169506E-15
    0.50314794077677680306E+01   -0.54699680895075474320E-15    0.34308065536185752396E-15
    0.50402672045745751106E+01   -0.17232055304702583923E-14    0.42463528988550235525E-15
    0.50490550013813813024E+01   -0.13784348856477696859E-14    0.47993644012525603941E-15
    0.50578427981881883824E+01   -0.16781546662522145415E-15    0.31042713130604498914E-15
    0.50666305949949954623E+01    0.32587501378983653156E-15   -0.20709733805856695527E-15
    0.50754183918018025423E+01   -0.22109903693354455706E-15   -0.79345232621199108451E-15
    0.50842061886086087341E+01   -0.58575792344301217126E-15   -0.88469591773226106641E-15
    0.50929939854154158141E+01    0.13027761390807047356E-15   -0.24410381833895447542E-15
    0.51017817822222228941E+01    0.11380895429323184597E-14    0.64273010517473769410E-15
    0.51105695790290290859E+01    0.10373970350892956983E-14    0.10174579691159710544E-14
    0.51193573758358361658E+01   -0.25661182684928748217E-15    0.59918023054761448430E-15
    0.51281451726426432458E+01   -0.13293037006380342990E-14   -0.22049642403967160932E-15
    0.51369329694494494376E+01   -0.10398457115036837719E-14   -0.81227494685595332817E-15
    0.51457207662562565176E+01    0.14546524908998829469E-15   -0.75577374874794616881E-15
    0.51545085630630635976E+01    0.93997297392334865833E-15   -0.36713980316772336011E-16
    0.51632963598698697893E+01    0.79264645573086742026E-15    0.89922260463974888911E-15
    0.51720841566766768693E+01    0.25065947038388792945E-15    0.13715204045658188218E-14
    0.51808719534834839493E+01   -0.18365909097497111632E-16    0.98337222684920162166E-15
    0.51896597502902910293E+01   -0.20325524513687485302E-16   -0.22331617365357062572E-16
    0.51984475470970972211E+01   -0.12568648964038214489E-15   -0.99057116869436719000E-15
    0.52072353439039043010E+01   -0.36583756639908794559E-15   -0.13150799954165641776E-14
    0.52160231407107113810E+01   -0.35135789841713386728E-15   -0.76412185219492208816E-15
    0.52248109375175184610E+01    0.12149764805796955861E-15    0.35889554087821664779E-15
    0.52335987343243246528E+01    0.65539166366365018315E-15    0.12670125271830737423E-14
    0.52423865311311317328E+01    0.66185793252729532506E-15    0.12577064111862390698E-14
    0.52511743279379388127E+01    0.47937555757111588233E-16    0.40513952116829811942E-15
    0.52599621247447450045E+01   -0.67558087171193985313E-15   -0.48790339024678702969E-15
    0.52687499215515520845E+01   -0.91977899528560444053E-15   -0.73356500689077013612E-15
    0.52775377183583591645E+01   -0.49216771042791640142E-15   -0.39116105095872271307E-15
    0.52863255151651653563E+01    0.33624955442228049901E-15    0.15588579941588178886E-16
    0.52951133119719724363E+01    0.96451395224690053233E-15    0.11669755920882092700E-15
    0.53039011087787795162E+01    0.81719394402566996004E-15   -0.71207645873774245522E-16
    0.53126889055855857080E+01   -0.84374542727207864779E-16   -0.33897993995532024849E-15
    0.53214767023923927880E+01   -0.88863150656935646392E-15   -0.49835869797779028593E-15
    0.53302644991991998680E+01   -0.68675207454797884374E-15   -0.47142343048057450737E-15
    0.53390522960060069479E+01    0.43527502357061559738E-15   -0.31619878579538129660E-15
    0.53478400928128131397E+01    0.14138284785465697508E-14   -0.16079543717429057629E-15
    0.53566278896196202197E+01    0.13573717559559782140E-14   -0.46795360087841209586E-16
    0.53654156864264272997E+01    0.41473380761556047172E-15    0.14135542208068360309E-15
    0.53742034832332334915E+01   -0.57207208159503401900E-15    0.47897157210144556376E-15
    0.53829912800400405715E+01   -0.87069524068221588136E-15    0.74495437272924367674E-15
    0.53917790768468476514E+01   -0.31041586623536710166E-15    0.55596075147486384295E-15
    0.54005668736536538432E+01    0.66226250312767037327E-15   -0.97923489737465830427E-16
    0.54093546704604609232E+01    0.11797347906905103305E-14   -0.59052596531350425927E-15
    0.54181424672672680032E+01    0.66261832446676573686E-15   -0.28322696494748131252E-15
    0.54269302640740750832E+01   -0.40717778705370711563E-15    0.61760763217727653405E-15
    0.54357180608808812750E+01   -0.79952168814741391960E-15    0.11614897332441408881E-14
    0.54445058576876883549E+01    0.42276628019117791992E-16    0.74542932242220587983E-15
    0.54532936544944954349E+01    0.11558886972040236990E-14   -0.16384531324059020658E-15
    0.54620814513013016267E+01    0.11646240396261310510E-14   -0.66692569231012597115E-15
    0.54708692481081087067E+01   -0.43989469312687461994E-16   -0.49529961607940661256E-15
    0.54796570449149157866E+01   -0.12318365993717765528E-14   -0.15980205557123227903E-15
    0.54884448417217219784E+01   -0.13682020666946103376E-14   -0.14855478281854192971E-15
    0.54972326385285290584E+01   -0.74578236071395938137E-15   -0.34154938050065640272E-15
    0.55060204353353361384E+01   -0.31644743418531988743E-15   -0.35274876977927867852E-15
    0.55148082321421423302E+01   -0.45105274178550767672E-15   -0.16200624887447182669E-15
    0.55235960289489494102E+01   -0.70918717478952767864E-15   -0.14606059805609259730E-15
    0.55323838257557564901E+01   -0.65291873540262474360E-15   -0.49381025871314647364E-15
    0.55411716225625635701E+01   -0.44400116871809792580E-15   -0.83871610907135014128E-15
    0.55499594193693697619E+01   -0.49186895938238870142E-15   -0.68241094543713090843E-15
    0.55587472161761768419E+01   -0.80867092060023047343E-15   -0.46232113785870857891E-16
    0.55675350129829839219E+01   -0.97246723962731539268E-15    0.50068322159153466105E-15
    0.55763228097897901137E+01   -0.70817913134155732715E-15    0.44665101297765082636E-15
    0.55851106065965971936E+01   -0.26760949277924962772E-15   -0.18582052515004650553E-15
    0.55938984034034042736E+01   -0.69136057696325953445E-16   -0.92397613442303697868E-15
    0.56026862002102104654E+01   -0.12715330904227523450E-15   -0.11589584789452399975E-14
    0.56114739970170175454E+01   -0.59850851295611539000E-16   -0.52615615990588480732E-15
    0.56202617938238246253E+01    0.32564204753820963986E-15    0.67158954652949373017E-15
    0.56290495906306308171E+01    0.68339760920649157794E-15    0.14128850301193150898E-14
    0.56378373874374378971E+01    0.58231398874584818708E-15    0.86634308772218437841E-15
    0.56466251842442449771E+01    0.16519346863741694657E-15   -0.52115006174473262452E-15
    0.56554129810510520571E+01    0.48763022683680857490E-16   -0.13034253772130238461E-14
    0.56642007778578582489E+01    0.47830499889158661809E-15   -0.65161527532430810249E-15
    0.56729885746646653288E+01    0.85034631062360862328E-15    0.63749231417643849234E-15
    0.56817763714714724088E+01    0.42151582789749488730E-15    0.11306193471369286798E-14
    0.56905641682782786006E+01   -0.67518280164582944486E-15    0.33677573327976282538E-15
    0.56993519650850856806E+01   -0.14627264861865866742E-14   -0.98000949497983988609E-15
    0.57081397618918927606E+01   -0.11813975504322737623E-14   -0.17488337383690263094E-14
    0.57169275586986989524E+01   -0.52798404438381072734E-16   -0.14439742736193049692E-14
    0.57257153555055060323E+01    0.10495317930094771280E-14   -0.26508596488179335567E-15
    0.57345031523123131123E+01    0.13157465663195542199E-14    0.99069630365857948204E-15
    0.57432909491191193041E+01    0.49396786979032462393E-15    0.14061990924689100236E-14
    0.57520787459259263841E+01   -0.86066115663520754010E-15    0.73322929504248697696E-15
    0.57608665427327334640E+01   -0.15311113592759516075E-14   -0.24629309668335357862E-15
    0.57696543395395405440E+01   -0.67309326981910488653E-15   -0.51915680737503538244E-15
    0.57784421363463467358E+01    0.10448133022245385561E-14    0.72844720232513415940E-16
    0.57872299331531538158E+01    0.18744334133557919540E-14    0.78022208399201779712E-15
    0.57960177299599608958E+01    0.90886296583202382365E-15    0.88920244645671063291E-15
    0.58048055267667670876E+01   -0.78960320496193180764E-15    0.41640773250285972920E-15
    0.58135933235735741675E+01   -0.14877932843427651351E-14   -0.13181991113661591911E-15
    0.58223811203803812475E+01   -0.73280417641112585866E-15   -0.31179918630339272574E-15
    0.58311689171871874393E+01    0.43035796394867075120E-15   -0.29727401126425411433E-16
    0.58399567139939945193E+01    0.90359933302632883622E-15    0.44147373963990168121E-15
    0.58487445108008015993E+01    0.61090532937478479268E-15    0.59969952052427444309E-15
    0.58575323076076077911E+01    0.14356011632269795839E-15    0.13750236588775532752E-15
    0.58663201044144148710E+01   -0.49158354738287907365E-16   -0.62337467692904471909E-15
    0.58751079012212219510E+01    0.43815162009743228130E-16   -0.93353556866907370681E-15
    0.58838956980280290310E+01    0.20119070079746083859E-15   -0.40583646332077437140E-15
    0.58926834948348352228E+01    0.20678626736596766113E-15    0.52209464489567671618E-15
    0.59014712916416423027E+01    0.42902997144024366525E-17    0.10955507330169469504E-14
    0.59102590884484493827E+01   -0.21683623365163590024E-15    0.10105935232493940720E-14
    0.59190468852552555745E+01   -0.18760671271818271118E-15    0.54375398414524897763E-15
    0.59278346820620626545E+01    0.51311666188208479981E-16    0.79860015377588114274E-16
    0.59366224788688697345E+01    0.21394704390421698995E-16   -0.24542813272192157812E-15
    0.59454102756756759263E+01   -0.63390634734525324545E-15   -0.44495431756911986821E-15
    0.59541980724824830062E+01   -0.14834158227520090273E-14   -0.45294945567545957997E-15
    0.59629858692892900862E+01   -0.15851416086088898072E-14   -0.16223755703735762793E-15
    0.59717736660960962780E+01   -0.61840459961327929269E-15    0.29744983417872653740E-15
    0.59805614629029033580E+01    0.53058152724674760190E-15    0.47492836939311481610E-15
    0.59893492597097104380E+01    0.72668395326408286816E-15    0.41260871648082023022E-16
    0.59981370565165175179E+01   -0.10270394641391638627E-15   -0.68650721927162154794E-15
    0.60069248533233237097E+01   -0.96800660710617080244E-15   -0.93383541610187050114E-15
    0.60157126501301307897E+01   -0.10197523896216930931E-14   -0.30020713247766599158E-15
    0.60245004469369378697E+01   -0.37831463966828860509E-15    0.74873610787313438831E-15
    0.60332882437437440615E+01    0.26018502511012759742E-15    0.13700522699259681969E-14
    0.60420760405505511415E+01    0.38628956769718652219E-15    0.11037146445716722867E-14
    0.60508638373573582214E+01   -0.21247069084791314994E-17    0.12710547421975854383E-15
    0.60596516341641644132E+01   -0.50003235025179319205E-15   -0.96457673963168102316E-15
    0.60684394309709714932E+01   -0.54687274106540215941E-15   -0.14806904380746152824E-14
    0.60772272277777785732E+01    0.95017150685379940314E-16   -0.10568178810345996267E-14
    0.60860150245845856531E+01    0.90936308004506889240E-15   -0.22112098621126134143E-16
    0.60948028213913918449E+01    0.99839711920813978475E-15    0.79617236360339468381E-15
    0.61035906181981989249E+01    0.15261444001129870009E-15    0.76539309696691386536E-15
    0.61123784150050060049E+01   -0.67938210705288431080E-15   -0.73889986175062928561E-16
    0.61211662118118121967E+01   -0.48929635840105314506E-15   -0.11601959130496953823E-14
    0.61299540086186192767E+01    0.41322813434556893297E-15   -0.17857166326159790890E-14
    0.61387418054254263566E+01    0.70910340980713189279E-15   -0.14772473458306935858E-14
    0.61475296022322325484E+01   -0.14457189383635061739E-15   -0.36249046778549296627E-15
    0.61563173990390396284E+01   -0.10066923381484067535E-14    0.76373906210159135408E-15
    0.61651051958458467084E+01   -0.54110335213339064471E-15    0.10483671154667063232E-14
    0.61738929926526529002E+01    0.83740712156249922008E-15    0.31600394839122116574E-15
    0.61826807894594599802E+01    0.13297904442731626702E-14   -0.85624267023490660426E-15
    0.61914685862662670601E+01    0.13111632730575941458E-15   -0.16532591880809190600E-14
    0.62002563830730741401E+01   -0.13168182039980824522E-14   -0.15188078170623008429E-14
    0.62090441798798803319E+01   -0.11437759044979333894E-14   -0.45188318171306882345E-15
    0.62178319766866874119E+01    0.50845106741364567823E-15    0.85437331715469656163E-15
    0.62266197734934944918E+01    0.16909299244174538910E-14    0.14123410335877902801E-14
    0.62354075703003006836E+01    0.11461775382438736166E-14    0.78926609143905999992E-15
    0.62441953671071077636E+01   -0.21545771214835738476E-15   -0.45169269620718354591E-15
    0.62529831639139148436E+01   -0.72070255367345139309E-15   -0.13371616123405174939E-14
    0.62617709607207210354E+01    0.18459726389500072053E-17   -0.13230610478052184245E-14
    0.62705587575275281154E+01    0.89588160584190823346E-15   -0.55584855400223306185E-15
    0.62793465543343351953E+01    0.10314839141795740432E-14    0.38124804444928342202E-15
    0.62881343511411413871E+01    0.61178598602782132992E-15    0.81634926963180575529E-15
    0.62969221479479484671E+01    0.33703855731788693729E-15    0.40968112715829259975E-15
    0.63057099447547555471E+01    0.37765021797082353906E-15   -0.49929052844930592193E-15
    0.63144977415615626271E+01    0.32021426244807150766E-15   -0.11293846225004068341E-14
    0.63232855383683688189E+01   -0.54296057473780559475E-16   -0.98320189342116464924E-15
    0.63320733351751758988E+01   -0.35252567633612602982E-15   -0.27326085951223637655E-15
    0.63408611319819829788E+01   -0.14776946105228350824E-15    0.42899311689757609091E-15
    0.63496489287887891706E+01    0.27412587948886589064E-15    0.73859056206588080585E-15
    0.63584367255955962506E+01    0.14936027620124763169E-15    0.61775465482799990380E-15
    0.63672245224024033305E+01   -0.71524235231287295648E-15    0.20420610539350963529E-15
    0.63760123192092095223E+01   -0.14692840950442353124E-14   -0.33135026870634936905E-15
    0.63848001160160166023E+01   -0.11913040661312384785E-14   -0.78174239680564968032E-15
    0.63935879128228236823E+01   -0.96434599037581381694E-16   -0.88099077530413615363E-15
    0.64023757096296298741E+01    0.67417709629682014887E-15   -0.45388646315305575067E-15
    0.64111635064364369541E+01    0.44008220514872428310E-15    0.30097098981718716192E-15
    0.64199513032432440340E+01   -0.25086144618189929842E-15    0.77867685515904889122E-15
    0.64287391000500511140E+01   -0.46637851599338045943E-15    0.50336519769106221951E-15
    0.64375268968568573058E+01   -0.58224331636842655037E-16   -0.28633281183943908418E-15
    0.64463146936636643858E+01    0.34364768516712456649E-15   -0.83630853455644860160E-15
    0.64551024904704714658E+01    0.30835276837167874352E-15   -0.71562103696982501648E-15
    0.64638902872772776576E+01    0.14907070981283769153E-15   -0.26213997679658979966E-15
    0.64726780840840847375E+01    0.32004842763698025419E-15   -0.42679244423654905156E-16
    0.64814658808908918175E+01    0.61716094577696940049E-15   -0.12585161364831626735E-15
    0.64902536776976980093E+01    0.38375083794083526520E-15   -0.11139369634663851447E-15
    0.64990414745045050893E+01   -0.47406641722331510775E-15    0.22230809781628397319E-15
    0.65078292713113121692E+01   -0.10741973365688164268E-14    0.56694404021228923492E-15
    0.65166170681181183610E+01   -0.59755245142598527279E-15    0.49945743133990293096E-15
    0.65254048649249254410E+01    0.49229903316425037491E-15    0.39409309690640594024E-16
    0.65341926617317325210E+01    0.84462598122100917857E-15   -0.38163585490166003925E-15
    0.65429804585385396010E+01   -0.93895021835863652798E-16   -0.42870249151919024409E-15
    0.65517682553453457928E+01   -0.12703300430740318622E-14   -0.18524607217993802359E-15
    0.65605560521521528727E+01   -0.13320537165330185838E-14    0.23160071310735078542E-16
    0.65693438489589599527E+01   -0.28578988127116886265E-15   -0.61340619013560710053E-16
    0.65781316457657661445E+01    0.63511763806734440987E-15   -0.45870867276178502511E-15
    0.65869194425725732245E+01    0.53980811604520474076E-15   -0.90588037299987134834E-15
    0.65957072393793803045E+01   -0.19774363747804819046E-15   -0.96209010812604277585E-15
    0.66044950361861864963E+01   -0.67094013234463718564E-15   -0.39517767951449286161E-15
    0.66132828329929935762E+01   -0.52275874324547598913E-15    0.45220309784744280689E-15
    0.66220706297998006562E+01   -0.80505769836264620222E-16    0.89695850948600027974E-15
    0.66308584266066068480E+01    0.27133169208913146517E-15    0.61620072582232004792E-15
    0.66396462234134139280E+01    0.49282805343950831035E-15   -0.65182256637098742758E-17
    0.66484340202202210079E+01    0.66310456939042739064E-15   -0.36027218586325762371E-15
    0.66572218170270280879E+01    0.64297954233968544951E-15   -0.23769556539404179738E-15
    0.66660096138338342797E+01    0.19655332505646035450E-15    0.11190224084297239499E-15
    0.66747974106406413597E+01   -0.53602498627833338950E-15    0.38843158875227077830E-15
    0.66835852074474484397E+01   -0.91261910318683889574E-15    0.51234183740868247062E-15
    0.66923730042542546315E+01   -0.43866753371549457029E-15    0.52513992746085899273E-15
    0.67011608010610617114E+01    0.52484517517491917709E-15    0.41241488068725792708E-15
    0.67099485978678687914E+01    0.10341238912773439094E-14    0.12754507287706481037E-15
    0.67187363946746749832E+01    0.58817900673845715635E-15   -0.23144354414759632184E-15
    0.67275241914814820632E+01   -0.33481412579991487596E-15   -0.38549805502550230294E-15
    0.67363119882882891432E+01   -0.87913805567840605899E-15   -0.15116867495213343984E-15
    0.67450997850950962231E+01   -0.64252419689166948850E-15    0.26855450339043934221E-15
    0.67538875819019024149E+01    0.12894629630060910630E-15    0.43017808979302332956E-15
    0.67626753787087094949E+01    0.85408142328419401051E-15    0.12615675409051087856E-15
    0.67714631755155165749E+01    0.98221965215346531343E-15   -0.37750234798235362730E-15
    0.67802509723223227667E+01    0.35683397904817285183E-15   -0.64537919436558661569E-15
    0.67890387691291298466E+01   -0.53223888922427762181E-15   -0.48132679498165105484E-15
    0.67978265659359369266E+01   -0.88344493310716367086E-15   -0.21523172528715906612E-16
    0.68066143627427431184E+01   -0.35050290765122112999E-15    0.42194970907688733034E-15
    0.68154021595495501984E+01    0.59380317629229667581E-15    0.54060647285423075827E-15
    0.68241899563563572784E+01    0.11730684483265138597E-14    0.20356519281404372713E-15
    0.68329777531631634702E+01    0.99351240874176390369E-15   -0.41279621361557609386E-15
    0.68417655499699705501E+01    0.24296767295388089070E-15   -0.91906756643720399720E-15
    0.68505533467767776301E+01   -0.49793645367414087620E-15   -0.97575236892813750952E-15
    0.68593411435835847101E+01   -0.58434278997445415541E-15   -0.49743468377600728847E-15
    0.68681289403903909019E+01    0.17058782906321312878E-15    0.29144144282204141578E-15
    0.68769167371971979819E+01    0.10917700164421002385E-14    0.89639603317071996798E-15
    0.68857045340040050618E+01    0.11507448986487139520E-14    0.86013223348720570964E-15
    0.68944923308108112536E+01    0.12689388495881346629E-15    0.24947334746286149134E-15
    0.69032801276176183336E+01   -0.97164057296147854430E-15   -0.25147313033405843493E-15
    0.69120679244244254136E+01   -0.10388668625626280915E-14   -0.40822470265907270096E-16
    0.69208557212312316054E+01   -0.16464910852546278427E-15    0.65694209373844368009E-15
    0.69296435180380386853E+01    0.57890985034200315240E-15    0.10145011033581008208E-14
    0.69384313148448457653E+01    0.46176357222542146178E-15    0.53425151534869266926E-15
    0.69472191116516519571E+01   -0.17307814547250954616E-15   -0.44933653482934182856E-15
    0.69560069084584590371E+01   -0.52187136045393826323E-15   -0.12232168524155934213E-14
    0.69647947052652661171E+01   -0.19369546680201555010E-15   -0.13417162376629462457E-14
    0.69735825020720731970E+01    0.57614075400569002652E-15   -0.83612979392784117529E-15
    0.69823702988788793888E+01    0.12181843907727235767E-14   -0.87617134720094640556E-16
    0.69911580956856864688E+01    0.12012251742134101048E-14    0.38979085184650645625E-15
    0.69999458924924935488E+01    0.46118175660027979217E-15    0.27306218047194466044E-15
    0.70087336892992997406E+01   -0.31630462815495954408E-15   -0.29373777882376778549E-15
    0.70175214861061068206E+01   -0.23066971822161589776E-15   -0.81842010560720307640E-15
    0.70263092829129139005E+01    0.74174314421025589081E-15   -0.86627472254108053398E-15
    0.70350970797197200923E+01    0.14550567285036742567E-14   -0.35633747974388560639E-15
    0.70438848765265271723E+01    0.89751402563314698947E-15    0.40019875719761117706E-15
    0.70526726733333342523E+01   -0.42951648521719398440E-15    0.79811858021904862753E-15
    0.70614604701401404441E+01   -0.10248975241480172072E-14    0.34945722768207631391E-15
    0.70702482669469475240E+01   -0.23431791810751362543E-15   -0.71130215633095995425E-15
    0.70790360637537546040E+01    0.93089747225399871783E-15   -0.13814977635178574382E-14
    0.70878238605605616840E+01    0.11182510710430488317E-14   -0.91527015739192443073E-15
    0.70966116573673678758E+01    0.22222370780259009554E-15    0.16142737959090028003E-15
    0.71053994541741749558E+01   -0.71205726701018559145E-15    0.57500777679766792146E-15
    0.71141872509809820357E+01   -0.78937112655206247307E-15   -0.10775836835556015264E-15
    0.71229750477877882275E+01   -0.70796488998749589152E-16   -0.85872177241034463190E-15
    0.71317628445945953075E+01    0.73894752858678680688E-15   -0.52838507957405326399E-15
    0.71405506414014023875E+01    0.89310717347845114760E-15    0.64497478136132339358E-15
    0.71493384382082085793E+01    0.86431565773711270853E-16    0.13764325353850334440E-14
    0.71581262350150156593E+01   -0.11841075453854268626E-14    0.96361172040739181110E-15
    0.71669140318218227392E+01   -0.17717767791912414163E-14    0.64708038847616671658E-16
    0.71757018286286289310E+01   -0.94384614194894422005E-15   -0.29228011892162903239E-15
    0.71844896254354360110E+01    0.62721578445405109413E-15    0.69577483747447367419E-16
    0.71932774222422430910E+01    0.14401038878293221741E-14    0.50906989478326039336E-15
    0.72020652190490501710E+01    0.80537231420468136784E-15    0.47845139165847322222E-15
    0.72108530158558563627E+01   -0.42819481725081898800E-15    0.58887277598638394525E-16
    0.72196408126626634427E+01   -0.97358545232103895577E-15   -0.32951890792198997647E-15
    0.72284286094694705227E+01   -0.44371986633682732093E-15   -0.38448283293873304927E-15
    0.72372164062762767145E+01    0.56493077846055051490E-15   -0.93574716876267242131E-16
    0.72460042030830837945E+01    0.12697382067008177640E-14    0.30500663001848692130E-15
    0.72547919998898908744E+01    0.12815813716037616758E-14    0.45921215431034695985E-15
    0.72635797966966970662E+01    0.65083301069589327019E-15    0.17906976180813944054E-15
    0.72723675935035041462E+01   -0.25152607591811683301E-15   -0.33433589633313151785E-15
    0.72811553903103112262E+01   -0.94685092449397572974E-15   -0.66011416651084596091E-15
    0.72899431871171174180E+01   -0.11183744008475133683E-14   -0.59331737949358021412E-15
    0.72987309839239244980E+01   -0.77124733626252084529E-15   -0.32959710036250397077E-15
    0.73075187807307315779E+01   -0.18900083359543659674E-15   -0.16337236353679313192E-15
    0.73163065775375386579E+01    0.19221193838755373274E-15   -0.13792801029731974569E-15
    0.73250943743443448497E+01    0.37829695880936512021E-16   -0.82326313449567251421E-16
    0.73338821711511519297E+01   -0.56238917711387241066E-15    0.91875279416937830674E-16
    0.73426699679579590097E+01   -0.10678192624344290918E-14    0.25374397431304457207E-15
    0.73514577647647652014E+01   -0.98978500649620700717E-15    0.23686849238664943104E-15
    0.73602455615715722814E+01   -0.39969978704516104976E-15    0.59416588119176330631E-16
    0.73690333583783793614E+01    0.19017339301307089002E-15   -0.83615433407075865623E-16
    0.73778211551851855532E+01    0.36429949923906626426E-15    0.14980081506513450301E-16
    0.73866089519919926332E+01    0.11500976661229574699E-15    0.42638287130492213704E-15
    0.73953967487987997131E+01   -0.30412598294536750421E-15    0.99083949347778504221E-15
    0.74041845456056067931E+01   -0.62146065896087772983E-15    0.13024793441251064519E-14
    0.74129723424124129849E+01   -0.67997684798423401602E-15    0.99480033571602049869E-15
    0.74217601392192200649E+01   -0.48796600784543375760E-15    0.20241393376025600650E-15
    0.74305479360260271449E+01   -0.19605105499429585333E-15   -0.39076536895206261190E-15
    0.74393357328328333367E+01    0.40028799212329277080E-16   -0.24005620291937102304E-15
    0.74481235296396404166E+01    0.18708517347386109416E-15    0.39071427487187943578E-15
    0.74569113264464474966E+01    0.28378722817166864494E-15    0.71846248294430015851E-15
    0.74656991232532536884E+01    0.27954400713096571213E-15    0.34547843129339379037E-15
    0.74744869200600607684E+01    0.22956688196395193261E-16   -0.33287408950814263866E-15
    0.74832747168668678484E+01   -0.47956379892918803193E-15   -0.65788882806764275307E-15
    0.74920625136736740401E+01   -0.84777519532144930123E-15   -0.36128104161941659563E-15
    0.75008503104804811201E+01   -0.61571774852847591187E-15    0.31096695086240508538E-15
    0.75096381072872882001E+01    0.17410423304783957827E-15    0.83838320151434782478E-15
    0.75184259040940952801E+01    0.83176271566903829274E-15    0.74713944480743308659E-15
    0.75272137009009014719E+01    0.69280553023897804212E-15    0.14348807705323681476E-16
    0.75360014977077085518E+01   -0.18074815159164381636E-15   -0.68637873890827246973E-15
    0.75447892945145156318E+01   -0.10965048407645905003E-14   -0.53858492590277100780E-15
    0.75535770913213218236E+01   -0.13483027335449546776E-14    0.39433331044927239380E-15
    0.75623648881281289036E+01   -0.68273519793148197097E-15    0.99903029812472826738E-15
    0.75711526849349359836E+01    0.56059666496865962803E-15    0.43123048864861231176E-15
    0.75799404817417421754E+01    0.15106474421919013712E-14   -0.63821750244798044224E-15
    0.75887282785485492553E+01    0.13503564566992680823E-14   -0.75472582110178378613E-15
    0.75975160753553563353E+01    0.19014759714605648450E-15    0.38360246048962896600E-15
    0.76063038721621625271E+01   -0.81643163043577952207E-15    0.13484604998302560005E-14
    0.76150916689689696071E+01   -0.65055897428159083399E-15    0.81792702531301222083E-15
    0.76238794657757766871E+01    0.42406953345179671487E-15   -0.58611569533135306815E-15
    0.76326672625825837670E+01    0.12543615132390440020E-14   -0.10888646122858316252E-14
    0.76414550593893899588E+01    0.11447626321634823978E-14   -0.15277391067354815322E-15
    0.76502428561961970388E+01    0.48182060605940755398E-15    0.74566099489574975345E-15
    0.76590306530030041188E+01    0.44352410307067391788E-16    0.19874075376409143554E-15
    0.76678184498098103106E+01    0.15732626100799469831E-15   -0.10475837832331068436E-14
    0.76766062466166173905E+01    0.57700906550707067178E-15   -0.10550648200871393013E-14
    0.76853940434234244705E+01    0.85037639152261285966E-15    0.52132712293373481443E-15
    0.76941818402302306623E+01    0.65867275663435325631E-15    0.16404608488054167704E-14
    0.77029696370370377423E+01    0.70961621608148178071E-16    0.55686067072193840117E-15
    0.77117574338438448223E+01   -0.35536407593363722002E-15   -0.15675290328504844213E-14
    0.77205452306506510141E+01   -0.32065217962873196631E-16   -0.19874717691758091761E-14
    0.77293330274574580940E+01    0.89753659641476110198E-15   -0.31304961116244361290E-16
    0.77381208242642651740E+01    0.14757915047691877700E-14    0.17809323898752675750E-14
    0.77469086210710722540E+01    0.97973988663202506436E-15    0.10041109420044179450E-14
    0.77556964178778784458E+01   -0.10802988236208121562E-15   -0.14635259299172949178E-14
    0.77644842146846855258E+01   -0.61915647210617128169E-15   -0.26016478437327718456E-14
    0.77732720114914926057E+01   -0.97899536390294544118E-16   -0.11558529025186785569E-14
    0.77820598082982987975E+01    0.69055660802281011317E-15    0.92250871971718302111E-15
    0.77908476051051058775E+01    0.78221613694571706448E-15    0.12764213509492078251E-14
    0.77996354019119129575E+01    0.10677582713521934643E-15    0.89660020755540932079E-16
    0.78084231987187191493E+01   -0.66413829588744149154E-15   -0.61704016713207885671E-15
    0.78172109955255262292E+01   -0.10162375842287537310E-14    0.14410900805256160971E-15
    0.78259987923323333092E+01   -0.10158810889141663461E-14    0.11916100236216435014E-14
    0.78347865891391395010E+01   -0.88936486120512134023E-15    0.10441220047721285816E-14
    0.78435743859459465810E+01   -0.56200835061512310293E-15   -0.86206367068471687359E-16
    0.78523621827527536610E+01    0.13769514612423475105E-15   -0.74859866569982396929E-15
    0.78611499795595607409E+01    0.90323668697985851269E-15   -0.15340806349462251821E-15
    0.78699377763663669327E+01    0.94317917105185394326E-15    0.99702379085804823264E-15
    0.78787255731731740127E+01   -0.94806432193829679663E-16    0.15264441955261966940E-14
    0.78875133699799810927E+01   -0.13437389939952274733E-14    0.98528046408476932001E-15
    0.78963011667867872845E+01   -0.14241122823318248784E-14   -0.18626911425183813390E-15
    0.79050889635935943645E+01    0.14643804134213608355E-16   -0.11423041295827037136E-14
    0.79138767604004014444E+01    0.17970152529562608059E-14   -0.11643276682403252072E-14
    0.79226645572072076362E+01    0.24431578772192546905E-14   -0.19062526747496526984E-15
    0.79314523540140147162E+01    0.14944790659076435867E-14    0.89854592620655301314E-15
    0.79402401508208217962E+01   -0.36567669542541711743E-15    0.98138853729400694600E-15
    0.79490279476276279880E+01   -0.19358908191617495365E-14   -0.80864381009567210472E-16
    0.79578157444344350679E+01   -0.21884916464707292856E-14   -0.11761466765853477275E-14
    0.79666035412412421479E+01   -0.97524264640712705417E-15   -0.12031142620137307173E-14
    0.79753913380480492279E+01    0.58195021010993977903E-15   -0.29628001182589178377E-15
    0.79841791348548554197E+01    0.97624577169296749579E-15    0.51202331244698142836E-15
    0.79929669316616624997E+01   -0.12228742443895554841E-15    0.52440434087117125266E-15
    0.80017547284684695796E+01   -0.14632131730966172644E-14   -0.43413862665960514460E-16
    0.80105425252752748833E+01   -0.16514544372012694525E-14   -0.58306336401193992051E-15
    0.80193303220820819632E+01   -0.59251500923801748215E-15   -0.73618456118828852620E-15
    0.80281181188888890432E+01    0.69453876696785855890E-15   -0.52457475236506158971E-15
    0.80369059156956961232E+01    0.12106109117504383670E-14   -0.17085885769199265962E-15
    0.80456937125025032032E+01    0.68890130720292570521E-15    0.84222323507339400749E-16
    0.80544815093093102831E+01   -0.43588060985319918145E-15    0.13459646546805610157E-15
    0.80632693061161173631E+01   -0.13015951107142652138E-14    0.95473153178431718993E-16
    0.80720571029229226667E+01   -0.11877087768210991552E-14    0.15654339030348248817E-15
    0.80808448997297297467E+01   -0.20177608895872183371E-15    0.31561003510612073278E-15
    0.80896326965365368267E+01    0.70314004652996684813E-15    0.33730525297292814676E-15
    0.80984204933433439066E+01    0.72144677229706445526E-15    0.60302120732504930244E-16
    0.81072082901501509866E+01    0.85268614990397497965E-16   -0.32939665991562792220E-15
    0.81159960869569580666E+01   -0.32583822680652816439E-15   -0.46096184780773184138E-15
    0.81247838837637633702E+01   -0.73369621582221896005E-16   -0.17820238726991496676E-15
    0.81335716805705704502E+01    0.41716787360796763586E-15    0.29519660475349113792E-15
    0.81423594773773775302E+01    0.49278396482091641470E-15    0.56319866120504637211E-15
    0.81511472741841846101E+01   -0.24133745343777525251E-16    0.33132234174141320979E-15
    0.81599350709909916901E+01   -0.78253424204481576255E-15   -0.38222309499127580131E-15
    0.81687228677977987701E+01   -0.12308395735052702778E-14   -0.11038517080713584132E-14
    0.81775106646046058501E+01   -0.95845524457171860540E-15   -0.11244696950676832437E-14
    0.81862984614114111537E+01   -0.14660679364607600335E-16   -0.23998924501827600266E-15
    0.81950862582182182337E+01    0.94268942651079154334E-15    0.72491560029290854784E-15
    0.82038740550250253136E+01    0.11284712537992885667E-14    0.65536113417283699513E-15
    0.82126618518318323936E+01    0.42141757683222943582E-15   -0.48511499829567399667E-15
    0.82214496486386394736E+01   -0.46107265097189096493E-15   -0.14249080098352667902E-14
    0.82302374454454465535E+01   -0.71462346988991232140E-15   -0.10700469499756220878E-14
    0.82390252422522518572E+01   -0.19546941292035410458E-15    0.15323552351013613643E-15
    0.82478130390590589371E+01    0.60736410458523253878E-15    0.90317475529652312408E-15
    0.82566008358658660171E+01    0.10399669154370241874E-14    0.55061168779714179446E-15
    0.82653886326726730971E+01    0.69732420711623197951E-15   -0.24279141723942409498E-15
    0.82741764294794801771E+01   -0.28788243079165378072E-15   -0.55838888915419851340E-15
    0.82829642262862872570E+01   -0.11604920604199574722E-14   -0.27418458828522446604E-15
    0.82917520230930943370E+01   -0.11201284029267836224E-14    0.10311961456312779047E-15
    0.83005398198998996406E+01   -0.20239691555372709116E-15    0.25486976357183244255E-15
    0.83093276167067067206E+01    0.63302278235832430028E-15    0.35608306334873870258E-15
    0.83181154135135138006E+01    0.57199564111956956212E-15    0.59068274235611992077E-15
    0.83269032103203208806E+01   -0.11637306477166733785E-15    0.70219129978847635532E-15
    0.83356910071271279605E+01   -0.54186618369817574748E-15    0.29803345476611053392E-15
    0.83444788039339350405E+01   -0.36651077364371299591E-15   -0.47768343547298322615E-15
    0.83532666007407403441E+01   -0.13735741581400631447E-15   -0.88592005392599318875E-15
    0.83620543975475474241E+01   -0.36679852303999272758E-15   -0.43450528004956535932E-15
    0.83708421943543545041E+01   -0.70900645482600558952E-15    0.42082657019832392400E-15
    0.83796299911611615840E+01   -0.45490773623954181824E-15    0.78556554559081981714E-15
    0.83884177879679686640E+01    0.32823170864213332805E-15    0.43148714883635582137E-15
    0.83972055847747757440E+01    0.64217342851745358126E-15    0.48478773053770759725E-16
    0.84059933815815828240E+01   -0.16332650204757155397E-15    0.24972156919404211872E-15
    0.84147811783883881276E+01   -0.13249523542241428097E-14    0.69803479897177724730E-15
    0.84235689751951952076E+01   -0.14581825975813417029E-14    0.61422287668963585508E-15
    0.84323567720020022875E+01   -0.25552880411726390850E-15   -0.43124953395590532209E-16
    0.84411445688088093675E+01    0.11026837661893479512E-14   -0.38383735346724565156E-15
    0.84499323656156164475E+01    0.14022556015407796859E-14    0.18442721047424387929E-15
    0.84587201624224235275E+01    0.74044636701855719850E-15    0.94599478198841003750E-15
    0.84675079592292288311E+01    0.99841964893577008707E-16    0.70858743677397660948E-15
    0.84762957560360359111E+01    0.33337644403239058930E-16   -0.49729561829286586830E-15
    0.84850835528428429910E+01    0.20329146611058091765E-15   -0.11971335944703305203E-14
    0.84938713496496500710E+01    0.17115334827178193759E-15   -0.35169798822454432920E-15
    0.85026591464564571510E+01    0.13063366664626450021E-15    0.10852446644118024397E-14
    0.85114469432632642309E+01    0.53243599712991543256E-15    0.12775015361467395582E-14
    0.85202347400700713109E+01    0.11883930797135655982E-14   -0.11596765460599860608E-15
    0.85290225368768766145E+01    0.12190372807559717962E-14   -0.14367276589851077705E-14
    0.85378103336836836945E+01    0.18866066331710594365E-15   -0.11761968321501938712E-14
    0.85465981304904907745E+01   -0.10126098080605848091E-14    0.12917903560808678453E-15
    0.85553859272972978545E+01   -0.10219347986811136543E-14    0.78489951030699398125E-15
    0.85641737241041049344E+01    0.33945715975679922811E-15    0.16428281269343386161E-15
    0.85729615209109120144E+01    0.17298976999628521324E-14   -0.66896530065976417304E-15
    0.85817493177177173180E+01    0.17969913488120596795E-14   -0.60957173904623437391E-15
    0.85905371145245243980E+01    0.57090987215480340685E-15    0.45084917143849570837E-17
    0.85993249113313314780E+01   -0.83469397052903412003E-15    0.61949164837089934175E-16
    0.86081127081381385580E+01   -0.13765067870912609356E-14   -0.63654081908709341504E-15
    0.86169005049449456379E+01   -0.77016674995541510303E-15   -0.10298177507229532026E-14
    0.86256883017517527179E+01    0.51842889241608465232E-15   -0.31253143051216045941E-15
    0.86344760985585597979E+01    0.15288776525597163117E-14    0.79421074825872829726E-15
    0.86432638953653651015E+01    0.14385285680450912388E-14    0.89290604775633430626E-15
    0.86520516921721721815E+01    0.31991249691259819527E-15   -0.26503955603844529853E-15
    0.86608394889789792614E+01   -0.83157090861031122789E-15   -0.13889815770464273168E-14
    0.86696272857857863414E+01   -0.10445201217133307851E-14   -0.12333382011739796128E-14
    0.86784150825925934214E+01   -0.23140243879725333810E-15   -0.16820693020156897324E-16
    0.86872028793994005014E+01    0.90095255784548963014E-15    0.10435918835001893653E-14
    0.86959906762062058050E+01    0.14345236731845271644E-14    0.11076465818368215844E-14
    0.87047784730130128850E+01    0.80601775440137994280E-15    0.33750599692118816756E-15
    0.87135662698198199649E+01   -0.69687032352145502723E-15   -0.53452215557339919087E-15
    0.87223540666266270449E+01   -0.17992753498519560230E-14   -0.79644529800838664953E-15
    0.87311418634334341249E+01   -0.12756181616845096594E-14   -0.18871544779002090958E-15
    0.87399296602402412049E+01    0.56184329946629691575E-15    0.80238054040716408330E-15
    0.87487174570470482848E+01    0.18863658822290754595E-14    0.12056484115574726069E-14
    0.87575052538538535885E+01    0.13705257710749030321E-14    0.52931133938060758998E-15
    0.87662930506606606684E+01   -0.21027063094347155162E-15   -0.55686937812003986755E-15
    0.87750808474674677484E+01   -0.10273710724401380515E-14   -0.93673645099220021702E-15
    0.87838686442742748284E+01   -0.43538616492652032915E-15   -0.36725229343737184274E-15
    0.87926564410810819084E+01    0.46171288978598887462E-15    0.28116424489725672647E-15
    0.88014442378878889883E+01    0.48008020273060195582E-15    0.21499223458689889665E-15
    0.88102320346946942919E+01   -0.17058714736300863184E-15   -0.28093830034862173958E-15
    0.88190198315015013719E+01   -0.47096273776101806463E-15   -0.36901204095142958971E-15
    0.88278076283083084519E+01   -0.10140937853005269264E-15    0.14045887616654337146E-15
    0.88365954251151155319E+01    0.19058825062525928981E-15    0.54728497551856903834E-15
    0.88453832219219226118E+01   -0.25648955720961569921E-15    0.28767693269308044411E-15
    0.88541710187287296918E+01   -0.10409261824496472375E-14   -0.22863002844040569455E-15
    0.88629588155355367718E+01   -0.12355666337621664966E-14   -0.18455539636408639620E-15
    0.88717466123423420754E+01   -0.59074684254833475146E-15    0.47882696618014201475E-15
    0.88805344091491491554E+01    0.17964532739976959992E-15    0.90472113343170214821E-15
    0.88893222059559562354E+01    0.31657540843761531885E-15    0.47417914309151285691E-15
    0.88981100027627633153E+01   -0.16115259838585193658E-15   -0.28572784968289414005E-15
    0.89068977995695703953E+01   -0.67195570883435660484E-15   -0.38401060724902507752E-15
    0.89156855963763774753E+01   -0.76358816023496220583E-15    0.28352585191151735897E-15
    0.89244733931831827789E+01   -0.43099205964020059248E-15    0.73986379691913071586E-15
    0.89332611899899898589E+01    0.69448549445612925892E-16    0.22132782305462471947E-15
    0.89420489867967969388E+01    0.46178283926772769955E-15   -0.77701110816295098967E-15
    0.89508367836036040188E+01    0.57507688202923960072E-15   -0.11397365813740589104E-14
    0.89596245804104110988E+01    0.40269131815962833250E-15   -0.49125983345230721480E-15
    0.89684123772172181788E+01    0.94633647315511237826E-16    0.45200216804552290727E-15
    0.89772001740240252587E+01   -0.12929999531675282464E-15    0.82802878525211924399E-15
    0.89859879708308305624E+01   -0.86954055078165044494E-16    0.50139272927376395158E-15
    0.89947757676376376423E+01    0.23912079036234997848E-15   -0.54315086506445729704E-16
    0.90035635644444447223E+01    0.59176810563392299852E-15   -0.33195231707090579324E-15
    0.90123513612512518023E+01    0.57510860264961254530E-15   -0.12991169376366488576E-15
    0.90211391580580588823E+01    0.87061417877847999641E-16    0.43266418495942681250E-15
    0.90299269548648659622E+01   -0.41902214329788657026E-15    0.10015928207092420183E-14
    0.90387147516716712659E+01   -0.38094016265652297421E-15    0.12081017095029580074E-14
    0.90475025484784783458E+01    0.15919796208565588826E-15    0.93273460936090357891E-15
    0.90562903452852854258E+01    0.53084533522239171177E-15    0.37456486660375666384E-15
    0.90650781420920925058E+01    0.26249757074706100919E-15   -0.12065816173441533098E-15
    0.90738659388988995858E+01   -0.29387006823355142001E-15   -0.26645527993795082094E-15
    0.90826537357057066657E+01   -0.44739748095595810525E-15   -0.13942956202246942060E-16
    0.90914415325125137457E+01   -0.94573281470645925875E-16    0.31767466808777827907E-15
    0.91002293293193190493E+01    0.16026198929030456685E-15    0.22057968534394888598E-15
    0.91090171261261261293E+01   -0.12042190608881054188E-15   -0.45668785613711452030E-15
    0.91178049229329332093E+01   -0.54474520667486737080E-15   -0.11740353032439961180E-14
    0.91265927197397402892E+01   -0.42825579653110121462E-15   -0.12136003240532467893E-14
    0.91353805165465473692E+01    0.20390796557878272574E-15   -0.51226601201260097591E-15
    0.91441683133533544492E+01    0.53777840769719769854E-15    0.25162648172060217238E-15
    0.91529561101601597528E+01    0.17231037872672685479E-16    0.47896346737562795655E-15
    0.91617439069669668328E+01   -0.86668592383927443439E-15    0.30164509535698127932E-15
    0.91705317037737739128E+01   -0.11772037215575867271E-14    0.23157234888030681042E-15
    0.91793195005805809927E+01   -0.68038452116139405681E-15    0.40873154821389427487E-15
    0.91881072973873880727E+01   -0.57229440715523400827E-16    0.46854310005945373567E-15
    0.91968950941941951527E+01    0.23015978504703281508E-16    0.16312294997434211407E-15
    0.92056828910010004563E+01   -0.32884330784395230923E-15   -0.17541194614639070716E-15
    0.92144706878078075363E+01   -0.53084800005870012893E-15   -0.45944694182499751860E-16
    0.92232584846146146162E+01   -0.28338353258778206192E-15    0.48461126062576220690E-15
    0.92320462814214216962E+01    0.17279317871892757061E-15    0.74810208879769560162E-15
    0.92408340782282287762E+01    0.40767638369463464573E-15    0.28207988875467682169E-15
    0.92496218750350358562E+01    0.18187065283890858885E-15   -0.56568352094294112950E-15
    0.92584096718418411598E+01   -0.39958913839308063089E-15   -0.10723447509794736809E-14
    0.92671974686486482398E+01   -0.87245356833914088335E-15   -0.97815901781065961930E-15
    0.92759852654554553197E+01   -0.69511094011417380796E-15   -0.66864262871487071677E-15
    0.92847730622622623997E+01    0.14138675182983604571E-15   -0.57296147237103255903E-15
    0.92935608590690694797E+01    0.80931048886874322980E-15   -0.66502739917560717812E-15
    0.93023486558758765597E+01    0.41643104752779255874E-15   -0.66424876959634334640E-15
    0.93111364526826818633E+01   -0.86443853648623758012E-15   -0.50911392609983843999E-15
    0.93199242494894889433E+01   -0.18022900509096062593E-14   -0.43301532384400075171E-15
    0.93287120462962960232E+01   -0.14365760304830158739E-14   -0.56944327569636680802E-15
    0.93374998431031031032E+01   -0.10984868405645788306E-15   -0.67212168350559152139E-15
    0.93462876399099101832E+01    0.10233559430052932848E-14   -0.40575487825344124357E-15
    0.93550754367167172632E+01    0.11097081845736060593E-14    0.16245977471890312015E-15
    0.93638632335235243431E+01    0.14489926248062918268E-15    0.55288441584847750687E-15
    0.93726510303303296467E+01   -0.11660731926853981398E-14    0.42062935134658399948E-15
    0.93814388271371367267E+01   -0.17839670824557088211E-14   -0.34366525226368241831E-16
    0.93902266239439438067E+01   -0.10661089895653595978E-14   -0.32638329006306981360E-15
    0.93990144207507508867E+01    0.46902943914155638929E-15   -0.20179127295166417390E-15
    0.94078022175575579666E+01    0.14151583385343047283E-14    0.18355907437626813123E-15
    0.94165900143643650466E+01    0.91451508627771979850E-15    0.48744292994642732535E-15
    0.94253778111711703502E+01   -0.35368435447114288153E-15    0.43879018095152352479E-15
    0.94341656079779774302E+01   -0.10297346114937653451E-14    0.55375606672447023561E-17
    0.94429534047847845102E+01   -0.60271234813899119482E-15   -0.51097501361580488225E-15
    0.94517412015915915902E+01    0.25736429163601776527E-15   -0.65607593516821043352E-15
    0.94605289983983986701E+01    0.74021156303681685473E-15   -0.29899610074373509260E-15
    0.94693167952052057501E+01    0.76327681054737286469E-15    0.10745069211577760394E-15
    0.94781045920120128301E+01    0.70981889933294283333E-15    0.27820628528848594431E-16
    0.94868923888188181337E+01    0.73669775707870955279E-15   -0.41977901872346618879E-15
    0.94956801856256252137E+01    0.62293465332797341547E-15   -0.53024251722067900070E-15
    0.95044679824324322936E+01    0.23718187862231196380E-15    0.28671048416016336169E-16
    0.95132557792392393736E+01   -0.12640010862036993680E-15    0.59916898875269762449E-15
    0.95220435760460464536E+01   -0.66088095428139135231E-16    0.29329559608071016110E-15
    0.95308313728528535336E+01    0.38792062381607285612E-15   -0.79639849148669343424E-15
    0.95396191696596588372E+01    0.74067986449668974465E-15   -0.15783290701424015426E-14
    0.95484069664664659172E+01    0.56537423005705138928E-15   -0.12669736870866050185E-14
    0.95571947632732729971E+01   -0.67843661024078904786E-16   -0.32298526952047680981E-15
    0.95659825600800800771E+01   -0.70662870936959733035E-15    0.21988155401809408446E-15
    0.95747703568868871571E+01   -0.86081254284365099780E-15   -0.22728220621477205159E-17
    0.95835581536936942371E+01   -0.30739913353320611747E-15   -0.43852825430292164811E-15
    0.95923459505005013170E+01    0.66681757612015950901E-15   -0.48933804231735043668E-15
    0.96011337473073066207E+01    0.12683892055029353441E-14   -0.19858772284409856736E-15
    0.96099215441141137006E+01    0.85685329609606257833E-15    0.22200786107438951484E-16
    0.96187093409209207806E+01   -0.24175934030691543510E-15    0.18407983457701300379E-16
    0.96274971377277278606E+01   -0.91096918999454920542E-15    0.85082194874907272007E-17
    0.96362849345345349406E+01   -0.48308499934050315184E-15    0.13867454345148045285E-15
    0.96450727313413420205E+01    0.44001824557188783855E-15    0.17685074636896337307E-15
    0.96538605281481491005E+01    0.77224200836482321597E-15   -0.16964103150813697513E-15
    0.96626483249549544041E+01    0.26124618401867266483E-15   -0.74446253049776207042E-15
    0.96714361217617614841E+01   -0.33140154161285337577E-15   -0.98893665429166548675E-15
    0.96802239185685685641E+01   -0.28580101265148401771E-15   -0.58642672280528852354E-15
    0.96890117153753756440E+01    0.25792312698864240201E-15    0.10483342043365378289E-15
    0.96977995121821827240E+01    0.64450928133860882680E-15    0.44573529743331717339E-15
    0.97065873089889898040E+01    0.47523678382096463983E-15    0.19000932759305539112E-15
    0.97153751057957951076E+01   -0.86727016392633891946E-16   -0.35364622913747864181E-15
    0.97241629026026021876E+01   -0.52981717438423570216E-15   -0.71460001705821039393E-15
    0.97329506994094092676E+01   -0.33286705470641679681E-15   -0.63472843894035326711E-15
    0.97417384962162163475E+01    0.56982891473960098929E-15   -0.16551944713566986786E-15
    0.97505262930230234275E+01    0.13899717081714822199E-14    0.36989749279845626753E-15
    0.97593140898298305075E+01    0.98486109702038124012E-15    0.56455809897252552711E-15
    0.97681018866366375875E+01   -0.72750460548682819959E-15    0.26178379732475814165E-15
    0.97768896834434428911E+01   -0.20931935849451612936E-14   -0.26007234912605662468E-15
    0.97856774802502499710E+01   -0.13938897553014386420E-14   -0.56134890191421756996E-15
    0.97944652770570570510E+01    0.85834189323789291263E-15   -0.46028373923806013082E-15
    0.98032530738638641310E+01    0.21810713193071414143E-14   -0.13067724430843385945E-15
    0.98120408706706712110E+01    0.10356357003594237513E-14    0.14138381323104723271E-15
    0.98208286674774782909E+01   -0.12443320551964274223E-14    0.18720940222157824694E-15
    0.98296164642842835946E+01   -0.21785053391692379827E-14    0.15346429496735422886E-16
    0.98384042610910906745E+01   -0.10290043995532723621E-14   -0.20891841982567901031E-15
    0.98471920578978977545E+01    0.71245029753636157313E-15   -0.26608614392012042287E-15
    0.98559798547047048345E+01    0.13531025015866242842E-14   -0.63241203140661845667E-16
    0.98647676515115119145E+01    0.64631461118049751100E-15    0.26836111424969046361E-15
    0.98735554483183189944E+01   -0.52964743186609583794E-15    0.52424201283165709003E-15
    0.98823432451251260744E+01   -0.12277057186795057791E-14    0.64608839302242008385E-15
    0.98911310419319313780E+01   -0.10528681566765390879E-14    0.70867457721190878653E-15
    0.98999188387387384580E+01   -0.29646020764146578658E-15    0.67219721789823095281E-15
    0.99087066355455455380E+01    0.22641774473039160091E-15    0.29845549453570239986E-15
    0.99174944323523526180E+01   -0.72267267792636297789E-16   -0.41899998594500818797E-15
    0.99262822291591596979E+01   -0.73920978993500414630E-15   -0.77249279098882328668E-15
    0.99350700259659667779E+01   -0.70463070919689852232E-15    0.35259094874591017828E-16
    0.99438578227727720815E+01    0.76891590062591059433E-16    0.12050343767118551637E-14
    0.99526456195795791615E+01    0.11938073472531968794E-15    0.31286758199859111928E-15
    0.99614334163863862415E+01   -0.74048065060055185498E-15   -0.20694030816676928747E-14
    0.99702212131931933214E+01    0.71034996844272615565E-15    0.53172360998483427826E-15
    0.99790090100000004014E+01   -0.21136186407613261751E-14   -0.20088861508097504282E-14
