    0.11999999999999999556E+01    0.00000000000000000000E+00    0.00000000000000000000E+00
    0.12087877968068068135E+01   -0.46407318318186093294E-11   -0.32564769358070108562E-17
    0.12175755936136136715E+01    0.69808322673488349532E-11   -0.20786170976236016564E-17
    0.12263633904204203073E+01    0.66031918693464742916E-11   -0.10251190716861574323E-17
    0.12351511872272271653E+01   -0.15003183160549367662E-10   -0.15125131322332576441E-17
    0.12439389840340340232E+01   -0.14795046063087817848E-10   -0.17386979670936835117E-17
    0.12527267808408408811E+01    0.27744125806608778529E-10    0.40727829301304050486E-18
    0.12615145776476475170E+01    0.63778424032200997271E-10    0.49004778810555814019E-17
    0.12703023744544543749E+01    0.37147522458077184649E-10    0.93680800454161282405E-17
    0.12790901712612612329E+01   -0.26728818961909852483E-10    0.10000977609711014112E-16
    0.12878779680680680908E+01   -0.39527183810332268781E-10    0.42583327756638112428E-17
    0.12966657648748749487E+01    0.26573233014103064694E-10   -0.48490527783497151892E-17
    0.13054535616816815846E+01    0.75509804319889583348E-10   -0.81971901102207165546E-17
    0.13142413584884884425E+01    0.10380128190859281322E-10    0.15767496546098839639E-18
    0.13230291552952953005E+01   -0.10293963477415685295E-09    0.12240463471741634759E-16
    0.13318169521021021584E+01   -0.87169855403886167302E-10    0.11615287936762741831E-16
    0.13406047489089087943E+01    0.88951228141488518460E-10   -0.56964955861413170331E-17
    0.13493925457157156522E+01    0.19075623867000586138E-09   -0.20752647988280669774E-16
    0.13581803425225225102E+01    0.82955273843298270722E-11   -0.12375933764306928364E-16
    0.13669681393293293681E+01   -0.27217699713182635475E-09    0.14831218595727731122E-16
    0.13757559361361360040E+01   -0.21281271161498570922E-09    0.33455897555466349195E-16
    0.13845437329429428619E+01    0.24300091461064198133E-09    0.25987135133500942473E-16
    0.13933315297497497198E+01    0.48984602329852349110E-09    0.48266552823952623476E-17
    0.14021193265565565778E+01    0.54473065578840027785E-11   -0.87562059285610798080E-17
    0.14109071233633634357E+01   -0.71344346306617569899E-09   -0.16001932036413549111E-16
    0.14196949201701700716E+01   -0.54167711945220556094E-09   -0.37202102552895456139E-16
    0.14284827169769769295E+01    0.64266715567153567964E-09   -0.75153536627008228009E-16
    0.14372705137837837874E+01    0.12502153816102608623E-08   -0.95344304063199831777E-16
    0.14460583105905906454E+01   -0.79645610989348948299E-10   -0.57585411623272034972E-16
    0.14548461073973975033E+01   -0.20777354208249875198E-08    0.38689529752536513881E-16
    0.14636339042042041392E+01   -0.19751843133744834807E-08    0.14622507629936579200E-15
    0.14724217010110109971E+01    0.84012103402828410202E-10    0.19771389448705715021E-15
    0.14812094978178178550E+01   -0.12326797025503972149E-08    0.13919818193442608101E-15
    0.14899972946246244909E+01   -0.12538027215535265758E-07   -0.34465070045211919646E-16
    0.14987850914314313489E+01   -0.37738041322069845550E-07   -0.25241337931618398675E-15
    0.15075728882382382068E+01   -0.88652756196635530392E-07   -0.40031623043624590153E-15
    0.15163606850450450647E+01   -0.21003136105115501541E-06   -0.40751934648033790104E-15
    0.15251484818518519226E+01   -0.51934790647246563675E-06   -0.30190076667993120992E-15
    0.15339362786586585585E+01   -0.12776069877561514926E-05   -0.17064373632493640277E-15
    0.15427240754654654165E+01   -0.30121718638253317917E-05   -0.91756736031606552351E-16
    0.15515118722722722744E+01   -0.69055769640561560392E-05   -0.99714027995552398918E-16
    0.15602996690790791323E+01   -0.15457979694647944934E-04   -0.18445133504622360132E-15
    0.15690874658858859902E+01   -0.33773192029711498617E-04   -0.30346626975111015400E-15
    0.15778752626926926261E+01   -0.72239452761728523904E-04   -0.41466608396374689748E-15
    0.15866630594994994841E+01   -0.15042943953575451917E-03   -0.50860431371778344670E-15
    0.15954508563063063420E+01   -0.30561483844145662190E-03   -0.58810853458698109805E-15
    0.16042386531131129779E+01   -0.60584767594234567676E-03   -0.60175667924782925851E-15
    0.16130264499199198358E+01   -0.11707062031102021416E-02   -0.43365350491377253923E-15
    0.16218142467267266937E+01   -0.22086483000232372785E-02   -0.38646715001270223033E-16
    0.16306020435335335517E+01   -0.40644945788098334888E-02    0.40896638459752200986E-15
    0.16393898403403404096E+01   -0.72935530979643652810E-02    0.61478965891975708772E-15
    0.16481776371471470455E+01   -0.12760114567054212098E-01    0.48348991674106858441E-15
    0.16569654339539539034E+01   -0.21741963177207210278E-01    0.26138325503156106749E-15
    0.16657532307607607613E+01   -0.36041586611308511212E-01    0.20551141643676590275E-15
    0.16745410275675676193E+01   -0.58080388555480998158E-01    0.17079520629186187506E-15
    0.16833288243743744772E+01   -0.90870263169798626279E-01   -0.25482231278800931508E-15
    0.16921166211811811131E+01   -0.13786537595850056892E+00   -0.11306260076762831201E-14
    0.17009044179879879710E+01   -0.20261649151109431544E+00   -0.18817834746825368787E-14
    0.17096922147947948289E+01   -0.28800574949177965012E+00   -0.19336886650587763642E-14
    0.17184800116016014648E+01   -0.39529856203677027349E+00   -0.15136133702562434605E-14
    0.17272678084084085448E+01   -0.52297609386280818899E+00   -0.14793902377886433387E-14
    0.17360556052152151807E+01   -0.66539166930649717990E+00   -0.22896468023126993989E-14
    0.17448434020220220386E+01   -0.81177451391237442913E+00   -0.34447798791917113832E-14
    0.17536311988288288966E+01   -0.94607544405893018169E+00   -0.42393152064267682496E-14
    0.17624189956356355324E+01   -0.10474115670540709022E+01   -0.47737366797128104027E-14
    0.17712067924424426124E+01   -0.10924005775887495329E+01   -0.57385161745576280152E-14
    0.17799945892492492483E+01   -0.10591908636609175254E+01   -0.71295381045783386885E-14
    0.17887823860560561062E+01   -0.93210257402957752415E+00   -0.76725377170284582431E-14
    0.17975701828628629642E+01   -0.70717576023434891574E+00   -0.61380069301367114503E-14
    0.18063579796696696000E+01   -0.39743999008916641724E+00   -0.29954177685450396154E-14
    0.18151457764764764580E+01   -0.34558916449637419599E-01   -0.14309920202881865063E-15
    0.18239335732832833159E+01    0.33288577309018552164E+00    0.10360798022308940073E-14
    0.18327213700900899518E+01    0.64463024187434181389E+00    0.88732204638741574012E-15
    0.18415091668968970318E+01    0.84091782889503319254E+00    0.61260461698795590040E-15
    0.18502969637037036676E+01    0.87676983103528960406E+00    0.86271725064997735435E-15
    0.18590847605105105256E+01    0.73444968130318488697E+00    0.14004021787897716444E-14
    0.18678725573173173835E+01    0.43394099972845634472E+00    0.17102154694367744527E-14
    0.18766603541241240194E+01    0.36164372655901597109E-01    0.15042260747116219432E-14
    0.18854481509309310994E+01   -0.36935166349943998609E+00    0.74773776015880253875E-15
    0.18942359477377377353E+01   -0.68300148316979580887E+00   -0.45455942325416950450E-15
    0.19030237445445445932E+01   -0.81922284097530229108E+00   -0.18332795022008818648E-14
    0.19118115413513514511E+01   -0.73482660754026352112E+00   -0.28171843122971039579E-14
    0.19205993381581580870E+01   -0.44760369216655465641E+00   -0.26516637688862793620E-14
    0.19293871349649649449E+01   -0.32519088081687956560E-01   -0.11047971889222206015E-14
    0.19381749317717718029E+01    0.39245600882976949819E+00    0.83968832697095580651E-15
    0.19469627285785784387E+01    0.69733890790295649520E+00    0.15366789816763356762E-14
    0.19557505253853855187E+01    0.78480916454868743237E+00    0.26652946055411193608E-15
    0.19645383221921921546E+01    0.62454556770841684887E+00   -0.19567156204297887486E-14
    0.19733261189989990125E+01    0.26163145786775698909E+00   -0.35265852990960699643E-14
    0.19821139158058058705E+01   -0.18850961254932033229E+00   -0.37902992609584733113E-14
    0.19909017126126125063E+01   -0.57361494141842150896E+00   -0.31678146636016801911E-14
    0.19996895094194195863E+01   -0.76144429129495372344E+00   -0.20706018003153067496E-14
    0.20084773062262262222E+01   -0.68649948555582107623E+00   -0.30931132198633233369E-15
    0.20172651030330328581E+01   -0.36910409009978573103E+00    0.21521091445861749428E-14
    0.20260528998398399381E+01    0.81189212332222565616E-01    0.42563081711385568969E-14
    0.20348406966466465740E+01    0.50032286112426405111E+00    0.44058134152313988106E-14
    0.20436284934534532098E+01    0.73570785400521176989E+00    0.22301043896125510530E-14
    0.20524162902602602898E+01    0.70178575899949424688E+00   -0.63388084478499872455E-15
    0.20612040870670673698E+01    0.40578035633239323277E+00   -0.21539770604766617904E-14
    0.20699918838738740057E+01   -0.44094724438234651764E-01   -0.19265793760636522730E-14
    0.20787796806806806416E+01   -0.47533997546243961230E+00   -0.10845411409829797142E-14
    0.20875674774874877215E+01   -0.72438431748803056021E+00   -0.46880347468854756867E-15
    0.20963552742942943574E+01   -0.69808247912392118462E+00    0.39425157004793746016E-15
    0.21051430711011009933E+01   -0.40175902395855067617E+00    0.22056943592529812209E-14
    0.21139308679079080733E+01    0.52101974805800976842E-01    0.44164643368996220154E-14
    0.21227186647147147092E+01    0.48373763958034804444E+00    0.54010682151535434400E-14
    0.21315064615215213450E+01    0.72502525216869195823E+00    0.39830902431964602057E-14
    0.21402942583283284250E+01    0.68444302231834708294E+00    0.49457845096121540205E-15
    0.21490820551351350609E+01    0.37371621025174983632E+00   -0.34534724706531220393E-14
    0.21578698519419421409E+01   -0.86577156769981122864E-01   -0.56872820886475792405E-14
    0.21666576487487487768E+01   -0.51078608153722637741E+00   -0.46050827475068766746E-14
    0.21754454455555558567E+01   -0.73112164253925293611E+00   -0.58446845937146027330E-15
    0.21842332423623624926E+01   -0.66388773976875459226E+00    0.37389674537928611368E-14
    0.21930210391691691285E+01   -0.33214895067146449348E+00    0.55881352288192103102E-14
    0.22018088359759762085E+01    0.13401283220329218704E+00    0.44590844095611021160E-14
    0.22105966327827828444E+01    0.54515132902689455996E+00    0.19776513629527377757E-14
    0.22193844295895894803E+01    0.73751524961038561479E+00   -0.28379952079046326348E-15
    0.22281722263963965602E+01    0.63867799783535894598E+00   -0.21383728765999924886E-14
    0.22369600232032031961E+01    0.28491778437340919972E+00   -0.39186851032603249225E-14
    0.22457478200100098320E+01   -0.18471151033000213215E+00   -0.51796738163084836981E-14
    0.22545356168168169120E+01   -0.57931082603920791563E+00   -0.48200370952633468706E-14
    0.22633234136236239920E+01   -0.74162119322347697103E+00   -0.23287185621929693847E-14
    0.22721112104304301837E+01   -0.61168696513973186413E+00    0.14567621942241553282E-14
    0.22808990072372372637E+01   -0.23858282279987666485E+00    0.48289969801603532625E-14
    0.22896868040440443437E+01    0.23156236218723125209E+00    0.60699176863745454144E-14
    0.22984746008508509796E+01    0.60878790346265343469E+00    0.42908641492157497053E-14
    0.23072623976576576155E+01    0.74363717580294375065E+00    0.20578230113832361699E-15
    0.23160501944644646954E+01    0.58786789149395579646E+00   -0.38841299056808795391E-14
    0.23248379912712713313E+01    0.20090936077403298565E+00   -0.56757299783475293145E-14
    0.23336257880780779672E+01   -0.26722214978533787022E+00   -0.46034799370860547292E-14
    0.23424135848848850472E+01   -0.62996616872699207068E+00   -0.18109680860347061230E-14
    0.23512013816916916831E+01   -0.74563891830064421562E+00    0.12527522408629228005E-14
    0.23599891784984983190E+01   -0.57450968281688308270E+00    0.37772322419180518245E-14
    0.23687769753053053989E+01   -0.18156086535678114813E+00    0.53323102446603835665E-14
    0.23775647721121124789E+01    0.28349455359471048554E+00    0.53745168448948197848E-14
    0.23863525689189186707E+01    0.63927408302839394683E+00    0.34502199241805434176E-14
    0.23951403657257257507E+01    0.74990477190239046568E+00   -0.78152504706697204261E-16
    0.24039281625325328307E+01    0.57853190659656184014E+00   -0.37861410595077644360E-14
    0.24127159593393394665E+01    0.18908684824661078916E+00   -0.59955904876437631721E-14
    0.24215037561461461024E+01   -0.27338195957105421163E+00   -0.57691803862427875736E-14
    0.24302915529529531824E+01   -0.63317225294669254865E+00   -0.32112091425319099437E-14
    0.24390793497597598183E+01   -0.75662278298382046327E+00    0.77813716384980123530E-15
    0.24478671465665664542E+01   -0.60298540647315113095E+00    0.48261216450513944027E-14
    0.24566549433733735341E+01   -0.22808971777604017395E+00    0.74534802923719127761E-14
    0.24654427401801801700E+01    0.23190148834881535445E+00    0.74727050884814167170E-14
    0.24742305369869868059E+01    0.60709523559769673628E+00    0.44882698070694344863E-14
    0.24830183337937938859E+01    0.76232719168660056930E+00   -0.56239811695379189215E-15
    0.24918061306006009659E+01    0.64648342598691965755E+00   -0.55006968371881883328E-14
    0.25005939274074071577E+01    0.30038461979833602777E+00   -0.82302996413246659913E-14
    0.25093817242142142376E+01   -0.15358715954602369935E+00   -0.81347687327224052123E-14
    0.25181695210210213176E+01   -0.55289202948412252692E+00   -0.59792249140490029953E-14
    0.25269573178278279535E+01   -0.75862362301980734713E+00   -0.27021914628680264575E-14
    0.25357451146346345894E+01   -0.70370769566710245080E+00    0.12640259029990076719E-14
    0.25445329114414416694E+01   -0.40680107264174214521E+00    0.54473592813107392932E-14
    0.25533207082482483052E+01    0.30106472358270394696E-01    0.86415056454682878220E-14
    0.25621085050550549411E+01    0.45606622614856651143E+00    0.92849212104051116208E-14
    0.25708963018618620211E+01    0.72873620689920637350E+00    0.66240857623528998219E-14
    0.25796840986686686570E+01    0.76095563894337503452E+00    0.13987807662370994444E-14
    0.25884718954754752929E+01    0.54199034100762855104E+00   -0.45295034994002291540E-14
    0.25972596922822823728E+01    0.14499407796700009010E+00   -0.88912627477791281166E-14
    0.26060474890890894528E+01   -0.29810611661511665638E+00   -0.99040201041678356948E-14
    0.26148352858958960887E+01   -0.64552579716096147866E+00   -0.72532385565241082246E-14
    0.26236230827027027246E+01   -0.78913823295959106829E+00   -0.23534251820689945473E-14
    0.26324108795095098046E+01   -0.68337131816599505640E+00    0.27607738346288210174E-14
    0.26411986763163164404E+01   -0.36350782998273306612E+00    0.67150232515557798515E-14
    0.26499864731231230763E+01    0.68038611787182207147E-01    0.89680133524169370329E-14
    0.26587742699299301563E+01    0.47904591369046467531E+00    0.91827505879096797881E-14
    0.26675620667367367922E+01    0.74547512269965565679E+00    0.69600497980649549649E-14
    0.26763498635435434281E+01    0.78640558599354104530E+00    0.23902785555210198740E-14
    0.26851376603503505081E+01    0.59220801727682326199E+00   -0.33496811723828701464E-14
    0.26939254571571571439E+01    0.22354677300406741725E+00   -0.83261559006560170618E-14
    0.27027132539639637798E+01   -0.21132475580189741260E+00   -0.10841762152854943715E-13
    0.27115010507707708598E+01   -0.58560007478154318949E+00   -0.10144040254974316869E-13
    0.27202888475775779398E+01   -0.79079580711738683974E+00   -0.64908373884354395980E-14
    0.27290766443843845757E+01   -0.77114393215407139870E+00   -0.99709157500443173111E-15
    0.27378644411911912115E+01   -0.53501867446947415363E+00    0.47029716796826330444E-14
    0.27466522379979982915E+01   -0.14902864615421929084E+00    0.89241087256363038890E-14
    0.27554400348048049274E+01    0.27837715238006222052E+00    0.10392412563764865414E-13
    0.27642278316116115633E+01    0.62950331262642522656E+00    0.86728596873622103948E-14
    0.27730156284184186433E+01    0.81175359613154496330E+00    0.44559604774772479161E-14
    0.27818034252252252791E+01    0.77860300753708600041E+00   -0.79160523631156243739E-15
    0.27905912220320319150E+01    0.54013057519328011580E+00   -0.56136386221874368355E-14
    0.27993790188388389950E+01    0.16155273419555721270E+00   -0.90559644446191708148E-14
    0.28081668156456460750E+01   -0.25826374674733459935E+00   -0.10549327204115909673E-13
    0.28169546124524522668E+01   -0.61338125268625187658E+00   -0.96891073723877374596E-14
    0.28257424092592593468E+01   -0.81532381299381673223E+00   -0.63250675585362966867E-14
    0.28345302060660664267E+01   -0.81541178755556742441E+00   -0.86472573012983933755E-15
    0.28433180028728730626E+01   -0.61698329437307508627E+00    0.55661894575899281012E-14
    0.28521057996796796985E+01   -0.26976899897692807606E+00    0.11256869416652230063E-13
    0.28608935964864867785E+01    0.14224981200620412380E+00    0.14234651977683429408E-13
    0.28696813932932934144E+01    0.52079603857118283994E+00    0.13110308898676797886E-13
    0.28784691901001000502E+01    0.77834200174838330533E+00    0.82233724009665160405E-14
    0.28872569869069071302E+01    0.85796376925573492045E+00    0.17802954477806658518E-14
    0.28960447837137137661E+01    0.74309214643816667856E+00   -0.38449455743721451106E-14
    0.29048325805205204020E+01    0.46186507488909128716E+00   -0.78678030433472094127E-14
    0.29136203773273274820E+01    0.78942263752896604800E-01   -0.10787152694213696264E-13
    0.29224081741341345619E+01   -0.32145054538142647793E+00   -0.12696544217444069614E-13
    0.29311959709409407537E+01   -0.65332650620877608105E+00   -0.12554979745424981053E-13
    0.29399837677477478337E+01   -0.84682933619297062755E+00   -0.93658314499393254684E-14
    0.29487715645545549137E+01   -0.86393750210355912955E+00   -0.35552240011041728328E-14
    0.29575593613613615496E+01   -0.70388807824261923063E+00    0.30962782183744470088E-14
    0.29663471581681681855E+01   -0.40115187216382935942E+00    0.85183994639343528798E-14
    0.29751349549749752654E+01   -0.18427630644332764626E-01    0.11251561361903176541E-13
    0.29839227517817819013E+01    0.36791604664347965503E+00    0.10903772921206103979E-13
    0.29927105485885885372E+01    0.68376600383328034471E+00    0.83160171913823244146E-14
    0.30014983453953956172E+01    0.87027553404205459930E+00    0.49267290863313759874E-14
    0.30102861422022022531E+01    0.89450902509815755081E+00    0.16373248367436717834E-14
    0.30190739390090088889E+01    0.75510701983658368164E+00   -0.16200033772636323043E-14
    0.30278617358158159689E+01    0.47966926074966043103E+00   -0.50258560472166848518E-14
    0.30366495326226230489E+01    0.11906892289486077641E+00   -0.79461865384409715123E-14
    0.30454373294294292407E+01   -0.26231929727991210033E+00   -0.92208814506111161429E-14
    0.30542251262362363207E+01   -0.59903682089500853714E+00   -0.82425646073650849949E-14
    0.30630129230430434006E+01   -0.83551743986513149487E+00   -0.54648409925201578503E-14
    0.30718007198498500365E+01   -0.93418139252846832399E+00   -0.18163348082991496188E-14
    0.30805885166566566724E+01   -0.88154217621630059920E+00    0.20187540378705602902E-14
    0.30893763134634637524E+01   -0.68872702542271890813E+00    0.56410186887505300600E-14
    0.30981641102702703883E+01   -0.38810053856650134074E+00    0.85359667741550435206E-14
    0.31069519070770770242E+01   -0.27789410411427906133E-01    0.99593196294763213473E-14
    0.31157397038838841041E+01    0.33679371053089796062E+00    0.93693488000304083246E-14
    0.31245275006906907400E+01    0.65184880553974344775E+00    0.68813859082815346853E-14
    0.31333152974974973759E+01    0.87253036818782880868E+00    0.31937872913546917723E-14
    0.31421030943043044559E+01    0.96907106728445768784E+00   -0.83346460778236930697E-15
    0.31508908911111115358E+01    0.93051299235149598221E+00   -0.45074176285465930220E-14
    0.31596786879179177276E+01    0.76457223990406908420E+00   -0.74248076627940826841E-14
    0.31684664847247248076E+01    0.49594213744017634493E+00   -0.95017312406028818712E-14
    0.31772542815315318876E+01    0.16204550068582301847E+00   -0.10824135557105426385E-13
    0.31860420783383385235E+01   -0.19288417428176773960E+00   -0.11390608725409345594E-13
    0.31948298751451451594E+01   -0.52369590461052328845E+00   -0.10993159394041941692E-13
    0.32036176719519522393E+01   -0.78993302309107782389E+00   -0.93433822362587210263E-14
    0.32124054687587593193E+01   -0.96087325903167442043E+00   -0.62694845132037884113E-14
    0.32211932655655655111E+01   -0.10183790951811371173E+01   -0.19528655762863569491E-14
    0.32299810623723725911E+01   -0.95821071300608351429E+00    0.28369780196187318529E-14
    0.32387688591791796711E+01   -0.78990257288122411872E+00    0.68729250255751888059E-14
    0.32475566559859858629E+01   -0.53447038330453700006E+00    0.92015745184743068436E-14
    0.32563444527927929428E+01   -0.22141418753946873199E+00    0.98097533272239289512E-14
    0.32651322495996000228E+01    0.11498338277127392870E+00    0.93619787347806337145E-14
    0.32739200464064062146E+01    0.43977587144391261376E+00    0.83679765238449488575E-14
    0.32827078432132132946E+01    0.72101701626072334239E+00    0.68069228638628286602E-14
    0.32914956400200203745E+01    0.93261952829968119971E+00    0.45731543247192457650E-14
    0.33002834368268265663E+01    0.10566922601805694981E+01    0.19645929184930734337E-14
    0.33090712336336336463E+01    0.10844944509651166520E+01   -0.51454336681109108484E-15
    0.33178590304404407263E+01    0.10164511733920622572E+01   -0.27581609972874963072E-14
    0.33266468272472478063E+01    0.86146920427239104257E+00   -0.51919651074136634424E-14
    0.33354346240540539981E+01    0.63523832979930616727E+00   -0.80935779198661425754E-14
    0.33442224208608610780E+01    0.35824502132358493345E+00   -0.10935694499254038131E-13
    0.33530102176676681580E+01    0.53617752698499457353E-01   -0.12669936573331403747E-13
    0.33617980144744743498E+01   -0.25510906221782936321E+00   -0.12580855145668482277E-13
    0.33705858112812814298E+01   -0.54592809882518134046E+00   -0.10739782545935119549E-13
    0.33793736080880885098E+01   -0.79979207348648895248E+00   -0.77433981229817639662E-14
    0.33881614048948947016E+01   -0.10017748294451001012E+01   -0.43175633397433694293E-14
    0.33969492017017017815E+01   -0.11415990641332667277E+01   -0.10819377512092582882E-14
    0.34057369985085088615E+01   -0.12137436326731516623E+01    0.15760370822482665965E-14
    0.34145247953153150533E+01   -0.12172619541140878852E+01    0.35466135607591220402E-14
    0.34233125921221221333E+01   -0.11551919009864173304E+01    0.49285528599906214934E-14
    0.34321003889289292133E+01   -0.10338481915355790530E+01    0.59394252686510285450E-14
    0.34408881857357362932E+01   -0.86203303120607666088E+00    0.68547496148951016928E-14
    0.34496759825425424850E+01   -0.65020101509091732250E+00    0.79571200685768564691E-14
    0.34584637793493495650E+01   -0.40967961900236765649E+00    0.93794033043378817455E-14
    0.34672515761561566450E+01   -0.15198362809783280691E+00    0.10782791859531650020E-13
    0.34760393729629628368E+01    0.11181000424631766521E+00    0.11197417096069000557E-13
    0.34848271697697699167E+01    0.37153033156810560955E+00    0.96925321534608331252E-14
    0.34936149665765769967E+01    0.61827547925760562020E+00    0.64856108758834263254E-14
    0.35024027633833831885E+01    0.84467259832869912017E+00    0.31080826755869094774E-14
    0.35111905601901902685E+01    0.10449885739295365905E+01    0.10497626042231463931E-14
    0.35199783569969973485E+01    0.12151798031713718640E+01    0.42857918442124938981E-15
    0.35287661538038035403E+01    0.13528364673421562347E+01    0.21660542367426140929E-15
    0.35375539506106106202E+01    0.14570590261274365407E+01   -0.61300483441192186437E-15
    0.35463417474174177002E+01    0.15282922321589260672E+01   -0.23954624107744247884E-14
    0.35551295442242247802E+01    0.15681011898690679907E+01   -0.48975253599102037409E-14
    0.35639173410310309720E+01    0.15789345461285342331E+01   -0.76034126659678555573E-14
    0.35727051378378380520E+01    0.15638900670094022516E+01   -0.98948591089061546042E-14
    0.35814929346446451319E+01    0.15264836022408143634E+01   -0.11172649374408964836E-13
    0.35902807314514513237E+01    0.14704403624877868673E+01   -0.11070277928854286105E-13
    0.35990685282582584037E+01    0.13995202637333394868E+01   -0.98120235609477783036E-14
    0.36078563250650654837E+01    0.13173620588675132304E+01   -0.83927677998048970498E-14
    0.36166441218718716755E+01    0.12273711821914772280E+01   -0.79141497132935860619E-14
    0.36254319186786787554E+01    0.11326359267888594928E+01   -0.84879036156986324448E-14
    0.36342197154854858354E+01    0.10358690088650039929E+01   -0.90519253533112897941E-14
    0.36430075122922929154E+01    0.93938470704668930455E+00   -0.86156453572733530964E-14
    0.36517953090990991072E+01    0.84508967733536288769E+00   -0.74201258951819303426E-14
    0.36605831059059061872E+01    0.75449581150054467749E+00   -0.64767018635319710416E-14
    0.36693709027127132671E+01    0.66874670329867491603E+00   -0.62096475677055293092E-14
    0.36781586995195194589E+01    0.58865049506654032463E+00   -0.59810282521723821230E-14
    0.36869464963263265389E+01    0.51472086229233604548E+00   -0.50371886873437423851E-14
    0.36957342931331336189E+01    0.44721974862375191151E+00   -0.34793953469193334365E-14
    0.37045220899399398107E+01    0.38619977843392611083E+00   -0.20768826358150746105E-14
    0.37133098867467468907E+01    0.33154618289504889095E+00   -0.14275912375604754230E-14
    0.37220976835535539706E+01    0.28301540355071674870E+00   -0.15234250079417736419E-14
    0.37308854803603601624E+01    0.24026875626440680200E+00   -0.19880495578232315271E-14
    0.37396732771671672424E+01    0.20290340476806922876E+00   -0.24191070934555256282E-14
    0.37484610739739743224E+01    0.17047718187995805628E+00   -0.25542380454193192348E-14
    0.37572488707807814023E+01    0.14252950924618465467E+00   -0.23258679489459095038E-14
    0.37660366675875875941E+01    0.11859870232281273517E+00   -0.18352490841171630416E-14
    0.37748244643943946741E+01    0.98234313164730149848E-01   -0.12195444320814874810E-14
    0.37836122612012017541E+01    0.81007386968552946849E-01   -0.54653736351823945386E-15
    0.37924000580080079459E+01    0.66516919130939100580E-01    0.94355195817402628635E-16
    0.38011878548148150259E+01    0.54393974129411819252E-01    0.41186102378397063240E-15
    0.38099756516216221058E+01    0.44304148663159986787E-01    0.18762698796109462025E-16
    0.38187634484284282976E+01    0.35947839539818324250E-01   -0.10387443134783105905E-14
    0.38275512452352353776E+01    0.29059757004235166333E-01   -0.19238021703320787148E-14
    0.38363390420420424576E+01    0.23407394051136502788E-01   -0.16554693749769214525E-14
    0.38451268388488486494E+01    0.18788875756701545194E-01   -0.24894197340543516873E-15
    0.38539146356556557294E+01    0.15030537176314617484E-01    0.10981696065009971265E-14
    0.38627024324624628093E+01    0.11984169000147750980E-01    0.12465364023248499965E-14
    0.38714902292692698893E+01    0.95242153840308860224E-02    0.27183046174464999181E-15
    0.38802780260760760811E+01    0.75450618911555309212E-02   -0.85254430103745677194E-15
    0.38890658228828831611E+01    0.59583938563056507154E-02   -0.13625540060478836713E-14
    0.38978536196896902410E+01    0.46907642182560608385E-02   -0.12331656674896269428E-14
    0.39066414164964964328E+01    0.36814576291557326790E-02   -0.80235034454277202730E-15
    0.39154292133033035128E+01    0.28805003058861547612E-02   -0.30883748555970446865E-15
    0.39242170101101105928E+01    0.22469762022179749252E-02    0.17040985600792163121E-15
    0.39330048069169167846E+01    0.17475321875463068182E-02    0.56403524790395925971E-15
    0.39417926037237238646E+01    0.13550692098223315798E-02    0.73975751670097636503E-15
    0.39505804005305309445E+01    0.10476818131843949975E-02    0.58605203671150527946E-15
    0.39593681973373371363E+01    0.80770364186415752935E-03    0.10787519324611883626E-15
    0.39681559941441442163E+01    0.62094959478788938536E-03   -0.54144866644201110694E-15
    0.39769437909509512963E+01    0.47607602469599961297E-03   -0.10725801117293694201E-14
    0.39857315877577583763E+01    0.36403482101435535563E-03   -0.11643523280546246853E-14
    0.39945193845645645681E+01    0.27764966035786944453E-03   -0.69180852329724665833E-15
    0.40033071813713716480E+01    0.21124088156139144866E-03    0.10612829656200996642E-15
    0.40120949781781787280E+01    0.16033430821634232755E-03    0.77364437124432048404E-15
    0.40208827749849849198E+01    0.12141995427377631593E-03    0.94828400504106175557E-15
    0.40296705717917919998E+01    0.91749704245090146488E-04    0.55139193013721192164E-15
    0.40384583685985990797E+01    0.69185216920580330183E-04   -0.20488323983936999442E-15
    0.40472461654054052715E+01    0.52065211732025443810E-04   -0.89158906478499608754E-15
    0.40560339622122123515E+01    0.39105125581324574272E-04   -0.10920254827320554084E-14
    0.40648217590190194315E+01    0.29315775586347779790E-04   -0.69489880388398332071E-15
    0.40736095558258256233E+01    0.21936212756070734277E-04    0.33932590313878934461E-16
    0.40823973526326327033E+01    0.16384641086373912498E-04    0.69147092335763863482E-15
    0.40911851494394397832E+01    0.12216204391326993228E-04    0.99400830662746921675E-15
    0.40999729462462468632E+01    0.90920677400558389799E-05    0.86358833675307070084E-15
    0.41087607430530530550E+01    0.67550453982385814971E-05    0.41608898022987126624E-15
    0.41175485398598601350E+01    0.50098276993733251980E-05   -0.11061586288194522879E-15
    0.41263363366666672150E+01    0.37089813780161939784E-05   -0.50138557541442211695E-15
    0.41351241334734734068E+01    0.27410730057213498959E-05   -0.68118199437865853265E-15
    0.41439119302802804867E+01    0.20221560162927887940E-05   -0.68326270303020829416E-15
    0.41526997270870875667E+01    0.14891857585980650565E-05   -0.54389854322791123280E-15
    0.41614875238938937585E+01    0.10947420892293116995E-05   -0.26904653681419340426E-15
    0.41702753207007008385E+01    0.80337474047451247816E-06    0.95524454997276256709E-16
    0.41790631175075079184E+01    0.58853243631101682541E-06    0.40706971081704969495E-15
    0.41878509143143141102E+01    0.43039453802123297385E-06    0.48694734206488595877E-15
    0.41966387111211211902E+01    0.31421467961964582608E-06    0.24109189431642006974E-15
    0.42054265079279282702E+01    0.22900260828403228591E-06   -0.25832181963146005351E-15
    0.42142143047347353502E+01    0.16662140122213263581E-06   -0.74997881625329075980E-15
    0.42230021015415415420E+01    0.12103311488153949377E-06   -0.83709926795998052230E-15
    0.42317898983483486219E+01    0.87772762171783295849E-07   -0.26614690639073639522E-15
    0.42405776951551557019E+01    0.63550591704286941256E-07    0.71720189742564221971E-15
    0.42493654919619618937E+01    0.45937830432829233167E-07    0.14355903538171409951E-14
    0.42581532887687689737E+01    0.33153981508219706330E-07    0.14142437705905280530E-14
    0.42669410855755760537E+01    0.23890151532732037614E-07    0.88285102484188037618E-15
    0.42757288823823822455E+01    0.17187479731247058028E-07    0.43976129566579193248E-15
    0.42845166791891893254E+01    0.12346232503702590957E-07    0.33060806488344054089E-15
    0.42933044759959964054E+01    0.88545022893108965567E-08    0.26400428538942258415E-15
    0.43020922728028034854E+01    0.63405337855905714196E-08   -0.36065126007923063590E-16
    0.43108800696096096772E+01    0.45333788808702679216E-08   -0.35439744609977570553E-15
    0.43196678664164167571E+01    0.32362277867568514444E-08   -0.25689604025102615657E-15
    0.43284556632232238371E+01    0.23067217563723014593E-08    0.29629417072781082875E-15
    0.43372434600300300289E+01    0.16416035219008082763E-08    0.81270763854938998732E-15
    0.43460312568368371089E+01    0.11665402997032302181E-08    0.77574604857380047674E-15
    0.43548190536436441889E+01    0.82777082271935167214E-09    0.12913041986941819107E-15
    0.43636068504504503807E+01    0.58653802142949051364E-09   -0.73795415084536487485E-15
    0.43723946472572574606E+01    0.41503886425771991920E-09   -0.12666463336113403925E-14
    0.43811824440640645406E+01    0.29327832468036270623E-09   -0.10428942602457917956E-14
    0.43899702408708707324E+01    0.20698865207808657166E-09   -0.13746746898561000411E-15
    0.43987580376776778124E+01    0.14592827721282373688E-09    0.75554400253979252603E-15
    0.44075458344844848924E+01    0.10276922022947203801E-09    0.86825171557488518966E-15
    0.44163336312912919723E+01    0.72301157799498703920E-10    0.18092279016245114181E-15
    0.44251214280980981641E+01    0.50813464983874579562E-10   -0.50989885059238984347E-15
    0.44339092249049052441E+01    0.35684090183593708398E-10   -0.50633465765913664942E-15
    0.44426970217117123241E+01    0.25044382826393758110E-10    0.25146140151500284943E-16
    0.44514848185185185159E+01    0.17565841995555242868E-10    0.39315954679126487570E-15
    0.44602726153253255958E+01    0.12311570955870324262E-10    0.22076313329940737394E-15
    0.44690604121321326758E+01    0.86209177701139498541E-11   -0.27038889628507866563E-15
    0.44778482089389388676E+01    0.60319912603940994883E-11   -0.71663467501470310276E-15
    0.44866360057457459476E+01    0.42183808678382437458E-11   -0.10431855886997098234E-14
    0.44954238025525530276E+01    0.29491960658678716635E-11   -0.13588879956207726372E-14
    0.45042115993593592194E+01    0.20614671107513313488E-11   -0.16138820765493276772E-14
    0.45129993961661662993E+01    0.14396929161403014769E-11   -0.15528061137433984096E-14
    0.45217871929729733793E+01    0.10035750535344828001E-11   -0.10545703650910629765E-14
    0.45305749897797804593E+01    0.69794682768664007357E-12   -0.38808302180002674373E-15
    0.45393627865865866511E+01    0.48491340847492212681E-12    0.35214591130912481379E-16
    0.45481505833933937311E+01    0.33734751039883901416E-12    0.11590207556748044466E-15
    0.45569383802002008110E+01    0.23490623381258044673E-12    0.12680247080215876656E-15
    0.45657261770070070028E+01    0.16310609763469583887E-12    0.26990768023202613495E-15
    0.45745139738138140828E+01    0.11264099133634295599E-12    0.34022064644173231408E-15
    0.45833017706206211628E+01    0.77687230410956736738E-13    0.27118479016285345097E-16
    0.45920895674274273546E+01    0.53838222160683095783E-13   -0.53098063957687392837E-15
    0.46008773642342344345E+01    0.37226758795668938366E-13   -0.74223314345296819084E-15
    0.46096651610410415145E+01    0.25136612160973380244E-13   -0.24958177578814568517E-15
    0.46184529578478477063E+01    0.16488036682060859085E-13    0.54989881919155634969E-15
    0.46272407546546547863E+01    0.11068276402272228563E-13    0.91915958233839317288E-15
    0.46360285514614618663E+01    0.82574309910742956040E-14    0.58389613751597856223E-15
    0.46448163482682689462E+01    0.67201226269899335313E-14   -0.59474224650320639558E-16
    0.46536041450750751380E+01    0.53091924828408878418E-14   -0.48836297757626447691E-15
    0.46623919418818822180E+01    0.38316803336805519523E-14   -0.55280969650445868035E-15
    0.46711797386886892980E+01    0.27003593139578209563E-14   -0.40727728978862420600E-15
    0.46799675354954954898E+01    0.21104630868557690682E-14   -0.19150678120251727147E-15
    0.46887553323023025698E+01    0.17754207004750323521E-14    0.88141963943212822068E-16
    0.46975431291091096497E+01    0.13699941109994181867E-14    0.41865632670690611997E-15
    0.47063309259159158415E+01    0.92790489032512217660E-15    0.66307341357404735711E-15
    0.47151187227227229215E+01    0.70805442347009502280E-15    0.65646695008143820614E-15
    0.47239065195295300015E+01    0.83129706906692294979E-15    0.38702721825047715996E-15
    0.47326943163363361933E+01    0.11325807010265149438E-14    0.28267839996534394253E-16
    0.47414821131431432732E+01    0.12880841925401489304E-14   -0.21283684629255697426E-15
    0.47502699099499503532E+01    0.10041209353571923367E-14   -0.23962363564671923679E-15
    0.47590577067567574332E+01    0.24788444660172584710E-15   -0.85198415291790563026E-16
    0.47678455035635636250E+01   -0.55005413390620735653E-15    0.13009180856184637403E-15
    0.47766333003703707050E+01   -0.71585495361061388081E-15    0.26971519553390806177E-15
    0.47854210971771777849E+01   -0.46255824829790488628E-16    0.28082958049438533806E-15
    0.47942088939839839767E+01    0.75537618333249847850E-15    0.24592905879021509997E-15
    0.48029966907907910567E+01    0.75186531891718633136E-15    0.27207339654662223293E-15
    0.48117844875975981367E+01   -0.14638650035915438007E-15    0.32365033860578758013E-15
    0.48205722844044043285E+01   -0.10599991727365703319E-14    0.22500693332864867478E-15
    0.48293600812112114085E+01   -0.11712584142750911751E-14   -0.13423569339267349618E-15
    0.48381478780180184884E+01   -0.57062558585705040810E-15   -0.63422233451471609462E-15
    0.48469356748248246802E+01    0.50181379282296389056E-16   -0.98691311448307988854E-15
    0.48557234716316317602E+01    0.18783880497410507829E-15   -0.90428886574521575061E-15
    0.48645112684384388402E+01   -0.13050184793712344522E-15   -0.27485336205576437559E-15
    0.48732990652452459202E+01   -0.55893573627030137992E-15    0.66104380343565440538E-15
    0.48820868620520521119E+01   -0.72147053709664641512E-15    0.12948608155343642728E-14
    0.48908746588588591919E+01   -0.44982329178806464836E-15    0.11086455112890316531E-14
    0.48996624556656662719E+01    0.39554006572290943629E-16    0.27360263593092131156E-15
    0.49084502524724724637E+01    0.28541530986263818252E-15   -0.41760570718132157188E-15
    0.49172380492792795437E+01    0.79829363719187362903E-16   -0.39160352884196377613E-15
    0.49260258460860866236E+01   -0.22141415813534731432E-15    0.94979981222174541910E-16
    0.49348136428928928154E+01   -0.12278215212119200307E-15    0.41093679341892564212E-15
    0.49436014396996998954E+01    0.33235031839136564779E-15    0.40249555625636940502E-15
    0.49523892365065069754E+01    0.55003145031251308625E-15    0.50253564195093375194E-15
    0.49611770333133140554E+01    0.14740066389962831907E-15    0.97169473417180447229E-15
    0.49699648301201202472E+01   -0.50051966406025737426E-15    0.13597736417139600025E-14
    0.49787526269269273271E+01   -0.72142231450568572833E-15    0.10365688140261776549E-14
    0.49875404237337344071E+01   -0.37337228851313743594E-15    0.98507789041089983225E-16
    0.49963282205405405989E+01    0.49318451496192094174E-16   -0.60672135409486955513E-15
    0.50051160173473476789E+01    0.14517613684554780882E-15   -0.47108224027885774065E-15
    0.50139038141541547589E+01    0.14057188822608492205E-15    0.14632786523958839005E-15
    0.50226916109609609506E+01    0.46219341787485457181E-15    0.44215392241530299234E-15
    0.50314794077677680306E+01    0.97424184589282201783E-15    0.15438455682838825422E-15
    0.50402672045745751106E+01    0.99112971092980140527E-15   -0.23501578797872392824E-15
    0.50490550013813813024E+01    0.17303922681008191321E-15   -0.20099048960222684654E-15
    0.50578427981881883824E+01   -0.86347463236844192433E-15    0.23499904541777027993E-15
    0.50666305949949954623E+01   -0.11678656595205271622E-14    0.65812659533032014976E-15
    0.50754183918018025423E+01   -0.51427991903643584981E-15    0.71406819693339287875E-15
    0.50842061886086087341E+01    0.42295579346440710074E-15    0.33808341070461646768E-15
    0.50929939854154158141E+01    0.89855553370297281312E-15   -0.28448462760149217671E-15
    0.51017817822222228941E+01    0.79417048333334985674E-15   -0.81925066344141430723E-15
    0.51105695790290290859E+01    0.48169012335842337111E-15   -0.93628251463509093283E-15
    0.51193573758358361658E+01    0.34630385235285315728E-15   -0.47847084605274967737E-15
    0.51281451726426432458E+01    0.51206264172094433967E-15    0.43409397246812207557E-15
    0.51369329694494494376E+01    0.81253766826608551621E-15    0.13756702719370953614E-14
    0.51457207662562565176E+01    0.87861758173423734440E-15    0.17202855631474871747E-14
    0.51545085630630635976E+01    0.44698469515965357532E-15    0.10909059698174190770E-14
    0.51632963598698697893E+01   -0.29161612494114412429E-15   -0.12926664837384778993E-15
    0.51720841566766768693E+01   -0.78752913561141508292E-15   -0.97607708764117613361E-15
    0.51808719534834839493E+01   -0.70918286138618559009E-15   -0.83396021570337274648E-15
    0.51896597502902910293E+01   -0.33033571439705304254E-15   -0.64968692158130597479E-16
    0.51984475470970972211E+01   -0.17502360266169989421E-15    0.53216073612559645670E-15
    0.52072353439039043010E+01   -0.40797466363595679416E-15    0.66326878437416750508E-15
    0.52160231407107113810E+01   -0.72979436805769722206E-15    0.67778540546619436583E-15
    0.52248109375175184610E+01   -0.82929209978196508596E-15    0.82487047593507414816E-15
    0.52335987343243246528E+01   -0.73225708098619547032E-15    0.74576657658264342759E-15
    0.52423865311311317328E+01   -0.62366905506889270973E-15    0.19098166476871842583E-18
    0.52511743279379388127E+01   -0.49173986699607319198E-15   -0.10888713983264278678E-14
    0.52599621247447450045E+01   -0.12845870581052303289E-15   -0.15348058283790461933E-14
    0.52687499215515520845E+01    0.48334168834155254670E-15   -0.80558014166205404029E-15
    0.52775377183583591645E+01    0.94675565276060258561E-15    0.43788824216454604374E-15
    0.52863255151651653563E+01    0.83978780279569956610E-15    0.10745660753950184915E-14
    0.52951133119719724363E+01    0.28143624655861562830E-15    0.74374915142722269157E-15
    0.53039011087787795162E+01   -0.12341121177256147751E-15    0.49702287486934306453E-16
    0.53126889055855857080E+01   -0.10326602739985957395E-17   -0.33296738181606010263E-15
    0.53214767023923927880E+01    0.32448707819087605516E-15   -0.36611141745693784653E-15
    0.53302644991991998680E+01    0.31810295031804603061E-15   -0.39060320522259573281E-15
    0.53390522960060069479E+01    0.13251454445342521678E-16   -0.53029646041721492991E-15
    0.53478400928128131397E+01   -0.87350211424979548727E-17   -0.58124315942423801290E-15
    0.53566278896196202197E+01    0.51378244684343037005E-15   -0.42394733712019286149E-15
    0.53654156864264272997E+01    0.98257495650481962912E-15   -0.29524949292281126001E-15
    0.53742034832332334915E+01    0.62268554574737991728E-15   -0.47110041779821686165E-15
    0.53829912800400405715E+01   -0.46799476773519539553E-15   -0.78193218483148468548E-15
    0.53917790768468476514E+01   -0.13148239169169020425E-14   -0.70002255487818391855E-15
    0.54005668736536538432E+01   -0.11626925111873673109E-14   -0.23396233733338014742E-16
    0.54093546704604609232E+01   -0.27224195316491247231E-15    0.71119627760964395411E-15
    0.54181424672672680032E+01    0.51945147454014252891E-15    0.77342266373949628419E-15
    0.54269302640740750832E+01    0.67044637722740550479E-15    0.74403504699303746555E-16
    0.54357180608808812750E+01    0.25912575767381825947E-15   -0.75831662297231476954E-15
    0.54445058576876883549E+01   -0.27866225187754404174E-15   -0.11008292318591170968E-14
    0.54532936544944954349E+01   -0.48693063682389107234E-15   -0.89053950401944625119E-15
    0.54620814513013016267E+01   -0.19488951987382621956E-15   -0.44669906900135574726E-15
    0.54708692481081087067E+01    0.25476040883009896171E-15   -0.32025342503242434221E-16
    0.54796570449149157866E+01    0.24746431152634413283E-15    0.29175228632285997246E-15
    0.54884448417217219784E+01   -0.39420600648784883948E-15    0.49713271179396057456E-15
    0.54972326385285290584E+01   -0.10400495186390231432E-14    0.47105911725641756853E-15
    0.55060204353353361384E+01   -0.94378466801024733478E-15    0.13616917419511681462E-15
    0.55148082321421423302E+01   -0.21641424492805292732E-15   -0.36313920429396171488E-15
    0.55235960289489494102E+01    0.25105728754727700245E-15   -0.70726502571596173779E-15
    0.55323838257557564901E+01   -0.69362250476378219450E-16   -0.68405000591729420674E-15
    0.55411716225625635701E+01   -0.62272014955092541113E-15   -0.37848415160841326356E-15
    0.55499594193693697619E+01   -0.54296295806837981542E-15   -0.33919382143121962709E-16
    0.55587472161761768419E+01    0.14941893214469247799E-15    0.19307867109521608948E-15
    0.55675350129829839219E+01    0.55332371181673641808E-15    0.30342684476201822515E-15
    0.55763228097897901137E+01    0.10802529655854334337E-15    0.34669082883795919170E-15
    0.55851106065965971936E+01   -0.61973272795237397861E-15    0.33214972297397216948E-15
    0.55938984034034042736E+01   -0.70398889239893511385E-15    0.25634228611641145712E-15
    0.56026862002102104654E+01   -0.76317271258384690531E-16    0.16577951485346619510E-15
    0.56114739970170175454E+01    0.42404658075614135328E-15    0.14334725014876489755E-15
    0.56202617938238246253E+01    0.17035984912574448144E-15    0.21862993551613298110E-15
    0.56290495906306308171E+01   -0.48573254457434568489E-15    0.31936390881860468195E-15
    0.56378373874374378971E+01   -0.76583098804416678535E-15    0.35446971519350878432E-15
    0.56466251842442449771E+01   -0.41788645323603322744E-15    0.33034469105726604900E-15
    0.56554129810510520571E+01    0.12179104118051665109E-15    0.34017544094097480426E-15
    0.56642007778578582489E+01    0.36013642497750028026E-15    0.42825266408451569840E-15
    0.56729885746646653288E+01    0.24118155919746347266E-15    0.50706760717135690899E-15
    0.56817763714714724088E+01    0.15733124843699676262E-16    0.45085929082335495593E-15
    0.56905641682782786006E+01   -0.10197497180142662938E-15    0.23830786491045754336E-15
    0.56993519650850856806E+01   -0.81563826182616033366E-16   -0.37037691893092767979E-16
    0.57081397618918927606E+01   -0.21839088970073732991E-16   -0.28620559847256055222E-15
    0.57169275586986989524E+01   -0.56018508933289261042E-16   -0.49936473049028023687E-15
    0.57257153555055060323E+01   -0.22639518767904935659E-15   -0.66416568992054404589E-15
    0.57345031523123131123E+01   -0.37877696664215440919E-15   -0.65317719136497983793E-15
    0.57432909491191193041E+01   -0.27296465426965872167E-15   -0.30985123641954757704E-15
    0.57520787459259263841E+01    0.10419161917478001706E-15    0.27827207668341374428E-15
    0.57608665427327334640E+01    0.39499348283234966230E-15    0.67880648463959461880E-15
    0.57696543395395405440E+01    0.21252346711614897772E-15    0.50184987762104842043E-15
    0.57784421363463467358E+01   -0.40225791691365495656E-15   -0.10917142865708374329E-15
    0.57872299331531538158E+01   -0.98894747012459041220E-15   -0.54029412672181780202E-15
    0.57960177299599608958E+01   -0.11242807395756583712E-14   -0.30056234681521052447E-15
    0.58048055267667670876E+01   -0.76658753832835241425E-15    0.54251420104640954187E-15
    0.58135933235735741675E+01   -0.17884272519242042178E-15    0.14884546544352851528E-14
    0.58223811203803812475E+01    0.29900030101941203495E-15    0.19387642912380935142E-14
    0.58311689171871874393E+01    0.42736013601667193581E-15    0.15244045819379482837E-14
    0.58399567139939945193E+01    0.18720058968164106317E-15    0.40801130662000387661E-15
    0.58487445108008015993E+01   -0.19454175986827507464E-15   -0.67521743303458325139E-15
    0.58575323076076077911E+01   -0.43038933594215048251E-15   -0.10007106367493317246E-14
    0.58663201044144148710E+01   -0.40630839200953370264E-15   -0.55520936777068422741E-15
    0.58751079012212219510E+01   -0.21755712918956264278E-15    0.23404139897818128056E-16
    0.58838956980280290310E+01   -0.16582220791338942774E-16    0.21899543828164987039E-15
    0.58926834948348352228E+01    0.11164498675902345961E-15    0.14630342599862057841E-15
    0.59014712916416423027E+01    0.14924306822286149875E-15    0.20313176708573998693E-15
    0.59102590884484493827E+01    0.10361035618671981542E-15    0.48376343970374601621E-15
    0.59190468852552555745E+01   -0.39292127793420390077E-17    0.69705594829318482010E-15
    0.59278346820620626545E+01   -0.12047427621960990516E-15    0.56135529825765393575E-15
    0.59366224788688697345E+01   -0.16477876266926816555E-15    0.10288250257508564260E-15
    0.59454102756756759263E+01   -0.88976641676805187347E-16   -0.42237349300005790277E-15
    0.59541980724824830062E+01    0.52793101965178806514E-16   -0.73430285177976230171E-15
    0.59629858692892900862E+01    0.12959626872276850372E-15   -0.67075512570501196001E-15
    0.59717736660960962780E+01    0.45158339846005063717E-16   -0.26332588060461808591E-15
    0.59805614629029033580E+01   -0.17696522087556723718E-15    0.25971979617825792759E-15
    0.59893492597097104380E+01   -0.39623401538551173747E-15    0.62181663077459053979E-15
    0.59981370565165175179E+01   -0.40487107354632766490E-15    0.68009029225517684024E-15
    0.60069248533233237097E+01   -0.74862799033321673521E-16    0.47232569448214408563E-15
    0.60157126501301307897E+01    0.41612191967339343611E-15    0.13862623712640282986E-15
    0.60245004469369378697E+01    0.56497843932202862834E-15   -0.15640003293064361177E-15
    0.60332882437437440615E+01    0.26612270681101279665E-16   -0.26314432325200225014E-15
    0.60420760405505511415E+01   -0.84411607233064508786E-15   -0.76695039441065744615E-16
    0.60508638373573582214E+01   -0.12231320166868990256E-14    0.40859163047169223067E-15
    0.60596516341641644132E+01   -0.73519573238131989447E-15    0.10255836505816497521E-14
    0.60684394309709714932E+01    0.54629743825968534340E-16    0.14506707530486036785E-14
    0.60772272277777785732E+01    0.33275999016010071040E-15    0.14325702278939079146E-14
    0.60860150245845856531E+01   -0.40688680294677028578E-17    0.10426689695556630787E-14
    0.60948028213913918449E+01   -0.34675237569483487826E-15    0.58727532400819733315E-15
    0.61035906181981989249E+01   -0.22977816489478478293E-15    0.22324530720852840455E-15
    0.61123784150050060049E+01    0.13083554393247369454E-15   -0.21746117078104459907E-15
    0.61211662118118121967E+01    0.26985807880929750255E-15   -0.84194421572627974187E-15
    0.61299540086186192767E+01    0.14103145593676850918E-15   -0.12341400110501022237E-14
    0.61387418054254263566E+01    0.13472226686160978539E-15   -0.74268446994394655588E-15
    0.61475296022322325484E+01    0.51565022429244251762E-15    0.58389090279865055380E-15
    0.61563173990390396284E+01    0.10625051939264641026E-14    0.16338142886807770948E-14
    0.61651051958458467084E+01    0.13258590813414220570E-14    0.13424031854095774691E-14
    0.61738929926526529002E+01    0.10580205556285896933E-14    0.46678546906248935325E-16
    0.61826807894594599802E+01    0.37896685692031611160E-15   -0.80797241589915278239E-15
    0.61914685862662670601E+01   -0.30215157803280794699E-15   -0.39453250252921617012E-15
    0.62002563830730741401E+01   -0.48140953537339720414E-15    0.52449044955030874328E-15
    0.62090441798798803319E+01    0.52650011869202088485E-16    0.70987768559363196427E-15
    0.62178319766866874119E+01    0.87003113100614490356E-15    0.18668186146956184352E-16
    0.62266197734934944918E+01    0.11872609949026146351E-14   -0.58704643868501777434E-15
    0.62354075703003006836E+01    0.69385917402130400600E-15   -0.39448880616605765096E-15
    0.62441953671071077636E+01   -0.48791717492615533625E-16    0.21765099000896463096E-15
    0.62529831639139148436E+01   -0.30143553734559264416E-15    0.43789659647539003206E-15
    0.62617709607207210354E+01   -0.50341317459222983542E-16    0.40722047307766529093E-16
    0.62705587575275281154E+01    0.70904105433247663791E-16   -0.50641463123645716478E-15
    0.62793465543343351953E+01   -0.29971607340468623014E-15   -0.72911267610344427740E-15
    0.62881343511411413871E+01   -0.74467840790558060136E-15   -0.61268768129144253724E-15
    0.62969221479479484671E+01   -0.68200635583877300069E-15   -0.37927937041405478473E-15
    0.63057099447547555471E+01   -0.20353980459629580775E-15   -0.97917571819502417454E-16
    0.63144977415615626271E+01    0.15124419444250976340E-16    0.31415720411597887409E-15
    0.63232855383683688189E+01   -0.40734770871224873695E-15    0.75874377479860971737E-15
    0.63320733351751758988E+01   -0.10670156471764673621E-14    0.83905728787331497920E-15
    0.63408611319819829788E+01   -0.13281117130635082795E-14    0.29509057055642764907E-15
    0.63496489287887891706E+01   -0.10928601511875602250E-14   -0.50121411232632444470E-15
    0.63584367255955962506E+01   -0.78931491362596967151E-15   -0.78761943079057684641E-15
    0.63672245224024033305E+01   -0.70011698873567219049E-15   -0.26289488424694369285E-15
    0.63760123192092095223E+01   -0.59380069484066092250E-15    0.50217916006745585168E-15
    0.63848001160160166023E+01   -0.17366995290579054618E-15    0.75634343476811123314E-15
    0.63935879128228236823E+01    0.33354903668052842438E-15    0.45800123386635848436E-15
    0.64023757096296298741E+01    0.35179470671943636688E-15    0.19590641074765750979E-15
    0.64111635064364369541E+01   -0.24376977124840990964E-15    0.30472319196637742354E-15
    0.64199513032432440340E+01   -0.78554120218635671499E-15    0.39916512735295669752E-15
    0.64287391000500511140E+01   -0.60713389701750738260E-15   -0.16319111276308994777E-18
    0.64375268968568573058E+01    0.52274488714957491201E-17   -0.65659006333464173236E-15
    0.64463146936636643858E+01    0.96999248601864209109E-16   -0.80782231349333203240E-15
    0.64551024904704714658E+01   -0.66459512536510669999E-15   -0.17411485523798212480E-15
    0.64638902872772776576E+01   -0.13899426363776980218E-14    0.55474450882984139539E-15
    0.64726780840840847375E+01   -0.10670615328324101570E-14    0.53189993768917913624E-15
    0.64814658808908918175E+01    0.68372998026184378769E-16   -0.21069366101313357707E-15
    0.64902536776976980093E+01    0.77198350907030250746E-15   -0.85815190831305773734E-15
    0.64990414745045050893E+01    0.33750712070521794558E-15   -0.83284761373628708303E-15
    0.65078292713113121692E+01   -0.56395769935661147228E-15   -0.38552907713546416455E-15
    0.65166170681181183610E+01   -0.83590634288406913597E-15   -0.69444690031361393535E-16
    0.65254048649249254410E+01   -0.26148388789371298469E-15    0.10097283052658827399E-16
    0.65341926617317325210E+01    0.44798943423999228537E-15    0.18724786733218744389E-15
    0.65429804585385396010E+01    0.63024370326434940496E-15    0.61238909815314314737E-15
    0.65517682553453457928E+01    0.31040128763727776203E-15    0.92919041010234537721E-15
    0.65605560521521528727E+01   -0.10085481798326932733E-15    0.71672041970585019845E-15
    0.65693438489589599527E+01   -0.33793355284415546168E-15    0.62186685274582832141E-16
    0.65781316457657661445E+01   -0.41784087390442104270E-15   -0.49676286697847832296E-15
    0.65869194425725732245E+01   -0.45355264912867715705E-15   -0.53655502875599523790E-15
    0.65957072393793803045E+01   -0.50444954766504856042E-15   -0.10854361548757107438E-15
    0.66044950361861864963E+01   -0.57600575386328667895E-15    0.43364387254439391147E-15
    0.66132828329929935762E+01   -0.65945491314948634100E-15    0.74658098759698405304E-15
    0.66220706297998006562E+01   -0.73240834242215718382E-15    0.65314628234641100228E-15
    0.66308584266066068480E+01   -0.72942573713209635650E-15    0.16660798651514746765E-15
    0.66396462234134139280E+01   -0.55697541721588579604E-15   -0.53104197279718528779E-15
    0.66484340202202210079E+01   -0.20527783481113033049E-15   -0.11750547492062073002E-14
    0.66572218170270280879E+01    0.15041002120867794594E-15   -0.15224361738097408728E-14
    0.66660096138338342797E+01    0.27164600810889137681E-15   -0.14482159735825378737E-14
    0.66747974106406413597E+01    0.14596859672887620278E-15   -0.10296116161843220893E-14
    0.66835852074474484397E+01    0.69857971052461499113E-16   -0.53735765695124779144E-15
    0.66923730042542546315E+01    0.27961512684596526989E-15   -0.24227157869876042941E-15
    0.67011608010610617114E+01    0.55508604375921501513E-15   -0.20554371200529823173E-15
    0.67099485978678687914E+01    0.43240849537348041164E-15   -0.28987906565657081442E-15
    0.67187363946746749832E+01   -0.12361639365494475920E-15   -0.34272219243294763687E-15
    0.67275241914814820632E+01   -0.48953612009121684579E-15   -0.31362498416598745354E-15
    0.67363119882882891432E+01   -0.13448050356419478495E-15   -0.20355938034251362971E-15
    0.67450997850950962231E+01    0.55188162636623531099E-15    0.14917704227084510742E-16
    0.67538875819019024149E+01    0.62816991377802125171E-15    0.35823942168494968661E-15
    0.67626753787087094949E+01   -0.13050777018869711297E-15    0.70450325261406092050E-15
    0.67714631755155165749E+01   -0.74271608590550225530E-15    0.78171514187205064316E-15
    0.67802509723223227667E+01   -0.25807678949264591426E-15    0.40299344646596160599E-15
    0.67890387691291298466E+01    0.83693129446311895531E-15   -0.28315464644485784136E-15
    0.67978265659359369266E+01    0.10934335964295090893E-14   -0.85912760212692870303E-15
    0.68066143627427431184E+01   -0.16478438677574590193E-16   -0.94804112635869469169E-15
    0.68154021595495501984E+01   -0.12718373175683759628E-14   -0.46028034763134030524E-15
    0.68241899563563572784E+01   -0.12309233920563439097E-14    0.33418716007984103780E-15
    0.68329777531631634702E+01   -0.55736314443078787296E-16    0.85018589344969087490E-15
    0.68417655499699705501E+01    0.81532723817492974989E-15    0.56953442408478172081E-15
    0.68505533467767776301E+01    0.60468001208442461807E-15   -0.34807748162362408632E-15
    0.68593411435835847101E+01    0.13219996563023701560E-15   -0.97230310099949926674E-15
    0.68681289403903909019E+01    0.48821615923845554775E-15   -0.56093644916111904963E-15
    0.68769167371971979819E+01    0.14125821674455466809E-14    0.44603871249764000554E-15
    0.68857045340040050618E+01    0.16372928392412243841E-14    0.87003437860452168325E-15
    0.68944923308108112536E+01    0.67856953042867222813E-15    0.28656611118209204331E-15
    0.69032801276176183336E+01   -0.37194497731136568345E-15   -0.36448002236567804460E-15
    0.69120679244244254136E+01   -0.26398860386270503200E-15   -0.70654823300981993355E-16
    0.69208557212312316054E+01    0.74120793322201356747E-15    0.77897971071067950573E-15
    0.69296435180380386853E+01    0.12342357347290017194E-14    0.85600603095454664785E-15
    0.69384313148448457653E+01    0.50991980655974026497E-15   -0.23999007989269895837E-15
    0.69472191116516519571E+01   -0.54536818130170436663E-15   -0.12281612715930042064E-14
    0.69560069084584590371E+01   -0.69017610530500213983E-15   -0.78423355334092806842E-15
    0.69647947052652661171E+01    0.13797861917707709429E-15    0.59839044194550283223E-15
    0.69735825020720731970E+01    0.91870252999919088227E-15    0.11507297395996573427E-14
    0.69823702988788793888E+01    0.84323501791623622593E-15    0.10410262321900173931E-15
    0.69911580956856864688E+01    0.84734147053310375475E-16   -0.12889392462150778513E-14
    0.69999458924924935488E+01   -0.64563699667964996006E-15   -0.14270065676404518683E-14
    0.70087336892992997406E+01   -0.80808605262870098342E-15   -0.35632203999894728214E-15
    0.70175214861061068206E+01   -0.31810138877472652790E-15    0.50785304869112967931E-15
    0.70263092829129139005E+01    0.49988337146830111729E-15    0.30058145974771885947E-15
    0.70350970797197200923E+01    0.11049464794400448170E-14   -0.32689798152621892170E-15
    0.70438848765265271723E+01    0.11449809340039987649E-14   -0.32475854903207490749E-15
    0.70526726733333342523E+01    0.80630091626690572264E-15    0.34880640229590013689E-15
    0.70614604701401404441E+01    0.58385852897604045419E-15    0.84225077269412209109E-15
    0.70702482669469475240E+01    0.64978028006153601046E-15    0.61569728002092386757E-15
    0.70790360637537546040E+01    0.62051337959443081379E-15    0.57477747911590492577E-16
    0.70878238605605616840E+01    0.13417568641126060359E-15   -0.18474193429245797514E-15
    0.70966116573673678758E+01   -0.52191422822620746447E-15   -0.49226140457448605308E-16
    0.71053994541741749558E+01   -0.66420095615519090063E-15    0.15028429676910368324E-16
    0.71141872509809820357E+01   -0.77797724465098890445E-16   -0.22529973539349671844E-15
    0.71229750477877882275E+01    0.63225734686046201069E-15   -0.44775278907949883740E-15
    0.71317628445945953075E+01    0.73983457469103986368E-15   -0.25693104352915703405E-15
    0.71405506414014023875E+01    0.20960604165898680091E-15    0.24164455194393632286E-15
    0.71493384382082085793E+01   -0.37210530122993468571E-15    0.54635474119576367054E-15
    0.71581262350150156593E+01   -0.48934502863047895610E-15    0.34037558439624015607E-15
    0.71669140318218227392E+01   -0.12416701929044357570E-15   -0.19045588678292668792E-15
    0.71757018286286289310E+01    0.40375508547231929957E-15   -0.60018705526507554021E-15
    0.71844896254354360110E+01    0.73919475555235588841E-15   -0.54605768177623921537E-15
    0.71932774222422430910E+01    0.69093495972592128515E-15    0.14646405862657879929E-16
    0.72020652190490501710E+01    0.34564784211292592167E-15    0.76208636413268893670E-15
    0.72108530158558563627E+01    0.27597455779963287718E-16    0.11533291532301443139E-14
    0.72196408126626634427E+01   -0.48922439340025139947E-17    0.90243521596155892702E-15
    0.72284286094694705227E+01    0.15521038973333283390E-15    0.39245658113004141825E-15
    0.72372164062762767145E+01    0.20967207663904821146E-15    0.31653813076629371837E-15
    0.72460042030830837945E+01    0.88302236953303693411E-16    0.81125205572981875200E-15
    0.72547919998898908744E+01    0.91419000544749781087E-16    0.11872196018662873909E-14
    0.72635797966966970662E+01    0.46648756015901203245E-15    0.80843853842218090792E-15
    0.72723675935035041462E+01    0.96781473677222372779E-15    0.10837671965359326072E-16
    0.72811553903103112262E+01    0.10620886319504697487E-14   -0.26750496475664499113E-15
    0.72899431871171174180E+01    0.56371745892210980828E-15    0.28622387836717949571E-15
    0.72987309839239244980E+01   -0.11012415091424632284E-15    0.88794263314343844769E-15
    0.73075187807307315779E+01   -0.42590167361649872483E-15    0.65869900821766158955E-15
    0.73163065775375386579E+01   -0.29277521983863186497E-15   -0.26434499811918127266E-15
    0.73250943743443448497E+01   -0.29237109409675198912E-16   -0.95998636617288145977E-15
    0.73338821711511519297E+01    0.72808174864169666568E-16   -0.85490343355809708213E-15
    0.73426699679579590097E+01    0.83904738330858306210E-17   -0.27954382143956372398E-15
    0.73514577647647652014E+01   -0.51329269311009892305E-16    0.12659825817073743471E-15
    0.73602455615715722814E+01    0.46551169999891480809E-16    0.15917626522487504345E-15
    0.73690333583783793614E+01    0.31272677475210789974E-15    0.67499561579465789772E-16
    0.73778211551851855532E+01    0.55123589236587718824E-15    0.83053999836512492835E-16
    0.73866089519919926332E+01    0.43646254592972062993E-15    0.14907303864495140626E-15
    0.73953967487987997131E+01   -0.17409950788251877510E-15    0.74534330995135678452E-16
    0.74041845456056067931E+01   -0.97020482739746108503E-15   -0.23114223862429199357E-15
    0.74129723424124129849E+01   -0.14012002445895311427E-14   -0.66611602575569777517E-15
    0.74217601392192200649E+01   -0.11977726770179431215E-14   -0.95113450896305369183E-15
    0.74305479360260271449E+01   -0.60238077674535100275E-15   -0.76247413601879806966E-15
    0.74393357328328333367E+01   -0.52018259048004247579E-16   -0.50599578808118409639E-16
    0.74481235296396404166E+01    0.20876926617174198796E-15    0.71763454727731951279E-15
    0.74569113264464474966E+01    0.18329509194225555596E-15    0.88291275063567100142E-15
    0.74656991232532536884E+01   -0.42375780212608509134E-16    0.26965286812561455207E-15
    0.74744869200600607684E+01   -0.38771345825920137376E-15   -0.57895184421434476274E-15
    0.74832747168668678484E+01   -0.70329727783133125027E-15   -0.96926663439120239926E-15
    0.74920625136736740401E+01   -0.71238807013547421673E-15   -0.69502690970110567090E-15
    0.75008503104804811201E+01   -0.21281869982314715941E-15   -0.55867098263672059931E-16
    0.75096381072872882001E+01    0.57131925381203436392E-15    0.53299215811884058884E-15
    0.75184259040940952801E+01    0.99007146225633256729E-15    0.81283967287331567385E-15
    0.75272137009009014719E+01    0.58269977313794049758E-15    0.69506433851952847419E-15
    0.75360014977077085518E+01   -0.34577756635152902581E-15    0.21649307524741560491E-15
    0.75447892945145156318E+01   -0.10170958640677538193E-14   -0.47037109246047263504E-15
    0.75535770913213218236E+01   -0.10162168193393072535E-14   -0.10893903209523884965E-14
    0.75623648881281289036E+01   -0.64904164135664442130E-15   -0.13193011507693894027E-14
    0.75711526849349359836E+01   -0.42313796560552492766E-15   -0.10185861855154158287E-14
    0.75799404817417421754E+01   -0.45165388436664768217E-15   -0.40831810835944240275E-15
    0.75887282785485492553E+01   -0.49542096807443253209E-15    0.92533109637703726302E-16
    0.75975160753553563353E+01   -0.40852735231917423412E-15    0.24461323747856778691E-15
    0.76063038721621625271E+01   -0.32872966099586735589E-15    0.14568852314958075932E-15
    0.76150916689689696071E+01   -0.39022946589423095966E-15   -0.54584023180109644711E-17
    0.76238794657757766871E+01   -0.42512942152266471658E-15   -0.16917473924421327672E-15
    0.76326672625825837670E+01   -0.13638190009067641791E-15   -0.40054253176540368671E-15
    0.76414550593893899588E+01    0.44662396870871715671E-15   -0.59000068187211759888E-15
    0.76502428561961970388E+01    0.86123508881310499213E-15   -0.44063643592154927979E-15
    0.76590306530030041188E+01    0.71434103158514518819E-15    0.14119584635992226012E-15
    0.76678184498098103106E+01    0.17909773466377639368E-15    0.71302295736664607912E-15
    0.76766062466166173905E+01   -0.18580295399544508993E-15    0.65367077944697338859E-15
    0.76853940434234244705E+01   -0.33318813520492095481E-16   -0.75906165942172322012E-16
    0.76941818402302306623E+01    0.47307830130616650001E-15   -0.74748874942914156716E-15
    0.77029696370370377423E+01    0.90118174057675342930E-15   -0.66850232815979082781E-15
    0.77117574338438448223E+01    0.89301063186269108220E-15    0.17986563359806885867E-16
    0.77205452306506510141E+01    0.37304223361186457395E-15    0.57996091708096506798E-15
    0.77293330274574580940E+01   -0.34902786242050132336E-15    0.57747648797132379125E-15
    0.77381208242642651740E+01   -0.71168932868149320520E-15    0.25055977369587355562E-15
    0.77469086210710722540E+01   -0.40034994042146476340E-15    0.31200282980377130557E-16
    0.77556964178778784458E+01    0.24173243996490342047E-15   -0.13606143853784223358E-16
    0.77644842146846855258E+01    0.54764001970566037366E-15   -0.13123732674099353735E-15
    0.77732720114914926057E+01    0.29358169409543949900E-15   -0.46296857444224888100E-15
    0.77820598082982987975E+01   -0.58518812851584881801E-16   -0.84724001435212504029E-15
    0.77908476051051058775E+01   -0.85743305579400250696E-17   -0.10266745337656927592E-14
    0.77996354019119129575E+01    0.32823279629310286711E-15   -0.89994839480053321986E-15
    0.78084231987187191493E+01    0.43812871041829918208E-15   -0.55515193619164451219E-15
    0.78172109955255262292E+01    0.13640697523274247370E-15   -0.16608276876398290297E-15
    0.78259987923323333092E+01   -0.18300403476641488784E-15    0.98122353131543983568E-16
    0.78347865891391395010E+01   -0.11583860580436870722E-15    0.12530544084630303629E-15
    0.78435743859459465810E+01    0.18254182392055307967E-15   -0.10119754853598595135E-15
    0.78523621827527536610E+01    0.22578590657528991441E-15   -0.48362402231787442363E-15
    0.78611499795595607409E+01   -0.11404980373962769714E-15   -0.80891881267295366604E-15
    0.78699377763663669327E+01   -0.39495711043584628136E-15   -0.82370647467740960267E-15
    0.78787255731731740127E+01   -0.19634517857181715818E-15   -0.42512252505993097825E-15
    0.78875133699799810927E+01    0.30028727377417724784E-15    0.19047886754425534099E-15
    0.78963011667867872845E+01    0.54930824670149711018E-15    0.66299801041968542900E-15
    0.79050889635935943645E+01    0.34736403404474994088E-15    0.76646201305444365623E-15
    0.79138767604004014444E+01    0.68706071959853222720E-16    0.54515108319153410219E-15
    0.79226645572072076362E+01    0.11519572572399687537E-15    0.17940731145648151327E-15
    0.79314523540140147162E+01    0.36787349739390107918E-15   -0.17751627706294004936E-15
    0.79402401508208217962E+01    0.38749759610730627829E-15   -0.42429412521295485976E-15
    0.79490279476276279880E+01    0.39459944488169820946E-16   -0.45709152731713772256E-15
    0.79578157444344350679E+01   -0.30675820835983610760E-15   -0.18583583318413827834E-15
    0.79666035412412421479E+01   -0.28020433725993986972E-15    0.33253827164129674359E-15
    0.79753913380480492279E+01   -0.16831055351966997758E-17    0.80340228544910362306E-15
    0.79841791348548554197E+01    0.11121799653079578037E-15    0.88279733540781806714E-15
    0.79929669316616624997E+01   -0.76398416931484235998E-16    0.51395574915595368864E-15
    0.80017547284684695796E+01   -0.24109409088067099478E-15    0.97277912526923499091E-17
    0.80105425252752748833E+01   -0.82793077598568230139E-16   -0.26840206310828394494E-15
    0.80193303220820819632E+01    0.21514295808084993625E-15   -0.23398266268701004988E-15
    0.80281181188888890432E+01    0.20852068754955743387E-15   -0.43632339249383592827E-16
    0.80369059156956961232E+01   -0.21022973063844526197E-15    0.13962022237554254714E-15
    0.80456937125025032032E+01   -0.64159364472365085573E-15    0.27270647158121581586E-15
    0.80544815093093102831E+01   -0.69311724979551730572E-15    0.36978864818707214799E-15
    0.80632693061161173631E+01   -0.47332265782033164587E-15    0.41820662402837758685E-15
    0.80720571029229226667E+01   -0.39702922073363039356E-15    0.37886694342756916753E-15
    0.80808448997297297467E+01   -0.61327242852312070509E-15    0.23578259963295128674E-15
    0.80896326965365368267E+01   -0.82114894561535601182E-15    0.29827619744016429052E-16
    0.80984204933433439066E+01   -0.70548090263380778254E-15   -0.13677579284414349775E-15
    0.81072082901501509866E+01   -0.36245617687198026505E-15   -0.11924053114888565208E-15
    0.81159960869569580666E+01   -0.14591831658080605467E-15    0.18598424857274607649E-15
    0.81247838837637633702E+01   -0.19881492864047168761E-15    0.72590884738985678169E-15
    0.81335716805705704502E+01   -0.30149960665198600484E-15    0.12541658680130372475E-14
    0.81423594773773775302E+01   -0.22176952972926573613E-15    0.14147889118566096394E-14
    0.81511472741841846101E+01   -0.51170791049011011530E-16    0.88829088024604465461E-15
    0.81599350709909916901E+01   -0.59810599051943470977E-16   -0.32535953194726750909E-15
    0.81687228677977987701E+01   -0.29487826578992817294E-15   -0.15904806708457464923E-14
    0.81775106646046058501E+01   -0.47038189168948527487E-15   -0.18564568431498375544E-14
    0.81862984614114111537E+01   -0.30999142933218375916E-15   -0.66519770167007519791E-15
    0.81950862582182182337E+01    0.12216571547072407856E-15    0.10728857376359226511E-14
    0.82038740550250253136E+01    0.51592063852284650948E-15    0.18440579150549755317E-14
    0.82126618518318323936E+01    0.64120161305137970559E-15    0.10937599407126149929E-14
    0.82214496486386394736E+01    0.50849539794747407106E-15   -0.28266336104136416634E-15
    0.82302374454454465535E+01    0.26470832251062878879E-15   -0.10869235253261372608E-14
    0.82390252422522518572E+01    0.54096994311524534336E-16   -0.99132814894955934220E-15
    0.82478130390590589371E+01   -0.35641625551072277680E-16   -0.46943265327348308083E-15
    0.82566008358658660171E+01    0.22858462947918873106E-16   -0.43228464455575369352E-16
    0.82653886326726730971E+01    0.20440347278515112346E-15    0.13165732961573309925E-15
    0.82741764294794801771E+01    0.45067192741836505716E-15    0.12582467004000559055E-15
    0.82829642262862872570E+01    0.68685264448715484537E-15    0.21344493835392932955E-16
    0.82917520230930943370E+01    0.81847258314153865995E-15   -0.13589266567547273929E-15
    0.83005398198998996406E+01    0.72350077715574758979E-15   -0.29112407215559293488E-15
    0.83093276167067067206E+01    0.31732704075937161976E-15   -0.36712830509761524718E-15
    0.83181154135135138006E+01   -0.27953569453973519851E-15   -0.30448922064912039438E-15
    0.83269032103203208806E+01   -0.65721945195155180996E-15   -0.10705189978699405833E-15
    0.83356910071271279605E+01   -0.42201115481879674432E-15    0.13582315464063755045E-15
    0.83444788039339350405E+01    0.32141781167632573022E-15    0.24832578592178032299E-15
    0.83532666007407403441E+01    0.95353582686146213233E-15    0.58049309489516696942E-16
    0.83620543975475474241E+01    0.99602505208799948384E-15   -0.38978216969333530170E-15
    0.83708421943543545041E+01    0.66046015417193434398E-15   -0.71272781964610373023E-15
    0.83796299911611615840E+01    0.48460593596482830306E-15   -0.51421525892641549589E-15
    0.83884177879679686640E+01    0.52358801705937864127E-15    0.93947549673115208237E-16
    0.83972055847747757440E+01    0.22967489126636417955E-15    0.48051699701279064465E-15
    0.84059933815815828240E+01   -0.66680484425613958963E-15    0.21543802193667893124E-15
    0.84147811783883881276E+01   -0.14560895951181128248E-14   -0.33874669814010721395E-15
    0.84235689751951952076E+01   -0.11557378427355220310E-14   -0.45735699434839472873E-15
    0.84323567720020022875E+01    0.11873707888139411803E-15    0.18634042887308622182E-16
    0.84411445688088093675E+01    0.10023204256775027434E-14    0.47193230786851345065E-15
    0.84499323656156164475E+01    0.47426934321159467494E-15    0.33568786751960026202E-15
    0.84587201624224235275E+01   -0.79445968747074632869E-15   -0.16751566665892429243E-15
    0.84675079592292288311E+01   -0.12714240762438207689E-14   -0.37044634315793376173E-15
    0.84762957560360359111E+01   -0.45377451672592979377E-15   -0.40178573576163817399E-16
    0.84850835528428429910E+01    0.62195474133304626025E-15    0.36678295564974698711E-15
    0.84938713496496500710E+01    0.85860373118026894344E-15    0.35263238881738128073E-15
    0.85026591464564571510E+01    0.45220062497171166251E-15   -0.13480000372694964154E-16
    0.85114469432632642309E+01    0.35806163606245364030E-15   -0.28462571725481861319E-15
    0.85202347400700713109E+01    0.83682599740477163302E-15   -0.22178790123664937625E-15
    0.85290225368768766145E+01    0.10831180278571935522E-14   -0.38849117934928831140E-17
    0.85378103336836836945E+01    0.40417292812337384569E-15    0.10755735318169452088E-15
    0.85465981304904907745E+01   -0.73556226105292228426E-15    0.99189232733887304616E-16
    0.85553859272972978545E+01   -0.12440662068416711310E-14    0.13274200103129684161E-15
    0.85641737241041049344E+01   -0.69108004920485322532E-15    0.27248773403051847453E-15
    0.85729615209109120144E+01    0.28853261605212503842E-15    0.39466065962754979279E-15
    0.85817493177177173180E+01    0.84995642204391598876E-15    0.35898597265171360808E-15
    0.85905371145245243980E+01    0.77935605778176881578E-15    0.17765554685229564607E-15
    0.85993249113313314780E+01    0.40808949778452046697E-15   -0.72658503704483189388E-17
    0.86081127081381385580E+01    0.62479254900352969046E-16   -0.46157994326443508087E-16
    0.86169005049449456379E+01   -0.19188098978021304060E-15    0.11861793027704161010E-15
    0.86256883017517527179E+01   -0.37397125564682207317E-15    0.39320121206064701323E-15
    0.86344760985585597979E+01   -0.40208498523790867292E-15    0.53512163462237672952E-15
    0.86432638953653651015E+01   -0.17201747566912142785E-15    0.34423648968562407850E-15
    0.86520516921721721815E+01    0.24437127696446583129E-15   -0.76117137752722107501E-16
    0.86608394889789792614E+01    0.58892932355571135923E-15   -0.34781183334291428643E-15
    0.86696272857857863414E+01    0.66491194819106950213E-15   -0.23389130092504088143E-15
    0.86784150825925934214E+01    0.53604220605210825296E-15    0.41640594982945124078E-16
    0.86872028793994005014E+01    0.38680137339513416911E-15    0.61778019563262494862E-16
    0.86959906762062058050E+01    0.23316215727669855589E-15   -0.25086163566769704644E-15
    0.87047784730130128850E+01   -0.95010758389425548019E-16   -0.52008708927977962531E-15
    0.87135662698198199649E+01   -0.60600876629536451682E-15   -0.37135054612236394209E-15
    0.87223540666266270449E+01   -0.90919237312589551004E-15    0.15165735069493300431E-15
    0.87311418634334341249E+01   -0.59263404034170238839E-15    0.67423041312887452689E-15
    0.87399296602402412049E+01    0.14708101013474671793E-15    0.82822341465320871206E-15
    0.87487174570470482848E+01    0.52158419533696876037E-15    0.48950618263781305109E-15
    0.87575052538538535885E+01    0.22794710625390004420E-16   -0.13680179231599547921E-15
    0.87662930506606606684E+01   -0.89321406653794964337E-15   -0.55365231790994715961E-15
    0.87750808474674677484E+01   -0.13022901184921423582E-14   -0.32220493554309118017E-15
    0.87838686442742748284E+01   -0.83813892119188406935E-15    0.47483504836820083239E-15
    0.87926564410810819084E+01    0.49436780687692761311E-17    0.12247476763125884773E-14
    0.88014442378878889883E+01    0.54006900769410809935E-15    0.13688098782421164323E-14
    0.88102320346946942919E+01    0.53771174040737753077E-15    0.90598498563162364216E-15
    0.88190198315015013719E+01    0.20489493048705464179E-15    0.25726505367949515290E-15
    0.88278076283083084519E+01   -0.16298530263343892290E-15   -0.17316125617518700353E-15
    0.88365954251151155319E+01   -0.40366285592946009175E-15   -0.23342037460595089854E-15
    0.88453832219219226118E+01   -0.52208965550918874286E-15    0.23274812124399117595E-16
    0.88541710187287296918E+01   -0.64831611095960054136E-15    0.43181247083394032095E-15
    0.88629588155355367718E+01   -0.86061642795009338751E-15    0.78501752455035405277E-15
    0.88717466123423420754E+01   -0.97410809213307566228E-15    0.89299317112720074681E-15
    0.88805344091491491554E+01   -0.64360876729433947039E-15    0.65643194278265649902E-15
    0.88893222059559562354E+01    0.13862992442272402413E-15    0.15675862703790242250E-15
    0.88981100027627633153E+01    0.74174943639654873754E-15   -0.31572312788007896220E-15
    0.89068977995695703953E+01    0.47297958462905543726E-15   -0.44550696235135974189E-15
    0.89156855963763774753E+01   -0.50596256700355018264E-15   -0.15969355442017718991E-15
    0.89244733931831827789E+01   -0.11754205980790033629E-14    0.30344001687902546179E-15
    0.89332611899899898589E+01   -0.81518488844711751866E-15    0.58227852379540460203E-15
    0.89420489867967969388E+01    0.10054972533954154993E-15    0.41381986779899860754E-15
    0.89508367836036040188E+01    0.54056986339506293265E-15   -0.18631639114213389345E-15
    0.89596245804104110988E+01    0.20084605677986842326E-15   -0.80069122340170063131E-15
    0.89684123772172181788E+01   -0.22066313736274645827E-15   -0.82211723763778613357E-15
    0.89772001740240252587E+01   -0.42241928041189785494E-16   -0.71978681628727872015E-16
    0.89859879708308305624E+01    0.54088255081317592493E-15    0.81534847393811512871E-15
    0.89947757676376376423E+01    0.84811340722996065293E-15    0.98963923936338489384E-15
    0.90035635644444447223E+01    0.64090536385175008192E-15    0.36488424193699159914E-15
    0.90123513612512518023E+01    0.35298431720087132097E-15   -0.28456629852610858741E-15
    0.90211391580580588823E+01    0.42974272321829301819E-15   -0.33466832923128095985E-15
    0.90299269548648659622E+01    0.75773112133649394769E-15   -0.98888747963311833708E-16
    0.90387147516716712659E+01    0.88484053616591018772E-15   -0.28084314123135775778E-15
    0.90475025484784783458E+01    0.58291579985938384826E-15   -0.88902750754625271667E-15
    0.90562903452852854258E+01    0.45311410648474302179E-16   -0.11298521110442240779E-14
    0.90650781420920925058E+01   -0.38317925251438663661E-15   -0.52018994723148090624E-15
    0.90738659388988995858E+01   -0.49337853140708509353E-15    0.28585184511447719070E-15
    0.90826537357057066657E+01   -0.29156579132188701204E-15    0.24271524029262701290E-15
    0.90914415325125137457E+01    0.29830002037273441801E-16   -0.72041488134085578692E-15
    0.91002293293193190493E+01    0.20868786553727133060E-15   -0.15282711454237341434E-14
    0.91090171261261261293E+01    0.12575696910448115570E-15   -0.12636862003929210895E-14
    0.91178049229329332093E+01   -0.63458031256444016597E-16   -0.22664331501411362434E-15
    0.91265927197397402892E+01   -0.99079504548147452540E-16    0.57056659992918932187E-15
    0.91353805165465473692E+01    0.94952489245644304676E-16    0.56458937377290347603E-15
    0.91441683133533544492E+01    0.34954507890048303598E-15    0.39625211117713784289E-16
    0.91529561101601597528E+01    0.46718591182812544242E-15   -0.42729427509378373531E-15
    0.91617439069669668328E+01    0.41450591432639995655E-15   -0.52655793027827196526E-15
    0.91705317037737739128E+01    0.29213094034846165838E-15   -0.28378926173500130607E-15
    0.91793195005805809927E+01    0.20586818552564441040E-15    0.10171739794579638291E-15
    0.91881072973873880727E+01    0.19122878879831625073E-15    0.39735055498092552723E-15
    0.91968950941941951527E+01    0.20806046512623205544E-15    0.43781011152741273721E-15
    0.92056828910010004563E+01    0.16687540095827435779E-15    0.20050584600678268189E-15
    0.92144706878078075363E+01    0.14722386354189879992E-16   -0.17492026903274516885E-15
    0.92232584846146146162E+01   -0.16681839590493339103E-15   -0.40761270477028827687E-15
    0.92320462814214216962E+01   -0.19850418659542698678E-15   -0.22314151804607967873E-15
    0.92408340782282287762E+01    0.23320318497097434132E-17    0.35688490452687001989E-15
    0.92496218750350358562E+01    0.28848802108333907357E-15    0.87514883952501722804E-15
    0.92584096718418411598E+01    0.41360027613178185221E-15    0.82267748578159998094E-15
    0.92671974686486482398E+01    0.26694548372216805405E-15    0.20239152507945396457E-15
    0.92759852654554553197E+01   -0.43006593689391815102E-16   -0.43839321624846475136E-15
    0.92847730622622623997E+01   -0.28816309951543929634E-15   -0.60054914226606016570E-15
    0.92935608590690694797E+01   -0.25624719401557104440E-15   -0.31114991368950595805E-15
    0.93023486558758765597E+01    0.98987211493160067009E-16    0.53812879210498242554E-16
    0.93111364526826818633E+01    0.53163226008019363732E-15    0.21389683406537698841E-15
    0.93199242494894889433E+01    0.63829031115055206009E-15    0.15547408472050963230E-15
    0.93287120462962960232E+01    0.28666861150326846323E-15   -0.26946651821293503190E-16
    0.93374998431031031032E+01   -0.13733209832090337227E-15   -0.28313759652595605864E-15
    0.93462876399099101832E+01   -0.16247375761396953963E-15   -0.57873362112099449724E-15
    0.93550754367167172632E+01    0.11228601778667498510E-15   -0.80025394209582949888E-15
    0.93638632335235243431E+01    0.73805499699624552480E-16   -0.78891563285482451338E-15
    0.93726510303303296467E+01   -0.53354846428494476579E-15   -0.52293429108590432547E-15
    0.93814388271371367267E+01   -0.10512070140967455088E-14   -0.22342608936345001915E-15
    0.93902266239439438067E+01   -0.66295962214808904932E-15   -0.16557614086033167891E-15
    0.93990144207507508867E+01    0.41000836809273684960E-15   -0.38756869941556691780E-15
    0.94078022175575579666E+01    0.95735488245861080976E-15   -0.64664727434215662786E-15
    0.94165900143643650466E+01    0.24526345030495719367E-15   -0.66010081875061025113E-15
    0.94253778111711703502E+01   -0.96067909569826597720E-15   -0.33389167382964273879E-15
    0.94341656079779774302E+01   -0.13229432763088852700E-14    0.17912410845663437795E-15
    0.94429534047847845102E+01   -0.55553813237299664004E-15    0.51754111520399905623E-15
    0.94517412015915915902E+01    0.34326568859248404279E-15    0.32059378228222149538E-15
    0.94605289983983986701E+01    0.44554859768188023199E-15   -0.38285334341077525469E-15
    0.94693167952052057501E+01   -0.49257298641492476041E-16   -0.99952343219069522413E-15
    0.94781045920120128301E+01   -0.34441432995768941466E-15   -0.89369928424227547184E-15
    0.94868923888188181337E+01   -0.16297728405005294204E-15   -0.12290650041218408623E-15
    0.94956801856256252137E+01    0.33751345385513123908E-16    0.57566316482629420159E-15
    0.95044679824324322936E+01   -0.14967640939611167219E-15    0.63505530064465808545E-15
    0.95132557792392393736E+01   -0.43837365191643358295E-15    0.27592409585476432445E-15
    0.95220435760460464536E+01   -0.31241716612973305078E-15    0.85130529830408407788E-16
    0.95308313728528535336E+01    0.21156102847328171252E-15    0.22587821445103116372E-15
    0.95396191696596588372E+01    0.53792665049718585508E-15    0.32025159545935231091E-15
    0.95484069664664659172E+01    0.27379255988933315925E-15    0.84960319690517635211E-16
    0.95571947632732729971E+01   -0.22481500171704769769E-15   -0.21021575882877901898E-15
    0.95659825600800800771E+01   -0.33460810022536101908E-15   -0.11652547804435151325E-15
    0.95747703568868871571E+01    0.70831383877513603236E-17    0.33879981879215745264E-15
    0.95835581536936942371E+01    0.24373826587189789241E-15    0.61779644008279248101E-15
    0.95923459505005013170E+01   -0.10253654955083796181E-16    0.32188591881288141969E-15
    0.96011337473073066207E+01   -0.41343318333114667363E-15   -0.32874099056618047234E-15
    0.96099215441141137006E+01   -0.36115560454634284481E-15   -0.78873427045073551775E-15
    0.96187093409209207806E+01    0.20689565349475356524E-15   -0.76173842189671775162E-15
    0.96274971377277278606E+01    0.72120810776549950374E-15   -0.38491844845162182733E-15
    0.96362849345345349406E+01    0.68842422891261754245E-15    0.21592366041931088308E-16
    0.96450727313413420205E+01    0.23113904015392275695E-15    0.21665235554974318737E-15
    0.96538605281481491005E+01   -0.16754257915285892456E-15    0.14606065521952254259E-15
    0.96626483249549544041E+01   -0.21014626838168617239E-15   -0.33246453712729195809E-16
    0.96714361217617614841E+01    0.24453535361985226014E-16   -0.71812855377988625176E-16
    0.96802239185685685641E+01    0.28520990585800078814E-15    0.10886398899441311160E-15
    0.96890117153753756440E+01    0.36927535396056330071E-15    0.27663122839775688806E-15
    0.96977995121821827240E+01    0.22170116378400571879E-15    0.14719495631765917159E-15
    0.97065873089889898040E+01   -0.31889615718179917757E-16   -0.23941732604593296605E-15
    0.97153751057957951076E+01   -0.17760517504111160615E-15   -0.51669591967126355598E-15
    0.97241629026026021876E+01   -0.13170644964914831683E-15   -0.38902613236055684322E-15
    0.97329506994094092676E+01   -0.58598145207303630050E-16    0.61970716389346775040E-16
    0.97417384962162163475E+01   -0.16583978916730713528E-15    0.48059283207059073342E-15
    0.97505262930230234275E+01   -0.40661558644608710047E-15    0.50448477736314672686E-15
    0.97593140898298305075E+01   -0.49626288293362744769E-15   -0.11665394205922419716E-16
    0.97681018866366375875E+01   -0.25927368016680473559E-15   -0.83208039976407549791E-15
    0.97768896834434428911E+01    0.13582185281440528926E-15   -0.13549278297080945509E-14
    0.97856774802502499710E+01    0.37405063067903861753E-15   -0.10827168402426685504E-14
    0.97944652770570570510E+01    0.33391184938740394905E-15   -0.19023545385468114299E-15
    0.98032530738638641310E+01    0.16154021898014269271E-15    0.57757453956695215031E-15
    0.98120408706706712110E+01    0.62592652180187740774E-16    0.70084149566034589097E-15
    0.98208286674774782909E+01    0.11809567070160194537E-15    0.41690081216019316731E-15
    0.98296164642842835946E+01    0.27458742771262770531E-15    0.28308094333239348897E-15
    0.98384042610910906745E+01    0.40730309107415394810E-15    0.43626603156822738831E-15
    0.98471920578978977545E+01    0.39818362196803384961E-15    0.52980911295944322769E-15
    0.98559798547047048345E+01    0.22430929740401714266E-15    0.37398565660284237820E-15
    0.98647676515115119145E+01   -0.26946592645847218190E-17    0.33730890862820623811E-15
    0.98735554483183189944E+01   -0.12999319582923097024E-15    0.84975947008895168332E-15
    0.98823432451251260744E+01   -0.95374991309702261168E-16    0.16597336344113756472E-14
    0.98911310419319313780E+01    0.50795093064364493012E-16    0.19394481654750448633E-14
    0.98999188387387384580E+01    0.23652301093407486043E-15    0.12553010738662290991E-14
    0.99087066355455455380E+01    0.42897184111702463671E-15    0.17914720068746666401E-15
    0.99174944323523526180E+01    0.57440152119176426422E-15   -0.35973764534590198199E-15
    0.99262822291591596979E+01    0.51888236510678152431E-15   -0.10263255249696384662E-15
    0.99350700259659667779E+01    0.13915567093865905125E-15    0.40159960069360721400E-15
    0.99438578227727720815E+01   -0.32596082477440153347E-15    0.57089346026401908558E-15
    0.99526456195795791615E+01   -0.29522822339282576308E-15    0.37437945494334759007E-15
    0.99614334163863862415E+01    0.15981637102049434426E-15    0.91753163245891685743E-16
    0.99702212131931933214E+01   -0.33309592572711939807E-15   -0.12925954908794775191E-15
    0.99790090100000004014E+01    0.14652744741589769265E-15    0.17591643189930971853E-15
