    0.11999999999999999556E+01    0.00000000000000000000E+00    0.00000000000000000000E+00
    0.12087877968068068135E+01    0.19913443558313497931E-09    0.30454766656734060981E-17
    0.12175755936136136715E+01   -0.30587046480232379225E-09    0.60412301001311044901E-17
    0.12263633904204203073E+01   -0.28203773710976409662E-09    0.53105400039328869365E-17
    0.12351511872272271653E+01    0.66016934321896928269E-09   -0.24122123400920387427E-17
    0.12439389840340340232E+01    0.64010271489611344517E-09   -0.53458108018052654813E-17
    0.12527267808408408811E+01   -0.12284337155769342529E-08    0.37056237066363315510E-17
    0.12615145776476475170E+01   -0.27999798343897941063E-08    0.13863913236435203097E-16
    0.12703023744544543749E+01   -0.16190904427074299068E-08    0.10321592120819631181E-16
    0.12790901712612612329E+01    0.11859090860128380443E-08   -0.41110482555657763994E-17
    0.12878779680680680908E+01    0.17326487407094312248E-08   -0.10729466454317211326E-16
    0.12966657648748749487E+01   -0.11880181453610950531E-08    0.50089127896406457836E-18
    0.13054535616816815846E+01   -0.33318678025517054842E-08    0.16148081908931207655E-16
    0.13142413584884884425E+01   -0.43517058634829470803E-09    0.16866604610791860440E-16
    0.13230291552952953005E+01    0.45684588397236976487E-08    0.34248797605758063688E-17
    0.13318169521021021584E+01    0.38369250091529594077E-08   -0.46691850634269329801E-17
    0.13406047489089087943E+01   -0.39827434852626699162E-08    0.28470381177706830096E-17
    0.13493925457157156522E+01   -0.84610267732078489898E-08    0.10859941904070116444E-16
    0.13581803425225225102E+01   -0.30481963436751672990E-09    0.11451211466501508672E-17
    0.13669681393293293681E+01    0.12148959780440476205E-07   -0.16501650566922394821E-16
    0.13757559361361360040E+01    0.94107997555291421176E-08   -0.12486330088930494985E-16
    0.13845437329429428619E+01   -0.10957077609827357349E-07    0.16943648880937995947E-16
    0.13933315297497497198E+01   -0.21871681007783256512E-07    0.28597561057320033961E-16
    0.14021193265565565778E+01   -0.86938696471995185949E-10   -0.16118807949434687767E-16
    0.14109071233633634357E+01    0.31955973232844168865E-07   -0.85224254039408764929E-16
    0.14196949201701700716E+01    0.23704160350025231355E-07   -0.97778834682047327912E-16
    0.14284827169769769295E+01   -0.30360970634302587987E-07   -0.27929864665060233487E-16
    0.14372705137837837874E+01   -0.59494278287415311490E-07    0.41984043605891653262E-16
    0.14460583105905906454E+01   -0.54050093474955757939E-08    0.18973374074833448465E-16
    0.14548461073973975033E+01    0.67173289379351518827E-07   -0.69824034064942505151E-16
    0.14636339042042041392E+01    0.13358837983221549870E-07   -0.10035476623632292527E-15
    0.14724217010110109971E+01   -0.20778284335226322970E-06   -0.19251539228284975868E-16
    0.14812094978178178550E+01   -0.47716484255889923931E-06    0.62748901210113353263E-16
    0.14899972946246244909E+01   -0.81294617218741543075E-06    0.20213173538213279933E-17
    0.14987850914314313489E+01   -0.17652840629852230439E-05   -0.19187985286027474844E-15
    0.15075728882382382068E+01   -0.45914266608888623270E-05   -0.35696252247779364017E-15
    0.15163606850450450647E+01   -0.11258254631152600313E-04   -0.35517805882315678051E-15
    0.15251484818518519226E+01   -0.25323428046215285247E-04   -0.19887228403493032022E-15
    0.15339362786586585585E+01   -0.54970264027602641491E-04   -0.32840387326502535177E-17
    0.15427240754654654165E+01   -0.11731922644195701545E-03    0.11815881772865981071E-15
    0.15515118722722722744E+01   -0.24592938975402742902E-03    0.11576158348397408113E-15
    0.15602996690790791323E+01   -0.50157680496734169482E-03    0.22286246411551430537E-16
    0.15690874658858859902E+01   -0.99088294287189081049E-03   -0.61256088744652494467E-16
    0.15778752626926926261E+01   -0.19025176064786050202E-02   -0.44388518806897363601E-16
    0.15866630594994994841E+01   -0.35525041073153828738E-02    0.66088093751990077287E-16
    0.15954508563063063420E+01   -0.64471684947610954572E-02    0.17935531029923288888E-15
    0.16042386531131129779E+01   -0.11362366615388705751E-01    0.22496325640077401504E-15
    0.16130264499199198358E+01   -0.19428314401600758204E-01    0.22081482666637986782E-15
    0.16218142467267266937E+01   -0.32222528762223145993E-01    0.22870274892060664902E-15
    0.16306020435335335517E+01   -0.51841102998597253515E-01    0.28194925555901455823E-15
    0.16393898403403404096E+01   -0.80812726838268233998E-01    0.39311991253977691301E-15
    0.16481776371471470455E+01   -0.12185967468242438205E+00    0.63305964735422594015E-15
    0.16569654339539539034E+01   -0.17744399579347433504E+00    0.11450090270579067884E-14
    0.16657532307607607613E+01   -0.24886017627409875996E+00    0.19875001512448552701E-14
    0.16745410275675676193E+01   -0.33515190096937302888E+00    0.29631164206437276271E-14
    0.16833288243743744772E+01   -0.43193673257693104839E+00    0.37434115572794746602E-14
    0.16921166211811811131E+01   -0.53018691205717838333E+00    0.42528000112325154887E-14
    0.17009044179879879710E+01   -0.61577005375519244801E+00    0.48247328480434538584E-14
    0.17096922147947948289E+01   -0.67075058655316521783E+00    0.57609454517117641624E-14
    0.17184800116016014648E+01   -0.67564936101126260581E+00    0.67824170884092982776E-14
    0.17272678084084085448E+01   -0.61381727217069492752E+00    0.71194247265712286616E-14
    0.17360556052152151807E+01   -0.47763750054652504007E+00    0.61705831974821646359E-14
    0.17448434020220220386E+01   -0.27374531678140012758E+00    0.39647805522361063115E-14
    0.17536311988288288966E+01   -0.25490885987221718889E-01    0.10147725319817342195E-14
    0.17624189956356355324E+01    0.22669403194227588649E+00   -0.20180301038453065831E-14
    0.17712067924424426124E+01    0.43194958123640531111E+00   -0.45128768640319278942E-14
    0.17799945892492492483E+01    0.54185726841064985049E+00   -0.59439653398618249760E-14
    0.17887823860560561062E+01    0.52369650396471056908E+00   -0.59425869216356643885E-14
    0.17975701828628629642E+01    0.37284832691831026885E+00   -0.44140091593963323422E-14
    0.18063579796696696000E+01    0.12252251706120818875E+00   -0.16536064339390230189E-14
    0.18151457764764764580E+01   -0.16110013820635943338E+00    0.16575790017366317158E-14
    0.18239335732832833159E+01   -0.39670267753233351415E+00    0.45682178985215700313E-14
    0.18327213700900899518E+01   -0.50926099915572076160E+00    0.60666110912073026917E-14
    0.18415091668968970318E+01   -0.45597711752059205681E+00    0.54714735538678724765E-14
    0.18502969637037036676E+01   -0.24973702823705803966E+00    0.28288958505600551864E-14
    0.18590847605105105256E+01    0.41762298608223294427E-01   -0.10282799998930044454E-14
    0.18678725573173173835E+01    0.31845027940666398303E+00   -0.47245028281871105075E-14
    0.18766603541241240194E+01    0.47739165665341298794E+00   -0.67486776854535014072E-14
    0.18854481509309310994E+01    0.45220861630985209612E+00   -0.61413011020482406785E-14
    0.18942359477377377353E+01    0.24965699167368446409E+00   -0.31514611955773593272E-14
    0.19030237445445445932E+01   -0.50981932155730894096E-01    0.85539401945324430083E-15
    0.19118115413513514511E+01   -0.33104280932495994128E+00    0.41381028713310988520E-14
    0.19205993381581580870E+01   -0.47315470237736867443E+00    0.53121382357394623328E-14
    0.19293871349649649449E+01   -0.40997189078324525191E+00    0.38954434264397731348E-14
    0.19381749317717718029E+01   -0.16683431239064722140E+00    0.66808552146489408540E-15
    0.19469627285785784387E+01    0.14757303189195591919E+00   -0.27004268272108136118E-14
    0.19557505253853855187E+01    0.39514972637615908280E+00   -0.46372962818288814323E-14
    0.19645383221921921546E+01    0.46374608087843127713E+00   -0.44322609217034494699E-14
    0.19733261189989990125E+01    0.31429587407176423630E+00   -0.23695397602452468832E-14
    0.19821139158058058705E+01    0.14621446169306939744E-01    0.41959901385718246668E-15
    0.19909017126126125063E+01   -0.28885841524566896465E+00    0.25066805331101727102E-14
    0.19996895094194195863E+01   -0.45130616540670615011E+00    0.30315507789417261193E-14
    0.20084773062262262222E+01   -0.39690352717025512153E+00    0.21718156648086415221E-14
    0.20172651030330328581E+01   -0.14597901307963154216E+00    0.68304132790872649493E-15
    0.20260528998398399381E+01    0.18082416043485818880E+00   -0.78775447539227717208E-15
    0.20348406966466465740E+01    0.41458034513675451338E+00   -0.19289016800525230880E-14
    0.20436284934534532098E+01    0.43535333330253317419E+00   -0.25980505850983693534E-14
    0.20524162902602602898E+01    0.23801483982069490675E+00   -0.26638784115098218898E-14
    0.20612040870670673698E+01   -0.79932586958218365680E-01   -0.19598349910836476021E-14
    0.20699918838738740057E+01   -0.36055290205774109813E+00   -0.32042289122424774446E-15
    0.20787796806806806416E+01   -0.45402382170450361620E+00    0.21185685174257369304E-14
    0.20875674774874877215E+01   -0.30613509693490364993E+00    0.44302984362502598425E-14
    0.20963552742942943574E+01   -0.13081908116730091686E-03    0.49703145403599659774E-14
    0.21051430711011009933E+01    0.30224597000767966515E+00    0.26808408572735064344E-14
    0.21139308679079080733E+01    0.44830481851898357215E+00   -0.15194990030641364442E-14
    0.21227186647147147092E+01    0.35954814389542466557E+00   -0.51175950142964744014E-14
    0.21315064615215213450E+01    0.75211483942734830288E-01   -0.58351215182012651658E-14
    0.21402942583283284250E+01   -0.24972043118525141803E+00   -0.30474706986340314014E-14
    0.21490820551351350609E+01   -0.43652841398213143576E+00    0.19926721471677370156E-14
    0.21578698519419421409E+01   -0.39094483322337819642E+00    0.64945250467179129924E-14
    0.21666576487487487768E+01   -0.14048799760772665013E+00    0.74828119187746515596E-14
    0.21754454455555558567E+01    0.18814941156537179356E+00    0.39134951663415773561E-14
    0.21842332423623624926E+01    0.41914533218037414164E+00   -0.22915800028504921368E-14
    0.21930210391691691285E+01    0.42061675957682087557E+00   -0.76208694813585348513E-14
    0.22018088359759762085E+01    0.19405007668065904491E+00   -0.90063024984771237209E-14
    0.22105966327827828444E+01   -0.13219209836096648680E+00   -0.52656822212106107931E-14
    0.22193844295895894803E+01   -0.38710946421525749273E+00    0.20120164403700319252E-14
    0.22281722263963965602E+01   -0.43858589328079899960E+00    0.87419067943964700087E-14
    0.22369600232032031961E+01   -0.25189785003282499920E+00    0.10871147628159502692E-13
    0.22457478200100098320E+01    0.74415524066599458841E-01    0.71876757565466612519E-14
    0.22545356168168169120E+01    0.35749502974013974699E+00   -0.21082819597348302305E-15
    0.22633234136236239920E+01    0.44514534145426093437E+00   -0.73582896314928340359E-14
    0.22721112104304301837E+01    0.29817849861172274206E+00   -0.10226340507686889768E-13
    0.22808990072372372637E+01   -0.80229427187965517143E-02   -0.68507754840117936374E-14
    0.22896868040440443437E+01   -0.31465853986727398972E+00    0.94324965902688717605E-15
    0.22984746008508509796E+01   -0.45221902981365047491E+00    0.85403783212691608927E-14
    0.23072623976576576155E+01   -0.34290582212314352217E+00    0.11657688604237374800E-13
    0.23160501944644646954E+01   -0.53006434524765395910E-01    0.87056675234465338568E-14
    0.23248379912712713313E+01    0.26177014434129164400E+00    0.11606796857610283307E-14
    0.23336257880780779672E+01    0.44095767340898234243E+00   -0.69403231696766287152E-14
    0.23424135848848850472E+01    0.38835476473712499113E+00   -0.10939611159312914057E-13
    0.23512013816916916831E+01    0.12535553447001318572E+00   -0.85359577244760642068E-14
    0.23599891784984983190E+01   -0.20410853117943822399E+00   -0.13554850159655923455E-14
    0.23687769753053053989E+01   -0.42172407425019686755E+00    0.64978677848146267784E-14
    0.23775647721121124789E+01   -0.41950671546457707350E+00    0.10744240992333725325E-13
    0.23863525689189186707E+01   -0.20174367217169747457E+00    0.88726287184916405655E-14
    0.23951403657257257507E+01    0.12431076885612270255E+00    0.17041447544815557320E-14
    0.24039281625325328307E+01    0.38846606500716063248E+00   -0.65368386061599459956E-14
    0.24127159593393394665E+01    0.44769002526489792837E+00   -0.11016566324715685585E-13
    0.24215037561461461024E+01    0.27526819136638924768E+00   -0.94930123371364550105E-14
    0.24302915529529531824E+01   -0.34503601013134058140E-01   -0.31116565912061024375E-14
    0.24390793497597598183E+01   -0.32753859181462452455E+00    0.47010156634381563884E-14
    0.24478671465665664542E+01   -0.45755603411987771922E+00    0.98204560871589231171E-14
    0.24566549433733735341E+01   -0.35281856620918300438E+00    0.95541446745272989885E-14
    0.24654427401801801700E+01   -0.67204100288802401386E-01    0.44734077705455776394E-14
    0.24742305369869868059E+01    0.24908972987527980281E+00   -0.21621311137141792935E-14
    0.24830183337937938859E+01    0.43941282033621942293E+00   -0.67950820049581450132E-14
    0.24918061306006009659E+01    0.41443190423824782798E+00   -0.74342808358178022669E-14
    0.25005939274074071577E+01    0.18271798419614374009E+00   -0.41407452333798013377E-14
    0.25093817242142142376E+01   -0.14271911450364174745E+00    0.10805687678833682064E-14
    0.25181695210210213176E+01   -0.39617348372319932670E+00    0.53538057646245953850E-14
    0.25269573178278279535E+01   -0.45308911756690956052E+00    0.66853835900623720010E-14
    0.25357451146346345894E+01   -0.29246514539683904355E+00    0.49718248253254425121E-14
    0.25445329114414416694E+01    0.92452813485782488895E-02    0.14465278957890995785E-14
    0.25533207082482483052E+01    0.30985634703826420155E+00   -0.22658415658667193748E-14
    0.25621085050550549411E+01    0.46164031071424377339E+00   -0.47659391517886194822E-14
    0.25708963018618620211E+01    0.39028377813133241503E+00   -0.52316563479267285503E-14
    0.25796840986686686570E+01    0.13602357883768639857E+00   -0.36144386610216141795E-14
    0.25884718954754752929E+01   -0.18069129372447256809E+00   -0.58868491476055678847E-15
    0.25972596922822823728E+01   -0.41557718741661209272E+00    0.26245121169302780832E-14
    0.26060474890890894528E+01   -0.45776477876094923136E+00    0.47072253655823006530E-14
    0.26148352858958960887E+01   -0.28506214364254983673E+00    0.48788355245329456620E-14
    0.26236230827027027246E+01    0.17827224123409229906E-01    0.32315522060985217647E-14
    0.26324108795095098046E+01    0.31049885862498816103E+00    0.46968411089144262345E-15
    0.26411986763163164404E+01    0.46410464693837916172E+00   -0.24849973980239058232E-14
    0.26499864731231230763E+01    0.40935762190560975871E+00   -0.47021140282694626812E-14
    0.26587742699299301563E+01    0.16799000929338467336E+00   -0.53203300617067922772E-14
    0.26675620667367367922E+01   -0.14830126302159610252E+00   -0.37658944420846171377E-14
    0.26763498635435434281E+01   -0.39656892514648622861E+00   -0.25563665556542735364E-15
    0.26851376603503505081E+01   -0.47125731231050332903E+00    0.38185523952420896359E-14
    0.26939254571571571439E+01   -0.34092151800115483296E+00    0.64918011909757941972E-14
    0.27027132539639637798E+01   -0.59678340313369215853E-01    0.65151013670798549019E-14
    0.27115010507707708598E+01    0.24793276649105566722E+00    0.40740171359110913586E-14
    0.27202888475775779398E+01    0.44673963321205989452E+00    0.33272269927951160989E-15
    0.27290766443843845757E+01    0.45542124867692540535E+00   -0.32892684000800033082E-14
    0.27378644411911912115E+01    0.27247823069975968258E+00   -0.55314899010639243736E-14
    0.27466522379979982915E+01   -0.27200292487167970074E-01   -0.54816876292308540801E-14
    0.27554400348048049274E+01   -0.31639376517490847007E+00   -0.28234811865905452012E-14
    0.27642278316116115633E+01   -0.47224381434398188251E+00    0.17723554540155640091E-14
    0.27730156284184186433E+01   -0.43377522869007212325E+00    0.64200661890370573217E-14
    0.27818034252252252791E+01   -0.21937860161122693659E+00    0.87773237179726059066E-14
    0.27905912220320319150E+01    0.85598878820442633741E-01    0.74731003888301072637E-14
    0.27993790188388389950E+01    0.35708798954864245934E+00    0.29309454626737782250E-14
    0.28081668156456460750E+01    0.48413247631487765776E+00   -0.30185836434551519651E-14
    0.28169546124524522668E+01    0.41926694395638913759E+00   -0.78998559984161886513E-14
    0.28257424092592593468E+01    0.19069377488640176788E+00   -0.95485896742925985232E-14
    0.28345302060660664267E+01   -0.11364020208063153883E+00   -0.71619724818580556085E-14
    0.28433180028728730626E+01   -0.37484149876494227138E+00   -0.17417193510748327930E-14
    0.28521057996796796985E+01   -0.49030176158379168427E+00    0.45696542059978992283E-14
    0.28608935964864867785E+01   -0.41859049213209170714E+00    0.94142775499047064461E-14
    0.28696813932932934144E+01   -0.18935539381248256419E+00    0.10952657133437437428E-13
    0.28784691901001000502E+01    0.11226622376650954860E+00    0.84416403503483652950E-14
    0.28872569869069071302E+01    0.37277414521441126771E+00    0.25655970034877408897E-14
    0.28960447837137137661E+01    0.49379678983334529541E+00   -0.46492323030181798471E-14
    0.29048325805205204020E+01    0.43334305403215450658E+00   -0.10214300232791398806E-13
    0.29136203773273274820E+01    0.21575151650189625108E+00   -0.11410095438281520750E-13
    0.29224081741341345619E+01   -0.81026318996027232866E-01   -0.75356703370176123209E-14
    0.29311959709409407537E+01   -0.34937730589109927681E+00   -0.54185034607583702072E-15
    0.29399837677477478337E+01   -0.49215882801136862090E+00    0.63854135748508610192E-14
    0.29487715645545549137E+01   -0.46136798955153274227E+00    0.10590456064429667411E-13
    0.29575593613613615496E+01   -0.26987564643834566214E+00    0.10784671238354548910E-13
    0.29663471581681681855E+01    0.16313853719212907667E-01    0.72089413698647589689E-14
    0.29751349549749752654E+01    0.29737483307410933486E+00    0.14344621737205343149E-14
    0.29839227517817819013E+01    0.47614169094736841226E+00   -0.43639563384160689521E-14
    0.29927105485885885372E+01    0.49445165924251455181E+00   -0.82188609926052827764E-14
    0.30014983453953956172E+01    0.34791791740306732272E+00   -0.89259002637440609621E-14
    0.30102861422022022531E+01    0.85018744486240180325E-01   -0.64007053886418046424E-14
    0.30190739390090088889E+01   -0.20605603627972576830E+00   -0.17145344730851465091E-14
    0.30278617358158159689E+01   -0.42935626090330136773E+00    0.33965024717277921643E-14
    0.30366495326226230489E+01   -0.51471072230977810147E+00    0.71517963112098900188E-14
    0.30454373294294292407E+01   -0.43604532063129924913E+00    0.83080100323805154533E-14
    0.30542251262362363207E+01   -0.21841447180078371604E+00    0.66811889368950073842E-14
    0.30630129230430434006E+01    0.67709125689451574170E-01    0.32145101647490205653E-14
    0.30718007198498500365E+01    0.33232324362578269383E+00   -0.72318705620351702274E-15
    0.30805885166566566724E+01    0.49522783665211711490E+00   -0.40985679406941654837E-14
    0.30893763134634637524E+01    0.50726010916090047420E+00   -0.63436876872436174099E-14
    0.30981641102702703883E+01    0.36513923177352164418E+00   -0.70733802524057517572E-14
    0.31069519070770770242E+01    0.11388555688286243484E+00   -0.60105081245886479508E-14
    0.31157397038838841041E+01   -0.17096493396075479465E+00   -0.33222681625652819678E-14
    0.31245275006906907400E+01   -0.40619461056566585899E+00    0.90912145035861903154E-16
    0.31333152974974973759E+01   -0.52309262511792309347E+00    0.29895740506620146779E-14
    0.31421030943043044559E+01   -0.48837987979359448465E+00    0.46117875539800316323E-14
    0.31508908911111115358E+01   -0.31437910755530978912E+00    0.50115472272986575132E-14
    0.31596786879179177276E+01   -0.51223248961065372120E-01    0.45340356753634430114E-14
    0.31684664847247248076E+01    0.22691371602166929278E+00    0.32337711017928629994E-14
    0.31772542815315318876E+01    0.44180175307583580135E+00    0.10106051445037959929E-14
    0.31860420783383385235E+01    0.53464421046961851935E+00   -0.18081666571230268073E-14
    0.31948298751451451594E+01    0.48203621549254899170E+00   -0.43069056108030655373E-14
    0.32036176719519522393E+01    0.29882979133370068947E+00   -0.55832597082821535985E-14
    0.32124054687587593193E+01    0.35162077635009267307E-01   -0.53783524508385984585E-14
    0.32211932655655655111E+01   -0.23761608820346252768E+00   -0.39920131908502833657E-14
    0.32299810623723725911E+01   -0.44800901116567393156E+00   -0.17518008854317692370E-14
    0.32387688591791796711E+01   -0.54235569893382873374E+00    0.11940582170483838826E-14
    0.32475566559859858629E+01   -0.49670936926274161793E+00    0.44900406181663990985E-14
    0.32563444527927929428E+01   -0.32428150029656205300E+00    0.72046621382377559496E-14
    0.32651322495996000228E+01   -0.70273865623743964059E-01    0.81802848527932053864E-14
    0.32739200464064062146E+01    0.20156424412573048510E+00    0.68203762749068644032E-14
    0.32827078432132132946E+01    0.42393789562296724238E+00    0.34742432732472907259E-14
    0.32914956400200203745E+01    0.54243089246749043308E+00   -0.89502003261440030370E-15
    0.33002834368268265663E+01    0.52992998503200372529E+00   -0.51710221660501432381E-14
    0.33090712336336336463E+01    0.39097680354132136049E+00   -0.83367582054321266951E-14
    0.33178590304404407263E+01    0.15927591810388316840E+00   -0.95938217624884978567E-14
    0.33266468272472478063E+01   -0.10971686813813744110E+00   -0.85070621012704749307E-14
    0.33354346240540539981E+01   -0.35328979657353337673E+00   -0.52064802999278201085E-14
    0.33442224208608610780E+01   -0.51668176512565067160E+00   -0.51405232033545118552E-15
    0.33530102176676681580E+01   -0.56396527422569575627E+00    0.43070916317568484997E-14
    0.33617980144744743498E+01   -0.48573011239100405412E+00    0.80336732267635021572E-14
    0.33705858112812814298E+01   -0.30114063392891693427E+00    0.98287276921420976422E-14
    0.33793736080880885098E+01   -0.51341638247612474133E-01    0.93421362027454251556E-14
    0.33881614048948947016E+01    0.20972999553473151146E+00    0.67298855126654042189E-14
    0.33969492017017017815E+01    0.42663832621317693272E+00    0.25819108974102852325E-14
    0.34057369985085088615E+01    0.55478116604306970672E+00   -0.22092614299155580300E-14
    0.34145247953153150533E+01    0.56928775113862928325E+00   -0.66079712000488996636E-14
    0.34233125921221221333E+01    0.46829094954830219333E+00   -0.96323337906787708095E-14
    0.34321003889289292133E+01    0.27344492829501998443E+00   -0.10561412764359957772E-13
    0.34408881857357362932E+01    0.24594993066210074639E-01   -0.91477644190126358175E-14
    0.34496759825425424850E+01   -0.22921177870597794768E+00   -0.58119520654224268569E-14
    0.34584637793493495650E+01   -0.43896796182185032764E+00   -0.15652387475453326788E-14
    0.34672515761561566450E+01   -0.56488140965472211086E+00    0.24927578416418024570E-14
    0.34760393729629628368E+01   -0.58433191493826497354E+00    0.56601038485975629927E-14
    0.34848271697697699167E+01   -0.49487849665819422240E+00    0.76371490132352700749E-14
    0.34936149665765769967E+01   -0.31397450112100599995E+00    0.82471350241578344296E-14
    0.35024027633833831885E+01   -0.75793224795139071959E-01    0.73449340776076468480E-14
    0.35111905601901902685E+01    0.17607293929147282974E+00    0.50519495071412529506E-14
    0.35199783569969973485E+01    0.39673126767132943504E+00    0.19590157720908434886E-14
    0.35287661538038035403E+01    0.54749550738706465047E+00   -0.11125718745275866133E-14
    0.35375539506106106202E+01    0.60279320846357808961E+00   -0.35991143060399863306E-14
    0.35463417474174177002E+01    0.55439554347847264104E+00   -0.54018423034041468241E-14
    0.35551295442242247802E+01    0.41155365490686918184E+00   -0.66313596791318315546E-14
    0.35639173410310309720E+01    0.19939169280042215449E+00   -0.73077540520393645271E-14
    0.35727051378378380520E+01   -0.45894663810045401020E-01   -0.73153370961932057562E-14
    0.35814929346446451319E+01   -0.28375410003966911043E+00   -0.65119533618877605404E-14
    0.35902807314514513237E+01   -0.47577963754208690839E+00   -0.48249248468536774171E-14
    0.35990685282582584037E+01   -0.59164580562977064915E+00   -0.23087850817514371567E-14
    0.36078563250650654837E+01   -0.61411828991833128377E+00    0.81388872511189758312E-15
    0.36166441218718716755E+01   -0.54087900380509179588E+00    0.41440335002222100589E-14
    0.36254319186786787554E+01   -0.38428526721917283249E+00    0.71239796020811983989E-14
    0.36342197154854858354E+01   -0.16930486961565616166E+00    0.91390887447568054206E-14
    0.36430075122922929154E+01    0.71094307233722217609E-01    0.97426897661796126990E-14
    0.36517953090990991072E+01    0.30112077550239457757E+00    0.88414306621877318337E-14
    0.36605831059059061872E+01    0.48728413598844028121E+00    0.66134675253797799369E-14
    0.36693709027127132671E+01    0.60336419023727771993E+00    0.32829342108704179921E-14
    0.36781586995195194589E+01    0.63394538424288504608E+00   -0.91602457089460949289E-15
    0.36869464963263265389E+01    0.57579530945350543281E+00   -0.54764943959552332178E-14
    0.36957342931331336189E+01    0.43818647734144222650E+00   -0.94325518114371802021E-14
    0.37045220899399398107E+01    0.24098471187654460501E+00   -0.11735311561680151349E-13
    0.37133098867467468907E+01    0.11384012387155915610E-01   -0.11922924056804905215E-13
    0.37220976835535539706E+01   -0.21980984542155698747E+00   -0.10331820435816480350E-13
    0.37308854803603601624E+01   -0.42242006388031361208E+00   -0.75942881568979324107E-14
    0.37396732771671672424E+01   -0.57094142151571247723E+00   -0.41203096276927397815E-14
    0.37484610739739743224E+01   -0.64736321992207568332E+00   -0.13435886844197250577E-15
    0.37572488707807814023E+01   -0.64317346649259687918E+00    0.39822600516409475701E-14
    0.37660366675875875941E+01   -0.56014829117801967495E+00    0.75890063806740813405E-14
    0.37748244643943946741E+01   -0.40942397613708819692E+00    0.10069007382401927212E-13
    0.37836122612012017541E+01   -0.20992694974874201441E+00    0.11120901106665998814E-13
    0.37924000580080079459E+01    0.14204549997331873679E-01    0.10759109054959053370E-13
    0.38011878548148150259E+01    0.23676848534248357003E+00    0.91500843159231429646E-14
    0.38099756516216221058E+01    0.43250774116234341760E+00    0.65143532215390242888E-14
    0.38187634484284282976E+01    0.57985116087870380852E+00    0.31413818174570503165E-14
    0.38275512452352353776E+01    0.66330328468257637731E+00   -0.58585243350781526450E-15
    0.38363390420420424576E+01    0.67472295322226583103E+00   -0.42229530684080486758E-14
    0.38451268388488486494E+01    0.61389568791502269196E+00   -0.73297761768480948694E-14
    0.38539146356556557294E+01    0.48832736096680973148E+00   -0.95456954582510651111E-14
    0.38627024324624628093E+01    0.31197440106965873552E+00   -0.10674792823392843756E-13
    0.38714902292692698893E+01    0.10361845973476410676E+00   -0.10738782921632168991E-13
    0.38802780260760760811E+01   -0.11523102253389540250E+00   -0.99006811857876953307E-14
    0.38890658228828831611E+01   -0.32268354936289850299E+00   -0.83232618280814610386E-14
    0.38978536196896902410E+01   -0.49861490912017492061E+00   -0.61217099067412754049E-14
    0.39066414164964964328E+01   -0.62649905408882267110E+00   -0.34571548051361622264E-14
    0.39154292133033035128E+01   -0.69495797726434349606E+00   -0.60968208859458611609E-15
    0.39242170101101105928E+01   -0.69851375794311820755E+00    0.21370402333497133095E-14
    0.39330048069169167846E+01   -0.63784365216226890372E+00    0.46985276406744917319E-14
    0.39417926037237238646E+01   -0.51950644859841332845E+00    0.71806059085335680124E-14
    0.39505804005305309445E+01   -0.35496044633289808301E+00    0.95631081313862380965E-14
    0.39593681973373371363E+01   -0.15935327023646564393E+00    0.11448733624297271170E-13
    0.39681559941441442163E+01    0.49976200793810543477E-01    0.12291463480079334673E-13
    0.39769437909509512963E+01    0.25514368521962482728E+00    0.11863429504811323076E-13
    0.39857315877577583763E+01    0.43923346093157183967E+00    0.10393802640205004947E-13
    0.39945193845645645681E+01    0.58760949915429649959E+00    0.82244949775153204153E-14
    0.40033071813713716480E+01    0.68905078369057415344E+00    0.54769891578073572028E-14
    0.40120949781781787280E+01    0.73640060484231151250E+00    0.21287914103250179588E-14
    0.40208827749849849198E+01    0.72691686896756835257E+00   -0.16995806184411773107E-14
    0.40296705717917919998E+01    0.66229394649234030190E+00   -0.56400624178108478235E-14
    0.40384583685985990797E+01    0.54825031894978581981E+00   -0.92460326416972291134E-14
    0.40472461654054052715E+01    0.39395429976889007051E+00   -0.12171294963257865089E-13
    0.40560339622122123515E+01    0.21119028046656929121E+00   -0.14180413029857674363E-13
    0.40648217590190194315E+01    0.13381759414698683394E-01   -0.15073896958477073666E-13
    0.40736095558258256233E+01   -0.18540203912269717645E+00   -0.14695622695006765135E-13
    0.40823973526326327033E+01   -0.37144837937516800297E+00   -0.13060481821971363442E-13
    0.40911851494394397832E+01   -0.53234839145108292513E+00   -0.10442677569694827540E-13
    0.40999729462462468632E+01   -0.65774198789236248963E+00   -0.72352334990852881613E-14
    0.41087607430530530550E+01   -0.73993284497567013425E+00   -0.37041423437395728838E-14
    0.41175485398598601350E+01   -0.77429224349617631340E+00    0.55808272073697956157E-16
    0.41263363366666672150E+01   -0.75938231397823474644E+00    0.38812553689578275040E-14
    0.41351241334734734068E+01   -0.69694522135150549502E+00    0.73494427924206899521E-14
    0.41439119302802804867E+01   -0.59161962731624340162E+00    0.99646595718057323602E-14
    0.41526997270870875667E+01   -0.45050123200185387962E+00    0.11522690817666695516E-13
    0.41614875238938937585E+01   -0.28260391632280879026E+00    0.12210474902351561717E-13
    0.41702753207007008385E+01   -0.98198928357750209228E-01    0.12331927469984951353E-13
    0.41790631175075079184E+01    0.91862580633597104574E-01    0.12039936085706072788E-13
    0.41878509143143141102E+01    0.27679947601742133090E+00    0.11353167328051009810E-13
    0.41966387111211211902E+01    0.44652633119787393801E+00    0.10314954419400793978E-13
    0.42054265079279282702E+01    0.59218202557187726853E+00    0.90470398850755937809E-14
    0.42142143047347353502E+01    0.70652819696259983040E+00    0.76504911833621685471E-14
    0.42230021015415415420E+01    0.78427113758586786130E+00    0.61115708094266234339E-14
    0.42317898983483486219E+01    0.82220790767831886114E+00    0.43302189415786019607E-14
    0.42405776951551557019E+01    0.81926949885822153430E+00    0.22101121866095021912E-14
    0.42493654919619618937E+01    0.77645930930368445289E+00   -0.28541944499135902740E-15
    0.42581532887687689737E+01    0.69665947229029601129E+00   -0.31278693110352839017E-14
    0.42669410855755760537E+01    0.58438805637588420172E+00   -0.62178424280423253411E-14
    0.42757288823823822455E+01    0.44547685435666783960E+00   -0.93446469527087044480E-14
    0.42845166791891893254E+01    0.28670721123828890597E+00   -0.12139519845834059205E-13
    0.42933044759959964054E+01    0.11544025621399386927E+00   -0.14148181827120562188E-13
    0.43020922728028034854E+01   -0.60756594625214453698E-01   -0.15059960178754762789E-13
    0.43108800696096096772E+01   -0.23446861171243241206E+00   -0.14883145324921971914E-13
    0.43196678664164167571E+01   -0.39874085588139007719E+00   -0.13833827696987205926E-13
    0.43284556632232238371E+01   -0.54735228543528025025E+00   -0.12092490616053930085E-13
    0.43372434600300300289E+01   -0.67502903286123805415E+00   -0.97240672358296646999E-14
    0.43460312568368371089E+01   -0.77757980445667163050E+00   -0.68211514290310434846E-14
    0.43548190536436441889E+01   -0.85199153503385371966E+00   -0.36233700882503060491E-14
    0.43636068504504503807E+01   -0.89644173935641813245E+00   -0.41170094515605142079E-15
    0.43723946472572574606E+01   -0.91026437916555424934E+00    0.26922604858934725394E-14
    0.43811824440640645406E+01   -0.89387846347163224525E+00    0.57231886693263388787E-14
    0.43899702408708707324E+01   -0.84867158428710309792E+00    0.85999138041006368944E-14
    0.43987580376776778124E+01   -0.77687000869210587339E+00    0.10935016050853376973E-13
    0.44075458344844848924E+01   -0.68139259969748189327E+00    0.12287839956096288395E-13
    0.44163336312912919723E+01   -0.56569745863998033286E+00    0.12605596477498443388E-13
    0.44251214280980981641E+01   -0.43363736479498865561E+00    0.12297935182093611295E-13
    0.44339092249049052441E+01   -0.28932721398671590318E+00    0.11828883731555183223E-13
    0.44426970217117123241E+01   -0.13701877270956558386E+00    0.11359067561593064216E-13
    0.44514848185185185159E+01    0.19007889255507715714E-01    0.10854551959669639333E-13
    0.44602726153253255958E+01    0.17454413037108199025E+00    0.10402830951373801360E-13
    0.44690604121321326758E+01    0.32554821969665820314E+00    0.10255968993747540793E-13
    0.44778482089389388676E+01    0.46823592828592530690E+00    0.10514168372296275997E-13
    0.44866360057457459476E+01    0.59916610163690997570E+00    0.10888602451270440593E-13
    0.44954238025525530276E+01    0.71531280737797520164E+00    0.10942798044335252752E-13
    0.45042115993593592194E+01    0.81412956561008775758E+00    0.10533917050387211126E-13
    0.45129993961661662993E+01    0.89360199865282097242E+00    0.98812195879810408068E-14
    0.45217871929729733793E+01    0.95228611620189673737E+00    0.91533509529378333354E-14
    0.45305749897797804593E+01    0.98933334555714502745E+00    0.81421424226206446066E-14
    0.45393627865865866511E+01    0.10044812390162816129E+01    0.65041599631397772102E-14
    0.45481505833933937311E+01    0.99802508138076884148E+00    0.42403760797688586312E-14
    0.45569383802002008110E+01    0.97076943690629180495E+00    0.17724509417045038533E-14
    0.45657261770070070028E+01    0.92395584518531070906E+00   -0.49863136636588764024E-15
    0.45745139738138140828E+01    0.85918522240485672992E+00   -0.25620254899059018753E-14
    0.45833017706206211628E+01    0.77833726550346526984E+00   -0.46327584896106492614E-14
    0.45920895674274273546E+01    0.68348896340944975680E+00   -0.67561441990571804668E-14
    0.46008773642342344345E+01    0.57683826762068646232E+00   -0.86951472183333607497E-14
    0.46096651610410415145E+01    0.46063437584375055422E+00   -0.10182504142561650011E-13
    0.46184529578478477063E+01    0.33711463977589206653E+00   -0.11155530803819525571E-13
    0.46272407546546547863E+01    0.20845870575645714107E+00   -0.11726594379911905049E-13
    0.46360285514614618663E+01    0.76752057262806386295E-01   -0.12031796271062286673E-13
    0.46448163482682689462E+01   -0.56040879025192558149E-01   -0.12141490734430110976E-13
    0.46536041450750751380E+01   -0.18809245204942690033E+00   -0.12055717824516357060E-13
    0.46623919418818822180E+01   -0.31772456307455587687E+00   -0.11744305026469161371E-13
    0.46711797386886892980E+01   -0.44341847873521955670E+00   -0.11279570316333538924E-13
    0.46799675354954954898E+01   -0.56382296815271226720E+00   -0.10985137391776625726E-13
    0.46887553323023025698E+01   -0.67776009440126327998E+00   -0.11328251952721958114E-13
    0.46975431291091096497E+01   -0.78422824950904923558E+00   -0.12503480221336922171E-13
    0.47063309259159158415E+01   -0.88240454840567283945E+00   -0.14148068725215838451E-13
    0.47151187227227229215E+01   -0.97164674541409934427E+00   -0.15637103167594181948E-13
    0.47239065195295300015E+01   -0.10514944809602830844E+01   -0.16611499861247497795E-13
    0.47326943163363361933E+01   -0.11216665545862414266E+01   -0.17117206260611731860E-13
    0.47414821131431432732E+01   -0.11820533784877635952E+01   -0.17263921096779337793E-13
    0.47502699099499503532E+01   -0.12327064313803079987E+01   -0.16936685728285897039E-13
    0.47590577067567574332E+01   -0.12738210676163579382E+01   -0.15929780267872774867E-13
    0.47678455035635636250E+01   -0.13057161629394244962E+01   -0.14254640830869991979E-13
    0.47766333003703707050E+01   -0.13288134768553314657E+01   -0.12222425293426492434E-13
    0.47854210971771777849E+01   -0.13436168755965300914E+01   -0.10247250850754394051E-13
    0.47942088939839839767E+01   -0.13506917263998923229E+01   -0.86401083164343907147E-14
    0.48029966907907910567E+01   -0.13506448889465958452E+01   -0.75220738440498127706E-14
    0.48117844875975981367E+01   -0.13441052208014148128E+01   -0.68051182907670448982E-14
    0.48205722844044043285E+01   -0.13317061348321681535E+01   -0.62749753025962770359E-14
    0.48293600812112114085E+01   -0.13140706221542894916E+01   -0.57884742523863231602E-14
    0.48381478780180184884E+01   -0.12917988369900830214E+01   -0.54035603220926457667E-14
    0.48469356748248246802E+01   -0.12654621487991435380E+01   -0.52465778502256392079E-14
    0.48557234716316317602E+01   -0.12356003706146050369E+01   -0.52813138859884142308E-14
    0.48645112684384388402E+01   -0.12027205771881330776E+01   -0.52804504597867511378E-14
    0.48732990652452459202E+01   -0.11672976051154804189E+01   -0.50381772715110771191E-14
    0.48820868620520521119E+01   -0.11297748237209916944E+01   -0.45399798599788665061E-14
    0.48908746588588591919E+01   -0.10905648629348296819E+01   -0.38818519555276676803E-14
    0.48996624556656662719E+01   -0.10500504355132045387E+01   -0.30918234544543918359E-14
    0.49084502524724724637E+01   -0.10085861407294149927E+01   -0.20994963361628032265E-14
    0.49172380492792795437E+01   -0.96650138257575335388E+00   -0.88147714774422393926E-15
    0.49260258460860866236E+01   -0.92410271072883476418E+00    0.43180213257216790077E-15
    0.49348136428928928154E+01   -0.88167389626480152653E+00    0.16511600460372743727E-14
    0.49436014396996998954E+01   -0.83947508201493359348E+00    0.26975325793439203625E-14
    0.49523892365065069754E+01   -0.79774281096179089356E+00    0.36189800915009177921E-14
    0.49611770333133140554E+01   -0.75669109327258365916E+00    0.44306807695301397560E-14
    0.49699648301201202472E+01   -0.71651178995125563986E+00    0.50018903328064504233E-14
    0.49787526269269273271E+01   -0.67737248558674190146E+00    0.51669751794637886396E-14
    0.49875404237337344071E+01   -0.63941379970434741864E+00    0.49167106711016711278E-14
    0.49963282205405405989E+01   -0.60275144099432897971E+00    0.44175080685388677112E-14
    0.50051160173473476789E+01   -0.56748356573098990285E+00    0.38318946628427091617E-14
    0.50139038141541547589E+01   -0.53369422219449591527E+00    0.31824449966847718000E-14
    0.50226916109609609506E+01   -0.50144288807907344552E+00    0.24368560105678779398E-14
    0.50314794077677680306E+01   -0.47074948844511432799E+00    0.16743881648538056474E-14
    0.50402672045745751106E+01   -0.44159326793582298620E+00    0.11098463288580579196E-14
    0.50490550013813813024E+01   -0.41392754130406272939E+00    0.95306963489036134061E-15
    0.50578427981881883824E+01   -0.38769518808481640004E+00    0.12808238674561894936E-14
    0.50666305949949954623E+01   -0.36283886383753027882E+00    0.20213202724970341070E-14
    0.50754183918018025423E+01   -0.33930805298429922434E+00    0.29910932179451956912E-14
    0.50842061886086087341E+01   -0.31705945022523651655E+00    0.39527791748705262907E-14
    0.50929939854154158141E+01   -0.29605009998420001027E+00    0.46932461418495050939E-14
    0.51017817822222228941E+01   -0.27623193582067201435E+00    0.50929973669307940683E-14
    0.51105695790290290859E+01   -0.25755362788763913606E+00    0.51613368484567499752E-14
    0.51193573758358361658E+01   -0.23996524746800135253E+00    0.50441268714600458068E-14
    0.51281451726426432458E+01   -0.22341985740346959055E+00    0.49314464614897645499E-14
    0.51369329694494494376E+01   -0.20787156670707643280E+00    0.48589483131629323842E-14
    0.51457207662562565176E+01   -0.19327383833497863153E+00    0.46035831958049134063E-14
    0.51545085630630635976E+01   -0.17958009799652455141E+00    0.38934210000588283991E-14
    0.51632963598698697893E+01   -0.16674521753471219232E+00    0.27184724805086158227E-14
    0.51720841566766768693E+01   -0.15472601457543150305E+00    0.13621196279313008273E-14
    0.51808719534834839493E+01   -0.14348063357800680540E+00    0.12360935687477270291E-15
    0.51896597502902910293E+01   -0.13296802175716104788E+00   -0.88779685286759441491E-15
    0.51984475470970972211E+01   -0.12314816186515048502E+00   -0.16225935926775833857E-14
    0.52072353439039043010E+01   -0.11398258520485383960E+00   -0.18559603981788489424E-14
    0.52160231407107113810E+01   -0.10543453100888008911E+00   -0.12633706499499589419E-14
    0.52248109375175184610E+01   -0.97468709335558970097E-01    0.16728682163534206809E-15
    0.52335987343243246528E+01   -0.90051099501105902334E-01    0.19032806199922750032E-14
    0.52423865311311317328E+01   -0.83149017597320795669E-01    0.32770126103787825078E-14
    0.52511743279379388127E+01   -0.76731281419487082363E-01    0.40951858015569646679E-14
    0.52599621247447450045E+01   -0.70768242399952982491E-01    0.46726229344356671028E-14
    0.52687499215515520845E+01   -0.65231670247265019502E-01    0.52434433607192487110E-14
    0.52775377183583591645E+01   -0.60094650584553696571E-01    0.55487264671663244425E-14
    0.52863255151651653563E+01   -0.55331580349325913681E-01    0.51707110453530031957E-14
    0.52951133119719724363E+01   -0.50918197904709298907E-01    0.41120287307085273685E-14
    0.53039011087787795162E+01   -0.46831563203150732011E-01    0.28407613834970529179E-14
    0.53126889055855857080E+01   -0.43049983260702862076E-01    0.17595800477477588058E-14
    0.53214767023923927880E+01   -0.39552942701792291602E-01    0.82039794403653050631E-15
    0.53302644991991998680E+01   -0.36321070665846520720E-01   -0.22786064723760144424E-15
    0.53390522960060069479E+01   -0.33336120522567659619E-01   -0.13776715611501931953E-14
    0.53478400928128131397E+01   -0.30580931556010423900E-01   -0.22842785179766999526E-14
    0.53566278896196202197E+01   -0.28039371106297200642E-01   -0.25992727555142154586E-14
    0.53654156864264272997E+01   -0.25696279170989502760E-01   -0.22454640905421537879E-14
    0.53742034832332334915E+01   -0.23537427530677060977E-01   -0.13670107177977594631E-14
    0.53829912800400405715E+01   -0.21549484121915863516E-01   -0.15883112852014038143E-15
    0.53917790768468476514E+01   -0.19719971716334026152E-01    0.12022672309978658705E-14
    0.54005668736536538432E+01   -0.18037220466370074146E-01    0.25155903878595094037E-14
    0.54093546704604609232E+01   -0.16490322076185549155E-01    0.35402725626000884723E-14
    0.54181424672672680032E+01   -0.15069090734521175048E-01    0.40913882208066086310E-14
    0.54269302640740750832E+01   -0.13764026681865399598E-01    0.41615828816415867508E-14
    0.54357180608808812750E+01   -0.12566278784745584657E-01    0.38903272259316431086E-14
    0.54445058576876883549E+01   -0.11467606015032735453E-01    0.33765868242036213370E-14
    0.54532936544944954349E+01   -0.10460340238375548730E-01    0.25627385687827783226E-14
    0.54620814513013016267E+01   -0.95373528836931228264E-02    0.13672481443717154982E-14
    0.54708692481081087067E+01   -0.86920232775112380580E-02   -0.10705853503096391289E-15
    0.54796570449149157866E+01   -0.79182076553957255610E-02   -0.15502960007279469371E-14
    0.54884448417217219784E+01   -0.72102088410106500785E-02   -0.26164758691761687158E-14
    0.54972326385285290584E+01   -0.65627470336465229192E-02   -0.30873644914022200991E-14
    0.55060204353353361384E+01   -0.59709332403942681766E-02   -0.29440627221258348530E-14
    0.55148082321421423302E+01   -0.54302439255720230671E-02   -0.23826639727414798112E-14
    0.55235960289489494102E+01   -0.49364967953546209922E-02   -0.16929549078589115286E-14
    0.55323838257557564901E+01   -0.44858277237400656645E-02   -0.10047632785844449001E-14
    0.55411716225625635701E+01   -0.40746685991014620562E-02   -0.16394284780320180751E-15
    0.55499594193693697619E+01   -0.36997271299654501710E-02    0.10068949605775487076E-14
    0.55587472161761768419E+01   -0.33579675852721362073E-02    0.23500190841191764915E-14
    0.55675350129829839219E+01   -0.30465926563748154873E-02    0.34119929755670366781E-14
    0.55763228097897901137E+01   -0.27630264421258550478E-02    0.38823592318819385059E-14
    0.55851106065965971936E+01   -0.25048981701113310315E-02    0.38735379354463175857E-14
    0.55938984034034042736E+01   -0.22700273966484380353E-02    0.36481096362596042799E-14
    0.56026862002102104654E+01   -0.20564099217022361633E-02    0.31923225041267334591E-14
    0.56114739970170175454E+01   -0.18622046495003841474E-02    0.22436932998609374074E-14
    0.56202617938238246253E+01   -0.16857213890884108470E-02    0.77076352482669305882E-15
    0.56290495906306308171E+01   -0.15254092212526068704E-02   -0.75093911913980584577E-15
    0.56378373874374378971E+01   -0.13798459686837601448E-02   -0.17418032674023469344E-14
    0.56466251842442449771E+01   -0.12477282008814742469E-02   -0.21033674287918332627E-14
    0.56554129810510520571E+01   -0.11278619756182953204E-02   -0.22237431290692430837E-14
    0.56642007778578582489E+01   -0.10191543065597797116E-02   -0.24088963262325399706E-14
    0.56729885746646653288E+01   -0.92060505175785636856E-03   -0.24982340685481819941E-14
    0.56817763714714724088E+01   -0.83129960724219323972E-03   -0.21445413666000151046E-14
    0.56905641682782786006E+01   -0.75040198989531506444E-03   -0.12913906079101654229E-14
    0.56993519650850856806E+01   -0.67714846614142789553E-03   -0.23883865772649261247E-15
    0.57081397618918927606E+01   -0.61084171425892196117E-03    0.69887651958515536948E-15
    0.57169275586986989524E+01   -0.55084529011413638395E-03    0.14482843013355383106E-14
    0.57257153555055060323E+01   -0.49657866635863571157E-03    0.20742317463937143484E-14
    0.57345031523123131123E+01   -0.44751254763197357602E-03    0.25672553787658368492E-14
    0.57432909491191193041E+01   -0.40316457599309584803E-03    0.28139084237288112865E-14
    0.57520787459259263841E+01   -0.36309541466557495410E-03    0.27467599741435953370E-14
    0.57608665427327334640E+01   -0.32690504483627824640E-03    0.24384860697395203250E-14
    0.57696543395395405440E+01   -0.29422946150713048981E-03    0.19977837214495761032E-14
    0.57784421363463467358E+01   -0.26473756034996941090E-03    0.14163474645595043034E-14
    0.57872299331531538158E+01   -0.23812829581731792821E-03    0.59380956051865825599E-15
    0.57960177299599608958E+01   -0.21412810002168167233E-03   -0.46746613696444034605E-15
    0.58048055267667670876E+01   -0.19248844779582178956E-03   -0.15500752143674889686E-14
    0.58135933235735741675E+01   -0.17298369352885146089E-03   -0.23666243971644199358E-14
    0.58223811203803812475E+01   -0.15540903732553712686E-03   -0.27755055075031057763E-14
    0.58311689171871874393E+01   -0.13957867537625571878E-03   -0.28226931087126475870E-14
    0.58399567139939945193E+01   -0.12532412593441332360E-03   -0.26158822527825705751E-14
    0.58487445108008015993E+01   -0.11249265356130597876E-03   -0.22205319266249294777E-14
    0.58575323076076077911E+01   -0.10094587487683630376E-03   -0.16629131096893381632E-14
    0.58663201044144148710E+01   -0.90558450169153631827E-04   -0.96934678853546774846E-15
    0.58751079012212219510E+01   -0.81216897618393530203E-04   -0.18147481887654592437E-15
    0.58838956980280290310E+01   -0.72818523433471865733E-04    0.65189325559112072557E-15
    0.58926834948348352228E+01   -0.65270416850412576342E-04    0.14719844182220285126E-14
    0.59014712916416423027E+01   -0.58488564214652110534E-04    0.21737057304424448205E-14
    0.59102590884484493827E+01   -0.52397019065461320365E-04    0.25729985435209757976E-14
    0.59190468852552555745E+01   -0.46927152405868944273E-04    0.24798590438685413430E-14
    0.59278346820620626545E+01   -0.42016978145779392321E-04    0.18664332289692590066E-14
    0.59366224788688697345E+01   -0.37610520656532875740E-04    0.94506609824139761384E-15
    0.59454102756756759263E+01   -0.33657259200555807610E-04    0.32453990390066100740E-17
    0.59541980724824830062E+01   -0.30111608306528782439E-04   -0.81898643225589317887E-15
    0.59629858692892900862E+01   -0.26932449759777454725E-04   -0.15493300043269208727E-14
    0.59717736660960962780E+01   -0.24082712580393340229E-04   -0.22159857754432466586E-14
    0.59805614629029033580E+01   -0.21528979935277479306E-04   -0.27311918447333963475E-14
    0.59893492597097104380E+01   -0.19241144947972401433E-04   -0.29509083311946465830E-14
    0.59981370565165175179E+01   -0.17192089244609177258E-04   -0.27881988574173005902E-14
    0.60069248533233237097E+01   -0.15357394250364358654E-04   -0.22627809203232589207E-14
    0.60157126501301307897E+01   -0.13715082682998057072E-04   -0.14889020950807184298E-14
    0.60245004469369378697E+01   -0.12245377038157014953E-04   -0.63498348074034219305E-15
    0.60332882437437440615E+01   -0.10930488757040968844E-04    0.16415961912550334621E-15
    0.60420760405505511415E+01   -0.97544215828240807758E-05    0.89126330866185268913E-15
    0.60508638373573582214E+01   -0.87027954255955621558E-05    0.15983234163123021464E-14
    0.60596516341641644132E+01   -0.77626889808540002852E-05    0.22419077884174816998E-14
    0.60684394309709714932E+01   -0.69224929328545016456E-05    0.26094912592597939619E-14
    0.60772272277777785732E+01   -0.61717821702804757404E-05    0.24894729331427840467E-14
    0.60860150245845856531E+01   -0.55011967473300786864E-05    0.18913448119323830285E-14
    0.60948028213913918449E+01   -0.49023355322442285979E-05    0.10383214063057902366E-14
    0.61035906181981989249E+01   -0.43676613620530072620E-05    0.15563804774447665450E-15
    0.61123784150050060049E+01   -0.38904127142522915280E-05   -0.68036470079257842937E-15
    0.61211662118118121967E+01   -0.34645270228965314465E-05   -0.14961778378006849660E-14
    0.61299540086186192767E+01   -0.30845693232747769303E-05   -0.23139945033409757542E-14
    0.61387418054254263566E+01   -0.27456686574063682323E-05   -0.30946082112890897697E-14
    0.61475296022322325484E+01   -0.24434614599612803699E-05   -0.37280894328681005476E-14
    0.61563173990390396284E+01   -0.21740389131222754314E-05   -0.40509470869060408056E-14
    0.61651051958458467084E+01   -0.19339013563897737197E-05   -0.39099741503007405509E-14
    0.61738929926526529002E+01   -0.17199159084796594493E-05   -0.32378623407291647366E-14
    0.61826807894594599802E+01   -0.15292787865885257278E-05   -0.21014818010037912389E-14
    0.61914685862662670601E+01   -0.13594818160115096602E-05   -0.72295579609443641753E-15
    0.62002563830730741401E+01   -0.12082813325342160351E-05    0.55500934085028362730E-15
    0.62090441798798803319E+01   -0.10736713162119987025E-05    0.14212912615477703762E-14
    0.62178319766866874119E+01   -0.95385844213321721845E-06    0.17612877276317483351E-14
    0.62266197734934944918E+01   -0.84723994620161594141E-06    0.16534728783845307016E-14
    0.62354075703003006836E+01   -0.75238398152431403599E-06    0.12196225294285775829E-14
    0.62441953671071077636E+01   -0.66801140372717510323E-06    0.51776653316300945152E-15
    0.62529831639139148436E+01   -0.59298007032496482132E-06   -0.43094419304211984931E-15
    0.62617709607207210354E+01   -0.52627027349505094500E-06   -0.15786708699440326003E-14
    0.62705587575275281154E+01   -0.46697184410802187098E-06   -0.28411248608580363339E-14
    0.62793465543343351953E+01   -0.41427272231947657210E-06   -0.41347925225448217176E-14
    0.62881343511411413871E+01   -0.36744837393416791372E-06   -0.53965095649847015036E-14
    0.62969221479479484671E+01   -0.32585268730966484530E-06   -0.65519947419358277127E-14
    0.63057099447547555471E+01   -0.28890953449580175047E-06   -0.74792610513654209816E-14
    0.63144977415615626271E+01   -0.25610531577054129996E-06   -0.80441524859628369936E-14
    0.63232855383683688189E+01   -0.22698236008332074786E-06   -0.81965006121517345323E-14
    0.63320733351751758988E+01   -0.20113282199791388491E-06   -0.80304462879954902794E-14
    0.63408611319819829788E+01   -0.17819344345864791139E-06   -0.77510994604066808387E-14
    0.63496489287887891706E+01   -0.15784070163904725391E-06   -0.76076193133439021741E-14
    0.63584367255955962506E+01   -0.13978653038893335786E-06   -0.78128107073936594896E-14
    0.63672245224024033305E+01   -0.12377453685580407193E-06   -0.84554152959945568815E-14
    0.63760123192092095223E+01   -0.10957650735427718226E-06   -0.94801544456139807174E-14
    0.63848001160160166023E+01   -0.96989414658913205090E-07   -0.10815747671883462511E-13
    0.63935879128228236823E+01   -0.85832648023268807681E-07   -0.12521411160592364982E-13
    0.64023757096296298741E+01   -0.75945575109536809262E-07   -0.14755579577438905408E-13
    0.64111635064364369541E+01   -0.67185388114807937898E-07   -0.17597276962702302993E-13
    0.64199513032432440340E+01   -0.59425117039399617089E-07   -0.20941294720626318356E-13
    0.64287391000500511140E+01   -0.52551931285429814983E-07   -0.24587284206754932977E-13
    0.64375268968568573058E+01   -0.46465568758577192586E-07   -0.28374785824882130465E-13
    0.64463146936636643858E+01   -0.41076955832489378356E-07   -0.32216670505354703080E-13
    0.64551024904704714658E+01   -0.36306989405781551155E-07   -0.36047403273596420595E-13
    0.64638902872772776576E+01   -0.32085414816810909695E-07   -0.39794846897339211538E-13
    0.64726780840840847375E+01   -0.28349868245987188960E-07   -0.43422313763712290530E-13
    0.64814658808908918175E+01   -0.25044991564735031525E-07   -0.46982725115475832825E-13
    0.64902536776976980093E+01   -0.22121656225667216634E-07   -0.50611739078275412074E-13
    0.64990414745045050893E+01   -0.19536278997134950729E-07   -0.54469758591277880196E-13
    0.65078292713113121692E+01   -0.17250192181065541968E-07   -0.58682573439422439737E-13
    0.65166170681181183610E+01   -0.15229106769786898459E-07   -0.63291286472548340661E-13
    0.65254048649249254410E+01   -0.13442616454568585686E-07   -0.68223983598698885210E-13
    0.65341926617317325210E+01   -0.11863763778791670144E-07   -0.73373368486248011893E-13
    0.65429804585385396010E+01   -0.10468658201062883619E-07   -0.78755222830738954905E-13
    0.65517682553453457928E+01   -0.92361248820309678457E-08   -0.84552889257493773671E-13
    0.65605560521521528727E+01   -0.81474055049080549735E-08   -0.90906535207970265527E-13
    0.65693438489589599527E+01   -0.71858819590447338291E-08   -0.97677751406400767891E-13
    0.65781316457657661445E+01   -0.63368353073296395077E-08   -0.10453011459211767226E-12
    0.65869194425725732245E+01   -0.55872339768339565853E-08   -0.11125877279879381659E-12
    0.65957072393793803045E+01   -0.49255390804611924497E-08   -0.11794168815543702587E-12
    0.66044950361861864963E+01   -0.43415384958896272670E-08   -0.12466799291280470706E-12
    0.66132828329929935762E+01   -0.38261936286497714115E-08   -0.13121236283708319703E-12
    0.66220706297998006562E+01   -0.33715062293500610634E-08   -0.13714764255440882813E-12
    0.66308584266066068480E+01   -0.29704016768688294255E-08   -0.14229952532974811237E-12
    0.66396462234134139280E+01   -0.26166217268942234805E-08   -0.14694869603995498685E-12
    0.66484340202202210079E+01   -0.23046329738021289934E-08   -0.15144294673095444668E-12
    0.66572218170270280879E+01   -0.20295422799582714541E-08   -0.15572388826631138752E-12
    0.66660096138338342797E+01   -0.17870235115199305409E-08   -0.15939353608667133724E-12
    0.66747974106406413597E+01   -0.15732534823712924279E-08   -0.16220425583408419621E-12
    0.66835852074474484397E+01   -0.13848531746348280996E-08   -0.16434447811428501680E-12
    0.66923730042542546315E+01   -0.12188376542404321985E-08   -0.16622046400075350967E-12
    0.67011608010610617114E+01   -0.10725698032730565803E-08   -0.16812237382640045076E-12
    0.67099485978678687914E+01   -0.94372017661974865696E-09   -0.17010685604868256762E-12
    0.67187363946746749832E+01   -0.83023181426422476397E-09   -0.17205540507236869992E-12
    0.67275241914814820632E+01   -0.73028808463503262911E-09   -0.17375815144208607726E-12
    0.67363119882882891432E+01   -0.64228555937613348856E-09   -0.17501137856917613877E-12
    0.67450997850950962231E+01   -0.56480901196257737722E-09   -0.17570613371912976514E-12
    0.67538875819019024149E+01   -0.49660955009662158772E-09   -0.17584669460650815148E-12
    0.67626753787087094949E+01   -0.43658527100758649211E-09   -0.17551281793959570769E-12
    0.67714631755155165749E+01   -0.38376366450195177824E-09   -0.17480093381874318325E-12
    0.67802509723223227667E+01   -0.33728696613554698418E-09   -0.17373542852392230093E-12
    0.67890387691291298466E+01   -0.29639871458494164866E-09   -0.17219815743882137049E-12
    0.67978265659359369266E+01   -0.26043195602750589182E-09   -0.17000257664478190889E-12
    0.68066143627427431184E+01   -0.22879876509576474691E-09   -0.16707526190168522539E-12
    0.68154021595495501984E+01   -0.20098073547613545317E-09   -0.16354975289117148352E-12
    0.68241899563563572784E+01   -0.17652111193031339101E-09   -0.15966645521343362949E-12
    0.68329777531631634702E+01   -0.15501756005249180740E-09   -0.15562954549934230298E-12
    0.68417655499699705501E+01   -0.13611569907000372284E-09   -0.15154345110626188072E-12
    0.68505533467767776301E+01   -0.11950324988896010471E-09   -0.14741371923223693271E-12
    0.68593411435835847101E+01   -0.10490483219056091145E-09   -0.14318397466074434640E-12
    0.68681289403903909019E+01   -0.92077904242754683513E-10   -0.13883013877317619265E-12
    0.68769167371971979819E+01   -0.80809084866983139194E-10   -0.13444342213935010344E-12
    0.68857045340040050618E+01   -0.70910697634832581431E-10   -0.13016683435191311336E-12
    0.68944923308108112536E+01   -0.62217500260442298104E-10   -0.12602642205925172845E-12
    0.69032801276176183336E+01   -0.54583788758097030384E-10   -0.12187536499330594281E-12
    0.69120679244244254136E+01   -0.47881189213581163651E-10   -0.11757568257114188116E-12
    0.69208557212312316054E+01   -0.41996693953706670550E-10   -0.11319657173108008010E-12
    0.69296435180380386853E+01   -0.36830914458885593494E-10   -0.10893935554392371848E-12
    0.69384313148448457653E+01   -0.32296501484057703645E-10   -0.10486411136283004057E-12
    0.69472191116516519571E+01   -0.28316685397198486232E-10   -0.10077238330742270723E-12
    0.69560069084584590371E+01   -0.24824014982983342847E-10   -0.96425291960788603206E-13
    0.69647947052652661171E+01   -0.21759192277719163203E-10   -0.91805806078817326971E-13
    0.69735825020720731970E+01   -0.19070101768434974349E-10   -0.87109181659966583540E-13
    0.69823702988788793888E+01   -0.16710987104583851259E-10   -0.82532707502214160245E-13
    0.69911580956856864688E+01   -0.14641679351132923104E-10   -0.78137219194780496478E-13
    0.69999458924924935488E+01   -0.12826895770722102768E-10   -0.73881718607759598410E-13
    0.70087336892992997406E+01   -0.11235588687797224250E-10   -0.69703651436862776975E-13
    0.70175214861061068206E+01   -0.98404439586249131715E-11   -0.65577800781357993895E-13
    0.70263092829129139005E+01   -0.86174908037243006610E-11   -0.61555637838065834243E-13
    0.70350970797197200923E+01   -0.75457249922040149211E-11   -0.57758282468215066329E-13
    0.70438848765265271723E+01   -0.66067369319650017380E-11   -0.54286244270759803183E-13
    0.70526726733333342523E+01   -0.57843495266132035511E-11   -0.51128658820040185204E-13
    0.70614604701401404441E+01   -0.50642976778505080217E-11   -0.48188206461202910708E-13
    0.70702482669469475240E+01   -0.44339431580453890487E-11   -0.45388236151868937725E-13
    0.70790360637537546040E+01   -0.38820667319505074420E-11   -0.42729426577826205853E-13
    0.70878238605605616840E+01   -0.33987972304296709253E-11   -0.40238231649519326913E-13
    0.70966116573673678758E+01   -0.29755506993709353830E-11   -0.37900924024666366895E-13
    0.71053994541741749558E+01   -0.26048285734618337243E-11   -0.35677333238168554954E-13
    0.71141872509809820357E+01   -0.22799235544741693174E-11   -0.33569283251611419247E-13
    0.71229750477877882275E+01   -0.19947982917668061750E-11   -0.31629132718040531018E-13
    0.71317628445945953075E+01   -0.17442971371099897057E-11   -0.29849038981097526162E-13
    0.71405506414014023875E+01   -0.15243520736755714032E-11   -0.28062261731234438575E-13
    0.71493384382082085793E+01   -0.13317060647761087620E-11   -0.26065786627411055632E-13
    0.71581262350150156593E+01   -0.11633077460813390136E-11   -0.23890156487575891877E-13
    0.71669140318218227392E+01   -0.10160300690756441068E-11   -0.21867970498604248033E-13
    0.71757018286286289310E+01   -0.88703434563739592770E-12   -0.20311130076015522683E-13
    0.71844896254354360110E+01   -0.77419047677718141800E-12   -0.19168036223871671393E-13
    0.71932774222422430910E+01   -0.67590576173724483429E-12   -0.18106879356275489288E-13
    0.72020652190490501710E+01   -0.59055080109982154397E-12   -0.16893167962824881230E-13
    0.72108530158558563627E+01   -0.51622910212254191572E-12   -0.15585534428759337001E-13
    0.72196408126626634427E+01   -0.45123306051268735775E-12   -0.14354691065671125347E-13
    0.72284286094694705227E+01   -0.39453572077895949292E-12   -0.13244937655762791266E-13
    0.72372164062762767145E+01   -0.34555465721860147536E-12   -0.12154887868646358245E-13
    0.72460042030830837945E+01   -0.30342768080019542452E-12   -0.10972915130172348869E-13
    0.72547919998898908744E+01   -0.26674184203546924763E-12   -0.96827460260074650457E-14
    0.72635797966966970662E+01   -0.23415128277587514483E-12   -0.83901100551314882852E-14
    0.72723675935035041462E+01   -0.20505419546595264949E-12   -0.73055723046920291801E-14
    0.72811553903103112262E+01   -0.17940869645231582629E-12   -0.66216879221779606531E-14
    0.72899431871171174180E+01   -0.15697104982136118521E-12   -0.63263817119639107876E-14
    0.72987309839239244980E+01   -0.13697950334570652350E-12   -0.61669697403461081367E-14
    0.73075187807307315779E+01   -0.11871836397878955198E-12   -0.58907053315295420109E-14
    0.73163065775375386579E+01   -0.10213997343852768183E-12   -0.54942416930744469389E-14
    0.73250943743443448497E+01   -0.87650863104456606555E-13   -0.51671878418016682290E-14
    0.73338821711511519297E+01   -0.75345520312935303303E-13   -0.50303107189808218410E-14
    0.73426699679579590097E+01   -0.64709421500615087043E-13   -0.49957881547428544265E-14
    0.73514577647647652014E+01   -0.55230288998390111753E-13   -0.48737556986110452311E-14
    0.73602455615715722814E+01   -0.47052043557156734087E-13   -0.45273834299234268413E-14
    0.73690333583783793614E+01   -0.40707629789072536247E-13   -0.39491142635010854057E-14
    0.73778211551851855532E+01   -0.36251350341393352402E-13   -0.32760188926741995538E-14
    0.73866089519919926332E+01   -0.32931261955101184659E-13   -0.27214480663276056010E-14
    0.73953967487987997131E+01   -0.29890789475637948665E-13   -0.23713127870666413930E-14
    0.74041845456056067931E+01   -0.26941033825401999553E-13   -0.20234131196531592654E-14
    0.74129723424124129849E+01   -0.24414630283264167226E-13   -0.13872590848773782297E-14
    0.74217601392192200649E+01   -0.22419257613617236684E-13   -0.50737646405706747843E-15
    0.74305479360260271449E+01   -0.20519844105362111816E-13    0.14368027247136343694E-15
    0.74393357328328333367E+01   -0.18247742143537256032E-13    0.17318771179753477393E-15
    0.74481235296396404166E+01   -0.15669175827862552488E-13   -0.22775488629267960439E-15
    0.74569113264464474966E+01   -0.13244341537662205861E-13   -0.50834788565935415587E-15
    0.74656991232532536884E+01   -0.11227807084696516776E-13   -0.44617591970768732479E-15
    0.74744869200600607684E+01   -0.94030280387522354649E-14   -0.40614218984600299056E-15
    0.74832747168668678484E+01   -0.74534089776249630063E-14   -0.80056373897783609852E-15
    0.74920625136736740401E+01   -0.53947720381935490793E-14   -0.15078600034288758384E-14
    0.75008503104804811201E+01   -0.35456529748797837067E-14   -0.20311900929763506606E-14
    0.75096381072872882001E+01   -0.21953217977745934250E-14   -0.21281531259126070589E-14
    0.75184259040940952801E+01   -0.14016944552715711754E-14   -0.20612176154481156221E-14
    0.75272137009009014719E+01   -0.10522520835038254127E-14   -0.21408084317733191409E-14
    0.75360014977077085518E+01   -0.98372485287536156697E-15   -0.22357134775273619964E-14
    0.75447892945145156318E+01   -0.10640396193824515797E-14   -0.19415603100946726586E-14
    0.75535770913213218236E+01   -0.12441228061101198521E-14   -0.11606427636328351808E-14
    0.75623648881281289036E+01   -0.15500240803676720398E-14   -0.30118374866502578731E-15
    0.75711526849349359836E+01   -0.19796643048924426814E-14    0.21700009407298162810E-15
    0.75799404817417421754E+01   -0.24096824440040588613E-14    0.47724840099752477779E-15
    0.75887282785485492553E+01   -0.26527759672704667427E-14    0.89881252955954921989E-15
    0.75975160753553563353E+01   -0.26081342253564129475E-14    0.16443968522593183726E-14
    0.76063038721621625271E+01   -0.23281239124691521251E-14    0.23720232089001177160E-14
    0.76150916689689696071E+01   -0.19333605441950157876E-14    0.26158247357775879932E-14
    0.76238794657757766871E+01   -0.15093499244879241331E-14    0.22277900148981697466E-14
    0.76326672625825837670E+01   -0.10882561598278614375E-14    0.13989516478419990908E-14
    0.76414550593893899588E+01   -0.68573875767748502920E-15    0.41045157902003374927E-15
    0.76502428561961970388E+01   -0.32693969558928397655E-15   -0.54020543830558129435E-15
    0.76590306530030041188E+01   -0.47179508175510183730E-16   -0.13528796652762197120E-14
    0.76678184498098103106E+01    0.11707004244965153393E-15   -0.19952198950254262945E-14
    0.76766062466166173905E+01    0.15205847670032218745E-15   -0.24575888611425293098E-14
    0.76853940434234244705E+01    0.97569625056720523281E-16   -0.27017640024611991023E-14
    0.76941818402302306623E+01    0.43432936593640813270E-16   -0.26542028989350648838E-14
    0.77029696370370377423E+01    0.69409217065571164429E-16   -0.22725003555615732000E-14
    0.77117574338438448223E+01    0.18609493556852424614E-15   -0.16097695670356236215E-14
    0.77205452306506510141E+01    0.33944251533256688624E-15   -0.79356008302200859385E-15
    0.77293330274574580940E+01    0.45541604584044011688E-15    0.48411445680170379294E-16
    0.77381208242642651740E+01    0.47564046133430772421E-15    0.84088797964809083803E-15
    0.77469086210710722540E+01    0.37330217800198120826E-15    0.15716588480026087171E-14
    0.77556964178778784458E+01    0.16109304684923813418E-15    0.22759101494975014320E-14
    0.77644842146846855258E+01   -0.11415537180739066156E-15    0.29530170428968496427E-14
    0.77732720114914926057E+01   -0.38619487203483744890E-15    0.34511527927386276342E-14
    0.77820598082982987975E+01   -0.59679313047977643525E-15    0.34885419962736294592E-14
    0.77908476051051058775E+01   -0.74192244734564308090E-15    0.28962039019833750852E-14
    0.77996354019119129575E+01   -0.89624055842789728791E-15    0.18321609612175089890E-14
    0.78084231987187191493E+01   -0.11280704487390627643E-14    0.65387090892468037628E-15
    0.78172109955255262292E+01   -0.13571178909021113909E-14   -0.40885067734141145013E-15
    0.78259987923323333092E+01   -0.13599223216262544998E-14   -0.13816685460497432137E-14
    0.78347865891391395010E+01   -0.10151279606978537328E-14   -0.23341731659321551659E-14
    0.78435743859459465810E+01   -0.51177535829421042066E-15   -0.31553263433353549922E-14
    0.78523621827527536610E+01   -0.16853963968150420266E-15   -0.36094283032774246615E-14
    0.78611499795595607409E+01   -0.34756407160051236266E-16   -0.35574900187137640153E-14
    0.78699377763663669327E+01    0.20110980658209635345E-15   -0.30543080210055271605E-14
    0.78787255731731740127E+01    0.79600953667862123826E-15   -0.22309925801526054567E-14
    0.78875133699799810927E+01    0.15582799284963111717E-14   -0.11650862690069253374E-14
    0.78963011667867872845E+01    0.20305694812340457557E-14    0.93048132254511102933E-16
    0.79050889635935943645E+01    0.20031820314571353209E-14    0.14052260563524238053E-14
    0.79138767604004014444E+01    0.17003295326105194589E-14    0.25322314047159744507E-14
    0.79226645572072076362E+01    0.14202529598021408794E-14    0.32885654775682472515E-14
    0.79314523540140147162E+01    0.11614816262132014087E-14    0.36814694344084927143E-14
    0.79402401508208217962E+01    0.70938776223759437782E-15    0.38274141779295277049E-14
    0.79490279476276279880E+01   -0.12081136484894482592E-16    0.37447635699570045971E-14
    0.79578157444344350679E+01   -0.79783472439655200207E-15    0.32991006703423157205E-14
    0.79666035412412421479E+01   -0.13712344275905278925E-14    0.23970964160801356617E-14
    0.79753913380480492279E+01   -0.16206775357682917406E-14    0.11699300735273519450E-14
    0.79841791348548554197E+01   -0.16180878692500230537E-14   -0.11548995446938317669E-15
    0.79929669316616624997E+01   -0.15058680161687618370E-14   -0.12964269689814575079E-14
    0.80017547284684695796E+01   -0.13967984445342078306E-14   -0.23835549556208451122E-14
    0.80105425252752748833E+01   -0.13090756905897610419E-14   -0.33538780218163083947E-14
    0.80193303220820819632E+01   -0.11424731635599949889E-14   -0.39647236368266038743E-14
    0.80281181188888890432E+01   -0.78583935809723681244E-15   -0.39022808645791874936E-14
    0.80369059156956961232E+01   -0.29009863130327726978E-15   -0.31112678288120639911E-14
    0.80456937125025032032E+01    0.11675376430220286706E-15   -0.18855371989078547934E-14
    0.80544815093093102831E+01    0.25969390572807944107E-15   -0.57841247073872516053E-15
    0.80632693061161173631E+01    0.22302879729927978268E-15    0.68237082133808857965E-15
    0.80720571029229226667E+01    0.24567713889362228727E-15    0.19233038180885857039E-14
    0.80808448997297297467E+01    0.44565739229920147561E-15    0.30578849388169825744E-14
    0.80896326965365368267E+01    0.71483141637709699240E-15    0.38146788694443887967E-14
    0.80984204933433439066E+01    0.88646022825982093382E-15    0.39778526790962391875E-14
    0.81072082901501509866E+01    0.91098383149330379788E-15    0.36137554932061277347E-14
    0.81159960869569580666E+01    0.82596285435214580587E-15    0.29707855106213458195E-14
    0.81247838837637633702E+01    0.61394065983431608887E-15    0.22016323569757835991E-14
    0.81335716805705704502E+01    0.17143210648751741248E-15    0.12625121614201701991E-14
    0.81423594773773775302E+01   -0.54610808216801031708E-15    0.93071843211164727826E-16
    0.81511472741841846101E+01   -0.13928478076720225025E-14   -0.11996298074587309051E-14
    0.81599350709909916901E+01   -0.21035864529685078229E-14   -0.23811992271394659739E-14
    0.81687228677977987701E+01   -0.24758070992844590043E-14   -0.32533069987900626488E-14
    0.81775106646046058501E+01   -0.24681229207753246699E-14   -0.37277381456884819477E-14
    0.81862984614114111537E+01   -0.21641129559222492344E-14   -0.37569452193259275396E-14
    0.81950862582182182337E+01   -0.17029477812844702610E-14   -0.32731138638780245770E-14
    0.82038740550250253136E+01   -0.11960596441754934469E-14   -0.22797946644701898364E-14
    0.82126618518318323936E+01   -0.64477071364071297795E-15   -0.10139799986995615762E-14
    0.82214496486386394736E+01    0.41334459758116427193E-16    0.96472139668418060684E-16
    0.82302374454454465535E+01    0.88048934859201320375E-15    0.77846810897037850130E-15
    0.82390252422522518572E+01    0.16937473770683809086E-14    0.11879419609129441640E-14
    0.82478130390590589371E+01    0.22462864656248089058E-14    0.16661480158759196229E-14
    0.82566008358658660171E+01    0.25193139854698759082E-14    0.22346653015857557088E-14
    0.82653886326726730971E+01    0.27339334794942084185E-14    0.24909552391184221241E-14
    0.82741764294794801771E+01    0.30063714090582481108E-14    0.21051947045819618375E-14
    0.82829642262862872570E+01    0.30658332417907392732E-14    0.12685860541935961014E-14
    0.82917520230930943370E+01    0.25026943643945635044E-14    0.47708735265464672524E-15
    0.83005398198998996406E+01    0.12823410621274131585E-14   -0.27995331966819700468E-16
    0.83093276167067067206E+01   -0.13629092371601996268E-15   -0.43620483347006993246E-15
    0.83181154135135138006E+01   -0.12708102466356157115E-14   -0.96511263128916865719E-15
    0.83269032103203208806E+01   -0.20539363197555153155E-14   -0.14778140038546774201E-14
    0.83356910071271279605E+01   -0.26918671830590237278E-14   -0.16315628299472332059E-14
    0.83444788039339350405E+01   -0.32238713265488954738E-14   -0.13009676792293897271E-14
    0.83532666007407403441E+01   -0.33880174331952959348E-14   -0.73186085647459379560E-15
    0.83620543975475474241E+01   -0.29471524904562232298E-14   -0.28825397911448881645E-15
    0.83708421943543545041E+01   -0.19987787201498708942E-14   -0.16896657493963541470E-15
    0.83796299911611615840E+01   -0.87080621278632094619E-15   -0.32714711840938650324E-15
    0.83884177879679686640E+01    0.19593726064623838877E-15   -0.51287288745234803096E-15
    0.83972055847747757440E+01    0.11724720929995180817E-14   -0.42151303839741256899E-15
    0.84059933815815828240E+01    0.20770800025001548330E-14    0.23217669704895910012E-16
    0.84147811783883881276E+01    0.28102340249517619212E-14    0.48943160480568763803E-15
    0.84235689751951952076E+01    0.32065454792935048856E-14    0.53348227502746747381E-15
    0.84323567720020022875E+01    0.31958134314183316075E-14    0.11863983138486047716E-15
    0.84411445688088093675E+01    0.28473597371790072054E-14   -0.30002216168594553705E-15
    0.84499323656156164475E+01    0.22431127467256113162E-14   -0.31105306174958111161E-15
    0.84587201624224235275E+01    0.13701474441648083619E-14   -0.18950223391277692036E-16
    0.84675079592292288311E+01    0.20995914593724753476E-15    0.16966781325845848042E-15
    0.84762957560360359111E+01   -0.10813271196922583468E-14    0.98625843963919475453E-16
    0.84850835528428429910E+01   -0.21699474421404286749E-14    0.26138904633045188577E-16
    0.84938713496496500710E+01   -0.27921470530049932128E-14    0.22555648102301395537E-15
    0.85026591464564571510E+01   -0.29626267962263043613E-14    0.61111683337342219605E-15
    0.85114469432632642309E+01   -0.28616556910794477077E-14    0.86145403386997005439E-15
    0.85202347400700713109E+01   -0.25674444494650195329E-14    0.79121259738484220135E-15
    0.85290225368768766145E+01   -0.19914092186298451371E-14    0.49457577685384434122E-15
    0.85378103336836836945E+01   -0.11020863983722434880E-14    0.15678354357636686673E-15
    0.85465981304904907745E+01   -0.10985905890506140473E-15   -0.14384756595111229278E-15
    0.85553859272972978545E+01    0.69157290727841023724E-15   -0.43119687008784183821E-15
    0.85641737241041049344E+01    0.12411719358351189767E-14   -0.72297270152425971954E-15
    0.85729615209109120144E+01    0.17487807003955290025E-14   -0.97764281292978161011E-15
    0.85817493177177173180E+01    0.23469338488261648693E-14   -0.11249523591635826515E-14
    0.85905371145245243980E+01    0.28101622534050891869E-14   -0.11109559227507636526E-14
    0.85993249113313314780E+01    0.27788333506492854005E-14   -0.93538277515872129833E-15
    0.86081127081381385580E+01    0.22143748247742536934E-14   -0.67843589845524782692E-15
    0.86169005049449456379E+01    0.14772437974824387984E-14   -0.46187494955728381046E-15
    0.86256883017517527179E+01    0.88334875911538703283E-15   -0.32409953958597899023E-15
    0.86344760985585597979E+01    0.33340293781016089690E-15   -0.13858836193143362895E-15
    0.86432638953653651015E+01   -0.44989309196592355092E-15    0.25930896503312669130E-15
    0.86520516921721721815E+01   -0.14081292793248001439E-14    0.85399550393564440569E-15
    0.86608394889789792614E+01   -0.20748011904415608418E-14    0.14140366397039202001E-14
    0.86696272857857863414E+01   -0.21074049438648885039E-14    0.17055124858882151013E-14
    0.86784150825925934214E+01   -0.17273240850971891291E-14    0.16850955807764611117E-14
    0.86872028793994005014E+01   -0.14401911254128744477E-14    0.14572843379147005237E-14
    0.86959906762062058050E+01   -0.14263294825854189836E-14    0.11176259264646272827E-14
    0.87047784730130128850E+01   -0.13858792699242260475E-14    0.68669956815247116875E-15
    0.87135662698198199649E+01   -0.10051475197365804372E-14    0.17206639779646367679E-15
    0.87223540666266270449E+01   -0.37231229045980247931E-15   -0.37101528401720451699E-15
    0.87311418634334341249E+01    0.18547826503391988520E-15   -0.86693602620002109383E-15
    0.87399296602402412049E+01    0.53215150668138296951E-15   -0.12860110251741548289E-14
    0.87487174570470482848E+01    0.83646984967103956866E-15   -0.16451817084970031674E-14
    0.87575052538538535885E+01    0.12552141246816709443E-14   -0.19211186805569119230E-14
    0.87662930506606606684E+01    0.16592601461832223721E-14   -0.19894839713415903120E-14
    0.87750808474674677484E+01    0.17799172371438814088E-14   -0.17080985648059979515E-14
    0.87838686442742748284E+01    0.15438811518916457963E-14   -0.10621574476596517932E-14
    0.87926564410810819084E+01    0.11483839622843463456E-14   -0.19622743403597455614E-15
    0.88014442378878889883E+01    0.78863256491592102485E-15    0.70407539734520649338E-15
    0.88102320346946942919E+01    0.42762156395433706172E-15    0.15238588540338890352E-14
    0.88190198315015013719E+01   -0.74665541766893259046E-16    0.22143983075920996681E-14
    0.88278076283083084519E+01   -0.67623558436594942432E-15    0.27330937769058628167E-14
    0.88365954251151155319E+01   -0.11235516596735632257E-14    0.30176657114407175453E-14
    0.88453832219219226118E+01   -0.12576106999150690755E-14    0.30082882126036434501E-14
    0.88541710187287296918E+01   -0.12461708595435837529E-14    0.26775519378945514827E-14
    0.88629588155355367718E+01   -0.13664643151890831884E-14    0.20565818352967904236E-14
    0.88717466123423420754E+01   -0.16008493498403583061E-14    0.12531595914096416919E-14
    0.88805344091491491554E+01   -0.16016877253216586408E-14    0.41232298520236132840E-15
    0.88893222059559562354E+01   -0.11340941700990173210E-14   -0.39400337603380909558E-15
    0.88981100027627633153E+01   -0.42427676495715657403E-15   -0.12296788176335138321E-14
    0.89068977995695703953E+01    0.87899682052121229756E-16   -0.21590045844169838092E-14
    0.89156855963763774753E+01    0.25171075387867259542E-15   -0.30361543180428130726E-14
    0.89244733931831827789E+01    0.32125361623817535324E-15   -0.35135607889225987224E-14
    0.89332611899899898589E+01    0.56956140681740750646E-15   -0.33285976126382720594E-14
    0.89420489867967969388E+01    0.95207050653451433550E-15   -0.25396191166624381742E-14
    0.89508367836036040188E+01    0.12259255119270345505E-14   -0.14341515561548055503E-14
    0.89596245804104110988E+01    0.12696483338719747939E-14   -0.28766510395659477501E-15
    0.89684123772172181788E+01    0.11754975719886389772E-14    0.76430576966648100954E-15
    0.89772001740240252587E+01    0.10469016322894479102E-14    0.17021728991212068594E-14
    0.89859879708308305624E+01    0.83015751163011915347E-15    0.25607297827551812576E-14
    0.89947757676376376423E+01    0.42643430302660993829E-15    0.33358242454328790039E-14
    0.90035635644444447223E+01   -0.83760159203930545507E-16    0.38895519719803681561E-14
    0.90123513612512518023E+01   -0.44111206542012222833E-15    0.39834252766184942706E-14
    0.90211391580580588823E+01   -0.49038109094517792766E-15    0.34678887930378412761E-14
    0.90299269548648659622E+01   -0.39218371369422750105E-15    0.24275265604243141336E-14
    0.90387147516716712659E+01   -0.44981534797767571943E-15    0.10974944693404746104E-14
    0.90475025484784783458E+01   -0.77636465165530195009E-15   -0.31720035775807292814E-15
    0.90562903452852854258E+01   -0.12023876489147987912E-14   -0.16999459109307125813E-14
    0.90650781420920925058E+01   -0.14868940620562145106E-14   -0.29258717649932702578E-14
    0.90738659388988995858E+01   -0.15188245716189207239E-14   -0.37901060779615876474E-14
    0.90826537357057066657E+01   -0.13199420821009650913E-14   -0.41001544857865631079E-14
    0.90914415325125137457E+01   -0.95681174990045713462E-15   -0.38312770650766961562E-14
    0.91002293293193190493E+01   -0.49155641778839166957E-15   -0.31412288764909796229E-14
    0.91090171261261261293E+01    0.14704333970228178339E-16   -0.22119991869051276822E-14
    0.91178049229329332093E+01    0.49481049020388125716E-15   -0.11216921077074164849E-14
    0.91265927197397402892E+01    0.88608518856802472443E-15    0.95901450297220196181E-16
    0.91353805165465473692E+01    0.11489139325287327287E-14    0.13172291816885077183E-14
    0.91441683133533544492E+01    0.12826120797501827102E-14    0.23244232207581002837E-14
    0.91529561101601597528E+01    0.13368827722454998996E-14    0.29592527775354932264E-14
    0.91617439069669668328E+01    0.13997262037276232317E-14    0.32385260702833814249E-14
    0.91705317037737739128E+01    0.15155048192694895519E-14    0.32665787503804886669E-14
    0.91793195005805809927E+01    0.15868536626767753183E-14    0.30692420546647824115E-14
    0.91881072973873880727E+01    0.14227606165154311417E-14    0.25758373189087799038E-14
    0.91968950941941951527E+01    0.95851102336706845941E-15    0.17801454567461203172E-14
    0.92056828910010004563E+01    0.39148003264706166585E-15    0.85694963727481247370E-15
    0.92144706878078075363E+01   -0.28584103677419251212E-16    0.49970568155218128235E-16
    0.92232584846146146162E+01   -0.33014574331468582281E-15   -0.52924307783710929029E-15
    0.92320462814214216962E+01   -0.80375118885906275926E-15   -0.95146805548733757169E-15
    0.92408340782282287762E+01   -0.15752294865606946954E-14   -0.13374209789514036521E-14
    0.92496218750350358562E+01   -0.23081918759086192596E-14   -0.17273380381694298676E-14
    0.92584096718418411598E+01   -0.25059858345652759939E-14   -0.20500988950444267972E-14
    0.92671974686486482398E+01   -0.20395750633132631373E-14   -0.21454162200065498649E-14
    0.92759852654554553197E+01   -0.12421572119970283633E-14   -0.18469985759231539199E-14
    0.92847730622622623997E+01   -0.48848715386697179746E-15   -0.11317202079073836862E-14
    0.92935608590690694797E+01    0.15687206584114739093E-15   -0.20460786916808259782E-15
    0.93023486558758765597E+01    0.82711999403253035481E-15    0.64049189316688795679E-15
    0.93111364526826818633E+01    0.15544598262211348413E-14    0.12425674186081516324E-14
    0.93199242494894889433E+01    0.21900534883214431509E-14    0.16247053511373405812E-14
    0.93287120462962960232E+01    0.25856956650295710237E-14    0.18451126094020265154E-14
    0.93374998431031031032E+01    0.27417734163645776637E-14    0.18782791611331509418E-14
    0.93462876399099101832E+01    0.27269866115397819224E-14    0.16835774003631867389E-14
    0.93550754367167172632E+01    0.25139547875658313130E-14    0.13397100328022412335E-14
    0.93638632335235243431E+01    0.19758173898335072611E-14    0.10199361646037193368E-14
    0.93726510303303296467E+01    0.10697436963489819564E-14    0.78438850013490486422E-15
    0.93814388271371367267E+01   -0.34556996527038168721E-16    0.45898914578990678264E-15
    0.93902266239439438067E+01   -0.10770881671576117364E-14   -0.14453319697521920173E-15
    0.93990144207507508867E+01   -0.19208233849366529929E-14   -0.89783922715754320674E-15
    0.94078022175575579666E+01   -0.25877743439883918410E-14   -0.13737007301776482057E-14
    0.94165900143643650466E+01   -0.30908951010803066405E-14   -0.12612155850237336865E-14
    0.94253778111711703502E+01   -0.33092022761171096713E-14   -0.68229741735329014856E-15
    0.94341656079779774302E+01   -0.30843323862511875634E-14   -0.34800049477561165295E-16
    0.94429534047847845102E+01   -0.23974115331916895717E-14    0.35323229618321158800E-15
    0.94517412015915915902E+01   -0.13984081336283189142E-14    0.39499707721230754829E-15
    0.94605289983983986701E+01   -0.26671664014933816018E-15    0.20907593759544916608E-15
    0.94693167952052057501E+01    0.89861679625354827775E-15    0.26359891960210258359E-16
    0.94781045920120128301E+01    0.20256734175214733999E-14    0.29014428723305550627E-16
    0.94868923888188181337E+01    0.29600802226690755027E-14    0.18435724541518906114E-15
    0.94956801856256252137E+01    0.34795922987727976717E-14    0.27865709585725056675E-15
    0.95044679824324322936E+01    0.34482115715975393667E-14    0.17094849003615943418E-15
    0.95132557792392393736E+01    0.29278161789073395033E-14   -0.30014093046357300127E-16
    0.95220435760460464536E+01    0.21059852307307390153E-14   -0.10658311642567655453E-15
    0.95308313728528535336E+01    0.11536064714340154814E-14    0.14408376618563206600E-16
    0.95396191696596588372E+01    0.16123180266076164810E-15    0.21523916048105115299E-15
    0.95484069664664659172E+01   -0.83384609776723702822E-15    0.37303559022426260281E-15
    0.95571947632732729971E+01   -0.18060503457456263662E-14    0.50156153339174476502E-15
    0.95659825600800800771E+01   -0.26996274408849072015E-14    0.66647053142522174840E-15
    0.95747703568868871571E+01   -0.33940848898674213044E-14    0.82314559272882555258E-15
    0.95835581536936942371E+01   -0.37285611920931475208E-14    0.81554058059461340246E-15
    0.95923459505005013170E+01   -0.35895431402732706611E-14    0.55270989979217329315E-15
    0.96011337473073066207E+01   -0.29802730664320539601E-14    0.13145218069524313125E-15
    0.96099215441141137006E+01   -0.20116321064596067783E-14   -0.26826986505279771434E-15
    0.96187093409209207806E+01   -0.85863672569079009547E-15   -0.56569188842538884837E-15
    0.96274971377277278606E+01    0.28958674252549665781E-15   -0.81048552234809211175E-15
    0.96362849345345349406E+01    0.12845796312339089411E-14   -0.10480218649460104362E-14
    0.96450727313413420205E+01    0.20538021315463408992E-14   -0.12185652469571773823E-14
    0.96538605281481491005E+01    0.25800414137606314329E-14   -0.12206840798519708452E-14
    0.96626483249549544041E+01    0.28600041463131607127E-14   -0.10310349513720835301E-14
    0.96714361217617614841E+01    0.28846108266956202265E-14   -0.72245673850027375916E-15
    0.96802239185685685641E+01    0.26437287945494522383E-14   -0.37126756689470624864E-15
    0.96890117153753756440E+01    0.21372355510313587272E-14    0.12802413412820567894E-16
    0.96977995121821827240E+01    0.13931511711802735249E-14    0.44865955705476715967E-15
    0.97065873089889898040E+01    0.48497400502815744188E-15    0.90918065122885497322E-15
    0.97153751057957951076E+01   -0.47966975516863894425E-15    0.13121556737016361180E-14
    0.97241629026026021876E+01   -0.14003845224115011097E-14    0.15820274169221468277E-14
    0.97329506994094092676E+01   -0.22136569695195591709E-14    0.16967110382163558359E-14
    0.97417384962162163475E+01   -0.28785881814465993565E-14    0.16651460887676601934E-14
    0.97505262930230234275E+01   -0.33456630111809842029E-14    0.14825170733284234754E-14
    0.97593140898298305075E+01   -0.35351372047384750589E-14    0.11341430105028305666E-14
    0.97681018866366375875E+01   -0.33276481015137340411E-14    0.65053095919131015560E-15
    0.97768896834434428911E+01   -0.25929023110001927640E-14    0.13373287046178214605E-15
    0.97856774802502499710E+01   -0.13153399938086661975E-14   -0.31357984026016429388E-15
    0.97944652770570570510E+01    0.26753488189768481869E-15   -0.68277315628891004444E-15
    0.98032530738638641310E+01    0.17301524097955734814E-14   -0.10322446835450146229E-14
    0.98120408706706712110E+01    0.27336048368291751719E-14   -0.13354120378466891507E-14
    0.98208286674774782909E+01    0.32245311096154608334E-14   -0.14069012277146401973E-14
    0.98296164642842835946E+01    0.33506034335091047831E-14   -0.10850414824259621554E-14
    0.98384042610910906745E+01    0.32713866247346203982E-14   -0.47990095988970195427E-15
    0.98471920578978977545E+01    0.30491004627769525974E-14    0.65861789012997977469E-16
    0.98559798547047048345E+01    0.26283636633358254508E-14    0.31155660724303590398E-15
    0.98647676515115119145E+01    0.18716762682947749526E-14    0.34570938718675606746E-15
    0.98735554483183189944E+01    0.70702746067891562218E-15    0.41801427389337397265E-15
    0.98823432451251260744E+01   -0.70641147630577128789E-15    0.64152584071179467065E-15
    0.98911310419319313780E+01   -0.20107446164769313876E-14    0.91211245729439336026E-15
    0.98999188387387384580E+01   -0.28832896957552376959E-14    0.10554371489946306665E-14
    0.99087066355455455380E+01   -0.32162006303930747597E-14    0.97030242915354846779E-15
    0.99174944323523526180E+01   -0.30789684628637326172E-14    0.67685654156154380128E-15
    0.99262822291591596979E+01   -0.26009171813683086083E-14    0.31530740306098690965E-15
    0.99350700259659667779E+01   -0.19025927821087142530E-14    0.61965443573540203152E-16
    0.99438578227727720815E+01   -0.10794552243897660603E-14   -0.33040292894139578201E-16
    0.99526456195795791615E+01   -0.17271851671268700741E-15   -0.11554711667438352648E-15
    0.99614334163863862415E+01    0.91185910745710268402E-15   -0.33016753735302367471E-15
    0.99702212131931933214E+01    0.24218006658801205817E-14   -0.58036191006312314972E-15
    0.99790090100000004014E+01    0.41753275305945900997E-14   -0.73811767541061026178E-15
