    0.11999999999999999556E+01    0.00000000000000000000E+00    0.00000000000000000000E+00
    0.12087877968068068135E+01   -0.12651470536543486708E-12   -0.37965036317418770870E-18
    0.12175755936136136715E+01    0.18360193200314994127E-12   -0.93043026055295299725E-18
    0.12263633904204203073E+01    0.18137408028142617706E-12   -0.89367583019928624333E-18
    0.12351511872272271653E+01   -0.39195808657312416567E-12    0.37903763931310000770E-18
    0.12439389840340340232E+01   -0.39772326291731222605E-12    0.84493978704600461375E-18
    0.12527267808408408811E+01    0.71744615976602847216E-12   -0.82232474993742470726E-18
    0.12615145776476475170E+01    0.16735534999102816741E-11   -0.28772753400814317719E-17
    0.12703023744544543749E+01    0.98656073653752265929E-12   -0.29221258203719357483E-17
    0.12790901712612612329E+01   -0.68887810640385721592E-12   -0.15891822810704486514E-17
    0.12878779680680680908E+01   -0.10397073501590994914E-11   -0.20887288436774437033E-17
    0.12966657648748749487E+01    0.67626822100840945026E-12   -0.57124414338179507253E-17
    0.13054535616816815846E+01    0.19646695010683805645E-11   -0.93677578109100217986E-17
    0.13142413584884884425E+01    0.29210567243642105262E-12   -0.95933785372964058881E-17
    0.13230291552952953005E+01   -0.26531390867948132002E-11   -0.80093774869282721648E-17
    0.13318169521021021584E+01   -0.22768709610783603867E-11   -0.94583739555544157001E-17
    0.13406047489089087943E+01    0.22595388643155378851E-11   -0.13170631283801069316E-16
    0.13493925457157156522E+01    0.49211088762625494142E-11   -0.93665982683365729203E-17
    0.13581803425225225102E+01    0.27299311925399701131E-12    0.83036857755363908410E-17
    0.13669681393293293681E+01   -0.69496558448723810156E-11    0.27304906878745100711E-16
    0.13757559361361360040E+01   -0.55139314685554586232E-11    0.21364623299653887622E-16
    0.13845437329429428619E+01    0.61084697119109419438E-11   -0.24653580013778676032E-16
    0.13933315297497497198E+01    0.12513044949801522489E-10   -0.98025347142347462456E-16
    0.14021193265565565778E+01    0.31648184118557701215E-12   -0.16800725389657599558E-15
    0.14109071233633634357E+01   -0.17992036208389873204E-10   -0.20529833163078568112E-15
    0.14196949201701700716E+01   -0.13845830721190463913E-10   -0.19879591552817535225E-15
    0.14284827169769769295E+01    0.16120976960025456583E-10   -0.16902871612845679029E-15
    0.14372705137837837874E+01    0.32123686900861987065E-10   -0.17211452764041923647E-15
    0.14460583105905906454E+01    0.21316183097354557076E-12   -0.28172821839700428875E-15
    0.14548461073973975033E+01   -0.46754378420889897910E-10   -0.55954119846122395411E-15
    0.14636339042042041392E+01   -0.35185753580369997202E-10   -0.10034754219189376040E-14
    0.14724217010110109971E+01    0.42613737621298641786E-10   -0.14784592887527131856E-14
    0.14812094978178178550E+01    0.83077190114621815417E-10   -0.17232028382189210478E-14
    0.14899972946246244909E+01   -0.83600473162544778542E-12   -0.15455283359273393180E-14
    0.14987850914314313489E+01   -0.12215441305213413816E-09   -0.10454468313983658394E-14
    0.15075728882382382068E+01   -0.89586732733632260831E-10   -0.56054450281739267398E-15
    0.15163606850450450647E+01    0.11476727041036946768E-09   -0.35345142673654070563E-15
    0.15251484818518519226E+01    0.22022264500434017631E-09   -0.40609017554053831535E-15
    0.15339362786586585585E+01    0.46649885831251413912E-11   -0.54911944586584173708E-15
    0.15427240754654654165E+01   -0.29308696644607863834E-09   -0.68320992623421284811E-15
    0.15515118722722722744E+01   -0.15293334611277771560E-09   -0.79766240579329419442E-15
    0.15602996690790791323E+01    0.51187323919130467214E-09   -0.80175134433971831081E-15
    0.15690874658858859902E+01    0.11002698668760560566E-08   -0.46719526871735401966E-15
    0.15778752626926926261E+01    0.13193914486679804899E-08    0.30979548772674426119E-15
    0.15866630594994994841E+01    0.24489502670723200250E-08    0.12008763919451706170E-14
    0.15954508563063063420E+01    0.74067082435727655056E-08    0.15931143400844903301E-14
    0.16042386531131129779E+01    0.19807558751239495623E-07    0.11495455931637741088E-14
    0.16130264499199198358E+01    0.45536317008512836682E-07    0.15727424690070238421E-15
    0.16218142467267266937E+01    0.10051759456775741987E-06   -0.74541008801396319439E-15
    0.16306020435335335517E+01    0.22226806408385309472E-06   -0.10347077057422662677E-14
    0.16393898403403404096E+01    0.49140354792307651665E-06   -0.57268756026331485654E-15
    0.16481776371471470455E+01    0.10639120957878293992E-05    0.31390331559680761730E-15
    0.16569654339539539034E+01    0.22427985414993966966E-05    0.94807007206277682894E-15
    0.16657532307607607613E+01    0.46381420978793805364E-05    0.80820503485478054726E-15
    0.16745410275675676193E+01    0.93982441453805282963E-05    0.64563079794313574115E-16
    0.16833288243743744772E+01    0.18691605475337714961E-04   -0.56985239851483794363E-15
    0.16921166211811811131E+01    0.36436209561854660129E-04   -0.59837129460508574094E-15
    0.17009044179879879710E+01    0.69507103452265468660E-04   -0.20451373379948996528E-15
    0.17096922147947948289E+01    0.12997423161543642423E-03    0.13700798698594746780E-15
    0.17184800116016014648E+01    0.23805952958484160220E-03    0.26251900003105336813E-15
    0.17272678084084085448E+01    0.42732411901153286417E-03    0.37463086508119659264E-15
    0.17360556052152151807E+01    0.75196981476061206928E-03    0.60819296199974690131E-15
    0.17448434020220220386E+01    0.12969445724999412953E-02    0.79068762149134723115E-15
    0.17536311988288288966E+01    0.21938434913634959067E-02    0.78193724644138617947E-15
    0.17624189956356355324E+01    0.36400440942143336490E-02    0.89983235633463712309E-15
    0.17712067924424426124E+01    0.59253462512258662370E-02    0.16264894606053833240E-14
    0.17799945892492492483E+01    0.94653945309137333536E-02    0.27016694673422689142E-14
    0.17887823860560561062E+01    0.14839061121791263451E-01    0.28813328417350929586E-14
    0.17975701828628629642E+01    0.22832880108933771568E-01    0.13617652421297024857E-14
    0.18063579796696696000E+01    0.34486058586706343221E-01   -0.62101036257941871098E-15
    0.18151457764764764580E+01    0.51124098468316753197E-01   -0.64447028823896589236E-15
    0.18239335732832833159E+01    0.74380946095912794935E-01    0.19520569143337475790E-14
    0.18327213700900899518E+01    0.10619165280739112367E+00    0.47182564341928124027E-14
    0.18415091668968970318E+01    0.14872215839121682990E+00    0.48751894389965850465E-14
    0.18502969637037036676E+01    0.20426094455241272652E+00    0.28569750774246403449E-14
    0.18590847605105105256E+01    0.27501004970603504241E+00    0.18838393962084370584E-14
    0.18678725573173173835E+01    0.36278623318439989776E+00    0.41163146873972023226E-14
    0.18766603541241240194E+01    0.46866365024757927760E+00    0.83563639261423613592E-14
    0.18854481509309310994E+01    0.59251090991292565402E+00    0.12069318082785455833E-13
    0.18942359477377377353E+01    0.73250288828899057236E+00    0.14428277655872735615E-13
    0.19030237445445445932E+01    0.88469575643005493593E+00    0.16706512538899171934E-13
    0.19118115413513514511E+01    0.10426668877604636787E+01    0.20362581400843434487E-13
    0.19205993381581580870E+01    0.11973476005972616409E+01    0.25513559078790417234E-13
    0.19293871349649649449E+01    0.13372623246956671927E+01    0.30855493375124651236E-13
    0.19381749317717718029E+01    0.14489915223906051356E+01    0.34196376170421879289E-13
    0.19469627285785784387E+01    0.15181524167560707106E+01    0.33739116411308357093E-13
    0.19557505253853855187E+01    0.15308278601304028399E+01    0.29919351978778250257E-13
    0.19645383221921921546E+01    0.14751775347395281734E+01    0.25751929217960630956E-13
    0.19733261189989990125E+01    0.13433309512550395404E+01    0.23805526558464547661E-13
    0.19821139158058058705E+01    0.11332820449216911562E+01    0.22830525830638927441E-13
    0.19909017126126125063E+01    0.85024390345924472090E+00    0.18927933736526273889E-13
    0.19996895094194195863E+01    0.50750618556233884071E+00    0.10471641248669259167E-13
    0.20084773062262262222E+01    0.12654097259901145311E+00    0.62735575684132695641E-15
    0.20172651030330328581E+01   -0.26438573343681665007E+00   -0.62191618558128662676E-14
    0.20260528998398399381E+01   -0.63228681515454610018E+00   -0.92105822448602133165E-14
    0.20348406966466465740E+01   -0.94264329926732548515E+00   -0.10958087298418649661E-13
    0.20436284934534532098E+01   -0.11635150951299995103E+01   -0.13478864005569598543E-13
    0.20524162902602602898E+01   -0.12695827074586543137E+01   -0.15731297525099764384E-13
    0.20612040870670673698E+01   -0.12458159093257632488E+01   -0.15519937860343004508E-13
    0.20699918838738740057E+01   -0.10906730938012221266E+01   -0.12376615878474076662E-13
    0.20787796806806806416E+01   -0.81730492984160718617E+00   -0.78656131288218550310E-14
    0.20875674774874877215E+01   -0.45302799442597901924E+00   -0.37394820629745769433E-14
    0.20963552742942943574E+01   -0.37377093635179048370E-01   -0.60481117403540903363E-15
    0.21051430711011009933E+01    0.38243144874136347777E+00    0.18264104934756993971E-14
    0.21139308679079080733E+01    0.75695656574903258385E+00    0.40230516023639324121E-14
    0.21227186647147147092E+01    0.10404683572807600367E+01    0.62031399628701253160E-14
    0.21315064615215213450E+01    0.11972011505469739578E+01    0.81573570848963454715E-14
    0.21402942583283284250E+01    0.12064924740452751539E+01    0.92827250100839531230E-14
    0.21490820551351350609E+01    0.10655152209919995787E+01    0.89958125866747123201E-14
    0.21578698519419421409E+01    0.79067784812024988206E+00    0.72027596930844275750E-14
    0.21666576487487487768E+01    0.41586381482079753935E+00    0.44069102588767721241E-14
    0.21754454455555558567E+01   -0.11951739284392909682E-01    0.15090093346061159934E-14
    0.21842332423623624926E+01   -0.43820751499544552399E+00   -0.55938186209112519838E-15
    0.21930210391691691285E+01   -0.80798634222114862347E+00   -0.14760423758437001347E-14
    0.22018088359759762085E+01   -0.10735228271037602354E+01   -0.20351437142493241972E-14
    0.22105966327827828444E+01   -0.12002183429147306182E+01   -0.34329680932754149659E-14
    0.22193844295895894803E+01   -0.11713297895206840060E+01   -0.56251227228461956375E-14
    0.22281722263963965602E+01   -0.99067507271127075441E+00   -0.68222737387948110842E-14
    0.22369600232032031961E+01   -0.68156216276152659095E+00   -0.55228606529055528539E-14
    0.22457478200100098320E+01   -0.28408030873425882401E+00   -0.27663570778547487611E-14
    0.22545356168168169120E+01    0.15010628890956823067E+00   -0.12248166194343921235E-14
    0.22633234136236239920E+01    0.56494107286787653699E+00   -0.18459118271606810650E-14
    0.22721112104304301837E+01    0.90715135346575037634E+00   -0.23732744817643966606E-14
    0.22808990072372372637E+01    0.11329761847592065838E+01   -0.20833806719079719413E-15
    0.22896868040440443437E+01    0.12142224660119831370E+01    0.41199451026532503476E-14
    0.22984746008508509796E+01    0.11414231371880299015E+01    0.75124297516179715878E-14
    0.23072623976576576155E+01    0.92459141776515951783E+00    0.79893118299162199290E-14
    0.23160501944644646954E+01    0.59207285632091211092E+00    0.66848762154671056064E-14
    0.23248379912712713313E+01    0.18608044883872193465E+00    0.57675292628014077761E-14
    0.23336257880780779672E+01   -0.24291773374983818834E+00    0.56379825904980990880E-14
    0.23424135848848850472E+01   -0.64250028996246300039E+00    0.49858278251220908186E-14
    0.23512013816916916831E+01   -0.96505927165868998774E+00    0.30604672817788244521E-14
    0.23599891784984983190E+01   -0.11735549645442511224E+01    0.87057167175663493032E-15
    0.23687769753053053989E+01   -0.12451511392318312943E+01   -0.21187429211813410049E-15
    0.23775647721121124789E+01   -0.11737123782806744288E+01   -0.26030433715747823921E-15
    0.23863525689189186707E+01   -0.96967600214335236686E+00   -0.59196282813845110634E-15
    0.23951403657257257507E+01   -0.65783405563424002249E+00   -0.20285014369331997564E-14
    0.24039281625325328307E+01   -0.27413930735307789899E+00   -0.39496673790082052404E-14
    0.24127159593393394665E+01    0.13898840736823761532E+00   -0.52257320065448738886E-14
    0.24215037561461461024E+01    0.53771129708896292509E+00   -0.54847151628259125511E-14
    0.24302915529529531824E+01    0.88131426539761581473E+00   -0.51590611071399994377E-14
    0.24390793497597598183E+01    0.11362897893525165660E+01   -0.45998771109077176314E-14
    0.24478671465665664542E+01    0.12794823143763964790E+01   -0.35604723551574420628E-14
    0.24566549433733735341E+01    0.12994807451781540397E+01   -0.15883062821249872069E-14
    0.24654427401801801700E+01    0.11972010969738768882E+01    0.13956930338479673060E-14
    0.24742305369869868059E+01    0.98497189232429271932E+00    0.49548226248834180316E-14
    0.24830183337937938859E+01    0.68445774457556207704E+00    0.83392991601970280642E-14
    0.24918061306006009659E+01    0.32414858389342032785E+00    0.10781742270560043449E-13
    0.25005939274074071577E+01   -0.63764704775440259055E-01    0.11903726398318563213E-13
    0.25093817242142142376E+01   -0.44661060266086083370E+00    0.12031906435133915604E-13
    0.25181695210210213176E+01   -0.79401687935490505854E+00    0.11878021642357436844E-13
    0.25269573178278279535E+01   -0.10803184732646911037E+01    0.11761492731477605543E-13
    0.25357451146346345894E+01   -0.12863802545789335685E+01    0.11264243857590651845E-13
    0.25445329114414416694E+01   -0.14003658664434519565E+01    0.98019711069316466231E-14
    0.25533207082482483052E+01   -0.14180414937127869823E+01    0.73388570860417003231E-14
    0.25621085050550549411E+01   -0.13422791976528818392E+01    0.44652081753197617787E-14
    0.25708963018618620211E+01   -0.11819522196231380118E+01    0.19880731927782073744E-14
    0.25796840986686686570E+01   -0.95063193873905005304E+00    0.46325908393194546789E-15
    0.25884718954754752929E+01   -0.66502201606312627558E+00   -0.29031898068388115802E-15
    0.25972596922822823728E+01   -0.34335866012625665400E+00   -0.14480463713273967159E-14
    0.26060474890890894528E+01   -0.40244171366201342277E-02   -0.42575787682174254845E-14
    0.26148352858958960887E+01    0.33566312497532785342E+00   -0.83268041787188303038E-14
    0.26236230827027027246E+01    0.66042304648389082988E+00   -0.11359310142116608034E-13
    0.26324108795095098046E+01    0.95756276551202323954E+00   -0.11754136578902358776E-13
    0.26411986763163164404E+01    0.12173517952823844634E+01   -0.11198457806356113173E-13
    0.26499864731231230763E+01    0.14331082793730491876E+01   -0.13114944841542316146E-13
    0.26587742699299301563E+01    0.16010693843920753565E+01   -0.18214894200267453507E-13
    0.26675620667367367922E+01    0.17201606911943081446E+01   -0.22926821184764916549E-13
    0.26763498635435434281E+01    0.17916158069011722809E+01   -0.23700114459853818601E-13
    0.26851376603503505081E+01    0.18185493860001669120E+01   -0.21709592605861549447E-13
    0.26939254571571571439E+01    0.18055100812557141055E+01   -0.21284237571725832968E-13
    0.27027132539639637798E+01    0.17580216689082328596E+01   -0.23945799178207374008E-13
    0.27115010507707708598E+01    0.16821585664832230389E+01   -0.26031426593702664668E-13
    0.27202888475775779398E+01    0.15841872133291050595E+01   -0.23701011251599149156E-13
    0.27290766443843845757E+01    0.14702407428364701047E+01   -0.18519476470758061385E-13
    0.27378644411911912115E+01    0.13460659999921695817E+01   -0.15681958382750975722E-13
    0.27466522379979982915E+01    0.12168260040356686513E+01   -0.17137549347779414430E-13
    0.27554400348048049274E+01    0.10869549500219641835E+01   -0.18807183001131759713E-13
    0.27642278316116115633E+01    0.96010007841008837559E+00   -0.16163173056250254358E-13
    0.27730156284184186433E+01    0.83909947716523991534E+00   -0.10493920909788879295E-13
    0.27818034252252252791E+01    0.72601682461774907917E+00   -0.72030228800397352387E-14
    0.27905912220320319150E+01    0.62221740221897048340E+00   -0.86209281866810939226E-14
    0.27993790188388389950E+01    0.52845618390670723308E+00   -0.10929116597134150578E-13
    0.28081668156456460750E+01    0.44498088005362357311E+00   -0.94568288552858316087E-14
    0.28169546124524522668E+01    0.37163761435766012875E+00   -0.47769908304047039790E-14
    0.28257424092592593468E+01    0.30796945781077056381E+00   -0.15622645944611362442E-14
    0.28345302060660664267E+01    0.25330911542569872763E+00   -0.24653269332794643173E-14
    0.28433180028728730626E+01    0.20686078262218143831E+00   -0.51658162200558236283E-14
    0.28521057996796796985E+01    0.16776344160137957040E+00   -0.59216293944796926436E-14
    0.28608935964864867785E+01    0.13514535365349744644E+00   -0.39638274810725100642E-14
    0.28696813932932934144E+01    0.10816080248654720564E+00   -0.14672239597930396623E-14
    0.28784691901001000502E+01    0.86013954601062689309E-01   -0.45932784759489020891E-15
    0.28872569869069071302E+01    0.67975886582934144653E-01   -0.95638375052737509769E-15
    0.28960447837137137661E+01    0.53391503346101772121E-01   -0.17776826865919375137E-14
    0.29048325805205204020E+01    0.41682760649323288837E-01   -0.19169607561124884838E-14
    0.29136203773273274820E+01    0.32347357201749880884E-01   -0.11303048987978104451E-14
    0.29224081741341345619E+01    0.24954234634316990044E-01    0.55710735374525396891E-16
    0.29311959709409407537E+01    0.19138059620628290747E-01    0.67383092311900000024E-15
    0.29399837677477478337E+01    0.14592413974238847840E-01    0.14774621344702184804E-15
    0.29487715645545549137E+01    0.11062708807097136610E-01   -0.99680597885664083466E-15
    0.29575593613613615496E+01    0.83394227677624933187E-02   -0.16057950575373946536E-14
    0.29663471581681681855E+01    0.62516034490157305209E-02   -0.11435208026882775755E-14
    0.29751349549749752654E+01    0.46608737353838851358E-02   -0.22576313662265623662E-15
    0.29839227517817819013E+01    0.34562826600982162958E-02    0.21155681540243284182E-15
    0.29927105485885885372E+01    0.25495412891259876947E-02   -0.99600380171170206400E-16
    0.30014983453953956172E+01    0.18710011985475405623E-02   -0.71382786706146077881E-15
    0.30102861422022022531E+01    0.13661689763156265043E-02   -0.10667153017618332332E-14
    0.30190739390090088889E+01    0.99265858049965723618E-03   -0.91462598937052682960E-15
    0.30278617358158159689E+01    0.71782263870680631558E-03   -0.40896841957290011133E-15
    0.30366495326226230489E+01    0.51666046191387168460E-03   -0.13556650523110633893E-16
    0.30454373294294292407E+01    0.37017558462690345993E-03   -0.14385355888843481958E-15
    0.30542251262362363207E+01    0.26405076262345694629E-03   -0.65303906271672299572E-15
    0.30630129230430434006E+01    0.18753166864671913321E-03   -0.81168092508814035450E-15
    0.30718007198498500365E+01    0.13262241370923686322E-03   -0.15334766881801671401E-15
    0.30805885166566566724E+01    0.93400850188929504959E-04    0.75091628538137220194E-15
    0.30893763134634637524E+01    0.65508953357586326410E-04    0.85254352809258186036E-15
    0.30981641102702703883E+01    0.45764966432032353220E-04    0.14478744171838381354E-16
    0.31069519070770770242E+01    0.31846384093875777365E-04   -0.61091038818508795936E-15
    0.31157397038838841041E+01    0.22075945578247220752E-04   -0.36798617372166406811E-16
    0.31245275006906907400E+01    0.15245289625890894345E-04    0.11110463051428771593E-14
    0.31333152974974973759E+01    0.10488536456014239191E-04    0.12849580367730509072E-14
    0.31421030943043044559E+01    0.71901505643622802539E-05    0.41605136017139089348E-16
    0.31508908911111115358E+01    0.49113447417421875036E-05   -0.12598627849890277499E-14
    0.31596786879179177276E+01    0.33429080591535919695E-05   -0.11789514938871388190E-14
    0.31684664847247248076E+01    0.22673372940565668225E-05   -0.59077926697986390933E-17
    0.31772542815315318876E+01    0.15323659342759637814E-05    0.74368684456701805021E-15
    0.31860420783383385235E+01    0.10322349200971196124E-05    0.29051253698771032417E-15
    0.31948298751451451594E+01    0.69302920457327796384E-06   -0.57120146665596806102E-15
    0.32036176719519522393E+01    0.46373638608054416591E-06   -0.70966789388588369407E-15
    0.32124054687587593193E+01    0.30924280784276803028E-06   -0.57742618585033123358E-16
    0.32211932655655655111E+01    0.20549902263432937511E-06    0.54162628323996687852E-15
    0.32299810623723725911E+01    0.13614583344514623750E-06    0.47364428256594173021E-15
    0.32387688591791796711E+01    0.89927012663269783655E-07   -0.66655320054741917309E-16
    0.32475566559859858629E+01    0.59206340495191088151E-07   -0.54465662267906104804E-15
    0.32563444527927929428E+01    0.38838912177226198742E-07   -0.69610531290391733421E-15
    0.32651322495996000228E+01    0.25383909939969562667E-07   -0.60637204149848601569E-15
    0.32739200464064062146E+01    0.16546216121311635946E-07   -0.44920564714888723202E-15
    0.32827078432132132946E+01    0.10759994106692663582E-07   -0.31203278914051455171E-15
    0.32914956400200203745E+01    0.69746939952039957101E-08   -0.20810286335517469427E-15
    0.33002834368268265663E+01    0.45000877515692191360E-08   -0.12883897264133910076E-15
    0.33090712336336336463E+01    0.28901205303598260760E-08   -0.70823893150454186374E-16
    0.33178590304404407263E+01    0.18531103602555127567E-08   -0.44430097248788781878E-16
    0.33266468272472478063E+01    0.11879514692276241880E-08   -0.61707604517225429451E-16
    0.33354346240540539981E+01    0.75911407557836275496E-09   -0.93431254626372270423E-16
    0.33442224208608610780E+01    0.48107068587831156774E-09   -0.47941197237759994649E-16
    0.33530102176676681580E+01    0.30249339983663607345E-09    0.12565567685422507103E-15
    0.33617980144744743498E+01    0.19062453143955914557E-09    0.27192249325143939869E-15
    0.33705858112812814298E+01    0.12113366490736180915E-09    0.84236976702168036463E-16
    0.33793736080880885098E+01    0.76768268057955755770E-10   -0.48014919877430990112E-15
    0.33881614048948947016E+01    0.47586070596580481142E-10   -0.88681579353245351062E-15
    0.33969492017017017815E+01    0.28898070554586494541E-10   -0.50344355266912142769E-15
    0.34057369985085088615E+01    0.17859887020022549358E-10    0.48452188342095279293E-15
    0.34145247953153150533E+01    0.11530330952412187860E-10    0.98799094407537429332E-15
    0.34233125921221221333E+01    0.74311530526847928367E-11    0.29711446803670003216E-15
    0.34321003889289292133E+01    0.44257459260998944158E-11   -0.78297632704423977829E-15
    0.34408881857357362932E+01    0.24345407076451726299E-11   -0.76959613507045211015E-15
    0.34496759825425424850E+01    0.14555079384733132413E-11    0.53988644002832802739E-15
    0.34584637793493495650E+01    0.10659158124612016466E-11    0.15859660655895853038E-14
    0.34672515761561566450E+01    0.76629303427388584790E-12    0.10192169238733066363E-14
    0.34760393729629628368E+01    0.40748002444340404043E-12   -0.42548142296816765163E-15
    0.34848271697697699167E+01    0.13832567159323309969E-12   -0.85045879996233745094E-15
    0.34936149665765769967E+01    0.68708344580915731542E-13    0.28684702159639238402E-15
    0.35024027633833831885E+01    0.10781018991197921642E-12    0.14130540998833961097E-14
    0.35111905601901902685E+01    0.10954490866887785566E-12    0.10034245157593099970E-14
    0.35199783569969973485E+01    0.44398071839283953036E-13   -0.31027770844835354616E-15
    0.35287661538038035403E+01   -0.14623978751940089865E-13   -0.65754845819666612703E-15
    0.35375539506106106202E+01   -0.15447344490941155088E-13    0.44199370016413462420E-15
    0.35463417474174177002E+01    0.14949266393027300960E-13    0.13220151921721018898E-14
    0.35551295442242247802E+01    0.26072034967668323640E-13    0.49892485938694842487E-15
    0.35639173410310309720E+01    0.86990519899656644905E-14   -0.11109045049623079733E-14
    0.35727051378378380520E+01   -0.94472695749843476737E-14   -0.13150413403689856668E-14
    0.35814929346446451319E+01   -0.83286606853928951373E-14    0.37048718287776955810E-15
    0.35902807314514513237E+01    0.34180676469734455746E-14    0.18933651473565917183E-14
    0.35990685282582584037E+01    0.82542012876604867148E-14    0.13439177755318868625E-14
    0.36078563250650654837E+01    0.27947467644604014849E-14   -0.47858005508542256081E-15
    0.36166441218718716755E+01   -0.34304889851883630648E-14   -0.11654843752194506109E-14
    0.36254319186786787554E+01   -0.32623534074510054540E-14    0.15981463763071176782E-15
    0.36342197154854858354E+01    0.78014274983617902056E-15    0.17821901958271654652E-14
    0.36430075122922929154E+01    0.28550700698200991399E-14    0.17159117244006353124E-14
    0.36517953090990991072E+01    0.13560320393943732360E-14    0.75014804802813784312E-16
    0.36605831059059061872E+01   -0.10570017862788966573E-14   -0.14005176831921480867E-14
    0.36693709027127132671E+01   -0.17820807506633722864E-14   -0.14347356185451138101E-14
    0.36781586995195194589E+01   -0.68467446390160854015E-15   -0.27149049225983954091E-15
    0.36869464963263265389E+01    0.84917579020788752250E-15    0.10022110636669776899E-14
    0.36957342931331336189E+01    0.14431272426482957395E-14    0.14157503548812083107E-14
    0.37045220899399398107E+01    0.58618455326511368767E-15    0.65484960371450466467E-15
    0.37133098867467468907E+01   -0.98434745107834739350E-15   -0.69530962892423908018E-15
    0.37220976835535539706E+01   -0.17032981543436596659E-14   -0.14479880891108043061E-14
    0.37308854803603601624E+01   -0.73642668628882006457E-15   -0.88216736136787147507E-15
    0.37396732771671672424E+01    0.81388132957423202913E-15    0.40058253806189791145E-15
    0.37484610739739743224E+01    0.10521142010575272915E-14    0.10976847097790107350E-14
    0.37572488707807814023E+01   -0.34634131273863277427E-15    0.61741761817883533643E-15
    0.37660366675875875941E+01   -0.15988182252753334975E-14   -0.40174855254157034147E-15
    0.37748244643943946741E+01   -0.10949976689636577203E-14   -0.97026751978458076277E-15
    0.37836122612012017541E+01    0.49847543967354006991E-15   -0.70988113127085699267E-15
    0.37924000580080079459E+01    0.11852898559118543829E-14    0.47530733636118550764E-16
    0.38011878548148150259E+01    0.21063166369564926267E-15    0.66506018875803698287E-15
    0.38099756516216221058E+01   -0.11052813759841525284E-14    0.61573959097762999258E-15
    0.38187634484284282976E+01   -0.12342394796235441472E-14   -0.14264509958417512724E-15
    0.38275512452352353776E+01   -0.28559733851181161659E-15   -0.97982925681487560937E-15
    0.38363390420420424576E+01    0.46731152665825111427E-15   -0.10818854266201583359E-14
    0.38451268388488486494E+01    0.30553661419004007209E-15   -0.27500540845347058189E-15
    0.38539146356556557294E+01   -0.26467427025362212364E-15    0.76168326601713909501E-15
    0.38627024324624628093E+01   -0.47990812286578541938E-15    0.12005672735247449098E-14
    0.38714902292692698893E+01   -0.31722282939391214031E-15    0.79216725242138361477E-15
    0.38802780260760760811E+01   -0.27241551805610499601E-15   -0.69711426907491989717E-16
    0.38890658228828831611E+01   -0.49665571285918715607E-15   -0.67111145904614174313E-15
    0.38978536196896902410E+01   -0.55127996377950819320E-15   -0.41778116413119069833E-15
    0.39066414164964964328E+01   -0.10876311945682640604E-15    0.60106516059820654298E-15
    0.39154292133033035128E+01    0.43253539019695950270E-15    0.13418310678905338336E-14
    0.39242170101101105928E+01    0.40698045763474131297E-15    0.72318130663078435273E-15
    0.39330048069169167846E+01   -0.13242601756727501097E-15   -0.91662970735804065450E-15
    0.39417926037237238646E+01   -0.30991050771059164316E-15   -0.17974118998633201908E-14
    0.39505804005305309445E+01    0.38010616033936158041E-15   -0.75583090150450854969E-15
    0.39593681973373371363E+01    0.11124578514474967790E-14    0.10605590041103128127E-14
    0.39681559941441442163E+01    0.63746268942875585900E-15    0.14645029470118292997E-14
    0.39769437909509512963E+01   -0.91373869565625020362E-15   -0.30237578677853682052E-16
    0.39857315877577583763E+01   -0.18218939845063779612E-14   -0.15526852949108909146E-14
    0.39945193845645645681E+01   -0.89631290342798405373E-15   -0.12826660919121673871E-14
    0.40033071813713716480E+01    0.75409729596517837839E-15    0.33163056207095711571E-15
    0.40120949781781787280E+01    0.98476192295856888776E-15    0.13908351714305590367E-14
    0.40208827749849849198E+01   -0.63236971304887710294E-15    0.90918030761673608843E-15
    0.40296705717917919998E+01   -0.21662549163442828307E-14   -0.29669556626296264009E-15
    0.40384583685985990797E+01   -0.17548164936527096125E-14   -0.91758685850329258745E-15
    0.40472461654054052715E+01    0.16278212287038236504E-15   -0.54082040888355958003E-15
    0.40560339622122123515E+01    0.16185762850119601594E-14    0.32010515580283688137E-15
    0.40648217590190194315E+01    0.14162398453899344801E-14    0.92843037087167997406E-15
    0.40736095558258256233E+01    0.10923297077295549446E-15    0.85878479611255316328E-15
    0.40823973526326327033E+01   -0.98623240333514851715E-15    0.22997698846990442561E-15
    0.40911851494394397832E+01   -0.97691114202063834052E-15   -0.28605421631383813877E-15
    0.40999729462462468632E+01    0.15296083065118298167E-15   -0.33750095854361309376E-16
    0.41087607430530530550E+01    0.15340499152775484475E-14    0.81914164755606684290E-15
    0.41175485398598601350E+01    0.19041591702713010132E-14    0.12829827080879661355E-14
    0.41263363366666672150E+01    0.73818029933401625186E-15    0.66964752004968926160E-15
    0.41351241334734734068E+01   -0.96848052904231893118E-15   -0.48816405671753378613E-15
    0.41439119302802804867E+01   -0.16006949714589245607E-14   -0.10458652696304687944E-14
    0.41526997270870875667E+01   -0.61763763774755534498E-15   -0.58877749723303806206E-15
    0.41614875238938937585E+01    0.94284282697127646679E-15    0.17573857213511458983E-15
    0.41702753207007008385E+01    0.16407583190556604958E-14    0.37465755854159153133E-15
    0.41790631175075079184E+01    0.86867215990547166376E-15   -0.10495358281894030262E-15
    0.41878509143143141102E+01   -0.89339382842454203172E-15   -0.74685450400494857853E-15
    0.41966387111211211902E+01   -0.23876796579192494373E-14   -0.10706769543186583034E-14
    0.42054265079279282702E+01   -0.23052105554372842758E-14   -0.97958279055027813342E-15
    0.42142143047347353502E+01   -0.51315831293551260132E-15   -0.63594150333406585088E-15
    0.42230021015415415420E+01    0.12632243326764329355E-14   -0.26481857137458400678E-15
    0.42317898983483486219E+01    0.99586059978361768719E-15   -0.32671754497253818422E-16
    0.42405776951551557019E+01   -0.11398420184375694993E-14    0.26446949838843058025E-16
    0.42493654919619618937E+01   -0.26149794372968985366E-14    0.10608187522599926089E-16
    0.42581532887687689737E+01   -0.15958558353271211151E-14    0.54847860452870794019E-16
    0.42669410855755760537E+01    0.59280771880221064001E-15    0.23068857916627383062E-15
    0.42757288823823822455E+01    0.11774018464157481811E-14    0.49152847941265065415E-15
    0.42845166791891893254E+01   -0.45229439662984786230E-15    0.65368598019434526357E-15
    0.42933044759959964054E+01   -0.19905157802478429583E-14    0.49392620593867832559E-15
    0.43020922728028034854E+01   -0.13727030322726761684E-14   -0.45607144099741663745E-17
    0.43108800696096096772E+01    0.51618877448926831253E-15   -0.50451741535460928055E-15
    0.43196678664164167571E+01    0.12490527780558970130E-14   -0.59965961060138509063E-15
    0.43284556632232238371E+01    0.14710267880970326122E-15   -0.28112654982976862338E-15
    0.43372434600300300289E+01   -0.95874046200080210443E-15    0.24198624212446621094E-16
    0.43460312568368371089E+01   -0.40612530186033908154E-15   -0.13930590805186736716E-16
    0.43548190536436441889E+01    0.10052193589118234846E-14   -0.20332566422329037204E-15
    0.43636068504504503807E+01    0.12473841958232978405E-14   -0.13272893969431551942E-15
    0.43723946472572574606E+01   -0.11300563918622258519E-15    0.20515882221427068984E-15
    0.43811824440640645406E+01   -0.13122998909422169100E-14    0.33451877648498739901E-15
    0.43899702408708707324E+01   -0.77218924124489949094E-15   -0.58068886325127602948E-16
    0.43987580376776778124E+01    0.86328828509952711447E-15   -0.61438723889077214430E-15
    0.44075458344844848924E+01    0.17398133726786305984E-14   -0.71039871013813733655E-15
    0.44163336312912919723E+01    0.11770191712196281602E-14   -0.25924640391267059188E-15
    0.44251214280980981641E+01    0.28832913199937329124E-15    0.15576348735555755072E-15
    0.44339092249049052441E+01    0.24273533513351217184E-15    0.33496598705403484762E-16
    0.44426970217117123241E+01    0.75113882250409037088E-15   -0.41933285528531972920E-15
    0.44514848185185185159E+01    0.76285799905753535355E-15   -0.63208076047917548127E-15
    0.44602726153253255958E+01    0.13176879523013770946E-15   -0.44045616209945164798E-15
    0.44690604121321326758E+01   -0.12119968251612553491E-15   -0.25180457518626695519E-15
    0.44778482089389388676E+01    0.61099210591518841024E-15   -0.41385197363691723236E-15
    0.44866360057457459476E+01    0.13272035020826629113E-14   -0.69582641329967881461E-15
    0.44954238025525530276E+01    0.61270363969519145498E-15   -0.62304656782833688930E-15
    0.45042115993593592194E+01   -0.11950156491751530695E-14   -0.17355375922149094013E-15
    0.45129993961661662993E+01   -0.19549013029658456720E-14    0.13889308380298809436E-15
    0.45217871929729733793E+01   -0.38435666756922812193E-15   -0.24692856112265154760E-16
    0.45305749897797804593E+01    0.19349652813109416995E-14   -0.29236757022022871439E-15
    0.45393627865865866511E+01    0.22979006450452021331E-14   -0.83808652290628312385E-16
    0.45481505833933937311E+01    0.18714782730690210073E-15    0.47069739886623679220E-15
    0.45569383802002008110E+01   -0.20805888487878453671E-14    0.52884825739627713956E-15
    0.45657261770070070028E+01   -0.21326514211773135614E-14   -0.30092373342506423412E-15
    0.45745139738138140828E+01   -0.61750477706907523362E-17   -0.11403604479278589995E-14
    0.45833017706206211628E+01    0.23934321941849089984E-14   -0.80572772694276758368E-15
    0.45920895674274273546E+01    0.32314516061474184874E-14    0.52645365520391791899E-15
    0.46008773642342344345E+01    0.19568045021143856041E-14    0.12582892110687019408E-14
    0.46096651610410415145E+01   -0.49104796048295379490E-15    0.32721297482606056124E-15
    0.46184529578478477063E+01   -0.20391605720417519647E-14   -0.13025660459654743436E-14
    0.46272407546546547863E+01   -0.10504042410972555203E-14   -0.17834762115123716201E-14
    0.46360285514614618663E+01    0.17582078341559640159E-14   -0.61784300036108120945E-15
    0.46448163482682689462E+01    0.35811941182605382033E-14    0.85103737460766446554E-15
    0.46536041450750751380E+01    0.24688003511038985612E-14    0.11476360082174291328E-14
    0.46623919418818822180E+01   -0.42297250166164688961E-15    0.18701142266932171703E-15
    0.46711797386886892980E+01   -0.22704197641531534447E-14   -0.10238898014971463694E-14
    0.46799675354954954898E+01   -0.15831072386815810148E-14   -0.15101568122490744410E-14
    0.46887553323023025698E+01    0.71240806923158895893E-15   -0.98274879872761712087E-15
    0.46975431291091096497E+01    0.26207850835203701153E-14    0.13788343392949677648E-15
    0.47063309259159158415E+01    0.26292909199568591747E-14    0.95223127126335133425E-15
    0.47151187227227229215E+01    0.55137410301339282170E-15    0.75552382144455814592E-15
    0.47239065195295300015E+01   -0.21037186688692815254E-14   -0.17974514838758975451E-15
    0.47326943163363361933E+01   -0.29711265812032507685E-14   -0.73329863777800074861E-15
    0.47414821131431432732E+01   -0.10724634834405405567E-14   -0.16092593515705150842E-15
    0.47502699099499503532E+01    0.17570715373483329039E-14    0.99683380997035379162E-15
    0.47590577067567574332E+01    0.27099574394438491454E-14    0.15680769240685649043E-14
    0.47678455035635636250E+01    0.11023909106277035109E-14    0.10387324224021177215E-14
    0.47766333003703707050E+01   -0.10741604996617512287E-14   -0.57547406291701139320E-16
    0.47854210971771777849E+01   -0.16984684837674301219E-14   -0.85974411979730287202E-15
    0.47942088939839839767E+01   -0.69739880335298521020E-15   -0.90621942086741909320E-15
    0.48029966907907910567E+01    0.53625463962148238998E-15   -0.29372727489418075836E-15
    0.48117844875975981367E+01    0.90302282911001295639E-15    0.45088083197224277539E-15
    0.48205722844044043285E+01    0.35573972197166705373E-15    0.68538152050213780184E-15
    0.48293600812112114085E+01   -0.59450913638588319259E-15    0.16380315454142371058E-15
    0.48381478780180184884E+01   -0.14490731578707493614E-14   -0.65821051360401005484E-15
    0.48469356748248246802E+01   -0.18748534382755179715E-14   -0.10434358617361976619E-14
    0.48557234716316317602E+01   -0.16738944250631996523E-14   -0.67337488998770554510E-15
    0.48645112684384388402E+01   -0.84354657510050994732E-15    0.13164945299030486428E-15
    0.48732990652452459202E+01    0.25160966722494640971E-15    0.77186905141359972406E-15
    0.48820868620520521119E+01    0.87214602741342449500E-15    0.78070387370932558006E-15
    0.48908746588588591919E+01    0.44454905117686783023E-15    0.10255438392458180557E-15
    0.48996624556656662719E+01   -0.73910543150102532963E-15   -0.74366557295839644329E-15
    0.49084502524724724637E+01   -0.16116973869963095667E-14   -0.94574163704306451021E-15
    0.49172380492792795437E+01   -0.13399781356784283399E-14   -0.17948865054452002110E-15
    0.49260258460860866236E+01   -0.12397628170261034857E-15    0.89958781598032483175E-15
    0.49348136428928928154E+01    0.10813651081107932569E-14    0.12718639555155426903E-14
    0.49436014396996998954E+01    0.13172913008682064244E-14    0.58339382166628426811E-15
    0.49523892365065069754E+01    0.22675025370528804452E-15   -0.57454379225936071356E-15
    0.49611770333133140554E+01   -0.15476770988751642858E-14   -0.12718185418173431349E-14
    0.49699648301201202472E+01   -0.24295008638301022947E-14   -0.89687522200863290315E-15
    0.49787526269269273271E+01   -0.12335232916303995497E-14    0.46776507150847531070E-15
    0.49875404237337344071E+01    0.11896667993927153968E-14    0.18790765789058372844E-14
    0.49963282205405405989E+01    0.23708552131095036232E-14    0.20490723098705242226E-14
    0.50051160173473476789E+01    0.97357707794280149924E-15    0.60795414806674872686E-15
    0.50139038141541547589E+01   -0.13671023923528060802E-14   -0.11741686154434117726E-14
    0.50226916109609609506E+01   -0.19723018442269042672E-14   -0.15960518520750095027E-14
    0.50314794077677680306E+01   -0.38050854921593330729E-15   -0.39538445706644694090E-15
    0.50402672045745751106E+01    0.12448818221264032588E-14    0.10246852901790974102E-14
    0.50490550013813813024E+01    0.97542798750973584851E-15    0.12477876907680067064E-14
    0.50578427981881883824E+01   -0.64582756515633105947E-15    0.21938008788542739130E-15
    0.50666305949949954623E+01   -0.16897778372567756569E-14   -0.10546513099670313829E-14
    0.50754183918018025423E+01   -0.11935753830584920282E-14   -0.15112374043615977003E-14
    0.50842061886086087341E+01    0.12513561795352254226E-15   -0.71503524231324945501E-15
    0.50929939854154158141E+01    0.10479970441000345536E-14    0.86089486515285125111E-15
    0.51017817822222228941E+01    0.10053414248349821538E-14    0.19403256022676876807E-14
    0.51105695790290290859E+01    0.27136866303286371256E-15    0.14639194441244744738E-14
    0.51193573758358361658E+01   -0.30117146780050522491E-15   -0.16982251112480068240E-15
    0.51281451726426432458E+01    0.11207596436393846990E-15   -0.13050087740026627831E-14
    0.51369329694494494376E+01    0.13651631757117425539E-14   -0.81785333391462960936E-15
    0.51457207662562565176E+01    0.20065950321410257028E-14    0.61783153218259554658E-15
    0.51545085630630635976E+01    0.80670880418158211927E-15    0.14574947135196211431E-14
    0.51632963598698697893E+01   -0.12322328823896582597E-14    0.10045963832612230205E-14
    0.51720841566766768693E+01   -0.14472767525364450922E-14   -0.13145641601422096286E-15
    0.51808719534834839493E+01    0.11056078604459866778E-14   -0.99591576476611476464E-15
    0.51896597502902910293E+01    0.36489090983394569926E-14   -0.11614749962335177428E-14
    0.51984475470970972211E+01    0.27647483225439826598E-14   -0.73200541651781223619E-15
    0.52072353439039043010E+01   -0.95723944974136056363E-15    0.34113731594190910151E-17
    0.52160231407107113810E+01   -0.31170545869076806316E-14    0.72989034873433129961E-15
    0.52248109375175184610E+01   -0.98138703751794392224E-15    0.10504180172547604794E-14
    0.52335987343243246528E+01    0.27925252688471512807E-14    0.54235254038094207845E-15
    0.52423865311311317328E+01    0.35605642881877344937E-14   -0.78109084222011055694E-15
    0.52511743279379388127E+01    0.47506518708731878223E-15   -0.19705227636522786871E-14
    0.52599621247447450045E+01   -0.27999791660978687114E-14   -0.16778390101204238036E-14
    0.52687499215515520845E+01   -0.29029056990925985991E-14    0.21559858215988304142E-15
    0.52775377183583591645E+01   -0.47397592416961997139E-15    0.17942287282507287507E-14
    0.52863255151651653563E+01    0.15330545466283054482E-14    0.10213366879707996344E-14
    0.52951133119719724363E+01    0.14802159885543170893E-14   -0.15819061422073972970E-14
    0.53039011087787795162E+01    0.14245998189178469690E-15   -0.31687457158974421357E-14
    0.53126889055855857080E+01   -0.98000184270453409321E-15   -0.19025547298728893219E-14
    0.53214767023923927880E+01   -0.12055928112375638242E-14    0.76738405709851911949E-15
    0.53302644991991998680E+01   -0.67434598900633496212E-15    0.19908381134611766909E-14
    0.53390522960060069479E+01    0.24714643459701921582E-15    0.79404365591880731303E-15
    0.53478400928128131397E+01    0.12155835299956601594E-14   -0.12547328562719899483E-14
    0.53566278896196202197E+01    0.17745613235263282968E-14   -0.21912900343496616394E-14
    0.53654156864264272997E+01    0.13703941493770320177E-14   -0.14925408526002265881E-14
    0.53742034832332334915E+01   -0.66754064414760359997E-16    0.55757402137552795685E-16
    0.53829912800400405715E+01   -0.14755253659153139113E-14    0.12812285446111643272E-14
    0.53917790768468476514E+01   -0.12748077123953661985E-14    0.13648980359666221419E-14
    0.54005668736536538432E+01    0.73862090399134045150E-15    0.34156981944694498195E-15
    0.54093546704604609232E+01    0.24612614089454292703E-14   -0.79782020285962509906E-15
    0.54181424672672680032E+01    0.16442767974544676906E-14   -0.96910786725841181432E-15
    0.54269302640740750832E+01   -0.11232158413965558576E-14   -0.10557384364527750034E-15
    0.54357180608808812750E+01   -0.27216499196889292426E-14    0.82448658093563837393E-15
    0.54445058576876883549E+01   -0.12119149246280293104E-14    0.93502635367916521707E-15
    0.54532936544944954349E+01    0.17134809427722793015E-14    0.26941259106135776931E-15
    0.54620814513013016267E+01    0.29242485388675207554E-14   -0.50575718434429149129E-15
    0.54708692481081087067E+01    0.15099753285141246606E-14   -0.82221405269463433288E-15
    0.54796570449149157866E+01   -0.64387168408269729522E-15   -0.54747189450222596209E-15
    0.54884448417217219784E+01   -0.14880267516673165264E-14    0.93017645820522476967E-16
    0.54972326385285290584E+01   -0.87745852510372133771E-15    0.67803083670577922098E-15
    0.55060204353353361384E+01    0.54640097294444763493E-16    0.81517098646674043198E-15
    0.55148082321421423302E+01    0.46421612913889943781E-15    0.37078031977058403714E-15
    0.55235960289489494102E+01    0.34123066624297825384E-15   -0.44285328607547205600E-15
    0.55323838257557564901E+01   -0.22447435890396313526E-16   -0.11308660963773589171E-14
    0.55411716225625635701E+01   -0.49023399161254622488E-15   -0.11123616665720310570E-14
    0.55499594193693697619E+01   -0.94321003941372704531E-15   -0.20519377161249405855E-15
    0.55587472161761768419E+01   -0.98292603127804509394E-15    0.89840921400627968999E-15
    0.55675350129829839219E+01   -0.18865820668871044328E-15    0.10454153712252713607E-14
    0.55763228097897901137E+01    0.10810734620152151948E-14   -0.90907532214433222633E-16
    0.55851106065965971936E+01    0.14543433354068134713E-14   -0.13400996374192258591E-14
    0.55938984034034042736E+01   -0.36202093010780423381E-16   -0.12615945122486849212E-14
    0.56026862002102104654E+01   -0.22299466691850937524E-14    0.12645184719322986799E-15
    0.56114739970170175454E+01   -0.25684065116875344981E-14    0.13647789851012251002E-14
    0.56202617938238246253E+01   -0.23362340479181484050E-15    0.13155120083544974709E-14
    0.56290495906306308171E+01    0.21852729698185804969E-14    0.38227371961373723388E-15
    0.56378373874374378971E+01    0.16218679816130833222E-14   -0.27019836847491875962E-15
    0.56466251842442449771E+01   -0.13803676342586405678E-14   -0.12149047124819364852E-15
    0.56554129810510520571E+01   -0.30477948545130046911E-14    0.39141001183930767457E-15
    0.56642007778578582489E+01   -0.11551840071541845170E-14    0.66113293918452906107E-15
    0.56729885746646653288E+01    0.19967958301360863812E-14    0.54707736385729887689E-15
    0.56817763714714724088E+01    0.26718674430238796026E-14    0.25070564409488641894E-15
    0.56905641682782786006E+01    0.47360462565061500365E-15   -0.63888931990709399076E-16
    0.56993519650850856806E+01   -0.14614331643650233618E-14   -0.37312981268083353857E-15
    0.57081397618918927606E+01   -0.77462157010212156068E-15   -0.61963692410596501170E-15
    0.57169275586986989524E+01    0.12275203015320528987E-14   -0.61742138865761396397E-15
    0.57257153555055060323E+01    0.17753962719344960839E-14   -0.25007694200156560428E-15
    0.57345031523123131123E+01    0.30500391525934168214E-15    0.27223455219996183971E-15
    0.57432909491191193041E+01   -0.11801660624092406898E-14    0.52246864486105963969E-15
    0.57520787459259263841E+01   -0.98149642762631253261E-15    0.31710092292181472059E-15
    0.57608665427327334640E+01    0.29163007440603610937E-15   -0.22806016511372738672E-16
    0.57696543395395405440E+01    0.94854248390453250020E-15   -0.19956688954820261429E-16
    0.57784421363463467358E+01    0.40289229744515972665E-15    0.44271071821704351952E-15
    0.57872299331531538158E+01   -0.44572195101284821376E-15    0.10327362493324254522E-14
    0.57960177299599608958E+01   -0.58979674399666756921E-15    0.12962359660590300602E-14
    0.58048055267667670876E+01    0.18823166864486345265E-16    0.97970666547311213681E-15
    0.58135933235735741675E+01    0.73972468686334523286E-15    0.19894558321306102593E-15
    0.58223811203803812475E+01    0.96835706582050759605E-15   -0.50638791293036623397E-15
    0.58311689171871874393E+01    0.53284114821847418654E-15   -0.50089826753630281735E-15
    0.58399567139939945193E+01   -0.24639840366219047449E-15    0.27353282869188162236E-15
    0.58487445108008015993E+01   -0.70624347878198641528E-15    0.10235513894839628751E-14
    0.58575323076076077911E+01   -0.38797379085306691482E-15    0.90599296785460580951E-15
    0.58663201044144148710E+01    0.39058893539853553380E-15    0.54622203448264387441E-16
    0.58751079012212219510E+01    0.77819259716540499748E-15   -0.55544286506037515964E-15
    0.58838956980280290310E+01    0.38605155134302232846E-15   -0.32977342246087679575E-15
    0.58926834948348352228E+01   -0.17610305616114348062E-15    0.21658855317832539415E-15
    0.59014712916416423027E+01   -0.10324703637488426675E-15    0.25496506291579574552E-15
    0.59102590884484493827E+01    0.49587555143107226840E-15   -0.18904692834016156162E-15
    0.59190468852552555745E+01    0.72092069883777325974E-15   -0.31225784337032737317E-15
    0.59278346820620626545E+01    0.14232281716268571353E-15    0.23470596862923412986E-15
    0.59366224788688697345E+01   -0.49752951813756952101E-15    0.68118924489494894045E-15
    0.59454102756756759263E+01   -0.26710762304851811063E-15    0.16812346094457985555E-15
    0.59541980724824830062E+01    0.59669535486111330779E-15   -0.86412385197239219975E-15
    0.59629858692892900862E+01    0.88740182634991480482E-15   -0.99755713541629482290E-15
    0.59717736660960962780E+01    0.53580816198444902385E-16    0.28146912396431179088E-15
    0.59805614629029033580E+01   -0.90953275877363181371E-15    0.16028919303497159896E-14
    0.59893492597097104380E+01   -0.72274926311706819548E-15    0.13272125883337075021E-14
    0.59981370565165175179E+01    0.43256315255874942637E-15   -0.27803078390644177748E-15
    0.60069248533233237097E+01    0.10752722480288843064E-14   -0.12702996826922698681E-14
    0.60157126501301307897E+01    0.32063202667191868126E-15   -0.45608289861788559719E-15
    0.60245004469369378697E+01   -0.97700376277685843872E-15    0.11427278050107276540E-14
    0.60332882437437440615E+01   -0.13501084918501843465E-14    0.17019186570220543212E-14
    0.60420760405505511415E+01   -0.42455940959576878680E-15    0.74065946522948899211E-15
    0.60508638373573582214E+01    0.84193938265487414560E-15   -0.62397946888140246553E-15
    0.60596516341641644132E+01    0.12711415586506578570E-14   -0.11540418406739684195E-14
    0.60684394309709714932E+01    0.42212924136110115507E-15   -0.62312129950692142516E-15
    0.60772272277777785732E+01   -0.11970314054663043498E-14    0.34876199946043369135E-15
    0.60860150245845856531E+01   -0.22920572892350827087E-14    0.90991839800866667725E-15
    0.60948028213913918449E+01   -0.16376880984985438223E-14    0.52848804116410280220E-15
    0.61035906181981989249E+01    0.50012489492390434285E-15   -0.54679833240565946867E-15
    0.61123784150050060049E+01    0.19885127662399532028E-14   -0.12706580109916829469E-14
    0.61211662118118121967E+01    0.10028363389811137726E-14   -0.77533889861391054224E-15
    0.61299540086186192767E+01   -0.14423063646280562496E-14    0.53586254442219304136E-15
    0.61387418054254263566E+01   -0.23162425058619065531E-14    0.13129876313852990080E-14
    0.61475296022322325484E+01   -0.32499796381515520462E-15    0.82474448795823692201E-15
    0.61563173990390396284E+01    0.21486557984991764080E-14   -0.16910599787284330502E-15
    0.61651051958458467084E+01    0.20215441454386671608E-14   -0.45860307632270579477E-15
    0.61738929926526529002E+01   -0.50509378290238463440E-15    0.14433710332034949480E-15
    0.61826807894594599802E+01   -0.22674349004126785328E-14    0.77110274449758686039E-15
    0.61914685862662670601E+01   -0.12318571325434123834E-14    0.72745531281670028740E-15
    0.62002563830730741401E+01    0.10755808693497897385E-14    0.27058953062239464950E-15
    0.62090441798798803319E+01    0.18950145084204527438E-14    0.23816910112547043905E-16
    0.62178319766866874119E+01    0.66333340810337668225E-15    0.72336987157879415049E-16
    0.62266197734934944918E+01   -0.79178737584670035742E-15   -0.28413481934016037886E-16
    0.62354075703003006836E+01   -0.88925059595855227671E-15   -0.45204228940319105583E-15
    0.62441953671071077636E+01   -0.10925207067899930427E-16   -0.68959103541095988967E-15
    0.62529831639139148436E+01    0.58190836966485571897E-15   -0.21281377122400951048E-15
    0.62617709607207210354E+01    0.51454527715781699969E-15    0.67245089207515299197E-15
    0.62705587575275281154E+01    0.42837853938635573938E-15    0.10341828532147849466E-14
    0.62793465543343351953E+01    0.69524875227675890610E-15    0.42652920837179172759E-15
    0.62881343511411413871E+01    0.71801341935619334068E-15   -0.51438978970946045871E-15
    0.62969221479479484671E+01   -0.11081988040230071186E-15   -0.84682651515339985346E-15
    0.63057099447547555471E+01   -0.11760997425767882803E-14   -0.39181860589506453835E-15
    0.63144977415615626271E+01   -0.11064263406604108644E-14    0.21701548965639839237E-15
    0.63232855383683688189E+01    0.33962059420160277804E-15    0.35856611591717266766E-15
    0.63320733351751758988E+01    0.14848534619432241685E-14    0.91843985020202899057E-17
    0.63408611319819829788E+01    0.69780437482068887923E-15   -0.41955663810339410725E-15
    0.63496489287887891706E+01   -0.12398138212457129619E-14   -0.47718586078918160224E-15
    0.63584367255955962506E+01   -0.18122837606782240011E-14    0.21297266708342195744E-16
    0.63672245224024033305E+01    0.16092856464639983753E-16    0.78910443999943244687E-15
    0.63760123192092095223E+01    0.22041912349059194652E-14    0.11322964023367512860E-14
    0.63848001160160166023E+01    0.21608389448933925649E-14    0.57409599301690971874E-15
    0.63935879128228236823E+01    0.24372543137751699510E-16   -0.49467428771763994620E-15
    0.64023757096296298741E+01   -0.16256367900864314570E-14   -0.10928450256523642113E-14
    0.64111635064364369541E+01   -0.10310483087119283591E-14   -0.68912258200189564502E-15
    0.64199513032432440340E+01    0.80945729063932811772E-15    0.22629666328825280048E-15
    0.64287391000500511140E+01    0.17713902041915648317E-14    0.75897736941760316228E-15
    0.64375268968568573058E+01    0.10513255865476613513E-14    0.49954743929558425793E-15
    0.64463146936636643858E+01   -0.42199449013545068143E-15   -0.26504645363144720755E-15
    0.64551024904704714658E+01   -0.12951506038173993314E-14   -0.91817685160610604901E-15
    0.64638902872772776576E+01   -0.90212137722633518100E-15   -0.92196199390201283850E-15
    0.64726780840840847375E+01    0.45101638520380965018E-15   -0.17485556286068170680E-15
    0.64814658808908918175E+01    0.15916476594081604247E-14    0.75428375388563035058E-15
    0.64902536776976980093E+01    0.12812032311896107282E-14    0.10030084544788520439E-14
    0.64990414745045050893E+01   -0.46364570629244528654E-15    0.27338317264815649685E-15
    0.65078292713113121692E+01   -0.19803241194135764314E-14   -0.77074518994348465310E-15
    0.65166170681181183610E+01   -0.16427889035900537354E-14   -0.11861831214351386621E-14
    0.65254048649249254410E+01    0.19784732847529285979E-15   -0.64895735817148706083E-15
    0.65341926617317325210E+01    0.15766887052870225285E-14    0.38583753874009538153E-15
    0.65429804585385396010E+01    0.11362251607682937330E-14    0.11401584186669320209E-14
    0.65517682553453457928E+01   -0.54276390425575534692E-15    0.10111760332521931904E-14
    0.65605560521521528727E+01   -0.18880206956887360497E-14    0.13991369064754105641E-16
    0.65693438489589599527E+01   -0.18467517607428564708E-14   -0.95426737501450350604E-15
    0.65781316457657661445E+01   -0.49898730767899514299E-15   -0.74985743662393701863E-15
    0.65869194425725732245E+01    0.10969679297270201394E-14    0.69857618722154541235E-15
    0.65957072393793803045E+01    0.14784797941054421396E-14    0.19493998867572145910E-14
    0.66044950361861864963E+01    0.40744683526287846452E-16    0.15681841842345509182E-14
    0.66132828329929935762E+01   -0.18702716179489226195E-14   -0.11318453422570363059E-15
    0.66220706297998006562E+01   -0.19992806140099226727E-14   -0.13322096179266635824E-14
    0.66308584266066068480E+01    0.14213802848586110623E-15   -0.88768630750616525194E-15
    0.66396462234134139280E+01    0.22313230371615482836E-14    0.67725354053017878490E-15
    0.66484340202202210079E+01    0.17761522902468841381E-14    0.19070229007961324711E-14
    0.66572218170270280879E+01   -0.76526055865189492334E-15    0.17643265923027556235E-14
    0.66660096138338342797E+01   -0.25405294211911085679E-14    0.25081028311691977205E-15
    0.66747974106406413597E+01   -0.17326482832809734554E-14   -0.15803029351723285635E-14
    0.66835852074474484397E+01    0.51946900092757511480E-15   -0.21252811486161086939E-14
    0.66923730042542546315E+01    0.18687014791406298233E-14   -0.63486916713511914478E-15
    0.67011608010610617114E+01    0.12724283679135093969E-14    0.15314138839085465079E-14
    0.67099485978678687914E+01   -0.48846896985915600037E-15    0.19780670794374663920E-14
    0.67187363946746749832E+01   -0.18904105378025259755E-14    0.95792489771274730507E-16
    0.67275241914814820632E+01   -0.17576440225325138541E-14   -0.18360933812105409854E-14
    0.67363119882882891432E+01   -0.32052689303611053317E-16   -0.13552974184989073735E-14
    0.67450997850950962231E+01    0.18283847765488379343E-14    0.10247956239018667747E-14
    0.67538875819019024149E+01    0.19142866158217256485E-14    0.24694790407968278298E-14
    0.67626753787087094949E+01   -0.76783210366161213367E-17    0.13892449939527821755E-14
    0.67714631755155165749E+01   -0.18054330870692650539E-14   -0.72111936329285706512E-15
    0.67802509723223227667E+01   -0.13598267562479095606E-14   -0.14683077327785688777E-14
    0.67890387691291298466E+01    0.75841762228857200476E-15   -0.42538899462525599471E-15
    0.67978265659359369266E+01    0.19538053222301513372E-14    0.86569292507513499527E-15
    0.68066143627427431184E+01    0.79378957987626115530E-15    0.10866299917536847987E-14
    0.68154021595495501984E+01   -0.13587924541351194181E-14    0.46061064217025938284E-15
    0.68241899563563572784E+01   -0.22767586591039338710E-14   -0.91202636701475673234E-16
    0.68329777531631634702E+01   -0.14077778112990046017E-14   -0.21936975903190841482E-15
    0.68417655499699705501E+01    0.23679448857721188584E-17   -0.25087466790410501300E-15
    0.68505533467767776301E+01    0.63273699654303436529E-15   -0.40794311578552768155E-15
    0.68593411435835847101E+01    0.26315494630621989143E-15   -0.40917507083687563906E-15
    0.68681289403903909019E+01   -0.48056641277034745634E-15    0.11093368727052245115E-16
    0.68769167371971979819E+01   -0.78723883297302817694E-15    0.48858546736273479554E-15
    0.68857045340040050618E+01   -0.22167288261270173199E-15    0.33792108651669590396E-15
    0.68944923308108112536E+01    0.82977380733881991660E-15   -0.46937867574626891334E-15
    0.69032801276176183336E+01    0.12633961258749247295E-14   -0.99104759533238066583E-15
    0.69120679244244254136E+01    0.39699166190062093459E-15   -0.40809923674618414605E-15
    0.69208557212312316054E+01   -0.94301219966084119715E-15    0.78764714866238418746E-15
    0.69296435180380386853E+01   -0.11622102238927642650E-14    0.12517945850859692103E-14
    0.69384313148448457653E+01    0.55899956639692987052E-16    0.44008763704597322558E-15
    0.69472191116516519571E+01    0.10446567671836850085E-14   -0.66581841317342139629E-15
    0.69560069084584590371E+01    0.25248113556766574247E-15   -0.82741477636297927505E-15
    0.69647947052652661171E+01   -0.14692449852097733763E-14   -0.62948527499824033427E-16
    0.69735825020720731970E+01   -0.17625241186055786392E-14    0.54774621705531946950E-15
    0.69823702988788793888E+01    0.61873459021417123420E-16    0.30505832401969219380E-15
    0.69911580956856864688E+01    0.17818377690532010417E-14   -0.35693142048687760888E-15
    0.69999458924924935488E+01    0.10955631375776140766E-14   -0.64957528659117727007E-15
    0.70087336892992997406E+01   -0.11927042115595335037E-14   -0.44127184033511568920E-15
    0.70175214861061068206E+01   -0.21126027229482307230E-14   -0.21628058558649264643E-15
    0.70263092829129139005E+01   -0.41146530112863628044E-15   -0.27106485446726711840E-15
    0.70350970797197200923E+01    0.17419918473964627897E-14   -0.32293675233071865449E-15
    0.70438848765265271723E+01    0.16697482026712349736E-14   -0.28887858366550512666E-16
    0.70526726733333342523E+01   -0.38728375054138968688E-15    0.39826068685108105838E-15
    0.70614604701401404441E+01   -0.18289870378761066993E-14    0.38232595280972915693E-15
    0.70702482669469475240E+01   -0.11006777975723639582E-14   -0.25302041973713704197E-15
    0.70790360637537546040E+01    0.59657711401493770233E-15   -0.96059390000436987851E-15
    0.70878238605605616840E+01    0.12445506147434614144E-14   -0.10628473039811263813E-14
    0.70966116573673678758E+01    0.47169778334197417823E-15   -0.46550178319554728379E-15
    0.71053994541741749558E+01   -0.47507110479400558489E-15    0.31153582820673963858E-15
    0.71141872509809820357E+01   -0.54045902030450098889E-15    0.60332134618573590408E-15
    0.71229750477877882275E+01    0.89989390093801177634E-16    0.55459816048264552848E-16
    0.71317628445945953075E+01    0.64957076623835570526E-15   -0.10344867843789088652E-14
    0.71405506414014023875E+01    0.76130594236103375048E-15   -0.16004777756091942174E-14
    0.71493384382082085793E+01    0.59478924111016245919E-15   -0.63156802574371487497E-15
    0.71581262350150156593E+01    0.43686139215262501034E-15    0.14085634102852648560E-14
    0.71669140318218227392E+01    0.38983371121718677679E-15    0.24336957765416792052E-14
    0.71757018286286289310E+01    0.40209309151119246453E-15    0.99951641659626711529E-15
    0.71844896254354360110E+01    0.38383732167222767283E-15   -0.14882667272719847059E-14
    0.71932774222422430910E+01    0.28918400483263124331E-15   -0.20607585607537619649E-14
    0.72020652190490501710E+01    0.16770297165628449385E-15    0.16842352948180598713E-15
    0.72108530158558563627E+01    0.13631230851524280303E-15    0.26384154694242297653E-14
    0.72196408126626634427E+01    0.21325359052880699987E-15    0.24806224592089886762E-14
    0.72284286094694705227E+01    0.18828188487663645791E-15    0.18608067063315739953E-16
    0.72372164062762767145E+01   -0.15374607381079233354E-15   -0.19092518585593471821E-14
    0.72460042030830837945E+01   -0.58803249019385512988E-15   -0.14874769002599553357E-14
    0.72547919998898908744E+01   -0.45308477661444396240E-15    0.28024670845541618405E-15
    0.72635797966966970662E+01    0.51172810488220046667E-15    0.13532649794222013098E-14
    0.72723675935035041462E+01    0.14222736907395603148E-14    0.96558502553889384624E-15
    0.72811553903103112262E+01    0.10183944519894055931E-14   -0.15258932685990524854E-15
    0.72899431871171174180E+01   -0.59378660242389745574E-15   -0.10070516443331233827E-14
    0.72987309839239244980E+01   -0.15583656251112222059E-14   -0.11825850463682477432E-14
    0.73075187807307315779E+01   -0.44255086484782666532E-15   -0.76417155972756635960E-15
    0.73163065775375386579E+01    0.16086174340775596649E-14   -0.45668919600022550181E-16
    0.73250943743443448497E+01    0.20158927752926476731E-14    0.59625588212485709933E-15
    0.73338821711511519297E+01    0.66686034752193032292E-16    0.72101286464469905227E-15
    0.73426699679579590097E+01   -0.19203555366275367244E-14    0.73939951565479354002E-17
    0.73514577647647652014E+01   -0.15100768962532586296E-14   -0.12609189810428456908E-14
    0.73602455615715722814E+01    0.71311144475268392313E-15   -0.18970424096943808067E-14
    0.73690333583783793614E+01    0.20095672402532970611E-14   -0.75086626933984480088E-15
    0.73778211551851855532E+01    0.98438777368872603190E-15    0.16028062524450153996E-14
    0.73866089519919926332E+01   -0.85944674510029793205E-15    0.27181679829415464704E-14
    0.73953967487987997131E+01   -0.13514648325446765379E-14    0.91952006355048858592E-15
    0.74041845456056067931E+01   -0.26774215728464555232E-15   -0.21933784704537149625E-14
    0.74129723424124129849E+01    0.86469276989102749342E-15   -0.32254359788701201869E-14
    0.74217601392192200649E+01    0.82968355893606147697E-15   -0.10194382621224702734E-14
    0.74305479360260271449E+01   -0.13059391937893920390E-15    0.18384441094824993584E-14
    0.74393357328328333367E+01   -0.10221001449987433017E-14    0.22421013173618255363E-14
    0.74481235296396404166E+01   -0.11446618148859214590E-14    0.13316999319611490217E-15
    0.74569113264464474966E+01   -0.48276662835353238215E-15   -0.19635914485355824380E-14
    0.74656991232532536884E+01    0.37234748504552361971E-15   -0.20502385357245788280E-14
    0.74744869200600607684E+01    0.58429295372353049718E-15   -0.40362778316743851588E-15
    0.74832747168668678484E+01   -0.15473319586497766839E-15    0.13883485797820742439E-14
    0.74920625136736740401E+01   -0.10377128411048333581E-14    0.19344943620205240384E-14
    0.75008503104804811201E+01   -0.87516772890780856178E-15    0.84570263900903138677E-15
    0.75096381072872882001E+01    0.37262329746196677368E-15   -0.98996519200376573539E-15
    0.75184259040940952801E+01    0.12504104784922752491E-14   -0.18542356455182985031E-14
    0.75272137009009014719E+01    0.57825738313435779428E-15   -0.78436566570521212120E-15
    0.75360014977077085518E+01   -0.82699006546014556560E-15    0.10895303127297213434E-14
    0.75447892945145156318E+01   -0.10490235327282178441E-14    0.16030831013000682548E-14
    0.75535770913213218236E+01    0.40888323784579176300E-15    0.89194434158335399301E-16
    0.75623648881281289036E+01    0.18009741446362240896E-14   -0.17580043280309938909E-14
    0.75711526849349359836E+01    0.13776546816012933268E-14   -0.20130571924728061201E-14
    0.75799404817417421754E+01   -0.30234392668079963364E-15   -0.78088441066255162765E-15
    0.75887282785485492553E+01   -0.11430242363295037786E-14    0.29333654944195913478E-15
    0.75975160753553563353E+01   -0.20073520658039790711E-15    0.24101377539967687688E-15
    0.76063038721621625271E+01    0.12318392955207817555E-14   -0.25951897428914344759E-15
    0.76150916689689696071E+01    0.14644245972407739961E-14   -0.21389774251015406670E-15
    0.76238794657757766871E+01    0.44438243617308960179E-15    0.21625302656088343758E-15
    0.76326672625825837670E+01   -0.53984397217710166613E-15    0.13631787408501318063E-15
    0.76414550593893899588E+01   -0.61428012985462118948E-15   -0.50465983753466356370E-15
    0.76502428561961970388E+01   -0.15626278074412407711E-15   -0.51467847778045759538E-15
    0.76590306530030041188E+01    0.72614982079323332352E-16    0.85742125388640707494E-15
    0.76678184498098103106E+01   -0.46679083752374828553E-16    0.23629303253275755370E-14
    0.76766062466166173905E+01   -0.96197387896157002655E-16    0.19568123432936708980E-14
    0.76853940434234244705E+01    0.77947287755042105287E-16   -0.37542056213035076645E-15
    0.76941818402302306623E+01    0.97098991239633590453E-16   -0.19927718714658430868E-14
    0.77029696370370377423E+01   -0.26311694097762337117E-15   -0.76148397875829425496E-15
    0.77117574338438448223E+01   -0.44073687358006053650E-15    0.19221561945677558486E-14
    0.77205452306506510141E+01    0.31118209094372453468E-15    0.26701976466401979293E-14
    0.77293330274574580940E+01    0.16234287731052328794E-14    0.35685418843853351203E-15
    0.77381208242642651740E+01    0.19123304924313055634E-14   -0.24018558460830854163E-14
    0.77469086210710722540E+01    0.30330242581171033555E-15   -0.25840271872133086369E-14
    0.77556964178778784458E+01   -0.16892301431950016554E-14   -0.28762626177112613320E-15
    0.77644842146846855258E+01   -0.15835485770184482664E-14    0.18823575358822952998E-14
    0.77732720114914926057E+01    0.86476758764821630348E-15    0.19478393265815941682E-14
    0.77820598082982987975E+01    0.28889541091700183258E-14    0.22799269076466495550E-15
    0.77908476051051058775E+01    0.20347119751088714064E-14   -0.16472916148852352302E-14
    0.77996354019119129575E+01   -0.62541986444733030036E-15   -0.22149694703783635991E-14
    0.78084231987187191493E+01   -0.18524283618958361899E-14   -0.10364211305632924212E-14
    0.78172109955255262292E+01   -0.28542375845383077674E-15    0.90926084010676853122E-15
    0.78259987923323333092E+01    0.20391032175336959514E-14    0.17153727569566511485E-14
    0.78347865891391395010E+01    0.24896376774863345491E-14    0.37103150109175919813E-15
    0.78435743859459465810E+01    0.85869258276851384030E-15   -0.17671524549988092956E-14
    0.78523621827527536610E+01   -0.97863448609581483806E-15   -0.22706127749817291179E-14
    0.78611499795595607409E+01   -0.14235849229109936248E-14   -0.49989906788686218815E-15
    0.78699377763663669327E+01   -0.47283597211763068158E-15    0.15392844453798775722E-14
    0.78787255731731740127E+01    0.83760503132280942005E-15    0.16663651423261936143E-14
    0.78875133699799810927E+01    0.13727141206218243638E-14    0.32381273557169386376E-16
    0.78963011667867872845E+01    0.60124058192877396329E-15   -0.14355372354772913734E-14
    0.79050889635935943645E+01   -0.91124259687546584011E-15   -0.13876931832063798694E-14
    0.79138767604004014444E+01   -0.17509194845192653591E-14   -0.20767224715152623667E-15
    0.79226645572072076362E+01   -0.10262335956584265575E-14    0.90420370278306153926E-15
    0.79314523540140147162E+01    0.48197812229340683199E-15    0.11310789175761828895E-14
    0.79402401508208217962E+01    0.11239381466191861302E-14    0.42902931869769932690E-15
    0.79490279476276279880E+01    0.27827140794641562360E-15   -0.60220704385475758999E-15
    0.79578157444344350679E+01   -0.99704811402314747114E-15   -0.10893814759411916168E-14
    0.79666035412412421479E+01   -0.13551087101161570863E-14   -0.56389537530462129785E-15
    0.79753913380480492279E+01   -0.62139493339273044265E-15    0.52211350251257570328E-15
    0.79841791348548554197E+01    0.35203634763057966649E-15    0.12150071113414920122E-14
    0.79929669316616624997E+01    0.77049930943362422087E-15    0.10008459254665440015E-14
    0.80017547284684695796E+01    0.51822159703197521073E-15    0.20667699305735634770E-15
    0.80105425252752748833E+01   -0.31962628382987431891E-16   -0.48030312401897974132E-15
    0.80193303220820819632E+01   -0.38303386274193252522E-15   -0.60064833288328435334E-15
    0.80281181188888890432E+01   -0.23224952555700858524E-15   -0.13462244156927363856E-15
    0.80369059156956961232E+01    0.26678465697756031702E-15    0.52864558028402397365E-15
    0.80456937125025032032E+01    0.57055698354544195469E-15    0.81302466213365890645E-15
    0.80544815093093102831E+01    0.29986403236076108934E-15    0.43663002470845071843E-15
    0.80632693061161173631E+01   -0.29045974823554064937E-15   -0.22693464504859069943E-15
    0.80720571029229226667E+01   -0.60779351183176235673E-15   -0.48971885197234978196E-15
    0.80808448997297297467E+01   -0.43275494001985368566E-15   -0.69904637759701837981E-16
    0.80896326965365368267E+01   -0.14485712007372531511E-15    0.64042034597776370534E-15
    0.80984204933433439066E+01   -0.17866604280494078947E-15    0.10257379462153184738E-14
    0.81072082901501509866E+01   -0.48530444164345739886E-15    0.76575008431036069131E-15
    0.81159960869569580666E+01   -0.68559741921228541709E-15   -0.69076316120376512891E-17
    0.81247838837637633702E+01   -0.60186411607316680007E-15   -0.78000785411744955534E-15
    0.81335716805705704502E+01   -0.44350068546790198261E-15   -0.94091782176542190623E-15
    0.81423594773773775302E+01   -0.44065189257665235775E-15   -0.33285301526445119660E-15
    0.81511472741841846101E+01   -0.48913646762100055547E-15    0.37679412056611212772E-15
    0.81599350709909916901E+01   -0.31018055304041398752E-15    0.28860638027203141667E-15
    0.81687228677977987701E+01    0.11744847573664059988E-15   -0.65224276650006557309E-15
    0.81775106646046058501E+01    0.45583846257968955366E-15   -0.14565633225876851828E-14
    0.81862984614114111537E+01    0.41827781583305285734E-15   -0.12262163237863531815E-14
    0.81950862582182182337E+01    0.14292256744853939285E-15   -0.20366548250245317406E-15
    0.82038740550250253136E+01   -0.19161615565018713071E-17    0.62158683195245971908E-15
    0.82126618518318323936E+01    0.90759378678923578744E-16    0.68101000553219307357E-15
    0.82214496486386394736E+01    0.14372630081701924204E-15    0.29918442273840939945E-15
    0.82302374454454465535E+01   -0.63161794282776881890E-16    0.76141911244931363317E-16
    0.82390252422522518572E+01   -0.30555490124283266640E-15    0.20995130055426173551E-15
    0.82478130390590589371E+01   -0.19332190829518651498E-15    0.48757562470106453781E-15
    0.82566008358658660171E+01    0.21711404626341164901E-15    0.64719768521938593304E-15
    0.82653886326726730971E+01    0.35602174250826632219E-15    0.60013317303318721271E-15
    0.82741764294794801771E+01   -0.11100548228628768613E-15    0.41310339579378584030E-15
    0.82829642262862872570E+01   -0.67222009450112908491E-15    0.23136679615571587280E-15
    0.82917520230930943370E+01   -0.52920756294408857586E-15    0.17340992653730541464E-15
    0.83005398198998996406E+01    0.26830224039252321598E-15    0.22090437606399641113E-15
    0.83093276167067067206E+01    0.68188244368893694208E-15    0.23177402637675380754E-15
    0.83181154135135138006E+01    0.12719425920909059780E-16    0.12838650221446939456E-15
    0.83269032103203208806E+01   -0.98770560161861284307E-15    0.39156440165423827923E-16
    0.83356910071271279605E+01   -0.96890106889143943839E-15    0.12986321180909773907E-15
    0.83444788039339350405E+01    0.19761546185929355566E-15    0.29123113926984197490E-15
    0.83532666007407403441E+01    0.10723565625836444629E-14    0.16519114844324847226E-15
    0.83620543975475474241E+01    0.47273990952073572433E-15   -0.33980740781966178905E-15
    0.83708421943543545041E+01   -0.91907562293707759113E-15   -0.68134921475919464836E-15
    0.83796299911611615840E+01   -0.14185229216674370781E-14   -0.23463516515412156488E-15
    0.83884177879679686640E+01   -0.44294799324529472641E-15    0.73316384775384928925E-15
    0.83972055847747757440E+01    0.85167516170853531137E-15    0.10585731740897073516E-14
    0.84059933815815828240E+01    0.11019340563142343796E-14    0.68537232041810868804E-16
    0.84147811783883881276E+01    0.24115536169561663414E-15   -0.13116361970131460560E-14
    0.84235689751951952076E+01   -0.73350761153767262196E-15   -0.15132059795208073541E-14
    0.84323567720020022875E+01   -0.91028152260849696510E-15   -0.27445332695439356985E-15
    0.84411445688088093675E+01   -0.14326520899763947049E-15    0.94632933725315167424E-15
    0.84499323656156164475E+01    0.10047133937508063054E-14    0.77612893846604887174E-15
    0.84587201624224235275E+01    0.15790961647801762784E-14   -0.43665690519959403117E-15
    0.84675079592292288311E+01    0.93726887968117530536E-15   -0.12369460611578238047E-14
    0.84762957560360359111E+01   -0.43170354683367783511E-15   -0.81053649093531736330E-15
    0.84850835528428429910E+01   -0.10879588004679902050E-14    0.31530587625416843259E-15
    0.84938713496496500710E+01   -0.19958501313708903751E-15    0.11118566986832811905E-14
    0.85026591464564571510E+01    0.12511456491612547080E-14    0.10077460392737671363E-14
    0.85114469432632642309E+01    0.15151067717189737364E-14    0.15183705301854073710E-15
    0.85202347400700713109E+01    0.19019563283482509558E-15   -0.73019675568112371144E-15
    0.85290225368768766145E+01   -0.12789585380533946486E-14   -0.77531357096368571334E-15
    0.85378103336836836945E+01   -0.13878079568642303097E-14    0.21594985099744003376E-15
    0.85465981304904907745E+01   -0.23219205833692714340E-15    0.12931375571113800911E-14
    0.85553859272972978545E+01    0.90304908299637979761E-15    0.12341727690368818802E-14
    0.85641737241041049344E+01    0.10014138315183008004E-14    0.27879988370557545640E-16
    0.85729615209109120144E+01    0.82948305023121593394E-16   -0.96375481396059652843E-15
    0.85817493177177173180E+01   -0.10508937202094192242E-14   -0.66885653695634804487E-15
    0.85905371145245243980E+01   -0.13488924224733815373E-14    0.31252175456200872465E-15
    0.85993249113313314780E+01   -0.29224351715283005584E-15    0.57983477518178858298E-15
    0.86081127081381385580E+01    0.13066504378308624258E-14   -0.14993285534412447851E-15
    0.86169005049449456379E+01    0.16872756829828564990E-14   -0.67444162223236816376E-15
    0.86256883017517527179E+01    0.92497158311656328679E-16   -0.88575656122406562890E-16
    0.86344760985585597979E+01   -0.18477410793936216804E-14    0.75568349964960716080E-15
    0.86432638953653651015E+01   -0.17632126236901741996E-14    0.37144124873582801413E-15
    0.86520516921721721815E+01    0.46905862825419631009E-15   -0.10870352157099819961E-14
    0.86608394889789792614E+01    0.23118423382923781259E-14   -0.16337177251236932569E-14
    0.86696272857857863414E+01    0.16606870611863611203E-14   -0.10050432046965809454E-15
    0.86784150825925934214E+01   -0.54190249506227527750E-15    0.18163754440727142949E-14
    0.86872028793994005014E+01   -0.16741731460284560784E-14    0.14717393921876608187E-14
    0.86959906762062058050E+01   -0.65619085587793904227E-15   -0.10723041160875648017E-14
    0.87047784730130128850E+01    0.10708290320294074573E-14   -0.26469546562345090382E-14
    0.87135662698198199649E+01    0.16496562838605422375E-14   -0.96911069260145062578E-15
    0.87223540666266270449E+01    0.82920305281334204673E-15    0.21276207918565264593E-14
    0.87311418634334341249E+01   -0.31612768867772031727E-15    0.29171130269722769348E-14
    0.87399296602402412049E+01   -0.79091752177980588056E-15    0.45975309578332079527E-15
    0.87487174570470482848E+01   -0.41820475405604248661E-15   -0.23179784650314571399E-14
    0.87575052538538535885E+01    0.37574723555945132540E-15   -0.24020684898160473763E-14
    0.87662930506606606684E+01    0.95917327224896687474E-15   -0.88530578773706490667E-16
    0.87750808474674677484E+01    0.89072055306059325912E-15    0.20159863439199576313E-14
    0.87838686442742748284E+01    0.27188696411794027740E-15    0.20726403168355369697E-14
    0.87926564410810819084E+01   -0.30775007513825340322E-15    0.40090702195592394925E-15
    0.88014442378878889883E+01   -0.34440474434685222910E-15   -0.14682796396157964715E-14
    0.88102320346946942919E+01    0.99311639079255978778E-16   -0.20640534772388080045E-14
    0.88190198315015013719E+01    0.54990003689548180208E-15   -0.85315934983499234900E-15
    0.88278076283083084519E+01    0.58332660932370725189E-15    0.11964067544493276006E-14
    0.88365954251151155319E+01    0.11463788598890342015E-15    0.21369756895335207646E-14
    0.88453832219219226118E+01   -0.55626439089992422675E-15    0.91201636541031085440E-15
    0.88541710187287296918E+01   -0.84733094596825402073E-15   -0.13009337411375415046E-14
    0.88629588155355367718E+01   -0.33443477801799182738E-15   -0.23133356647515867430E-14
    0.88717466123423420754E+01    0.70561133130481971780E-15   -0.12645753370647891680E-14
    0.88805344091491491554E+01    0.13824907742807181711E-14    0.68337238719923234689E-15
    0.88893222059559562354E+01    0.10795610655625526262E-14    0.18110123651517718935E-14
    0.88981100027627633153E+01    0.14672774531474093848E-15    0.13380649335651700800E-14
    0.89068977995695703953E+01   -0.52187053976273848571E-15   -0.28166824348780720836E-15
    0.89156855963763774753E+01   -0.40714838872882590196E-15   -0.17125851402455220851E-14
    0.89244733931831827789E+01    0.26043630687498335705E-15   -0.15445722303294280808E-14
    0.89332611899899898589E+01    0.84655412997216510810E-15    0.39051934578605123205E-15
    0.89420489867967969388E+01    0.77180428796912064672E-15    0.23212893348088980705E-14
    0.89508367836036040188E+01   -0.91449850913511949495E-16    0.21339002624047704630E-14
    0.89596245804104110988E+01   -0.11206451109053767158E-14   -0.14602909607328413133E-15
    0.89684123772172181788E+01   -0.12722637895147531163E-14   -0.21555170355519321626E-14
    0.89772001740240252587E+01   -0.17348090265694554944E-15   -0.18797573287606057299E-14
    0.89859879708308305624E+01    0.11751157923541877596E-14    0.13472731708889821656E-15
    0.89947757676376376423E+01    0.13793419586593325561E-14    0.17457959339724424371E-14
    0.90035635644444447223E+01    0.29623726919452248542E-15    0.15843761418206105305E-14
    0.90123513612512518023E+01   -0.75730542615370839239E-15    0.49828912309148939072E-16
    0.90211391580580588823E+01   -0.59960158251766292280E-15   -0.14839615801353599223E-14
    0.90299269548648659622E+01    0.49048816487083176128E-15   -0.17137476317377133760E-14
    0.90387147516716712659E+01    0.13249241519584464787E-14   -0.22883218427401960567E-15
    0.90475025484784783458E+01    0.11748823628082486227E-14    0.19037352563869023861E-14
    0.90562903452852854258E+01    0.31360000625630670294E-15    0.27156282176258779803E-14
    0.90650781420920925058E+01   -0.50277024979242815157E-15    0.12964321441286290305E-14
    0.90738659388988995858E+01   -0.65587549124800175946E-15   -0.90347164227851247640E-15
    0.90826537357057066657E+01   -0.12297928756728557589E-16   -0.15922471302579576268E-14
    0.90914415325125137457E+01    0.91240346292822935889E-15   -0.26555119159978539076E-15
    0.91002293293193190493E+01    0.12527160928680948093E-14    0.13383419513797404170E-14
    0.91090171261261261293E+01    0.63155311187782689194E-15    0.14696573728444456441E-14
    0.91178049229329332093E+01   -0.30058266931518522121E-15    0.26016172116433488935E-15
    0.91265927197397402892E+01   -0.54722760252225756986E-15   -0.89585489158199670656E-15
    0.91353805165465473692E+01    0.82345538271332760352E-16   -0.10399045064381036595E-14
    0.91441683133533544492E+01    0.78950618090760506235E-15   -0.34252935405358082742E-15
    0.91529561101601597528E+01    0.78578348469967906029E-15    0.47565171341385072442E-15
    0.91617439069669668328E+01    0.13757931536556128337E-15    0.81827911939399687211E-15
    0.91705317037737739128E+01   -0.49607623142222959040E-15    0.50033593406789566401E-15
    0.91793195005805809927E+01   -0.60240681991646499598E-15   -0.17836460197713620073E-15
    0.91881072973873880727E+01   -0.16879950560333947392E-15   -0.63200047887301233397E-15
    0.91968950941941951527E+01    0.45165416103933971722E-15   -0.49311006230285619366E-15
    0.92056828910010004563E+01    0.78340616653672504828E-15    0.36846263794845064329E-16
    0.92144706878078075363E+01    0.54640268649404296964E-15    0.46399836265145502743E-15
    0.92232584846146146162E+01   -0.41059961517674664154E-16    0.52782047468500693248E-15
    0.92320462814214216962E+01   -0.38979359882795850074E-15    0.35711675115254764019E-15
    0.92408340782282287762E+01   -0.16592268968123866414E-15    0.17787707993873326708E-15
    0.92496218750350358562E+01    0.28442982195644505826E-15    0.54535502305032814946E-16
    0.92584096718418411598E+01    0.37226940327715923015E-15   -0.38525398331488887412E-16
    0.92671974686486482398E+01    0.21174162041262533901E-16   -0.20354657780402611689E-16
    0.92759852654554553197E+01   -0.25539024689126192328E-15    0.25899538631957586577E-15
    0.92847730622622623997E+01   -0.78896528281651770859E-16    0.70606380960258921450E-15
    0.92935608590690694797E+01    0.25621804728141813755E-15    0.83886734820420848393E-15
    0.93023486558758765597E+01    0.20383288760144312306E-15    0.27799852696497076961E-15
    0.93111364526826818633E+01   -0.25800757941194528253E-15   -0.57377596900093730796E-15
    0.93199242494894889433E+01   -0.56098089020065824304E-15   -0.71724189663106897216E-15
    0.93287120462962960232E+01   -0.31266773900848937914E-15    0.26159498351912167949E-15
    0.93374998431031031032E+01    0.14320193140766695405E-15    0.14291493647982818340E-14
    0.93462876399099101832E+01    0.18350586025361622110E-15    0.14687389453451795704E-14
    0.93550754367167172632E+01   -0.26380917583052749487E-15    0.25879192284043278514E-15
    0.93638632335235243431E+01   -0.61435979787131468326E-15   -0.95289437203421174398E-15
    0.93726510303303296467E+01   -0.36653998259542154135E-15   -0.10048234862693326040E-14
    0.93814388271371367267E+01    0.30800431868847534462E-15   -0.10950660591034935038E-16
    0.93902266239439438067E+01    0.81563343401302414838E-15    0.10146616236942881855E-14
    0.93990144207507508867E+01    0.73451898901330415554E-15    0.11825467832361046927E-14
    0.94078022175575579666E+01    0.12014014743946174309E-15    0.32155061394845902004E-15
    0.94165900143643650466E+01   -0.53982581724514083519E-15   -0.96021968276324713332E-15
    0.94253778111711703502E+01   -0.55499823650442516230E-15   -0.15311876531781180148E-14
    0.94341656079779774302E+01    0.37067492464085200906E-15   -0.65642502638041350598E-15
    0.94429534047847845102E+01    0.15075788688507126310E-14    0.96137986280199536000E-15
    0.94517412015915915902E+01    0.15225511547130154091E-14    0.15632574768565276833E-14
    0.94605289983983986701E+01    0.62801011810082178430E-16    0.29525040246532975242E-15
    0.94693167952052057501E+01   -0.13486155299437049411E-14   -0.15248699277766494561E-14
    0.94781045920120128301E+01   -0.92680294116246311833E-15   -0.18616049049731294465E-14
    0.94868923888188181337E+01    0.97022910330327196819E-15   -0.35602898562909431053E-15
    0.94956801856256252137E+01    0.19669983879087842779E-14    0.13518352171924388767E-14
    0.95044679824324322936E+01    0.61913429796202200727E-15    0.16399032724302279016E-14
    0.95132557792392393736E+01   -0.15648633243783347557E-14    0.54679552809476872719E-15
    0.95220435760460464536E+01   -0.20108165257344035082E-14   -0.70731276780594850453E-15
    0.95308313728528535336E+01   -0.31232031230249374082E-15   -0.10480228252150039434E-14
    0.95396191696596588372E+01    0.13875782492425255797E-14   -0.26331230855558755852E-15
    0.95484069664664659172E+01    0.12019329536213565563E-14    0.10056339741741312708E-14
    0.95571947632732729971E+01   -0.33771780576558728392E-15    0.15990728608565020267E-14
    0.95659825600800800771E+01   -0.13413829369647312320E-14    0.76527597800486981315E-15
    0.95747703568868871571E+01   -0.81806040885860578419E-15   -0.83457041603279542757E-15
    0.95835581536936942371E+01    0.59465866964558533142E-15   -0.15191568718405663093E-14
    0.95923459505005013170E+01    0.16288143066458882169E-14   -0.48514063616257361687E-15
    0.96011337473073066207E+01    0.14438231975199464235E-14    0.10107344027089439647E-14
    0.96099215441141137006E+01    0.97953632008824317357E-16    0.11163186284432759055E-14
    0.96187093409209207806E+01   -0.13326280349237521374E-14   -0.29887006312006306341E-15
    0.96274971377277278606E+01   -0.14287009349936659918E-14   -0.15051467336514304587E-14
    0.96362849345345349406E+01    0.80870041127188138072E-16   -0.11496822302224060894E-14
    0.96450727313413420205E+01    0.15764876798325916150E-14    0.12251449319900109150E-15
    0.96538605281481491005E+01    0.12153079866983088523E-14    0.75737945521809488768E-15
    0.96626483249549544041E+01   -0.70451404130159460502E-15    0.30786135089663546733E-15
    0.96714361217617614841E+01   -0.18780469368361534098E-14   -0.24971118796403973818E-15
    0.96802239185685685641E+01   -0.80646129723826567100E-15   -0.49858659438699007338E-16
    0.96890117153753756440E+01    0.12816048751642823238E-14    0.52444652625663452389E-15
    0.96977995121821827240E+01    0.20597208908809301505E-14    0.55896135330825580793E-15
    0.97065873089889898040E+01    0.91358615915264863021E-15   -0.55026308673865773378E-16
    0.97153751057957951076E+01   -0.60774827643675944666E-15   -0.49298225987596391220E-15
    0.97241629026026021876E+01   -0.88396507055364353238E-15   -0.16867603679231254679E-15
    0.97329506994094092676E+01    0.94286710982217246324E-16    0.45038284980959936180E-15
    0.97417384962162163475E+01    0.11909905207351439713E-14    0.52115573858083474476E-15
    0.97505262930230234275E+01    0.14035468978177510676E-14   -0.19595264041030145469E-16
    0.97593140898298305075E+01    0.54479707360256015337E-15   -0.38235045610088345459E-15
    0.97681018866366375875E+01   -0.75053233822613636884E-15   -0.13843363735639074973E-18
    0.97768896834434428911E+01   -0.13511130629048400831E-14    0.71767513817561592504E-15
    0.97856774802502499710E+01   -0.57137816912527756263E-15    0.95210767616481803812E-15
    0.97944652770570570510E+01    0.83239124466336719236E-15    0.47496845872601536096E-15
    0.98032530738638641310E+01    0.11593617481590138577E-14   -0.16895172858587120091E-15
    0.98120408706706712110E+01   -0.21194627773505000836E-15   -0.34773571233129947163E-15
    0.98208286674774782909E+01   -0.16913755821900524980E-14    0.69288797157697507929E-16
    0.98296164642842835946E+01   -0.13071818938549046233E-14    0.72232121483239954799E-15
    0.98384042610910906745E+01    0.64014481651033238706E-15    0.10307503643472418277E-14
    0.98471920578978977545E+01    0.17534658062024200900E-14    0.57168263428001470952E-15
    0.98559798547047048345E+01    0.63017946223271362669E-15   -0.45332806171158585244E-15
    0.98647676515115119145E+01   -0.11683349077853202399E-14   -0.11137257535457986513E-14
    0.98735554483183189944E+01   -0.12126040264544223454E-14   -0.62996685467262640573E-15
    0.98823432451251260744E+01    0.50573578077777147381E-15    0.53919315895119435359E-15
    0.98911310419319313780E+01    0.15510267010958233320E-14    0.99678250504022671977E-15
    0.98999188387387384580E+01    0.36863298092996844153E-15    0.10897308807669030347E-15
    0.99087066355455455380E+01   -0.15567167411288979943E-14   -0.10153197170511590013E-14
    0.99174944323523526180E+01   -0.18361788980565496431E-14   -0.94877324544421668718E-15
    0.99262822291591596979E+01   -0.53453251982354943698E-15    0.11588818977292676864E-17
    0.99350700259659667779E+01    0.37604519206212359473E-16    0.13649083153288423715E-15
    0.99438578227727720815E+01   -0.88271630466309214944E-15   -0.89167251740245625650E-15
    0.99526456195795791615E+01   -0.79003029596670948476E-15   -0.94494694061622822195E-15
    0.99614334163863862415E+01    0.11600463109912781367E-14    0.74051439204550723086E-15
    0.99702212131931933214E+01   -0.29373484193323840404E-15    0.71702913457914393545E-16
    0.99790090100000004014E+01    0.13165465566935692827E-14    0.14731715517775345102E-14
