    0.11999999999999999556E+01    0.00000000000000000000E+00    0.00000000000000000000E+00
    0.12087877968068068135E+01   -0.48788766438256779270E-10   -0.63304121085993405472E-18
    0.12175755936136136715E+01    0.74104985876655806880E-10   -0.32374811841481354524E-18
    0.12263633904204203073E+01    0.69273714862148014109E-10   -0.49959445078354996997E-19
    0.12351511872272271653E+01   -0.15957492447416181858E-09   -0.51875322178052323229E-18
    0.12439389840340340232E+01   -0.15613703524635567746E-09   -0.16125735787130208989E-17
    0.12527267808408408811E+01    0.29593532324097713435E-09   -0.25354120461981065698E-17
    0.12615145776476475170E+01    0.67761734829120312092E-09   -0.22791140725115167954E-17
    0.12703023744544543749E+01    0.39336309754564617252E-09   -0.65012937809671163576E-18
    0.12790901712612612329E+01   -0.28537429312733327125E-09    0.77174742172119681155E-18
    0.12878779680680680908E+01   -0.41966498186091368526E-09   -0.33069463776794657243E-18
    0.12966657648748749487E+01    0.28471016163485840675E-09   -0.40778008627706654585E-17
    0.13054535616816815846E+01    0.80413670058978666198E-09   -0.71339832903215697909E-17
    0.13142413584884884425E+01    0.10800845177674843292E-09   -0.62967348678825474472E-17
    0.13230291552952953005E+01   -0.10991571824466416480E-08   -0.31013011022103036479E-17
    0.13318169521021021584E+01   -0.92726541862298396823E-09   -0.25623870251958245458E-17
    0.13406047489089087943E+01    0.95367151884868558790E-09   -0.62737213344329937186E-17
    0.13493925457157156522E+01    0.20363025083875419901E-08   -0.85998960106693163981E-17
    0.13581803425225225102E+01    0.81573330386219900389E-10   -0.24464643596236837636E-17
    0.13669681393293293681E+01   -0.29139031741309688224E-08    0.12252932991042185305E-16
    0.13757559361361360040E+01   -0.22685493560674725580E-08    0.26409349668826122065E-16
    0.13845437329429428619E+01    0.26138140766054737650E-08    0.25995428993594981845E-16
    0.13933315297497497198E+01    0.52450304392437508772E-08   -0.15566329155514256441E-17
    0.14021193265565565778E+01    0.41448413543060995016E-10   -0.57720648523919402305E-16
    0.14109071233633634357E+01   -0.76474510223172804034E-08   -0.12479200748598414644E-15
    0.14196949201701700716E+01   -0.57350368714201454414E-08   -0.17652496635833177835E-15
    0.14284827169769769295E+01    0.71024222413863840883E-08   -0.20592301267651117868E-15
    0.14372705137837837874E+01    0.13909361242463202599E-07   -0.23482379334506398584E-15
    0.14460583105905906454E+01    0.52546671844145567008E-09   -0.27367249038268827097E-15
    0.14548461073973975033E+01   -0.18183049713648939084E-07   -0.27522310750728157656E-15
    0.14636339042042041392E+01   -0.90150612608701844073E-08   -0.17203176642100651525E-15
    0.14724217010110109971E+01    0.34828564029161716857E-07    0.93686397413085876810E-17
    0.14812094978178178550E+01    0.78202732731053076237E-07    0.10980190627850354754E-15
    0.14899972946246244909E+01    0.10963069477373528123E-06    0.49684784054324823962E-17
    0.14987850914314313489E+01    0.22753627595583453950E-06   -0.19153338723470815788E-15
    0.15075728882382382068E+01    0.66431467039673583015E-06   -0.19477794721168993308E-15
    0.15163606850450450647E+01    0.17597444387273077108E-05    0.13541706694241849360E-15
    0.15251484818518519226E+01    0.41348998238875455747E-05    0.60961861301422399738E-15
    0.15339362786586585585E+01    0.93612581732579700779E-05    0.91472152077677035358E-15
    0.15427240754654654165E+01    0.20957139259917704149E-04    0.92407167400560467916E-15
    0.15515118722722722744E+01    0.46338709939524833916E-04    0.75245339479543950206E-15
    0.15602996690790791323E+01    0.99775627899254738687E-04    0.57102106562491841518E-15
    0.15690874658858859902E+01    0.20820956176542470368E-03    0.45489865351711100643E-15
    0.15778752626926926261E+01    0.42354620151779394767E-03    0.38139121602161485667E-15
    0.15866630594994994841E+01    0.83936684291892522426E-03    0.28671734074874204132E-15
    0.15954508563063063420E+01    0.16210400412377888157E-02    0.14763834193008943244E-15
    0.16042386531131129779E+01    0.30488344159130347476E-02    0.79259370925952957255E-16
    0.16130264499199198358E+01    0.55780094292025121649E-02    0.31897438949401173004E-15
    0.16218142467267266937E+01    0.99347817470192036071E-02    0.93943159152116568250E-15
    0.16306020435335335517E+01    0.17225890849616096873E-01    0.15522284116589861896E-14
    0.16393898403403404096E+01    0.29052720682780197592E-01    0.15752276788120628268E-14
    0.16481776371471470455E+01    0.47625662298125669147E-01    0.99704131974711119636E-15
    0.16569654339539539034E+01    0.75799795348891182978E-01    0.70408266785857012501E-15
    0.16657532307607607613E+01    0.11692757750749772916E+00    0.16483220764985798839E-14
    0.16745410275675676193E+01    0.17457904503738685964E+00    0.37919843711190951801E-14
    0.16833288243743744772E+01    0.25183559342277611615E+00    0.62515496542614388886E-14
    0.16921166211811811131E+01    0.35019348837465913427E+00    0.85123373901219234481E-14
    0.17009044179879879710E+01    0.46831137710607906310E+00    0.11094052226061888899E-13
    0.17096922147947948289E+01    0.60051255900781275177E+00    0.14648903507273781529E-13
    0.17184800116016014648E+01    0.73540367114357330092E+00    0.18726978981806258598E-13
    0.17272678084084085448E+01    0.85576279809494626427E+00    0.21917088081874974149E-13
    0.17360556052152151807E+01    0.93962851687387016764E+00    0.23208827042686430547E-13
    0.17448434020220220386E+01    0.96274391170667139583E+00    0.22794478071773021614E-13
    0.17536311988288288966E+01    0.90374665530302289440E+00    0.21254140864318439285E-13
    0.17624189956356355324E+01    0.75023335493126508400E+00    0.18387893253969488223E-13
    0.17712067924424426124E+01    0.50430422352299386635E+00    0.13356963803655341736E-13
    0.17799945892492492483E+01    0.18745930808188746020E+00    0.59776573059797667044E-14
    0.17887823860560561062E+01   -0.15794015432296423795E+00   -0.24987162064796285315E-14
    0.17975701828628629642E+01   -0.47478086755837745070E+00   -0.10081194304391165087E-13
    0.18063579796696696000E+01   -0.70065817370212868376E+00   -0.15137580010087277341E-13
    0.18151457764764764580E+01   -0.78183971202352853247E+00   -0.16837825785547510567E-13
    0.18239335732832833159E+01   -0.69088892691879932872E+00   -0.15008517842974105763E-13
    0.18327213700900899518E+01   -0.43955500709504852219E+00   -0.10002869589301194714E-13
    0.18415091668968970318E+01   -0.80089508078945589875E-01   -0.27635827962782648093E-14
    0.18502969637037036676E+01    0.29981603434327458446E+00    0.51093063606649427431E-14
    0.18590847605105105256E+01    0.59673919273004794039E+00    0.11660726014955503891E-13
    0.18678725573173173835E+01    0.72367704515245645513E+00    0.15199976660958767679E-13
    0.18766603541241240194E+01    0.63796211468884489459E+00    0.14776164685761184334E-13
    0.18854481509309310994E+01    0.35649765543207656560E+00    0.10251762221236618705E-13
    0.18942359477377377353E+01   -0.37926265892810902269E-01    0.22787047250366974815E-14
    0.19030237445445445932E+01   -0.41800548804971682237E+00   -0.74930219862049164625E-14
    0.19118115413513514511E+01   -0.65691849560785053885E+00   -0.16043373691585295210E-13
    0.19205993381581580870E+01   -0.67026817445163044962E+00   -0.19444763004345826348E-13
    0.19293871349649649449E+01   -0.44517927597689760377E+00   -0.15191989562180646082E-13
    0.19381749317717718029E+01   -0.58167934330428369694E-01   -0.46638919445180010429E-14
    0.19469627285785784387E+01    0.34798419953730946874E+00    0.73508229740641877755E-14
    0.19557505253853855187E+01    0.62210751814962461648E+00    0.15630279631642159625E-13
    0.19645383221921921546E+01    0.65889361754333330978E+00    0.17032300187108899189E-13
    0.19733261189989990125E+01    0.43641646342432971473E+00    0.11365909340905184215E-13
    0.19821139158058058705E+01    0.39174427238039384591E-01    0.14756275858784809468E-14
    0.19909017126126125063E+01   -0.37116066169601535929E+00   -0.80899535675217467172E-14
    0.19996895094194195863E+01   -0.62874628475209415335E+00   -0.13554007807328221917E-13
    0.20084773062262262222E+01   -0.62861921105826878975E+00   -0.13569997949655906359E-13
    0.20172651030330328581E+01   -0.36373837808276732186E+00   -0.88401334301036229053E-14
    0.20260528998398399381E+01    0.57291844704041090808E-01   -0.11495212293092532420E-14
    0.20348406966466465740E+01    0.45108328848897827346E+00    0.70926516371750530957E-14
    0.20436284934534532098E+01    0.64842617752330289349E+00    0.12898613541240655076E-13
    0.20524162902602602898E+01    0.56674788503221351643E+00    0.13307004414296094166E-13
    0.20612040870670673698E+01    0.23568590841530143165E+00    0.72757791407038258660E-14
    0.20699918838738740057E+01   -0.20241863207512786338E+00   -0.25262612025599040601E-14
    0.20787796806806806416E+01   -0.54823424322641323148E+00   -0.10920371869216612262E-13
    0.20875674774874877215E+01   -0.64609380163385832230E+00   -0.13852514728013953415E-13
    0.20963552742942943574E+01   -0.45687486346043060248E+00   -0.10779432142094654989E-13
    0.21051430711011009933E+01   -0.61553259051099047661E-01   -0.38435574909572023823E-14
    0.21139308679079080733E+01    0.36518360580835762530E+00    0.38887719094321194772E-14
    0.21227186647147147092E+01    0.62423842667497642100E+00    0.96203286275892569728E-14
    0.21315064615215213450E+01    0.59421872992785762513E+00    0.11510274004410072502E-13
    0.21402942583283284250E+01    0.29480363741609605377E+00    0.91091649272143165794E-14
    0.21490820551351350609E+01   -0.13852859524940974723E+00    0.33834490996741361042E-14
    0.21578698519419421409E+01   -0.51161993575116471167E+00   -0.34803305854584549824E-14
    0.21666576487487487768E+01   -0.64846130748489361206E+00   -0.87719212299254776259E-14
    0.21754454455555558567E+01   -0.48102289893023320033E+00   -0.10345916195056216389E-13
    0.21842332423623624926E+01   -0.92918402012001646839E-01   -0.74551044770749668458E-14
    0.21930210391691691285E+01    0.33546018438688834928E+00   -0.96532251604899727094E-15
    0.22018088359759762085E+01    0.61133651274782097040E+00    0.67340018470359930321E-14
    0.22105966327827828444E+01    0.60469323122899365508E+00    0.12422396896488346072E-13
    0.22193844295895894803E+01    0.31267463901207764865E+00    0.13227801174330121293E-13
    0.22281722263963965602E+01   -0.12381611711236288620E+00    0.78679276626388387924E-14
    0.22369600232032031961E+01   -0.49912071793449541701E+00   -0.20947846190984128908E-14
    0.22457478200100098320E+01   -0.64484443182030048991E+00   -0.11577456635115324366E-13
    0.22545356168168169120E+01   -0.49362597923375428621E+00   -0.14510360260583092188E-13
    0.22633234136236239920E+01   -0.10925274879914342874E+00   -0.87944453322991879666E-14
    0.22721112104304301837E+01    0.32640972723796252142E+00    0.14579966522747110258E-14
    0.22808990072372372637E+01    0.60679823882328542961E+00    0.97253508741547244885E-14
    0.22896868040440443437E+01    0.60750774149477515529E+00    0.12094215323339471046E-13
    0.22984746008508509796E+01    0.33081798086568670048E+00    0.86828543259065513430E-14
    0.23072623976576576155E+01   -0.10162959821795707060E+00    0.21559364672824301195E-14
    0.23160501944644646954E+01   -0.48923128738595367260E+00   -0.40405199617308740653E-14
    0.23248379912712713313E+01   -0.64820385770240351864E+00   -0.73835218110667002691E-14
    0.23336257880780779672E+01   -0.51001167643044553746E+00   -0.75979498598741975517E-14
    0.23424135848848850472E+01   -0.14237653212978959583E+00   -0.60390027330766419553E-14
    0.23512013816916916831E+01    0.29207796463658902697E+00   -0.36124470487233149041E-14
    0.23599891784984983190E+01    0.59679677275448572704E+00    0.13198205418958665228E-15
    0.23687769753053053989E+01    0.62820768571057816754E+00    0.52680017451136788912E-14
    0.23775647721121124789E+01    0.37521734753777369331E+00    0.95377801133327102540E-14
    0.23863525689189186707E+01   -0.42874965966586783828E-01    0.94922691497224859067E-14
    0.23951403657257257507E+01   -0.44257489374125558168E+00    0.39600458958262561429E-14
    0.24039281625325328307E+01   -0.64848038985422218339E+00   -0.42514426571096158412E-14
    0.24127159593393394665E+01   -0.56435304243468864538E+00   -0.10618773211650782751E-13
    0.24215037561461461024E+01   -0.22919387654333353566E+00   -0.12007984356347238677E-13
    0.24302915529529531824E+01    0.20378861055810851277E+00   -0.79225152330414414587E-14
    0.24390793497597598183E+01    0.54748128980760180085E+00   -0.26022187566357867425E-15
    0.24478671465665664542E+01    0.65611530569387932488E+00    0.75019597483833859398E-14
    0.24566549433733735341E+01    0.47863796527882007670E+00    0.11942794160550220413E-13
    0.24654427401801801700E+01    0.92466471361953975205E-01    0.11351376775995458111E-13
    0.24742305369869868059E+01   -0.33102596821035423780E+00    0.62098985644332693625E-14
    0.24830183337937938859E+01   -0.61238761495829518999E+00   -0.12474369050978605396E-14
    0.24918061306006009659E+01   -0.63678294660565659679E+00   -0.78557282607868349849E-14
    0.25005939274074071577E+01   -0.39096081527425236013E+00   -0.10894592157549562752E-13
    0.25093817242142142376E+01    0.21560972921591467499E-01   -0.94038085682112156131E-14
    0.25181695210210213176E+01    0.42324849901687222609E+00   -0.43467428752017460293E-14
    0.25269573178278279535E+01    0.64796852967023810255E+00    0.21104830660523358826E-14
    0.25357451146346345894E+01    0.60807998628507520245E+00    0.74440528790520623480E-14
    0.25445329114414416694E+01    0.31805926975443782334E+00    0.96850730911856213100E-14
    0.25533207082482483052E+01   -0.10396668016980950555E+00    0.82048984972210378212E-14
    0.25621085050550549411E+01   -0.48256066678999992581E+00    0.37494582479524021746E-14
    0.25708963018618620211E+01   -0.66583388284003641733E+00   -0.20907622098474237240E-14
    0.25796840986686686570E+01   -0.58579173177456855814E+00   -0.74043873127578081178E-14
    0.25884718954754752929E+01   -0.27309577658313960447E+00   -0.10365285332113116290E-13
    0.25972596922822823728E+01    0.14927735328590233110E+00   -0.96467485161307874266E-14
    0.26060474890890894528E+01    0.51228412205762385856E+00   -0.50485488312750119961E-14
    0.26148352858958960887E+01    0.67531570070145030549E+00    0.17765097787542724600E-14
    0.26236230827027027246E+01    0.58044938193697159790E+00    0.75729806062397297557E-14
    0.26324108795095098046E+01    0.26327087832149159707E+00    0.95870738154119501707E-14
    0.26411986763163164404E+01   -0.15578402411369549063E+00    0.76813649318595460602E-14
    0.26499864731231230763E+01   -0.51520832027087626326E+00    0.38414582696156671864E-14
    0.26587742699299301563E+01   -0.68076402431090976552E+00   -0.17881776506894843776E-15
    0.26675620667367367922E+01   -0.59535402413499194374E+00   -0.40548441797121378239E-14
    0.26763498635435434281E+01   -0.28992380185038879592E+00   -0.75984249087528345987E-14
    0.26851376603503505081E+01    0.12336851339205075206E+00   -0.92382023448953983124E-14
    0.26939254571571571439E+01    0.49095857930614877906E+00   -0.68787502888466647975E-14
    0.27027132539639637798E+01    0.68062107683087613719E+00   -0.41531684431865673214E-15
    0.27115010507707708598E+01    0.62845583184086573070E+00    0.72617725681503420524E-14
    0.27202888475775779398E+01    0.35261547774044105230E+00    0.12343388112733202602E-13
    0.27290766443843845757E+01   -0.48882801140255317807E-01    0.12667822772079060579E-13
    0.27378644411911912115E+01   -0.43248978913090885268E+00    0.84429866662073099688E-14
    0.27466522379979982915E+01   -0.66582265093558001823E+00    0.16026910229207630534E-14
    0.27554400348048049274E+01   -0.67226472346695442805E+00   -0.50984517522871242344E-14
    0.27642278316116115633E+01   -0.44946958274000697875E+00   -0.92318419403592001134E-14
    0.27730156284184186433E+01   -0.74069568350508943610E-01   -0.97226849399068619028E-14
    0.27818034252252252791E+01    0.32526509549950127775E+00   -0.69747065144049187581E-14
    0.27905912220320319150E+01    0.61689409302778464017E+00   -0.23406804362146607314E-14
    0.27993790188388389950E+01    0.70790139443223509819E+00    0.24856732367777318015E-14
    0.28081668156456460750E+01    0.56860060008928892117E+00    0.61086280474567151838E-14
    0.28169546124524522668E+01    0.24587624804945226731E+00    0.79331207420541011861E-14
    0.28257424092592593468E+01   -0.15429771460754590495E+00    0.79729543407036303242E-14
    0.28345302060660664267E+01   -0.50606289256558234513E+00    0.61981754897650134174E-14
    0.28433180028728730626E+01   -0.70100170001948314269E+00    0.23898063692577445415E-14
    0.28521057996796796985E+01   -0.67842792059798306958E+00   -0.30209728976855461305E-14
    0.28608935964864867785E+01   -0.44771224313328328304E+00   -0.81770609500671938098E-14
    0.28696813932932934144E+01   -0.81909145259362325930E-01   -0.10596603957697702680E-13
    0.28784691901001000502E+01    0.30905028128767503270E+00   -0.90267214613929001914E-14
    0.28872569869069071302E+01    0.60884071612976786714E+00   -0.43547252081643606464E-14
    0.28960447837137137661E+01    0.72841391859629811556E+00    0.13281728217321661125E-14
    0.29048325805205204020E+01    0.63539919035616487797E+00    0.60289963541968321322E-14
    0.29136203773273274820E+01    0.35938768700402501377E+00    0.85281036028413302678E-14
    0.29224081741341345619E+01   -0.20188398946138788603E-01    0.85870275008269864368E-14
    0.29311959709409407537E+01   -0.39451455616828318140E+00    0.68203265196511775093E-14
    0.29399837677477478337E+01   -0.65777907719125838781E+00    0.40501463626039852935E-14
    0.29487715645545549137E+01   -0.73920367793886410102E+00    0.68565105962614621018E-15
    0.29575593613613615496E+01   -0.61858728224113590510E+00   -0.31382900610976419193E-14
    0.29663471581681681855E+01   -0.32965517738941929604E+00   -0.69223193006051219548E-14
    0.29751349549749752654E+01    0.47608607582033668493E-01   -0.95602904048932763040E-14
    0.29839227517817819013E+01    0.41199400075618075601E+00   -0.98667726037050843458E-14
    0.29927105485885885372E+01    0.66928384874592106168E+00   -0.72443468849178322846E-14
    0.30014983453953956172E+01    0.75396782538234918825E+00   -0.20557486257066314026E-14
    0.30102861422022022531E+01    0.64569585860384803855E+00    0.42413465819628721101E-14
    0.30190739390090088889E+01    0.37495529290151607960E+00    0.94301291833737981589E-14
    0.30278617358158159689E+01    0.10861558893548181950E-01    0.11646667458935853504E-13
    0.30366495326226230489E+01   -0.35651477231791739442E+00    0.10447069151014706781E-13
    0.30454373294294292407E+01   -0.63734283845822103931E+00    0.67430450412760999490E-14
    0.30542251262362363207E+01   -0.76504404985364826697E+00    0.19775670713459801549E-14
    0.30630129230430434006E+01   -0.71194953557077733652E+00   -0.25411281541461987572E-14
    0.30718007198498500365E+01   -0.49203236109694525879E+00   -0.59205851909009875319E-14
    0.30805885166566566724E+01   -0.15799140478838824553E+00   -0.78075733437611532773E-14
    0.30893763134634637524E+01    0.21200205899642440843E+00   -0.82515911638479122617E-14
    0.30981641102702703883E+01    0.53433976068751520838E+00   -0.74034085854215857978E-14
    0.31069519070770770242E+01    0.73817399186447696380E+00   -0.53359803420431027289E-14
    0.31157397038838841041E+01    0.77947370095599100015E+00   -0.20977136037248178478E-14
    0.31245275006906907400E+01    0.65149867991112553334E+00    0.21470585995051787936E-14
    0.31333152974974973759E+01    0.38403921700492210656E+00    0.68549605087970616397E-14
    0.31421030943043044559E+01    0.34941936151693088475E-01    0.10798366389451865760E-13
    0.31508908911111115358E+01   -0.32170112938349332277E+00    0.12304025304090754715E-13
    0.31596786879179177276E+01   -0.61187395698640301145E+00    0.10408792085133472593E-13
    0.31684664847247248076E+01   -0.77771009709819105549E+00    0.58849174106508826813E-14
    0.31772542815315318876E+01   -0.78740205491748338495E+00    0.65836663738587263429E-15
    0.31860420783383385235E+01   -0.64063086277759462295E+00   -0.37768902460488510001E-14
    0.31948298751451451594E+01   -0.36854111478446666128E+00   -0.71179347432056483180E-14
    0.32036176719519522393E+01   -0.25226822610293686555E-01   -0.94965498712320209580E-14
    0.32124054687587593193E+01    0.32322771351007734131E+00   -0.10585935757043097063E-13
    0.32211932655655655111E+01    0.61104760625349729963E+00   -0.97777448880615345713E-14
    0.32299810623723725911E+01    0.78566088359504693273E+00   -0.70243061172852928235E-14
    0.32387688591791796711E+01    0.81707064383080840742E+00   -0.31430625982449605627E-14
    0.32475566559859858629E+01    0.70130299454619615673E+00    0.85550057290995108689E-15
    0.32563444527927929428E+01    0.46101460898401602773E+00    0.44799612159446799717E-14
    0.32651322495996000228E+01    0.14020129105907389033E+00    0.75894596234870651049E-14
    0.32739200464064062146E+01   -0.20493696699688496166E+00    0.96965715192378872266E-14
    0.32827078432132132946E+01   -0.51561442849075400652E+00    0.98742424865113821956E-14
    0.32914956400200203745E+01   -0.74034507040683938950E+00    0.77171035130248430316E-14
    0.33002834368268265663E+01   -0.84384349569617256304E+00    0.42022939365955342663E-14
    0.33090712336336336463E+01   -0.81142602468454039233E+00    0.10048189412907050448E-14
    0.33178590304404407263E+01   -0.65030224330981167835E+00   -0.11033341197668951241E-14
    0.33266468272472478063E+01   -0.38796547161452193953E+00   -0.28035228165052591507E-14
    0.33354346240540539981E+01   -0.66275582144958045117E-01   -0.49623474090144314378E-14
    0.33442224208608610780E+01    0.26559487825155564389E+00   -0.72949113456707571863E-14
    0.33530102176676681580E+01    0.55857093977345539937E+00   -0.86213189842320253926E-14
    0.33617980144744743498E+01    0.77116101677659631974E+00   -0.80969099188077985332E-14
    0.33705858112812814298E+01    0.87510777734696443275E+00   -0.58558409440839210158E-14
    0.33793736080880885098E+01    0.85806674792587034339E+00   -0.25893434263283630359E-14
    0.33881614048948947016E+01    0.72483730411480751243E+00    0.10251633770410962027E-14
    0.33969492017017017815E+01    0.49553544068847615867E+00    0.44392570853880399002E-14
    0.34057369985085088615E+01    0.20179234016423519549E+00    0.70733847267160916717E-14
    0.34145247953153150533E+01   -0.11773787230805975168E+00    0.83458884624260177617E-14
    0.34233125921221221333E+01   -0.42272131532513251839E+00    0.80353696952709716571E-14
    0.34321003889289292133E+01   -0.67638240011736305846E+00    0.65841089219930955433E-14
    0.34408881857357362932E+01   -0.84945843093248118993E+00    0.48249302914158483791E-14
    0.34496759825425424850E+01   -0.92324615937853782288E+00    0.33691007238474668479E-14
    0.34584637793493495650E+01   -0.89131684930294807767E+00    0.22746523816610530917E-14
    0.34672515761561566450E+01   -0.75923402394989325526E+00    0.11987962789858626602E-14
    0.34760393729629628368E+01   -0.54346966475407199049E+00   -0.32052738016317339562E-15
    0.34848271697697699167E+01   -0.26897089490358122577E+00   -0.25239363139720235415E-14
    0.34936149665765769967E+01    0.34110763785803931147E-01   -0.50834608377159643008E-14
    0.35024027633833831885E+01    0.33377589775916510773E+00   -0.71218096201148846952E-14
    0.35111905601901902685E+01    0.59956438014514190638E+00   -0.78031973079473657399E-14
    0.35199783569969973485E+01    0.80570530308820753618E+00   -0.69183613297443432239E-14
    0.35287661538038035403E+01    0.93327166146840923044E+00   -0.48999043225439492310E-14
    0.35375539506106106202E+01    0.97165744923232799657E+00   -0.24876522497295422855E-14
    0.35463417474174177002E+01    0.91921762444307775208E+00   -0.40105024566874552614E-15
    0.35551295442242247802E+01    0.78268635770942363017E+00    0.93579389928434583508E-15
    0.35639173410310309720E+01    0.57613510175108306743E+00    0.15916190517580978042E-14
    0.35727051378378380520E+01    0.31921954414655689947E+00    0.20626555845465204296E-14
    0.35814929346446451319E+01    0.34997643758282744042E-01    0.30361377487258982079E-14
    0.35902807314514513237E+01   -0.25224616737472588257E+00    0.50118165020712466979E-14
    0.35990685282582584037E+01   -0.51911606750698746637E+00    0.77302166480877217121E-14
    0.36078563250650654837E+01   -0.74505957788298671218E+00    0.98634826512340019070E-14
    0.36166441218718716755E+01   -0.91373818366507442157E+00    0.99311530449115228474E-14
    0.36254319186786787554E+01   -0.10140086548222380092E+01    0.78492926784724234184E-14
    0.36342197154854858354E+01   -0.10404449583547121794E+01    0.52147958287183071338E-14
    0.36430075122922929154E+01   -0.99320258262567961971E+00    0.36046535863511144706E-14
    0.36517953090990991072E+01   -0.87762599331283974724E+00    0.29574506935352610556E-14
    0.36605831059059061872E+01   -0.70343251543897200584E+00    0.20637716202009241650E-14
    0.36693709027127132671E+01   -0.48363992741203010173E+00    0.23472142728261708639E-15
    0.36781586995195194589E+01   -0.23343425241299323170E+00   -0.20266955992802085814E-14
    0.36869464963263265389E+01    0.31023801792993330878E-01   -0.39792198048008134462E-14
    0.36957342931331336189E+01    0.29375337429671932732E+00   -0.56378900552628237836E-14
    0.37045220899399398107E+01    0.53990132902496967837E+00   -0.74974102399176954187E-14
    0.37133098867467468907E+01    0.75655035498803313576E+00   -0.95600061374468907449E-14
    0.37220976835535539706E+01    0.93331909463238571512E+00   -0.11055034312679645429E-13
    0.37308854803603601624E+01    0.10626653044453049368E+01   -0.11260710498223905532E-13
    0.37396732771671672424E+01    0.11400567442761424530E+01   -0.10311597260465022719E-13
    0.37484610739739743224E+01    0.11638862960245692779E+01   -0.89998581987652999571E-14
    0.37572488707807814023E+01    0.11352300095560847737E+01   -0.80139592780477908269E-14
    0.37660366675875875941E+01    0.10575128110375735524E+01   -0.75084870775747516612E-14
    0.37748244643943946741E+01    0.93605389932177063272E+00   -0.72222055282010376951E-14
    0.37836122612012017541E+01    0.77758588192356759006E+00   -0.67106373486230356017E-14
    0.37924000580080079459E+01    0.58977500782601433027E+00   -0.55539482056246837457E-14
    0.38011878548148150259E+01    0.38074676881594116118E+00   -0.35421960277308279747E-14
    0.38099756516216221058E+01    0.15866372376099843744E+00   -0.77548582542562957348E-15
    0.38187634484284282976E+01   -0.68620158547586365683E-01    0.23589475160371172626E-14
    0.38275512452352353776E+01   -0.29386233967807884326E+00    0.52686454361014890108E-14
    0.38363390420420424576E+01   -0.51063549517982675940E+00    0.73596662306195064957E-14
    0.38451268388488486494E+01   -0.71346980494893341707E+00    0.83010806534794755989E-14
    0.38539146356556557294E+01   -0.89794154054444241808E+00    0.81865404358433505068E-14
    0.38627024324624628093E+01   -0.10606895042925985617E+01    0.75385600686383179619E-14
    0.38714902292692698893E+01   -0.11994032709613116072E+01    0.71898061356126339930E-14
    0.38802780260760760811E+01   -0.13127640853549498168E+01    0.78301162560222992465E-14
    0.38890658228828831611E+01   -0.14003576091057567954E+01    0.94121651631298759911E-14
    0.38978536196896902410E+01   -0.14625718259529261189E+01    0.11104549427620851779E-13
    0.39066414164964964328E+01   -0.15004763250308221778E+01    0.12042099176071687981E-13
    0.39154292133033035128E+01   -0.15156978399119145351E+01    0.12029798937228119632E-13
    0.39242170101101105928E+01   -0.15102966778211166510E+01    0.11439955540898439833E-13
    0.39330048069169167846E+01   -0.14866440652162633551E+01    0.10675940601211954198E-13
    0.39417926037237238646E+01   -0.14473037876502974353E+01    0.98878506330065585643E-14
    0.39505804005305309445E+01   -0.13949199960954172806E+01    0.90877846675747657473E-14
    0.39593681973373371363E+01   -0.13321126901707274204E+01    0.83128321471111797638E-14
    0.39681559941441442163E+01   -0.12613966621567180848E+01    0.76522125404954362912E-14
    0.39769437909509512963E+01   -0.11851150657805904487E+01    0.71974484644719819836E-14
    0.39857315877577583763E+01   -0.11053897617721548663E+01    0.69870180763668932482E-14
    0.39945193845645645681E+01   -0.10240940988007789514E+01    0.69510865063137931595E-14
    0.40033071813713716480E+01   -0.94283469880269055174E+00    0.68916485490298029886E-14
    0.40120949781781787280E+01   -0.86294893139958672723E+00    0.65916911826747246178E-14
    0.40208827749849849198E+01   -0.78551176617750706477E+00    0.59838411556086697032E-14
    0.40296705717917919998E+01   -0.71135050084021766992E+00    0.51897971854723696691E-14
    0.40384583685985990797E+01   -0.64106967538775372351E+00    0.43743853334487599765E-14
    0.40472461654054052715E+01   -0.57507864890443849415E+00    0.36039919029918173706E-14
    0.40560339622122123515E+01   -0.51362116272872648803E+00    0.28595362578279198159E-14
    0.40648217590190194315E+01   -0.45680566998197352779E+00    0.21309461326119251153E-14
    0.40736095558258256233E+01   -0.40463235319501267284E+00    0.14744427971517564090E-14
    0.40823973526326327033E+01   -0.35701545977660525955E+00    0.10105940375242548914E-14
    0.40911851494394397832E+01   -0.31380372766223046943E+00    0.89081945862664921873E-15
    0.40999729462462468632E+01   -0.27479741951255010068E+00    0.11946070263656768303E-14
    0.41087607430530530550E+01   -0.23976328789125378460E+00    0.18009870071952530242E-14
    0.41175485398598601350E+01   -0.20844707660381983638E+00    0.23850383982342375051E-14
    0.41263363366666672150E+01   -0.18058280037791651917E+00    0.25879648431705008720E-14
    0.41351241334734734068E+01   -0.15590068585661795431E+00    0.21999562743303669767E-14
    0.41439119302802804867E+01   -0.13413269088006601892E+00    0.12635537270623187802E-14
    0.41526997270870875667E+01   -0.11501664737353012313E+00    0.11912898685192681456E-15
    0.41614875238938937585E+01   -0.98299597467978908072E-01   -0.70534167677036857890E-15
    0.41702753207007008385E+01   -0.83740143295748081798E-01   -0.80965664263858761557E-15
    0.41790631175075079184E+01   -0.71110400009440619118E-01   -0.19044175078196268609E-15
    0.41878509143143141102E+01   -0.60197253172593626069E-01    0.79653568078947721344E-15
    0.41966387111211211902E+01   -0.50803205869636908210E-01    0.16398081360833770524E-14
    0.42054265079279282702E+01   -0.42746806594035874349E-01    0.18962943639468169480E-14
    0.42142143047347353502E+01   -0.35862543750635175743E-01    0.14271379650131529985E-14
    0.42230021015415415420E+01   -0.30000556225720401843E-01    0.53216438474098477212E-15
    0.42317898983483486219E+01   -0.25026073896883594544E-01   -0.27540864432882794158E-15
    0.42405776951551557019E+01   -0.20818704967849061688E-01   -0.66102559334110156179E-15
    0.42493654919619618937E+01   -0.17271609592408549566E-01   -0.62384070768209046220E-15
    0.42581532887687689737E+01   -0.14290533700999063713E-01   -0.32276005733455134663E-15
    0.42669410855755760537E+01   -0.11792806944443215769E-01    0.10480818789908013642E-15
    0.42757288823823822455E+01   -0.97063118958778671352E-02    0.52687800668207988295E-15
    0.42845166791891893254E+01   -0.79684425764438640560E-02    0.71410302645041933768E-15
    0.42933044759959964054E+01   -0.65251054302285990683E-02    0.40711599530575595716E-15
    0.43020922728028034854E+01   -0.53297780315142706531E-02   -0.38751990453504336220E-15
    0.43108800696096096772E+01   -0.43426069624233403985E-02   -0.12084575418758983812E-14
    0.43196678664164167571E+01   -0.35296006718977157753E-02   -0.14662824074822125621E-14
    0.43284556632232238371E+01   -0.28618781724353025732E-02   -0.99562294923145586819E-15
    0.43372434600300300289E+01   -0.23149841326061825104E-02   -0.18850868917329804813E-15
    0.43460312568368371089E+01   -0.18682874498846815340E-02    0.43646902472410511675E-15
    0.43548190536436441889E+01   -0.15044234086795886095E-02    0.65679547518267727858E-15
    0.43636068504504503807E+01   -0.12088284387973976218E-02    0.57493510486394321126E-15
    0.43723946472572574606E+01   -0.96932742713484146453E-03    0.44311489101160714445E-15
    0.43811824440640645406E+01   -0.77577109145771897154E-03    0.47427775414397971494E-15
    0.43899702408708707324E+01   -0.61973483678997144750E-03    0.65353741190301978528E-15
    0.43987580376776778124E+01   -0.49424389532960158640E-03    0.67402855928495378799E-15
    0.44075458344844848924E+01   -0.39354701548658017635E-03    0.28711859758828115319E-15
    0.44163336312912919723E+01   -0.31291755947180955070E-03   -0.19986558536655522691E-15
    0.44251214280980981641E+01   -0.24848153884698596060E-03   -0.40704815414744831622E-16
    0.44339092249049052441E+01   -0.19707852310305344016E-03    0.10400269245258674018E-14
    0.44426970217117123241E+01   -0.15613636218192978949E-03    0.22052099945742689214E-14
    0.44514848185185185159E+01   -0.12357104017421164060E-03    0.22416403586137491376E-14
    0.44602726153253255958E+01   -0.97700435132588113311E-04    0.88494721644272386763E-15
    0.44690604121321326758E+01   -0.77170296090300953768E-04   -0.88043130344448280193E-15
    0.44778482089389388676E+01   -0.60894907549126565038E-04   -0.18645622425842302882E-14
    0.44866360057457459476E+01   -0.48004217279910206301E-04   -0.16624735536782942444E-14
    0.44954238025525530276E+01   -0.37803130515994445957E-04   -0.65192808305323207261E-15
    0.45042115993593592194E+01   -0.29737459721548758969E-04    0.49522893396149938461E-15
    0.45129993961661662993E+01   -0.23365520661236537802E-04    0.12046081552575816252E-14
    0.45217871929729733793E+01   -0.18336438718040383515E-04    0.12310207177768952094E-14
    0.45305749897797804593E+01   -0.14371147398594759137E-04    0.75960831780299766612E-15
    0.45393627865865866511E+01   -0.11248089695396365181E-04    0.17974573637692946062E-15
    0.45481505833933937311E+01   -0.87914650095348835599E-05   -0.27384408944851683884E-15
    0.45569383802002008110E+01   -0.68615905701042502449E-05   -0.60900427418095318931E-15
    0.45657261770070070028E+01   -0.53477509796622739024E-05   -0.81863967002155097633E-15
    0.45745139738138140828E+01   -0.41620113573196589412E-05   -0.68814224532707037507E-15
    0.45833017706206211628E+01   -0.32346617168386415631E-05   -0.13272777847627412312E-16
    0.45920895674274273546E+01   -0.25105288937683453098E-05    0.10207305875118122209E-14
    0.46008773642342344345E+01   -0.19459409331062738517E-05    0.18317067760389488703E-14
    0.46096651610410415145E+01   -0.15064476879642309342E-05    0.19019024408780242318E-14
    0.46184529578478477063E+01   -0.11648413661343222453E-05    0.11873347211309674426E-14
    0.46272407546546547863E+01   -0.89969515318243483930E-06    0.93081078563847171215E-16
    0.46360285514614618663E+01   -0.69417577056199867879E-06   -0.76897026412507614626E-15
    0.46448163482682689462E+01   -0.53506751133372342104E-06   -0.88238920655825348444E-15
    0.46536041450750751380E+01   -0.41203991987105750126E-06   -0.18260747046468215004E-15
    0.46623919418818822180E+01   -0.31701213805123705379E-06    0.77506848543284705853E-15
    0.46711797386886892980E+01   -0.24368409653475847955E-06    0.12699521604992423216E-14
    0.46799675354954954898E+01   -0.18715550272772740890E-06    0.11034294741494177903E-14
    0.46887553323023025698E+01   -0.14361510868903941266E-06    0.68617638966807464396E-15
    0.46975431291091096497E+01   -0.11011051496705981516E-06    0.38641760323261173401E-15
    0.47063309259159158415E+01   -0.84349977384793839872E-07    0.31846233219350355297E-16
    0.47151187227227229215E+01   -0.64559459770295931220E-07   -0.70313006716659655318E-15
    0.47239065195295300015E+01   -0.49368382763129494917E-07   -0.15712084579735303514E-14
    0.47326943163363361933E+01   -0.37717221978079214953E-07   -0.17696726421284776121E-14
    0.47414821131431432732E+01   -0.28789853505833393157E-07   -0.86604465995697406335E-15
    0.47502699099499503532E+01   -0.21955686121339243859E-07    0.52763221326721264184E-15
    0.47590577067567574332E+01   -0.16728602694087281076E-07    0.13454239008517662188E-14
    0.47678455035635636250E+01   -0.12734533906495442244E-07    0.11607152085889833623E-14
    0.47766333003703707050E+01   -0.96853887008694778617E-08    0.44250825795652922235E-15
    0.47854210971771777849E+01   -0.73601091649964448134E-08   -0.21245346744737195606E-15
    0.47942088939839839767E+01   -0.55885242213762381147E-08   -0.72747311152564633910E-15
    0.48029966907907910567E+01   -0.42399791411286486220E-08   -0.12855949583577621326E-14
    0.48117844875975981367E+01   -0.32143931467009583266E-08   -0.17140150176790034875E-14
    0.48205722844044043285E+01   -0.24350716448556637407E-08   -0.14771718904642662919E-14
    0.48293600812112114085E+01   -0.18434671394676254437E-08   -0.40258941867358349409E-15
    0.48381478780180184884E+01   -0.13947222207306919404E-08    0.82873671178569673794E-15
    0.48469356748248246802E+01   -0.10545671007020121747E-08    0.12831599643819635074E-14
    0.48557234716316317602E+01   -0.79689798441391992019E-09    0.78047600441247911974E-15
    0.48645112684384388402E+01   -0.60183026965293222268E-09    0.34398771237504709473E-16
    0.48732990652452459202E+01   -0.45427369679786076903E-09   -0.23812775591102607042E-15
    0.48820868620520521119E+01   -0.34272322466157748367E-09   -0.47801858216021655195E-16
    0.48908746588588591919E+01   -0.25843077801874197683E-09    0.13789437603895471993E-15
    0.48996624556656662719E+01   -0.19476611868430481834E-09    0.69923241774100381844E-16
    0.49084502524724724637E+01   -0.14670385520477321719E-09   -0.80841837596297039708E-16
    0.49172380492792795437E+01   -0.11044758461223681767E-09   -0.92609267401368325450E-16
    0.49260258460860866236E+01   -0.83112176799319709327E-10   -0.11637244492361232426E-16
    0.49348136428928928154E+01   -0.62510239358820572656E-10   -0.39267266444237597366E-16
    0.49436014396996998954E+01   -0.46989600832842818162E-10   -0.24653826078765067069E-15
    0.49523892365065069754E+01   -0.35302626284611336338E-10   -0.49179473087178762659E-15
    0.49611770333133140554E+01   -0.26509704826428441539E-10   -0.58083845832647750988E-15
    0.49699648301201202472E+01   -0.19897929523231707511E-10   -0.42404321425758638343E-15
    0.49787526269269273271E+01   -0.14927734186681007023E-10   -0.66380153575546174575E-16
    0.49875404237337344071E+01   -0.11192970887534336298E-10    0.34362207753572467161E-15
    0.49963282205405405989E+01   -0.83883257995033823099E-11    0.61631010861364591535E-15
    0.50051160173473476789E+01   -0.62844768873627071192E-11    0.61491208907523777209E-15
    0.50139038141541547589E+01   -0.47072548516929763158E-11    0.32310428817504349321E-15
    0.50226916109609609506E+01   -0.35247489188717731462E-11   -0.17934848484590721126E-15
    0.50314794077677680306E+01   -0.26381092740802643594E-11   -0.77596041943992395687E-15
    0.50402672045745751106E+01   -0.19736657954139475189E-11   -0.13236461831822925212E-14
    0.50490550013813813024E+01   -0.14763681488771362874E-11   -0.16076568482953324754E-14
    0.50578427981881883824E+01   -0.11042978129204424146E-11   -0.13655087778250254833E-14
    0.50666305949949954623E+01   -0.82564882946924700371E-12   -0.53521646798562483688E-15
    0.50754183918018025423E+01   -0.61680648706429651248E-12    0.45490344473055432946E-15
    0.50842061886086087341E+01   -0.46049713555631031324E-12    0.86469881455375730669E-15
    0.50929939854154158141E+01   -0.34396872814170423226E-12    0.33782112864348433117E-15
    0.51017817822222228941E+01   -0.25742562829348356947E-12   -0.64996517308305199599E-15
    0.51105695790290290859E+01   -0.19317451684865976132E-12   -0.12844063017690814949E-14
    0.51193573758358361658E+01   -0.14512067509568774486E-12   -0.12370986468858601228E-14
    0.51281451726426432458E+01   -0.10858198797355869344E-12   -0.83428684774756690610E-15
    0.51369329694494494376E+01   -0.80430057631307825740E-13   -0.48716784450911047525E-15
    0.51457207662562565176E+01   -0.59024552796731867315E-13   -0.23294348315481766881E-15
    0.51545085630630635976E+01   -0.43417197867856873902E-13    0.80159187982534632573E-16
    0.51632963598698697893E+01   -0.32352663462235631002E-13    0.37844993496200395073E-15
    0.51720841566766768693E+01   -0.24172233402699865119E-13    0.34495478614584303681E-15
    0.51808719534834839493E+01   -0.17707096668291322487E-13   -0.15687854368033346304E-15
    0.51896597502902910293E+01   -0.12863630960056964596E-13   -0.79989884982410881930E-15
    0.51984475470970972211E+01   -0.99126897158398653059E-14   -0.10966151927012202108E-14
    0.52072353439039043010E+01   -0.83661516156743602882E-14   -0.89949876543319265981E-15
    0.52160231407107113810E+01   -0.69844202348161811701E-14   -0.46893927652913755934E-15
    0.52248109375175184610E+01   -0.50182067763621739861E-14   -0.65742393421838630867E-16
    0.52335987343243246528E+01   -0.30278456848274004616E-14    0.34606732605634994082E-15
    0.52423865311311317328E+01   -0.20015295881172147120E-14    0.88635691274535529924E-15
    0.52511743279379388127E+01   -0.19293664929811095739E-14    0.13815837458516267957E-14
    0.52599621247447450045E+01   -0.17718564974978402977E-14    0.13963254388878514559E-14
    0.52687499215515520845E+01   -0.93680262963719525437E-15    0.70762685155949665640E-15
    0.52775377183583591645E+01   -0.22631483289316353311E-15   -0.36639581849274936377E-15
    0.52863255151651653563E+01   -0.69474842935733216375E-15   -0.12244176797791249701E-14
    0.52951133119719724363E+01   -0.18820324178173381275E-14   -0.14515062515364246244E-14
    0.53039011087787795162E+01   -0.20111096807880433624E-14   -0.10172671364799880427E-14
    0.53126889055855857080E+01   -0.27857352261128881386E-15   -0.17325296646693262059E-15
    0.53214767023923927880E+01    0.17264450455234750652E-14    0.69255957901441171312E-15
    0.53302644991991998680E+01    0.18354366817155877847E-14    0.11936906079045020031E-14
    0.53390522960060069479E+01    0.95538225965611028084E-16    0.10775474322588700660E-14
    0.53478400928128131397E+01   -0.12225937629779224316E-14    0.34062791086350613550E-15
    0.53566278896196202197E+01   -0.57279798896223506525E-15   -0.67931179813383461096E-15
    0.53654156864264272997E+01    0.86768073077084963012E-15   -0.13561531150157448639E-14
    0.53742034832332334915E+01    0.94811959669467318668E-15   -0.12090513919498986349E-14
    0.53829912800400405715E+01   -0.52015909790012368188E-15   -0.41006177352583119856E-15
    0.53917790768468476514E+01   -0.15623783093778236949E-14    0.33427946735776303205E-15
    0.54005668736536538432E+01   -0.72491872752823676941E-15    0.55028457205100522689E-15
    0.54093546704604609232E+01    0.10410359338320817597E-14    0.48984413893488920791E-15
    0.54181424672672680032E+01    0.17734556008541730976E-14    0.63450443057968945351E-15
    0.54269302640740750832E+01    0.95292496596125166931E-15    0.90557024430668967074E-15
    0.54357180608808812750E+01   -0.14147416033933946354E-15    0.69688749529912296735E-15
    0.54445058576876883549E+01   -0.28101508398105595546E-15   -0.23846412190231966417E-15
    0.54532936544944954349E+01    0.32387662117301557313E-15   -0.12356796946956888695E-14
    0.54620814513013016267E+01    0.70460155796425121649E-15   -0.13789475486668742761E-14
    0.54708692481081087067E+01    0.50286869943318299041E-15   -0.52777513384286850973E-15
    0.54796570449149157866E+01    0.22364969495815546608E-15    0.58444948593855490907E-15
    0.54884448417217219784E+01    0.32200788152772742262E-15    0.12134619925808772115E-14
    0.54972326385285290584E+01    0.54119656753619099088E-15    0.12667882783135504132E-14
    0.55060204353353361384E+01    0.35073310384245633704E-15    0.10771919546003394980E-14
    0.55148082321421423302E+01   -0.27199786673116252591E-15    0.87006811535037661385E-15
    0.55235960289489494102E+01   -0.77414874747751765723E-15    0.60199814873050178244E-15
    0.55323838257557564901E+01   -0.69446892750768125485E-15    0.18860236010406635017E-15
    0.55411716225625635701E+01   -0.15486830263699506392E-15   -0.29990632547584409997E-15
    0.55499594193693697619E+01    0.37591295647946172899E-15   -0.67180261672390120027E-15
    0.55587472161761768419E+01    0.56711373030400715130E-15   -0.73717757455082922957E-15
    0.55675350129829839219E+01    0.41579478182790675388E-15   -0.42603128621611700182E-15
    0.55763228097897901137E+01    0.12732789611560901460E-15    0.10667075290904871414E-15
    0.55851106065965971936E+01   -0.51043982861359669142E-16    0.48512534642877057963E-15
    0.55938984034034042736E+01   -0.39797811752522372965E-17    0.39185176993355535435E-15
    0.56026862002102104654E+01    0.11374180063805633482E-15   -0.98104163746893153996E-16
    0.56114739970170175454E+01    0.11744941188759903711E-16   -0.56135986260509662484E-15
    0.56202617938238246253E+01   -0.33831620903715477206E-15   -0.64619142567953493468E-15
    0.56290495906306308171E+01   -0.51819677240007105332E-15   -0.37070937651827278618E-15
    0.56378373874374378971E+01   -0.11329801414499919638E-15    0.22556496325738553249E-16
    0.56466251842442449771E+01    0.68717133153594091564E-15    0.35608191569411127561E-15
    0.56554129810510520571E+01    0.11765567304075018081E-14    0.60259748845894279612E-15
    0.56642007778578582489E+01    0.89281605534189202138E-15    0.76363751129341532899E-15
    0.56729885746646653288E+01    0.12119103222623599377E-15    0.77479005918948397808E-15
    0.56817763714714724088E+01   -0.49186272197095760484E-15    0.55043759816685692525E-15
    0.56905641682782786006E+01   -0.59883648377081126117E-15    0.77113697877147628957E-16
    0.56993519650850856806E+01   -0.32965757995801160456E-15   -0.52998654743630844531E-15
    0.57081397618918927606E+01    0.11794464326813071175E-16   -0.10117810430593896048E-14
    0.57169275586986989524E+01    0.22542515864395612124E-15   -0.10330753278664754596E-14
    0.57257153555055060323E+01    0.26328345124089149684E-15   -0.44272611764565553051E-15
    0.57345031523123131123E+01    0.18485820063488567335E-15    0.45447985743591961314E-15
    0.57432909491191193041E+01    0.76466570710586146792E-16    0.10512565613383491430E-14
    0.57520787459259263841E+01   -0.57664387506624861852E-16    0.99643765756506949138E-15
    0.57608665427327334640E+01   -0.32362208873955310468E-15    0.53266307430182595295E-15
    0.57696543395395405440E+01   -0.75760546104414559032E-15    0.15307135014929672744E-15
    0.57784421363463467358E+01   -0.11168366057595277436E-14    0.66175718813965801422E-16
    0.57872299331531538158E+01   -0.10109637384901339147E-14    0.11118352294307644382E-15
    0.57960177299599608958E+01   -0.35345814122101149952E-15    0.11004274460885779884E-15
    0.58048055267667670876E+01    0.41053338383735142516E-15    0.11814124605773106002E-15
    0.58135933235735741675E+01    0.72759649274954211589E-15    0.28383645621188671821E-15
    0.58223811203803812475E+01    0.51663123675296129473E-15    0.59482201575892255117E-15
    0.58311689171871874393E+01    0.16279861369962453166E-15    0.85102241258474824539E-15
    0.58399567139939945193E+01   -0.44892327380932521984E-16    0.85637667501460470575E-15
    0.58487445108008015993E+01   -0.25402349338011327423E-15    0.57883515555667975378E-15
    0.58575323076076077911E+01   -0.67312084608344032824E-15    0.16284748339293220177E-15
    0.58663201044144148710E+01   -0.10340914406451451839E-14   -0.12564354500455148992E-15
    0.58751079012212219510E+01   -0.74817580103432052548E-15   -0.38253499209176628270E-16
    0.58838956980280290310E+01    0.29337891141429852132E-15    0.44475007657063435398E-15
    0.58926834948348352228E+01    0.13180591421546973597E-14    0.10266753986455031365E-14
    0.59014712916416423027E+01    0.14312083410068154245E-14    0.13249248504093659123E-14
    0.59102590884484493827E+01    0.63905558480516839684E-15    0.11804085296396146681E-14
    0.59190468852552555745E+01   -0.20212544205144681140E-15    0.71530319895362267333E-15
    0.59278346820620626545E+01   -0.43609650448141809012E-15    0.15342655136505505737E-15
    0.59366224788688697345E+01   -0.27979993781278970140E-15   -0.33288577581498811945E-15
    0.59454102756756759263E+01   -0.29317444198453045545E-15   -0.63966538410470829046E-15
    0.59541980724824830062E+01   -0.53500120116489768242E-15   -0.70257422897769476401E-15
    0.59629858692892900862E+01   -0.53066645527557509736E-15   -0.49467990291879580369E-15
    0.59717736660960962780E+01    0.75828756617941270631E-17   -0.50222618391791842366E-16
    0.59805614629029033580E+01    0.72969252191984641702E-15    0.51363862639702212795E-15
    0.59893492597097104380E+01    0.10576027759508019808E-14    0.98782338876368035419E-15
    0.59981370565165175179E+01    0.81588733268255229191E-15    0.10897240426231531654E-14
    0.60069248533233237097E+01    0.28327316663121702046E-15    0.62823943960594320210E-15
    0.60157126501301307897E+01   -0.28709515350781837672E-15   -0.20742070412666675706E-15
    0.60245004469369378697E+01   -0.95191470221315505017E-15   -0.79247715676612519476E-15
    0.60332882437437440615E+01   -0.17496644261545366958E-14   -0.59163583961918937396E-15
    0.60420760405505511415E+01   -0.22584723211676227770E-14    0.22716150525658514705E-15
    0.60508638373573582214E+01   -0.18216896163424810189E-14    0.93500237575676429876E-15
    0.60596516341641644132E+01   -0.36646472355769778003E-15    0.10610049031896318559E-14
    0.60684394309709714932E+01    0.12095391095013234427E-14    0.86735303030964410620E-15
    0.60772272277777785732E+01    0.18194869812031107588E-14    0.83473954108465486794E-15
    0.60860150245845856531E+01    0.12264523449979840781E-14    0.92519012986709008018E-15
    0.60948028213913918449E+01    0.10094708503302253176E-15    0.64978350294812095700E-15
    0.61035906181981989249E+01   -0.80550537985305739157E-15   -0.14683204517660585374E-15
    0.61123784150050060049E+01   -0.12530359482521424717E-14   -0.87746625601377956714E-15
    0.61211662118118121967E+01   -0.13209273135961599354E-14   -0.86480606446999262217E-15
    0.61299540086186192767E+01   -0.10051641130179207079E-14   -0.21010285991412995626E-15
    0.61387418054254263566E+01   -0.22380574044964086500E-15    0.30956215594182912225E-15
    0.61475296022322325484E+01    0.81734460116607885159E-15    0.20135173416634268285E-15
    0.61563173990390396284E+01    0.14943811965897641857E-14   -0.18693495370301010282E-15
    0.61651051958458467084E+01    0.12674184470242426000E-14   -0.26234960018992737057E-15
    0.61738929926526529002E+01    0.28714151589702102352E-15   -0.35771735172599791233E-16
    0.61826807894594599802E+01   -0.70854002125277064517E-15   -0.67732475922074629680E-16
    0.61914685862662670601E+01   -0.11185780375562007023E-14   -0.62365683794260543728E-15
    0.62002563830730741401E+01   -0.94727920829496119297E-15   -0.12078127917719037560E-14
    0.62090441798798803319E+01   -0.53070734530459308362E-15   -0.11613479701487533299E-14
    0.62178319766866874119E+01   -0.70971232466429208167E-16   -0.48800478269925124519E-15
    0.62266197734934944918E+01    0.44455121831405226449E-15    0.16322531226242839780E-15
    0.62354075703003006836E+01    0.98518100341324827932E-15    0.25069218026883969347E-15
    0.62441953671071077636E+01    0.13200749455531457842E-14   -0.16076782703094963534E-15
    0.62529831639139148436E+01    0.11763890511254782516E-14   -0.65964833810850194414E-15
    0.62617709607207210354E+01    0.48210099700324827519E-15   -0.95356385729043451844E-15
    0.62705587575275281154E+01   -0.52783016622558594779E-15   -0.10179773113047109728E-14
    0.62793465543343351953E+01   -0.13341181838692962835E-14   -0.96296204779041144947E-15
    0.62881343511411413871E+01   -0.13111512654511593979E-14   -0.89346067828325644632E-15
    0.62969221479479484671E+01   -0.21248488566422158378E-15   -0.82899383948449082276E-15
    0.63057099447547555471E+01    0.13723338552507069500E-14   -0.66877761745186669311E-15
    0.63144977415615626271E+01    0.23500898334179681719E-14   -0.30782945064943562226E-15
    0.63232855383683688189E+01    0.21143059499663875980E-14    0.12737187713236660418E-15
    0.63320733351751758988E+01    0.10828648666248283633E-14    0.23818627476388250364E-15
    0.63408611319819829788E+01    0.80922856799478704306E-16   -0.23195528964106866914E-15
    0.63496489287887891706E+01   -0.52687412300086737958E-15   -0.94585128081772605817E-15
    0.63584367255955962506E+01   -0.90750442399561938318E-15   -0.11961474584329404186E-14
    0.63672245224024033305E+01   -0.11570162094747309574E-14   -0.68755851647134770913E-15
    0.63760123192092095223E+01   -0.97723844992032639235E-15    0.78706285735159178730E-16
    0.63848001160160166023E+01   -0.12341574478798132422E-15    0.41860615601985551464E-15
    0.63935879128228236823E+01    0.10230032083913661541E-14    0.26273319177237274482E-15
    0.64023757096296298741E+01    0.16396085087853937286E-14    0.99536460966465229525E-16
    0.64111635064364369541E+01    0.12750367980764487586E-14    0.20856362871324881268E-15
    0.64199513032432440340E+01    0.29341105847817571516E-15    0.25616703269434616009E-15
    0.64287391000500511140E+01   -0.62054520176739875325E-15   -0.16031205170211059253E-15
    0.64375268968568573058E+01   -0.11545349771563283472E-14   -0.80823235455180965358E-15
    0.64463146936636643858E+01   -0.14289731376734246140E-14   -0.98483148351362808485E-15
    0.64551024904704714658E+01   -0.15321479209484500674E-14   -0.39383103477200484396E-15
    0.64638902872772776576E+01   -0.12663631481312732756E-14    0.41394728508775229261E-15
    0.64726780840840847375E+01   -0.46656026391452018025E-15    0.69364908193421940177E-15
    0.64814658808908918175E+01    0.58845949555195334702E-15    0.35939279252496493163E-15
    0.64902536776976980093E+01    0.12967530423020097803E-14   -0.47324668656415478718E-16
    0.64990414745045050893E+01    0.12862725950427302488E-14   -0.11339587558667260792E-15
    0.65078292713113121692E+01    0.73114990078122756834E-15    0.37289242458409230439E-17
    0.65166170681181183610E+01    0.69774801387472924885E-16   -0.38362989799039847799E-16
    0.65254048649249254410E+01   -0.40890244617273787977E-15   -0.21926525891534325088E-15
    0.65341926617317325210E+01   -0.63767874078703683227E-15   -0.19429356359251446831E-15
    0.65429804585385396010E+01   -0.56582916111044618620E-15    0.19284793839758636898E-15
    0.65517682553453457928E+01   -0.82445213132718930181E-16    0.63992014456060765751E-15
    0.65605560521521528727E+01    0.72972435657866287985E-15    0.72884791878011257654E-15
    0.65693438489589599527E+01    0.13375645956815889827E-14    0.38471864412186786257E-15
    0.65781316457657661445E+01    0.10726054472462783915E-14   -0.10505195439040454962E-15
    0.65869194425725732245E+01   -0.11275681846616985592E-15   -0.42812858263862453094E-15
    0.65957072393793803045E+01   -0.13698016325620788120E-14   -0.48800548684618176713E-15
    0.66044950361861864963E+01   -0.17664181766863163531E-14   -0.36536463090823423581E-15
    0.66132828329929935762E+01   -0.12504351635159072469E-14   -0.19596859939157531172E-15
    0.66220706297998006562E+01   -0.54844835740140990715E-15   -0.73835686423833446183E-16
    0.66308584266066068480E+01   -0.22225128135017042399E-15    0.18858699028934119298E-16
    0.66396462234134139280E+01   -0.13336804739315627695E-15    0.19950260101436267476E-15
    0.66484340202202210079E+01    0.74922569126887897986E-16    0.51097670069177428972E-15
    0.66572218170270280879E+01    0.31466335530766606409E-15    0.75354766586229765696E-15
    0.66660096138338342797E+01    0.13742162994498713300E-15    0.62552196496135439159E-15
    0.66747974106406413597E+01   -0.59737594952206841899E-15    0.98488784332552968419E-16
    0.66835852074474484397E+01   -0.13925190904150496607E-14   -0.44026584053523972080E-15
    0.66923730042542546315E+01   -0.15924899500534441208E-14   -0.56597223311624038672E-15
    0.67011608010610617114E+01   -0.10093342171881976041E-14   -0.26506727608094181608E-15
    0.67099485978678687914E+01    0.12630278955387835003E-16    0.10526143671414377583E-15
    0.67187363946746749832E+01    0.97629550693719954124E-15    0.23890963696681861433E-15
    0.67275241914814820632E+01    0.15298794765480206239E-14    0.14862165502314824556E-15
    0.67363119882882891432E+01    0.15083510476372309871E-14    0.44760414157739268043E-16
    0.67450997850950962231E+01    0.90453829690620094044E-15    0.11258592094203014825E-15
    0.67538875819019024149E+01   -0.11572130861895437315E-15    0.38334158536112340767E-15
    0.67626753787087094949E+01   -0.11690577677548390663E-14    0.68798305081932497020E-15
    0.67714631755155165749E+01   -0.17282680841160428272E-14    0.73100196952824854341E-15
    0.67802509723223227667E+01   -0.14360227399355990835E-14    0.38463495616019399917E-15
    0.67890387691291298466E+01   -0.41829181742979444325E-15   -0.43631899897754440459E-16
    0.67978265659359369266E+01    0.78899206564111637944E-15   -0.38839985123312113767E-16
    0.68066143627427431184E+01    0.16099512921606920157E-14    0.52835230071416689712E-15
    0.68154021595495501984E+01    0.17133257456264276927E-14    0.11638260234643839818E-14
    0.68241899563563572784E+01    0.10689119368752634743E-14    0.12832111571360933254E-14
    0.68329777531631634702E+01   -0.76236872187535723991E-16    0.84658142409024259387E-15
    0.68417655499699705501E+01   -0.12835367328993309983E-14    0.31255986128040375434E-15
    0.68505533467767776301E+01   -0.20567589316167768469E-14    0.77344093702389082043E-16
    0.68593411435835847101E+01   -0.20073690223912573934E-14    0.13141010124409984403E-15
    0.68681289403903909019E+01   -0.10708917729800293642E-14    0.24174372871159541989E-15
    0.68769167371971979819E+01    0.33249622622496467898E-15    0.24985412939279138044E-15
    0.68857045340040050618E+01    0.15054055269065876256E-14    0.16063909974342678449E-15
    0.68944923308108112536E+01    0.19493199003334143382E-14    0.68184668471664533526E-16
    0.69032801276176183336E+01    0.16362096387412916488E-14    0.67350300995878167149E-16
    0.69120679244244254136E+01    0.83398683216020294507E-15    0.16981805335284886156E-15
    0.69208557212312316054E+01   -0.15863496810008009989E-15    0.25033472274173439910E-15
    0.69296435180380386853E+01   -0.10687675052554748382E-14    0.14121762261085772492E-15
    0.69384313148448457653E+01   -0.15547354560036155920E-14   -0.16913493145697858666E-15
    0.69472191116516519571E+01   -0.12541256103382692065E-14   -0.47001708228882570845E-15
    0.69560069084584590371E+01   -0.13189224085696945519E-15   -0.53421628755423468929E-15
    0.69647947052652661171E+01    0.12107215009054581022E-14   -0.35046010299380307393E-15
    0.69735825020720731970E+01    0.18702932880056973761E-14   -0.88795524615887478625E-16
    0.69823702988788793888E+01    0.14316876214046025703E-14    0.12783676593217998431E-15
    0.69911580956856864688E+01    0.32641405774424585328E-15    0.33069740769117462538E-15
    0.69999458924924935488E+01   -0.71059825030124228366E-15    0.54726143916382684572E-15
    0.70087336892992997406E+01   -0.13174406092982305757E-14    0.62704576441984169019E-15
    0.70175214861061068206E+01   -0.15445160025591316623E-14    0.37033444772358924505E-15
    0.70263092829129139005E+01   -0.14315642398791774329E-14   -0.13398240040131192948E-15
    0.70350970797197200923E+01   -0.81877059146789756416E-15   -0.44219964806431029889E-15
    0.70438848765265271723E+01    0.32029179594834436840E-15   -0.23543893461604091685E-15
    0.70526726733333342523E+01    0.15128294665916375824E-14    0.20007672397861779424E-15
    0.70614604701401404441E+01    0.19985757134418890829E-14    0.26490558771721660232E-15
    0.70702482669469475240E+01    0.13508112261974365510E-14   -0.12768589683828440123E-15
    0.70790360637537546040E+01   -0.18121520071965851686E-15   -0.29734025009329963452E-15
    0.70878238605605616840E+01   -0.19201124892246995156E-14    0.30384897192770959994E-15
    0.70966116573673678758E+01   -0.31506959923766541343E-14    0.11517224766183992801E-14
    0.71053994541741749558E+01   -0.33906446694503033378E-14    0.11190648102422171836E-14
    0.71141872509809820357E+01   -0.25632230229724599535E-14   -0.81614220564738336839E-16
    0.71229750477877882275E+01   -0.10404903183663739972E-14   -0.13495575894038148438E-14
    0.71317628445945953075E+01    0.53498679746277772314E-15   -0.14591758726254244773E-14
    0.71405506414014023875E+01    0.14987278872258974447E-14   -0.48763286606084739977E-15
    0.71493384382082085793E+01    0.14535076514568604856E-14    0.42845288418615539027E-15
    0.71581262350150156593E+01    0.56641332478993813507E-15    0.50583510180212310274E-15
    0.71669140318218227392E+01   -0.45307731960140598641E-15    0.54892373697169967540E-16
    0.71757018286286289310E+01   -0.95620443219245510926E-15   -0.20396736084490897575E-15
    0.71844896254354360110E+01   -0.95144610836583244952E-15   -0.43755075170009466533E-16
    0.71932774222422430910E+01   -0.89273408648474396947E-15    0.20797367735770160531E-15
    0.72020652190490501710E+01   -0.91962891724264410289E-15    0.20357353021051281109E-15
    0.72108530158558563627E+01   -0.58817460910780936875E-15   -0.76899844138842463449E-16
    0.72196408126626634427E+01    0.42311045419581912340E-15   -0.41435308932147081176E-15
    0.72284286094694705227E+01    0.15766660926725482884E-14   -0.55171076880930715959E-15
    0.72372164062762767145E+01    0.18700851211848036770E-14   -0.35991221327251162582E-15
    0.72460042030830837945E+01    0.98831988468152785494E-15    0.33431010599687553512E-16
    0.72547919998898908744E+01   -0.24830623549865985665E-15    0.27923407741219619084E-15
    0.72635797966966970662E+01   -0.81732466237095555469E-15    0.12820359202177892289E-15
    0.72723675935035041462E+01   -0.55783262543841374253E-15   -0.26630585599203226731E-15
    0.72811553903103112262E+01   -0.78591741742626051744E-16   -0.49934782831860541383E-15
    0.72899431871171174180E+01    0.12212913197807180962E-15   -0.36840476862891134012E-15
    0.72987309839239244980E+01    0.12337138537524189734E-15   -0.80063206288315691916E-16
    0.73075187807307315779E+01    0.19098712941336521220E-15    0.29515527784015275243E-16
    0.73163065775375386579E+01    0.27882885495432524531E-15   -0.15994278046415250282E-15
    0.73250943743443448497E+01    0.10131142561423653842E-15   -0.51032181362714353853E-15
    0.73338821711511519297E+01   -0.41194437189748879348E-15   -0.79369748775371612446E-15
    0.73426699679579590097E+01   -0.93023572561931328482E-15   -0.84259076169034473281E-15
    0.73514577647647652014E+01   -0.10666122843950191928E-14   -0.63463297987298114310E-15
    0.73602455615715722814E+01   -0.77155815397815365630E-15   -0.32673997865204567625E-15
    0.73690333583783793614E+01   -0.29898730705145772688E-15   -0.13648215695286109615E-15
    0.73778211551851855532E+01    0.11384624735427002843E-15   -0.12806278773532045747E-15
    0.73866089519919926332E+01    0.41633368956332454598E-15   -0.13827814426652266653E-15
    0.73953967487987997131E+01    0.61021097021900892129E-15    0.39806326457843711528E-16
    0.74041845456056067931E+01    0.58955813687387291441E-15    0.44559173250775853818E-15
    0.74129723424124129849E+01    0.23036410116994704737E-15    0.92438810021875543398E-15
    0.74217601392192200649E+01   -0.36271725940475894499E-15    0.12290695462274639740E-14
    0.74305479360260271449E+01   -0.81306244694021561963E-15    0.11409487987966825705E-14
    0.74393357328328333367E+01   -0.80183908143091193374E-15    0.60406510750804910837E-15
    0.74481235296396404166E+01   -0.39799013665882362365E-15   -0.17933596754583122369E-15
    0.74569113264464474966E+01    0.51952048727115532920E-16   -0.84506075368237216940E-15
    0.74656991232532536884E+01    0.31711391898588116873E-15   -0.10882758135524824131E-14
    0.74744869200600607684E+01    0.45239939774287284384E-15   -0.81960542757429004396E-15
    0.74832747168668678484E+01    0.54726913843766144399E-15   -0.19106155475581292231E-15
    0.74920625136736740401E+01    0.46034952521366688375E-15    0.44530312483519945033E-15
    0.75008503104804811201E+01   -0.21276886391664476998E-16    0.72968756826645762485E-15
    0.75096381072872882001E+01   -0.76158316072564096608E-15    0.57241740183211221134E-15
    0.75184259040940952801E+01   -0.11999497884734140685E-14    0.21982164282723608483E-15
    0.75272137009009014719E+01   -0.89428668306216494952E-15   -0.49702928583575563463E-16
    0.75360014977077085518E+01   -0.55692703280502978433E-16   -0.23178608903389972925E-15
    0.75447892945145156318E+01    0.65704660291566423907E-15   -0.49186007527404619175E-15
    0.75535770913213218236E+01    0.80993747270894791937E-15   -0.80639826008313643975E-15
    0.75623648881281289036E+01    0.50562591574520991815E-15   -0.86542223033019179522E-15
    0.75711526849349359836E+01    0.26781052221487797174E-16   -0.44699797566842880013E-15
    0.75799404817417421754E+01   -0.57013896593193307764E-15    0.21528478529293710826E-15
    0.75887282785485492553E+01   -0.13354242559846500063E-14    0.62081096338842042546E-15
    0.75975160753553563353E+01   -0.19888925128679083591E-14    0.53376822555179747270E-15
    0.76063038721621625271E+01   -0.18906111508590513416E-14    0.19265055912795487825E-15
    0.76150916689689696071E+01   -0.72933429398214852783E-15   -0.61172099017342984004E-16
    0.76238794657757766871E+01    0.85671771239410071217E-15   -0.18812453108929008681E-15
    0.76326672625825837670E+01    0.17358441544835935687E-14   -0.36633778876796222139E-15
    0.76414550593893899588E+01    0.13919672705311646150E-14   -0.60739460682791038194E-15
    0.76502428561961970388E+01    0.35501718951484044721E-15   -0.63984049411595037463E-15
    0.76590306530030041188E+01   -0.57011627717027602344E-15   -0.27176224930413794778E-15
    0.76678184498098103106E+01   -0.11482255276700783521E-14    0.25741262136532100919E-15
    0.76766062466166173905E+01   -0.15918175703637770365E-14    0.48330892540624251526E-15
    0.76853940434234244705E+01   -0.18507246316124819607E-14    0.25726242718794690959E-15
    0.76941818402302306623E+01   -0.14167384127431856144E-14   -0.76464237845585260450E-16
    0.77029696370370377423E+01   -0.41228022831692047743E-16   -0.13783145224202453550E-15
    0.77117574338438448223E+01    0.15925274612887176172E-14    0.20025829231940251526E-16
    0.77205452306506510141E+01    0.23457129622168453473E-14    0.55597859517882453215E-16
    0.77293330274574580940E+01    0.17809696571229369994E-14   -0.14763324524939290471E-15
    0.77381208242642651740E+01    0.57929998613518067272E-15   -0.30356517220318990298E-15
    0.77469086210710722540E+01   -0.32234807376959782297E-15   -0.13349570726046673340E-15
    0.77556964178778784458E+01   -0.65963605119470699089E-15    0.21649832125855058580E-15
    0.77644842146846855258E+01   -0.73617039854685393636E-15    0.32990972153209574405E-15
    0.77732720114914926057E+01   -0.69632821394743496630E-15    0.15682155267100303010E-16
    0.77820598082982987975E+01   -0.25561731647616734875E-15   -0.48326187893745972321E-15
    0.77908476051051058775E+01    0.76160495364947997678E-15   -0.78327344995362373063E-15
    0.77996354019119129575E+01    0.18908127411592858787E-14   -0.70590508719091351311E-15
    0.78084231987187191493E+01    0.23341937824947373906E-14   -0.33946805987391628882E-15
    0.78172109955255262292E+01    0.17574496982179119840E-14    0.80586061877244346809E-16
    0.78259987923323333092E+01    0.59775528520614053195E-15    0.31056404656213704788E-15
    0.78347865891391395010E+01   -0.46154514936404721995E-15    0.24487983337325726599E-15
    0.78435743859459465810E+01   -0.10790383033392111232E-14    0.85822155832404931406E-17
    0.78523621827527536610E+01   -0.12822685614931556169E-14   -0.17993284328355527629E-15
    0.78611499795595607409E+01   -0.11574011401240736450E-14   -0.27229546599962633139E-15
    0.78699377763663669327E+01   -0.70918102734158985810E-15   -0.44021355785849005685E-15
    0.78787255731731740127E+01   -0.27595907004043809719E-16   -0.77705217141077821285E-15
    0.78875133699799810927E+01    0.55740322079989949243E-15   -0.10311358577233393258E-14
    0.78963011667867872845E+01    0.66603773907512693595E-15   -0.80515643897150474888E-15
    0.79050889635935943645E+01    0.24939417860623106902E-15   -0.19535779479080999299E-16
    0.79138767604004014444E+01   -0.31240763565477463174E-15    0.92408839918980818352E-15
    0.79226645572072076362E+01   -0.57269612668094615801E-15    0.14761849200540763750E-14
    0.79314523540140147162E+01   -0.39373532742712125042E-15    0.13252289884113625483E-14
    0.79402401508208217962E+01    0.60714979584608756484E-16    0.52677372179189695390E-15
    0.79490279476276279880E+01    0.56015148758966663309E-15   -0.53534445052540603969E-15
    0.79578157444344350679E+01    0.95082146511667259581E-15   -0.13121060033954266121E-14
    0.79666035412412421479E+01    0.11327301847637838201E-14   -0.14231129688376548939E-14
    0.79753913380480492279E+01    0.10204270336171497484E-14   -0.92676403847513281512E-15
    0.79841791348548554197E+01    0.59301174156123691350E-15   -0.17709904060583273455E-15
    0.79929669316616624997E+01   -0.10522633811937158065E-16    0.54955865915818369520E-15
    0.80017547284684695796E+01   -0.50526266123054202020E-15    0.11828828191029234413E-14
    0.80105425252752748833E+01   -0.64565153376786402095E-15    0.15890137368068978123E-14
    0.80193303220820819632E+01   -0.40097080505725132236E-15    0.13580139313196684822E-14
    0.80281181188888890432E+01    0.63603473116168447183E-16    0.17873107906737027955E-15
    0.80369059156956961232E+01    0.52004797903061370854E-15   -0.14915146968120065919E-14
    0.80456937125025032032E+01    0.77788260736356626431E-15   -0.24546958613211658896E-14
    0.80544815093093102831E+01    0.72261471103156437743E-15   -0.18814983461179387747E-14
    0.80632693061161173631E+01    0.34209460476551357338E-15   -0.28356071216956173363E-15
    0.80720571029229226667E+01   -0.23952800133941312781E-15    0.10157438514086761279E-14
    0.80808448997297297467E+01   -0.73362657587826169977E-15    0.12366535105496146252E-14
    0.80896326965365368267E+01   -0.78281362553141736356E-15    0.70005094032900680035E-15
    0.80984204933433439066E+01   -0.23999292429018541941E-15    0.10191723491657835850E-15
    0.81072082901501509866E+01    0.61655430329427135156E-15   -0.28818365224175126019E-15
    0.81159960869569580666E+01    0.12767770443351144545E-14   -0.60603940252178478035E-15
    0.81247838837637633702E+01    0.14140749907475956002E-14   -0.90974806260002243060E-15
    0.81335716805705704502E+01    0.10767079143094495811E-14   -0.97939720058098186762E-15
    0.81423594773773775302E+01    0.52380405686263372857E-15   -0.58405220661517681958E-15
    0.81511472741841846101E+01    0.13119300529088649347E-16    0.22649757043829237730E-15
    0.81599350709909916901E+01   -0.29343997495347332510E-15    0.11338382629334297809E-14
    0.81687228677977987701E+01   -0.35198656928380649878E-15    0.17403328335985603044E-14
    0.81775106646046058501E+01   -0.22304579060433062565E-15    0.17524430175538689280E-14
    0.81862984614114111537E+01   -0.12881129338817189821E-16    0.11355588787867377073E-14
    0.81950862582182182337E+01    0.18458634199634714577E-15    0.19273075872876846391E-15
    0.82038740550250253136E+01    0.30587118468044084078E-15   -0.62291751018560381265E-15
    0.82126618518318323936E+01    0.31349740646470899556E-15   -0.10312425095235180650E-14
    0.82214496486386394736E+01    0.19885422771459301354E-15   -0.10395511624269018690E-14
    0.82302374454454465535E+01   -0.22685650820176092322E-17   -0.74077928477922071917E-15
    0.82390252422522518572E+01   -0.20209772336944872767E-15   -0.13014913061741669338E-15
    0.82478130390590589371E+01   -0.29371558688531935961E-15    0.74900743792469380421E-15
    0.82566008358658660171E+01   -0.20608723854162595781E-15    0.15051816752593589567E-14
    0.82653886326726730971E+01    0.51619067496061072197E-16    0.14890554030107965291E-14
    0.82741764294794801771E+01    0.36414979917465674041E-15    0.45796687334518241430E-15
    0.82829642262862872570E+01    0.52757575066968242446E-15   -0.91677459762970536382E-15
    0.82917520230930943370E+01    0.41367314967656569731E-15   -0.15912983718972498613E-14
    0.83005398198998996406E+01    0.19207912241560565613E-15   -0.12156368433687785742E-14
    0.83093276167067067206E+01    0.26776997057589805888E-15   -0.41822564330498555693E-15
    0.83181154135135138006E+01    0.80925098662972707674E-15    0.74059803249941134059E-16
    0.83269032103203208806E+01    0.13914624293591470414E-14    0.25883963454547530496E-15
    0.83356910071271279605E+01    0.13854634854814735605E-14    0.55315843297704695356E-15
    0.83444788039339350405E+01    0.71305545067971147275E-15    0.91847288582848774179E-15
    0.83532666007407403441E+01   -0.36456597671339916352E-17    0.70189708403809847019E-15
    0.83620543975475474241E+01   -0.18036682028361387677E-15   -0.45991678799875491459E-15
    0.83708421943543545041E+01    0.63149275898453352747E-16   -0.18781259158432595277E-14
    0.83796299911611615840E+01    0.18567511327643783411E-15   -0.23863739933012127251E-14
    0.83884177879679686640E+01   -0.13153673852023795017E-16   -0.15809022111330972308E-14
    0.83972055847747757440E+01   -0.16427927554933548074E-15   -0.19181589084667958212E-15
    0.84059933815815828240E+01    0.10874696107710239411E-15    0.82283736370540141026E-15
    0.84147811783883881276E+01    0.66020328549074727238E-15    0.11736489609364607646E-14
    0.84235689751951952076E+01    0.10081527284647795742E-14    0.11369005396144843621E-14
    0.84323567720020022875E+01    0.88438482604102798946E-15    0.93359121996971131842E-15
    0.84411445688088093675E+01    0.44794536613185314801E-15    0.47792190347416397311E-15
    0.84499323656156164475E+01   -0.86095948271551889794E-18   -0.31528168676791899466E-15
    0.84587201624224235275E+01   -0.32073759491090121811E-15   -0.12178761870316981247E-14
    0.84675079592292288311E+01   -0.51084519460122853015E-15   -0.17708726047815895052E-14
    0.84762957560360359111E+01   -0.53160905036603456394E-15   -0.15785240808208633308E-14
    0.84850835528428429910E+01   -0.27443290648743389306E-15   -0.55180879941381659739E-15
    0.84938713496496500710E+01    0.25089595637665209446E-15    0.93952592643815067032E-15
    0.85026591464564571510E+01    0.77547099902321070807E-15    0.20717897599707180063E-14
    0.85114469432632642309E+01    0.95448279157284149413E-15    0.20635496539722596254E-14
    0.85202347400700713109E+01    0.70048345422947169392E-15    0.87949357471111427141E-15
    0.85290225368768766145E+01    0.24997537301298714151E-15   -0.67429490464858037576E-15
    0.85378103336836836945E+01   -0.14499562036386151483E-15   -0.17004502888136928254E-14
    0.85465981304904907745E+01   -0.48052644764842160486E-15   -0.19082753818746912215E-14
    0.85553859272972978545E+01   -0.84040536145863007310E-15   -0.15267568508237437017E-14
    0.85641737241041049344E+01   -0.10456797501461194326E-14   -0.82296270354928121733E-15
    0.85729615209109120144E+01   -0.69511822202405198185E-15    0.10128137831932306684E-15
    0.85817493177177173180E+01    0.25513145507491555694E-15    0.11048751696761907432E-14
    0.85905371145245243980E+01    0.10938761495817012204E-14    0.18283326827107727682E-14
    0.85993249113313314780E+01    0.96730962096241819642E-15    0.18874421832656989238E-14
    0.86081127081381385580E+01   -0.65691139390809837958E-16    0.12371449224891864168E-14
    0.86169005049449456379E+01   -0.93989907526718355719E-15    0.24769626488799776903E-15
    0.86256883017517527179E+01   -0.80703790946803063947E-15   -0.61740183158869673906E-15
    0.86344760985585597979E+01   -0.52084648482200588957E-16   -0.11103395447222912767E-14
    0.86432638953653651015E+01    0.30410538083440585753E-15   -0.11906991881066586384E-14
    0.86520516921721721815E+01   -0.48819672921479101245E-16   -0.86326576442664524140E-15
    0.86608394889789792614E+01   -0.38474349968052649629E-15   -0.15066396876319928680E-15
    0.86696272857857863414E+01   -0.23363560431492930326E-16    0.74487613060621721516E-15
    0.86784150825925934214E+01    0.71980352345843468038E-15    0.13537514257672905865E-14
    0.86872028793994005014E+01    0.97763241177855853165E-15    0.12306092896306170867E-14
    0.86959906762062058050E+01    0.42668331614401141736E-15    0.40362206729302770980E-15
    0.87047784730130128850E+01   -0.38278253062049108574E-15   -0.57800353115835110639E-15
    0.87135662698198199649E+01   -0.75121500148522128244E-15   -0.11350421909501614641E-14
    0.87223540666266270449E+01   -0.52703841199016163339E-15   -0.11058668213291648955E-14
    0.87311418634334341249E+01   -0.20819139647425474091E-16   -0.69417667000128010358E-15
    0.87399296602402412049E+01    0.45989929875280170522E-15   -0.17152535457989214633E-15
    0.87487174570470482848E+01    0.82149456665862751275E-15    0.28938615629697682133E-15
    0.87575052538538535885E+01    0.10357425587315206144E-14    0.59212621664852652455E-15
    0.87662930506606606684E+01    0.99501273924953401043E-15    0.66981874175271081752E-15
    0.87750808474674677484E+01    0.61076188197499358752E-15    0.47916499379297356089E-15
    0.87838686442742748284E+01    0.15294190709551124100E-16    0.17878600587451071051E-16
    0.87926564410810819084E+01   -0.44586264975348207881E-15   -0.63426059853423447928E-15
    0.88014442378878889883E+01   -0.49784957720341400774E-15   -0.12474819434630809883E-14
    0.88102320346946942919E+01   -0.17253576081203834209E-15   -0.14478382611614349728E-14
    0.88190198315015013719E+01    0.28797081759038312107E-15   -0.98452777964096460341E-15
    0.88278076283083084519E+01    0.68007713335372225429E-15   -0.86980502702867420685E-16
    0.88365954251151155319E+01    0.92953568205813800555E-15    0.59016180311711768202E-15
    0.88453832219219226118E+01    0.97055981639362156574E-15    0.55186040171761207765E-15
    0.88541710187287296918E+01    0.66276400215377783788E-15   -0.63872981343077386286E-16
    0.88629588155355367718E+01   -0.37133996815189983990E-16   -0.70505231805446692600E-15
    0.88717466123423420754E+01   -0.81342970866606839411E-15   -0.94258045573542636806E-15
    0.88805344091491491554E+01   -0.10901668610503052811E-14   -0.72077946762312417435E-15
    0.88893222059559562354E+01   -0.58829196989382038774E-15   -0.22205413933948377943E-15
    0.88981100027627633153E+01    0.27751494233518762450E-15    0.31298209633249633888E-15
    0.89068977995695703953E+01    0.80043639038757476365E-15    0.67714490454889541228E-15
    0.89156855963763774753E+01    0.71858695369106426458E-15    0.74261065053292191924E-15
    0.89244733931831827789E+01    0.37107485775325752798E-15    0.49225012757307281517E-15
    0.89332611899899898589E+01    0.10547361124139302873E-15    0.35038904723212064406E-16
    0.89420489867967969388E+01   -0.20694898129153996208E-15   -0.40947129529456720870E-15
    0.89508367836036040188E+01   -0.86586269698356149943E-15   -0.61690381094997029343E-15
    0.89596245804104110988E+01   -0.17098496236425788729E-14   -0.49687020093911247028E-15
    0.89684123772172181788E+01   -0.20700005386756125986E-14   -0.12615946547719733020E-15
    0.89772001740240252587E+01   -0.14694130356712955781E-14    0.35117639429323617187E-15
    0.89859879708308305624E+01   -0.19423922913872136039E-15    0.81288127885799591957E-15
    0.89947757676376376423E+01    0.97753816892577757528E-15    0.11357580170781447013E-14
    0.90035635644444447223E+01    0.14237591228842985658E-14    0.11332032638562470978E-14
    0.90123513612512518023E+01    0.10052593341265529033E-14    0.62981349619939253585E-15
    0.90211391580580588823E+01   -0.28345322504809320050E-16   -0.29570571292502253746E-15
    0.90299269548648659622E+01   -0.12134857345700478326E-14   -0.11777323618138019246E-14
    0.90387147516716712659E+01   -0.20626524033404173646E-14   -0.14742643871217445653E-14
    0.90475025484784783458E+01   -0.22518399648291602691E-14   -0.10485947767902220783E-14
    0.90562903452852854258E+01   -0.17206123303464625250E-14   -0.25853789166839229139E-15
    0.90650781420920925058E+01   -0.66452647866352666066E-15    0.44269693055831870745E-15
    0.90738659388988995858E+01    0.51985749197676738428E-15    0.86527354524536079708E-15
    0.90826537357057066657E+01    0.13783447909708506771E-14    0.10434264030163878884E-14
    0.90914415325125137457E+01    0.15789755275221169858E-14    0.10211430283305024175E-14
    0.91002293293193190493E+01    0.10405351238264566289E-14    0.77977921473453012725E-15
    0.91090171261261261293E+01   -0.57560980482772589061E-17    0.34747250981641036935E-15
    0.91178049229329332093E+01   -0.10437421344617395813E-14   -0.11641915609751970056E-15
    0.91265927197397402892E+01   -0.15395964934467068952E-14   -0.41336409568813197410E-15
    0.91353805165465473692E+01   -0.12925149099733340131E-14   -0.46684642589535588089E-15
    0.91441683133533544492E+01   -0.51719794395218404251E-15   -0.35355114646387393415E-15
    0.91529561101601597528E+01    0.39972487733652289951E-15   -0.17540388725173646590E-15
    0.91617439069669668328E+01    0.11412655690682153601E-14    0.43636230455859784423E-16
    0.91705317037737739128E+01    0.15212744281159171129E-14    0.29985255560624938228E-15
    0.91793195005805809927E+01    0.14615478181802837203E-14    0.49323263612085700954E-15
    0.91881072973873880727E+01    0.97595657371511579397E-15    0.45892350980935433788E-15
    0.91968950941941951527E+01    0.16820798704738210043E-15    0.17529356647614673297E-15
    0.92056828910010004563E+01   -0.76233594746132512616E-15   -0.11201663874693698392E-15
    0.92144706878078075363E+01   -0.14975618569430068930E-14   -0.11360786959048102957E-15
    0.92232584846146146162E+01   -0.15958144733491377418E-14    0.15752104210289676673E-15
    0.92320462814214216962E+01   -0.71582557418468222445E-15    0.37944907518117906636E-15
    0.92408340782282287762E+01    0.89981581934682303159E-15    0.31810129804412469306E-15
    0.92496218750350358562E+01    0.22171820876970119835E-14    0.12345171199442262198E-15
    0.92584096718418411598E+01    0.21665940140810638554E-14    0.11646069813917318843E-15
    0.92671974686486482398E+01    0.72453634862777724618E-15    0.37896845894722607746E-15
    0.92759852654554553197E+01   -0.10130578747611174621E-14    0.66807262432932657847E-15
    0.92847730622622623997E+01   -0.19446156057363097877E-14    0.71840303505879226916E-15
    0.92935608590690694797E+01   -0.18823941950722614729E-14    0.50528704695354758219E-15
    0.93023486558758765597E+01   -0.12967141498417018109E-14    0.19653491177036089319E-15
    0.93111364526826818633E+01   -0.58091992920103121652E-15   -0.29137198393424063598E-16
    0.93199242494894889433E+01    0.19416874896046593114E-15   -0.87781044364311270319E-16
    0.93287120462962960232E+01    0.93696326501801832051E-15    0.19313477635351522703E-18
    0.93374998431031031032E+01    0.12804163337341575798E-14    0.13464711574421702882E-15
    0.93462876399099101832E+01    0.87842287750442773616E-15    0.21397977551152427582E-15
    0.93550754367167172632E+01   -0.10762306045537482899E-15    0.22552948680855891222E-15
    0.93638632335235243431E+01   -0.10193258536247317443E-14    0.23484550906024201387E-15
    0.93726510303303296467E+01   -0.12863515918996689593E-14    0.26026382417259758381E-15
    0.93814388271371367267E+01   -0.88451532351680441133E-15    0.19758246597810920122E-15
    0.93902266239439438067E+01   -0.14593832873556694276E-15   -0.53648256309192399859E-16
    0.93990144207507508867E+01    0.68008859725051902037E-15   -0.39859772468912522493E-15
    0.94078022175575579666E+01    0.15253759643583145913E-14   -0.56368802462790935413E-15
    0.94165900143643650466E+01    0.22058905956210981240E-14   -0.35038881523587407122E-15
    0.94253778111711703502E+01    0.22567071413802333070E-14    0.16939292343436190498E-15
    0.94341656079779774302E+01    0.13350656600382382681E-14    0.73896378646094050860E-15
    0.94429534047847845102E+01   -0.20613613077393761873E-15    0.11168649513163359688E-14
    0.94517412015915915902E+01   -0.14146405178003764928E-14    0.11917019982051423051E-14
    0.94605289983983986701E+01   -0.15884157525005264254E-14    0.99405960062156135318E-15
    0.94693167952052057501E+01   -0.90211139164655852883E-15    0.66618571795219988639E-15
    0.94781045920120128301E+01   -0.45718190640673531482E-16    0.35833983602297810902E-15
    0.94868923888188181337E+01    0.50983915445016194914E-15    0.11057891526182290962E-15
    0.94956801856256252137E+01    0.75084437777912392582E-15   -0.12278078433426492586E-15
    0.95044679824324322936E+01    0.78967410822005785814E-15   -0.29249104499378496437E-15
    0.95132557792392393736E+01    0.58015569774924783085E-15   -0.17078809922604704469E-15
    0.95220435760460464536E+01    0.22793806703550546958E-16    0.38602571125575761606E-15
    0.95308313728528535336E+01   -0.78598890538381196880E-15    0.10836380928466697974E-14
    0.95396191696596588372E+01   -0.15120025518680920930E-14    0.13111082744741853893E-14
    0.95484069664664659172E+01   -0.17774292793663300277E-14    0.78272356327352424210E-15
    0.95571947632732729971E+01   -0.13659282253137126418E-14   -0.52630255206159369677E-16
    0.95659825600800800771E+01   -0.35367296155154966925E-15   -0.48637410561761024999E-15
    0.95747703568868871571E+01    0.82131250131613807021E-15   -0.32207937852179399135E-15
    0.95835581536936942371E+01    0.15247710901598507559E-14    0.21365684552488024482E-16
    0.95923459505005013170E+01    0.13414393098023014853E-14    0.14561497709236614050E-15
    0.96011337473073066207E+01    0.37650672353565266393E-15    0.15210874995304369440E-15
    0.96099215441141137006E+01   -0.86815352129428346930E-15    0.36409862276335011141E-15
    0.96187093409209207806E+01   -0.17944124965524698287E-14    0.78631276020895391786E-15
    0.96274971377277278606E+01   -0.19691248034970900693E-14    0.10440144651188057683E-14
    0.96362849345345349406E+01   -0.13299786425604186756E-14    0.84894999203007114217E-15
    0.96450727313413420205E+01   -0.25584607157298487194E-15    0.34726327664033226917E-15
    0.96538605281481491005E+01    0.71265958064460921285E-15   -0.82367110844699103573E-16
    0.96626483249549544041E+01    0.12606213504695212495E-14   -0.22667210543763548571E-15
    0.96714361217617614841E+01    0.13773017110069375621E-14   -0.15225094609741459038E-15
    0.96802239185685685641E+01    0.11017775075682642590E-14   -0.80966404816712883276E-17
    0.96890117153753756440E+01    0.36151280704121971655E-15    0.14501439276565402421E-15
    0.96977995121821827240E+01   -0.79661993757340728070E-15    0.30163184434462012418E-15
    0.97065873089889898040E+01   -0.18769090178187957929E-14    0.40758984810531783199E-15
    0.97153751057957951076E+01   -0.21111595632321097126E-14    0.36467085986543942030E-15
    0.97241629026026021876E+01   -0.11672194153804711341E-14    0.15198036784588855191E-15
    0.97329506994094092676E+01    0.40685775565135222232E-15   -0.10763949886400576022E-15
    0.97417384962162163475E+01    0.16707917059462553869E-14   -0.27742367881461851343E-15
    0.97505262930230234275E+01    0.20898670717253724244E-14   -0.38803599532592460969E-15
    0.97593140898298305075E+01    0.17491263226776719439E-14   -0.59257405296081718302E-15
    0.97681018866366375875E+01    0.94273907697581236083E-15   -0.88620358284304447667E-15
    0.97768896834434428911E+01   -0.15796680708354074373E-15   -0.96659526244020516518E-15
    0.97856774802502499710E+01   -0.13757711093919675762E-14   -0.56543284732890827699E-15
    0.97944652770570570510E+01   -0.22635282159743353650E-14    0.99605476683767994052E-16
    0.98032530738638641310E+01   -0.22458321878289751639E-14    0.42039892421372521153E-15
    0.98120408706706712110E+01   -0.11806295235291728892E-14    0.61321639958954621990E-16
    0.98208286674774782909E+01    0.32134516627814524367E-15   -0.61312979471253741284E-15
    0.98296164642842835946E+01    0.13839111754480923456E-14   -0.95712799497894569730E-15
    0.98384042610910906745E+01    0.16010723485463172708E-14   -0.73112399814117826117E-15
    0.98471920578978977545E+01    0.11790711216551382957E-14   -0.22802591592765420273E-15
    0.98559798547047048345E+01    0.45920013304781718122E-15    0.18802915062789248235E-15
    0.98647676515115119145E+01   -0.44382307694425259001E-15    0.44084198273417702648E-15
    0.98735554483183189944E+01   -0.14621943495759683376E-14    0.60765839209663105422E-15
    0.98823432451251260744E+01   -0.22370102572379952235E-14    0.62641148899348989049E-15
    0.98911310419319313780E+01   -0.22195430333310176494E-14    0.30240399350716954660E-15
    0.98999188387387384580E+01   -0.12209345028136113367E-14   -0.37698009532389810013E-15
    0.99087066355455455380E+01    0.24231094774252277593E-15   -0.10589438986379410208E-14
    0.99174944323523526180E+01    0.13027616762637502261E-14   -0.12995121032039494009E-14
    0.99262822291591596979E+01    0.13436090319809089467E-14   -0.97330856075873913498E-15
    0.99350700259659667779E+01    0.36494381658711420849E-15   -0.34150203474104763765E-15
    0.99438578227727720815E+01   -0.91279633499580171285E-15    0.23044538169494301187E-15
    0.99526456195795791615E+01   -0.13242635107061739895E-14    0.50657833373206114925E-15
    0.99614334163863862415E+01   -0.41215269318494081690E-15    0.36062693071716061306E-15
    0.99702212131931933214E+01    0.54376829604283168583E-15   -0.26523654823328454729E-15
    0.99790090100000004014E+01    0.86457970343057719670E-15   -0.83694002661344739129E-15
