    0.11999999999999999556E+01    0.00000000000000000000E+00    0.00000000000000000000E+00
    0.12087877968068068135E+01   -0.16334176616514901322E-09   -0.42082577034218376565E-17
    0.12175755936136136715E+01    0.25021043717728529876E-09    0.15057300519830757656E-17
    0.12263633904204203073E+01    0.23148629511294443677E-09    0.22409327683624373470E-17
    0.12351511872272271653E+01   -0.53973072733364233699E-09   -0.71343769558108378270E-17
    0.12439389840340340232E+01   -0.52448624661367473127E-09   -0.77714734736932811309E-17
    0.12527267808408408811E+01    0.10034941330281829138E-08    0.11024729850473068980E-16
    0.12615145776476475170E+01    0.22898177034025408094E-08    0.30616711948381461466E-16
    0.12703023744544543749E+01    0.13253510056327121137E-08    0.25914953444384213771E-16
    0.12790901712612612329E+01   -0.96849303475586157974E-09    0.13515824035733159516E-18
    0.12878779680680680908E+01   -0.14172481697977549167E-08   -0.17015766865663629158E-16
    0.12966657648748749487E+01    0.96924161508207731978E-09   -0.71143044995861847535E-17
    0.13054535616816815846E+01    0.27229750800340554839E-08    0.13150468386088332968E-16
    0.13142413584884884425E+01    0.35811817351148645835E-09    0.15496227504640280602E-16
    0.13230291552952953005E+01   -0.37307358035610842819E-08   -0.32963057030399140245E-17
    0.13318169521021021584E+01   -0.31367635507957859303E-08   -0.19769803237425643166E-16
    0.13406047489089087943E+01    0.32486225816131132557E-08   -0.16453494243462923493E-16
    0.13493925457157156522E+01    0.69100199908397531841E-08   -0.34029759210577398112E-17
    0.13581803425225225102E+01    0.25578529769136848593E-09   -0.54656400627415638197E-18
    0.13669681393293293681E+01   -0.99136269937024826025E-08   -0.91384734641732527668E-17
    0.13757559361361360040E+01   -0.76888604688096251468E-08   -0.10787765197455693918E-16
    0.13845437329429428619E+01    0.89288353757100668572E-08    0.67766849306916175688E-17
    0.13933315297497497198E+01    0.17845789903677466979E-07    0.32579076604544441037E-16
    0.14021193265565565778E+01    0.85434497400349859470E-10    0.45358501636581968352E-16
    0.14109071233633634357E+01   -0.26070269203047532857E-07    0.35675258716661737907E-16
    0.14196949201701700716E+01   -0.19409656170141300495E-07    0.13109552220288104582E-16
    0.14284827169769769295E+01    0.24551535185303900099E-07   -0.13597177654128733508E-17
    0.14372705137837837874E+01    0.48042847901060668838E-07    0.12208982315322524062E-16
    0.14460583105905906454E+01    0.32027209778639765725E-08    0.53419456146355966104E-16
    0.14548461073973975033E+01   -0.58050910164297901387E-07    0.85382593830178412697E-16
    0.14636339042042041392E+01   -0.19726439131498491883E-07    0.56713309203699270334E-16
    0.14724217010110109971E+01    0.14685970076005187819E-06   -0.41529691654768450356E-16
    0.14812094978178178550E+01    0.33382926337402729535E-06   -0.14786690531929518844E-15
    0.14899972946246244909E+01    0.53030592604936034899E-06   -0.18330867930646961283E-15
    0.14987850914314313489E+01    0.11303929612600956479E-05   -0.12589243360469864111E-15
    0.15075728882382382068E+01    0.30414313545337250214E-05   -0.30369650286687290166E-16
    0.15163606850450450647E+01    0.76304917347240114908E-05    0.54069438808446512414E-17
    0.15251484818518519226E+01    0.17344654568149176562E-04   -0.10437772148701685630E-15
    0.15339362786586585585E+01    0.37992175405498819247E-04   -0.34376730361956111490E-15
    0.15427240754654654165E+01    0.82013046673786338826E-04   -0.52186525397490750245E-15
    0.15515118722722722744E+01    0.17424168485819831057E-03   -0.39083466499607268621E-15
    0.15602996690790791323E+01    0.36025419749070956019E-03    0.65499740793014333650E-16
    0.15690874658858859902E+01    0.72140798766737136358E-03    0.51089691174336864086E-15
    0.15778752626926926261E+01    0.14049312274674117650E-02    0.58453376150776342429E-15
    0.15866630594994994841E+01    0.26624124784430792771E-02    0.32075965023093589788E-15
    0.15954508563063063420E+01    0.49073161792439175602E-02    0.11060795907255149000E-15
    0.16042386531131129779E+01    0.87903881656444578935E-02    0.24428692042877556707E-15
    0.16130264499199198358E+01    0.15287754227363557422E-01    0.62685942168837818904E-15
    0.16218142467267266937E+01    0.25813293930459491748E-01    0.10245519913976513814E-14
    0.16306020435335335517E+01    0.42322643492833933454E-01    0.14401548544756586077E-14
    0.16393898403403404096E+01    0.67307850263160232118E-01    0.20942233532277124765E-14
    0.16481776371471470455E+01    0.10368317205398853986E+00    0.30486303636263509178E-14
    0.16569654339539539034E+01    0.15447143749566125126E+00    0.39978860111531054917E-14
    0.16657532307607607613E+01    0.22205936629094749635E+00    0.45540604852523846090E-14
    0.16745410275675676193E+01    0.30725171972588549707E+00    0.46439816262001034456E-14
    0.16833288243743744772E+01    0.40802284024954188490E+00    0.45051684572637429425E-14
    0.16921166211811811131E+01    0.51802253790483032692E+00    0.43208278840416468371E-14
    0.17009044179879879710E+01    0.62559079738549761007E+00    0.40029031001788756470E-14
    0.17096922147947948289E+01    0.71401452597889092377E+00    0.34185356241364845806E-14
    0.17184800116016014648E+01    0.76261227326647662572E+00    0.27163987089173420093E-14
    0.17272678084084085448E+01    0.75026201093045574719E+00    0.22998064210905067666E-14
    0.17360556052152151807E+01    0.66110139933859146666E+00    0.24820677612650853164E-14
    0.17448434020220220386E+01    0.49020314718651897268E+00    0.32048365781930656333E-14
    0.17536311988288288966E+01    0.24857656113041343149E+00    0.39894432381634969111E-14
    0.17624189956356355324E+01   -0.33136991848289151785E-01    0.40206834420596612540E-14
    0.17712067924424426124E+01   -0.30759836393158551671E+00    0.25470993731503724563E-14
    0.17799945892492492483E+01   -0.51970005959092857584E+00   -0.45662273858626088739E-15
    0.17887823860560561062E+01   -0.61812668852155905341E+00   -0.39746202313375868740E-14
    0.17975701828628629642E+01   -0.57118553212617095838E+00   -0.64898133445912854729E-14
    0.18063579796696696000E+01   -0.38220938712821594940E+00   -0.67768369090803172169E-14
    0.18151457764764764580E+01   -0.93304219365365981265E-01   -0.44343220043564593768E-14
    0.18239335732832833159E+01    0.22154850169233938906E+00   -0.16295699896724890353E-15
    0.18327213700900899518E+01    0.47106448650693616420E+00    0.43158712838698638883E-14
    0.18415091668968970318E+01    0.57548352831742299873E+00    0.70750340113486628114E-14
    0.18502969637037036676E+01    0.49750591918483832998E+00    0.69578396705885047633E-14
    0.18590847605105105256E+01    0.25645642426820669524E+00    0.40098673832919839008E-14
    0.18678725573173173835E+01   -0.72962530985670584482E-01   -0.58401181990326155873E-15
    0.18766603541241240194E+01   -0.37599775606375646086E+00   -0.48565497641178938061E-14
    0.18854481509309310994E+01   -0.54022680256626298689E+00   -0.69340540600756801534E-14
    0.18942359477377377353E+01   -0.50298196057275379456E+00   -0.59848626983189148243E-14
    0.19030237445445445932E+01   -0.27404151903424284198E+00   -0.25484521477454341848E-14
    0.19118115413513514511E+01    0.64218215419576618608E-01    0.16926741219332054102E-14
    0.19205993381581580870E+01    0.37640460858414481748E+00    0.45162626536415263619E-14
    0.19293871349649649449E+01    0.53106604413140690024E+00    0.44398227988952869977E-14
    0.19381749317717718029E+01    0.46363616867148171874E+00    0.19485753054344997149E-14
    0.19469627285785784387E+01    0.20049880262734115499E+00   -0.92794447138120948996E-15
    0.19557505253853855187E+01   -0.15156803875424001982E+00   -0.24274143121692855936E-14
    0.19645383221921921546E+01   -0.43751080630618249812E+00   -0.22763929859895851359E-14
    0.19733261189989990125E+01   -0.52409771587521325475E+00   -0.12809638040278116838E-14
    0.19821139158058058705E+01   -0.37264433588242340534E+00   -0.42501790868268613771E-15
    0.19909017126126125063E+01   -0.53120038351122486620E-01   -0.26155870490474429691E-15
    0.19996895094194195863E+01    0.29250370000520253821E+00   -0.58643701988902606912E-15
    0.20084773062262262222E+01    0.50275755442601199885E+00   -0.52519010775915425831E-15
    0.20172651030330328581E+01    0.47060086959062591427E+00    0.56340641640091438902E-15
    0.20260528998398399381E+01    0.21123866409370406494E+00    0.21334094358061639708E-14
    0.20348406966466465740E+01   -0.14641134048776421883E+00    0.27654564897498979770E-14
    0.20436284934534532098E+01   -0.43252687226252389818E+00    0.15272011260947530029E-14
    0.20524162902602602898E+01   -0.50978774001496052204E+00   -0.11313754608663880692E-14
    0.20612040870670673698E+01   -0.33237186114210254262E+00   -0.37272729916481502994E-14
    0.20699918838738740057E+01    0.13608683633617262715E-01   -0.45281354775625155307E-14
    0.20787796806806806416E+01    0.34922158109438738993E+00   -0.24996684732148733732E-14
    0.20875674774874877215E+01    0.50676101479164292751E+00    0.16667279129478303690E-14
    0.20963552742942943574E+01    0.41241309457797442617E+00    0.54236826741626124339E-14
    0.21051430711011009933E+01    0.10831807368795673407E+00    0.61475043429279635596E-14
    0.21139308679079080733E+01   -0.25526014643815525540E+00    0.32192521120933650938E-14
    0.21227186647147147092E+01   -0.48639586765382253342E+00   -0.16842067921075558926E-14
    0.21315064615215213450E+01   -0.46361590852445933031E+00   -0.57968147250103107629E-14
    0.21402942583283284250E+01   -0.20593333011535416843E+00   -0.66346227288679215120E-14
    0.21490820551351350609E+01    0.15569972991273448026E+00   -0.33604928508360227400E-14
    0.21578698519419421409E+01    0.44113993369975745829E+00    0.22075865422103964174E-14
    0.21666576487487487768E+01    0.49887262881424893068E+00    0.65783198423310405876E-14
    0.21754454455555558567E+01    0.29265850094326367747E+00    0.71468007775493293940E-14
    0.21842332423623624926E+01   -0.63962844568633742126E-01    0.38734766986924849255E-14
    0.21930210391691691285E+01   -0.38308225592991712594E+00   -0.12195664244460639114E-14
    0.22018088359759762085E+01   -0.50587891971195353413E+00   -0.52765031070426944569E-14
    0.22105966327827828444E+01   -0.36856551423522709854E+00   -0.60197052751429930833E-14
    0.22193844295895894803E+01   -0.34742460099277741592E-01   -0.32356904510350547737E-14
    0.22281722263963965602E+01    0.31837809798864730171E+00    0.84789912852443783750E-15
    0.22369600232032031961E+01    0.50076059693398999872E+00    0.34731519949617576790E-14
    0.22457478200100098320E+01    0.42302588606291885442E+00    0.36054323790729561647E-14
    0.22545356168168169120E+01    0.12971515691780269308E+00    0.21269210952804992727E-14
    0.22633234136236239920E+01   -0.23370784096494251481E+00    0.38397428773733291778E-15
    0.22721112104304301837E+01   -0.47923881111251681597E+00   -0.89575352298834549485E-15
    0.22808990072372372637E+01   -0.47169072578919923888E+00   -0.15762559186960557626E-14
    0.22896868040440443437E+01   -0.21747516105239880768E+00   -0.17590189366501634290E-14
    0.22984746008508509796E+01    0.14485368740701365375E+00   -0.15243068580523938206E-14
    0.23072623976576576155E+01    0.43213865117590360976E+00   -0.76769090867467481842E-15
    0.23160501944644646954E+01    0.50105812868654875381E+00    0.74138660488056026944E-15
    0.23248379912712713313E+01    0.30951929175054920806E+00    0.28758715944088750064E-14
    0.23336257880780779672E+01   -0.45020831099285868460E-01    0.46932417392842651175E-14
    0.23424135848848850472E+01   -0.37330496687246661480E+00    0.48207569486041015772E-14
    0.23512013816916916831E+01   -0.50796768935957847813E+00    0.24895251162153007088E-14
    0.23599891784984983190E+01   -0.38796962737177759228E+00   -0.17387375994051355384E-14
    0.23687769753053053989E+01   -0.70833835156762850471E-01   -0.59950926330575724860E-14
    0.23775647721121124789E+01    0.28661244067640601063E+00   -0.75606640813848659574E-14
    0.23863525689189186707E+01    0.49819614728683631055E+00   -0.44190233630844129626E-14
    0.23951403657257257507E+01    0.45489928232277698772E+00    0.24473788426103874297E-14
    0.24039281625325328307E+01    0.18648263642812704100E+00    0.86094442717849379684E-14
    0.24127159593393394665E+01   -0.17301856491812139804E+00    0.95409321645575135312E-14
    0.24215037561461461024E+01   -0.45023572576853887472E+00    0.44354184939651376268E-14
    0.24302915529529531824E+01   -0.50511718599149468822E+00   -0.35461780397116412901E-14
    0.24390793497597598183E+01   -0.30620780274061504267E+00   -0.98033930687532980044E-14
    0.24478671465665664542E+01    0.42073911714073784773E-01   -0.10752364551864261551E-13
    0.24566549433733735341E+01    0.36655940387176128015E+00   -0.55814217633330978201E-14
    0.24654427401801801700E+01    0.51492056599929192373E+00    0.27171378986059145506E-14
    0.24742305369869868059E+01    0.41549340415149099703E+00    0.89998278734181174772E-14
    0.24830183337937938859E+01    0.11137065409789377590E+00    0.95962179694608458484E-14
    0.24918061306006009659E+01   -0.24685061364947710749E+00    0.45738576717686239418E-14
    0.25005939274074071577E+01   -0.48332140706678278219E+00   -0.30186888921379226585E-14
    0.25093817242142142376E+01   -0.49063392882933903882E+00   -0.88748075689784472000E-14
    0.25181695210210213176E+01   -0.26817174841277185982E+00   -0.95292533759962975644E-14
    0.25269573178278279535E+01    0.83634269666264332566E-01   -0.46277084689532674586E-14
    0.25357451146346345894E+01    0.39798333339158514788E+00    0.24749003810889049138E-14
    0.25445329114414416694E+01    0.52335744295344222010E+00    0.73534851448362162937E-14
    0.25533207082482483052E+01    0.40577801551046571715E+00    0.76468524564772055017E-14
    0.25621085050550549411E+01    0.10394684512315398306E+00    0.38814431415766170543E-14
    0.25708963018618620211E+01   -0.24720509630055820249E+00   -0.14803305508935299635E-14
    0.25796840986686686570E+01   -0.48812837176144030504E+00   -0.53655838051150553784E-14
    0.25884718954754752929E+01   -0.50528602245572373786E+00   -0.57902043127963148009E-14
    0.25972596922822823728E+01   -0.29396596653447942815E+00   -0.32524392125268691902E-14
    0.26060474890890894528E+01    0.46270589886974473892E-01   -0.34500564548051618523E-16
    0.26148352858958960887E+01    0.36661191086845373865E+00    0.19985387594636177311E-14
    0.26236230827027027246E+01    0.52757098902683630115E+00    0.26677881010415948357E-14
    0.26324108795095098046E+01    0.45485596313485354703E+00    0.27188182862039028970E-14
    0.26411986763163164404E+01    0.18218517503410061598E+00    0.26488285884963636167E-14
    0.26499864731231230763E+01   -0.16731011394039627116E+00    0.23915727813315812539E-14
    0.26587742699299301563E+01   -0.44468741488024127184E+00    0.16452711890517739993E-14
    0.26675620667367367922E+01   -0.53408140053785646550E+00    0.20747713740651997649E-15
    0.26763498635435434281E+01   -0.39458452302732816008E+00   -0.17932965855042454077E-14
    0.26851376603503505081E+01   -0.86466506364288014952E-01   -0.37556079859284315703E-14
    0.26939254571571571439E+01    0.25620818513259013827E+00   -0.47616651555964427512E-14
    0.27027132539639637798E+01    0.49143797364658947657E+00   -0.39561750478440506687E-14
    0.27115010507707708598E+01    0.52508820534104827527E+00   -0.99703817592863311376E-15
    0.27202888475775779398E+01    0.34122648580574255206E+00    0.34030583902389649169E-14
    0.27290766443843845757E+01    0.15968055042041361807E-01    0.71672279808264768285E-14
    0.27378644411911912115E+01   -0.31436388295267481130E+00    0.78074716400383918253E-14
    0.27466522379979982915E+01   -0.51724062042351348634E+00    0.42394185493858520966E-14
    0.27554400348048049274E+01   -0.51511942003469790574E+00   -0.22400400194881842891E-14
    0.27642278316116115633E+01   -0.30753067467972622362E+00   -0.86582759464279738145E-14
    0.27730156284184186433E+01    0.22926177550125808463E-01   -0.11615216260372804734E-13
    0.27818034252252252791E+01    0.34330274002720451154E+00   -0.88907519278117605976E-14
    0.27905912220320319150E+01    0.52983283497166111520E+00   -0.12052909443571812447E-14
    0.27993790188388389950E+01    0.51427683085296471699E+00    0.75321828707164816642E-14
    0.28081668156456460750E+01    0.30172662319551585286E+00    0.12742617493192767815E-13
    0.28169546124524522668E+01   -0.26508782696566139669E-01    0.12029740369810467928E-13
    0.28257424092592593468E+01   -0.34384445156095305718E+00    0.59778529804229700140E-14
    0.28345302060660664267E+01   -0.53252617110662536781E+00   -0.25565243767937253148E-14
    0.28433180028728730626E+01   -0.52593860915773671394E+00   -0.96665286199784624868E-14
    0.28521057996796796985E+01   -0.32579543270844157909E+00   -0.12287384080407348591E-13
    0.28608935964864867785E+01   -0.59056385592871889906E-02   -0.98783840040562946375E-14
    0.28696813932932934144E+01    0.31524142740396748907E+00   -0.42368319520714922387E-14
    0.28784691901001000502E+01    0.52313951853221363208E+00    0.19898316511530404460E-14
    0.28872569869069071302E+01    0.54655267468208845738E+00    0.65360648560453565279E-14
    0.28960447837137137661E+01    0.37658974145045015502E+00    0.80832078759963291969E-14
    0.29048325805205204020E+01    0.73976116609052192108E-01    0.65470051529273215603E-14
    0.29136203773273274820E+01   -0.25346659207028915395E+00    0.29085052664824953215E-14
    0.29224081741341345619E+01   -0.49364161937883926923E+00   -0.12756986478769935194E-14
    0.29311959709409407537E+01   -0.56675219650055819187E+00   -0.44297474822272260064E-14
    0.29399837677477478337E+01   -0.44756934881118598524E+00   -0.55794977423959658676E-14
    0.29487715645545549137E+01   -0.17775002074059398360E+00   -0.48242423629154942638E-14
    0.29575593613613615496E+01    0.15031287588499767094E+00   -0.30338042474370514023E-14
    0.29663471581681681855E+01    0.42911021118597819646E+00   -0.10326035976764591118E-14
    0.29751349549749752654E+01    0.56917592049832077539E+00    0.87808292718041186512E-15
    0.29839227517817819013E+01    0.52486215075762787663E+00    0.27274591084954877472E-14
    0.29927105485885885372E+01    0.31243452435332946804E+00    0.45268872032440991571E-14
    0.30014983453953956172E+01    0.18227149996251936197E-02    0.60224997697729393904E-14
    0.30102861422022022531E+01   -0.30977746027114699823E+00    0.65430232187539498083E-14
    0.30190739390090088889E+01   -0.52606609042712759727E+00    0.51917314090081527574E-14
    0.30278617358158159689E+01   -0.58004907548330431055E+00    0.16173151100221420559E-14
    0.30366495326226230489E+01   -0.45751607752822920361E+00   -0.32860917937850711676E-14
    0.30454373294294292407E+01   -0.19775569800598588599E+00   -0.76932127533665275414E-14
    0.30542251262362363207E+01    0.12159228447771844306E+00   -0.98366979348356355589E-14
    0.30630129230430434006E+01    0.40552299532161423246E+00   -0.87683694662086652936E-14
    0.30718007198498500365E+01    0.57027719404756638255E+00   -0.46282878412117910377E-14
    0.30805885166566566724E+01    0.57011727693629632441E+00    0.13125041375500551700E-14
    0.30893763134634637524E+01    0.40690605390036377331E+00    0.70535132414916286037E-14
    0.30981641102702703883E+01    0.12746274689073477937E+00    0.10562030745140588459E-13
    0.31069519070770770242E+01   -0.18798673418045039329E+00    0.10448294270386870051E-13
    0.31157397038838841041E+01   -0.45070675811507787678E+00    0.65573416091325786846E-14
    0.31245275006906907400E+01   -0.58961800431007782564E+00    0.32315403937185475990E-15
    0.31333152974974973759E+01   -0.56781767505344526992E+00   -0.58424729589255721516E-14
    0.31421030943043044559E+01   -0.39190751241435534125E+00   -0.97770410589457945042E-14
    0.31508908911111115358E+01   -0.11124538210827622509E+00   -0.10415469951720027211E-13
    0.31596786879179177276E+01    0.19875915814058789377E+00   -0.79111806417908783201E-14
    0.31684664847247248076E+01    0.45715925729199330396E+00   -0.34802754067999185476E-14
    0.31772542815315318876E+01    0.59688089487390283416E+00    0.11602282214033778767E-14
    0.31860420783383385235E+01    0.58272165970796396817E+00    0.45969825766352695434E-14
    0.31948298751451451594E+01    0.42060701628242408434E+00    0.62068456092762621983E-14
    0.32036176719519522393E+01    0.15242720095895909149E+00    0.60786461285745017059E-14
    0.32124054687587593193E+01   -0.15422584541924741486E+00    0.47763456555128033621E-14
    0.32211932655655655111E+01   -0.42273886173053243365E+00    0.30307759092929809114E-14
    0.32299810623723725911E+01   -0.58794541716362103134E+00    0.13969205417366064125E-14
    0.32387688591791796711E+01   -0.61156882388446398569E+00    0.55998022911035391768E-16
    0.32475566559859858629E+01   -0.48880521379327351861E+00   -0.11376846663872917029E-14
    0.32563444527927929428E+01   -0.25026537152022271249E+00   -0.25062386884748834924E-14
    0.32651322495996000228E+01    0.46607802806934328643E-01   -0.42133407987855594840E-14
    0.32739200464064062146E+01    0.33290993690433806629E+00   -0.58422678990814264546E-14
    0.32827078432132132946E+01    0.54351609339082007644E+00   -0.64001086204313696850E-14
    0.32914956400200203745E+01    0.63117555460096563813E+00   -0.50294017638593691712E-14
    0.33002834368268265663E+01    0.57807280130132765450E+00   -0.17342592647572420949E-14
    0.33090712336336336463E+01    0.39774648885708435708E+00    0.25795552461822730570E-14
    0.33178590304404407263E+01    0.13052750642668298209E+00    0.65125314742596838903E-14
    0.33266468272472478063E+01   -0.16488531999594466249E+00    0.86517167196608512402E-14
    0.33354346240540539981E+01   -0.42526326525414781532E+00    0.81085976842343541695E-14
    0.33442224208608610780E+01   -0.59696765583285371637E+00    0.49493753752525356911E-14
    0.33530102176676681580E+01   -0.64565557337479462241E+00    0.10930855149632892708E-15
    0.33617980144744743498E+01   -0.56278392277364663876E+00   -0.50218371659878566769E-14
    0.33705858112812814298E+01   -0.36715447459375982753E+00   -0.90200301118682245140E-14
    0.33793736080880885098E+01   -0.98881708564798942440E-01   -0.10813629093518892275E-13
    0.33881614048948947016E+01    0.18894110394928845253E+00   -0.99967082872032808178E-14
    0.33969492017017017815E+01    0.44054353151080927198E+00   -0.68686923350450774522E-14
    0.34057369985085088615E+01    0.60878683828709001524E+00   -0.22950518861806440841E-14
    0.34145247953153150533E+01    0.66369835516664976716E+00    0.25156321714736393255E-14
    0.34233125921221221333E+01    0.59643944335866572182E+00    0.63452616175525635681E-14
    0.34321003889289292133E+01    0.42091309989213354648E+00    0.83007310844187768401E-14
    0.34408881857357362932E+01    0.17010781674053829238E+00    0.80421509888042562304E-14
    0.34496759825425424850E+01   -0.11089898456667128535E+00    0.59251456620470439976E-14
    0.34584637793493495650E+01   -0.37274536158092197446E+00    0.28972035389338229085E-14
    0.34672515761561566450E+01   -0.57044521359914157621E+00    0.17566673451888588011E-16
    0.34760393729629628368E+01   -0.67139032857591052217E+00   -0.20261527015461420375E-14
    0.34848271697697699167E+01   -0.65981033432735680666E+00   -0.30477988757720626541E-14
    0.34936149665765769967E+01   -0.53882080082489114403E+00   -0.32675102490549001369E-14
    0.35024027633833831885E+01   -0.32972694150134701507E+00   -0.31494858671022265327E-14
    0.35111905601901902685E+01   -0.67317177379085782474E-01   -0.31620054152824081782E-14
    0.35199783569969973485E+01    0.20599891234572448306E+00   -0.35468955225332928156E-14
    0.35287661538038035403E+01    0.44692676662418900912E+00   -0.42017296496437155134E-14
    0.35375539506106106202E+01    0.61842028683345984241E+00   -0.46468281067349411599E-14
    0.35463417474174177002E+01    0.69519885418418825296E+00   -0.41851983635254144023E-14
    0.35551295442242247802E+01    0.66669935689911985488E+00   -0.23496524849303398110E-14
    0.35639173410310309720E+01    0.53862519648920448301E+00    0.69997146515835568684E-15
    0.35727051378378380520E+01    0.33124149048399686990E+00    0.42495112842076504227E-14
    0.35814929346446451319E+01    0.75629493680974615999E-01    0.73843231503375570105E-14
    0.35902807314514513237E+01   -0.19091354161168636039E+00    0.92825255123013334731E-14
    0.35990685282582584037E+01   -0.43054831216824712703E+00    0.93830262885357807001E-14
    0.36078563250650654837E+01   -0.61043253959985877000E+00    0.75103903944910656732E-14
    0.36166441218718716755E+01   -0.70673693437781326399E+00    0.39423557438674982744E-14
    0.36254319186786787554E+01   -0.70760458890312805114E+00   -0.57078708252327956597E-15
    0.36342197154854858354E+01   -0.61443986299040342924E+00   -0.49550936611957277024E-14
    0.36430075122922929154E+01   -0.44076685446861790796E+00   -0.82110582997453770610E-14
    0.36517953090990991072E+01   -0.21017733559138301880E+00   -0.97859574439546218725E-14
    0.36605831059059061872E+01    0.47133383042486286241E-01   -0.96205133337532424153E-14
    0.36693709027127132671E+01    0.29864783840202852039E+00   -0.80022944891776512535E-14
    0.36781586995195194589E+01    0.51356780082272801558E+00   -0.54360954884635286570E-14
    0.36869464963263265389E+01    0.66639759447886581789E+00   -0.25603242823569544490E-14
    0.36957342931331336189E+01    0.74000708546599469617E+00   -0.42253261525038247407E-16
    0.37045220899399398107E+01    0.72706339888753779288E+00    0.16498878316913214001E-14
    0.37133098867467468907E+01    0.63041303356997269169E+00    0.25239579574402931580E-14
    0.37220976835535539706E+01    0.46243760398824707014E+00    0.30605578469578326349E-14
    0.37308854803603601624E+01    0.24298632184038712611E+00    0.37876874107608960775E-14
    0.37396732771671672424E+01   -0.31125471559342496840E-02    0.48675242469975866018E-14
    0.37484610739739743224E+01   -0.24894181809556606422E+00    0.60942980550804472481E-14
    0.37572488707807814023E+01   -0.46858117584933645094E+00    0.71268964734755370946E-14
    0.37660366675875875941E+01   -0.63976247087361248767E+00    0.76440339822713298911E-14
    0.37748244643943946741E+01   -0.74586224474889084579E+00    0.73608814285334290356E-14
    0.37836122612012017541E+01   -0.77745837647236071266E+00    0.60372165005092228816E-14
    0.37924000580080079459E+01   -0.73277665627872834442E+00    0.35702263660518532262E-14
    0.38011878548148150259E+01   -0.61744465675740478616E+00    0.12755265950030699142E-15
    0.38099756516216221058E+01   -0.44366696733190208457E+00   -0.38244240694158808299E-14
    0.38187634484284282976E+01   -0.22862168723891862498E+00   -0.76498345568975574480E-14
    0.38275512452352353776E+01    0.73534121764434528731E-02   -0.10699936037382087779E-13
    0.38363390420420424576E+01    0.24272749470880702893E+00   -0.12443021234338685053E-13
    0.38451268388488486494E+01    0.45680590940124704558E+00   -0.12575092243430861961E-13
    0.38539146356556557294E+01    0.63148779457123416226E+00   -0.11089122139591237752E-13
    0.38627024324624628093E+01    0.75261940570988050681E+00   -0.82854770540012717470E-14
    0.38714902292692698893E+01    0.81108302366673645789E+00   -0.47392656992940288325E-14
    0.38802780260760760811E+01    0.80322081149282797963E+00   -0.11536662227652406337E-14
    0.38890658228828831611E+01    0.73084643475752497643E+00    0.18481647315841829519E-14
    0.38978536196896902410E+01    0.60086996703809825160E+00    0.38930972477312366240E-14
    0.39066414164964964328E+01    0.42440518410522209969E+00    0.49659084691179081067E-14
    0.39154292133033035128E+01    0.21571239699525660005E+00    0.54364472888243407837E-14
    0.39242170101101105928E+01   -0.90585500758032146823E-02    0.58360543058332444434E-14
    0.39330048069169167846E+01   -0.23322752814089545148E+00    0.65087309122336803528E-14
    0.39417926037237238646E+01   -0.44083610780242976634E+00    0.74405668009199363707E-14
    0.39505804005305309445E+01   -0.61773477631561368728E+00    0.83551478959000118773E-14
    0.39593681973373371363E+01   -0.75253200075425119575E+00    0.88603796470866442663E-14
    0.39681559941441442163E+01   -0.83716302924205643343E+00    0.85772786667390453043E-14
    0.39769437909509512963E+01   -0.86722342636419436079E+00    0.72551330042914185791E-14
    0.39857315877577583763E+01   -0.84204917902223808124E+00    0.48518133624515687052E-14
    0.39945193845645645681E+01   -0.76445944699025614177E+00    0.15655082379619565453E-14
    0.40033071813713716480E+01   -0.64037428908293270169E+00   -0.21727904307329889170E-14
    0.40120949781781787280E+01   -0.47823429662827515729E+00   -0.58127749989669738972E-14
    0.40208827749849849198E+01   -0.28830974459181368807E+00   -0.88502300756730689724E-14
    0.40296705717917919998E+01   -0.81995411426749459372E-01   -0.10920224267796692362E-13
    0.40384583685985990797E+01    0.12890402189446012460E+00   -0.11785033062299451408E-13
    0.40472461654054052715E+01    0.33286143177729515807E+00   -0.11325557215796198775E-13
    0.40560339622122123515E+01    0.51920969126586480336E+00   -0.96241314649201082979E-14
    0.40648217590190194315E+01    0.67865605484025670613E+00   -0.70825484574100025705E-14
    0.40736095558258256233E+01    0.80368447544637622304E+00   -0.43790902536357107016E-14
    0.40823973526326327033E+01    0.88880753607561968632E+00   -0.21999954856045039911E-14
    0.40911851494394397832E+01    0.93074204431425011652E+00   -0.96448747113406158741E-15
    0.40999729462462468632E+01    0.92842210758985621588E+00   -0.69222661688033923427E-15
    0.41087607430530530550E+01    0.88291596177092213082E+00   -0.96624687001222659869E-15
    0.41175485398598601350E+01    0.79725642456128298363E+00   -0.10846350606051207164E-14
    0.41263363366666672150E+01    0.67616066407659791704E+00   -0.46079204043990726498E-15
    0.41351241334734734068E+01    0.52571263668294043736E+00    0.10406711615448225589E-14
    0.41439119302802804867E+01    0.35299297513666350046E+00    0.31743851943063944173E-14
    0.41526997270870875667E+01    0.16568229317633426101E+00    0.55913054090548481679E-14
    0.41614875238938937585E+01   -0.28319215901839951688E-01    0.79869555122514136968E-14
    0.41702753207007008385E+01   -0.22124727424195164693E+00    0.10057373020097323170E-13
    0.41790631175075079184E+01   -0.40580321990127848908E+00    0.11445702817634545431E-13
    0.41878509143143141102E+01   -0.57541087133555479660E+00    0.11791423099498584676E-13
    0.41966387111211211902E+01   -0.72442871328124336383E+00    0.10836963551777737726E-13
    0.42054265079279282702E+01   -0.84830136887554052905E+00    0.85596932949322852230E-14
    0.42142143047347353502E+01   -0.94363241032317635160E+00    0.53306572499102404766E-14
    0.42230021015415415420E+01   -0.10082218163773457587E+01    0.19592402307705007790E-14
    0.42317898983483486219E+01   -0.10410350617670878215E+01   -0.67626223281809904902E-15
    0.42405776951551557019E+01   -0.10421333837402109168E+01   -0.21760980770737078011E-14
    0.42493654919619618937E+01   -0.10125754395644779304E+01   -0.27514224168531967788E-14
    0.42581532887687689737E+01   -0.95428377888688642461E+00   -0.27907901853859546363E-14
    0.42669410855755760537E+01   -0.86990073821791868980E+00   -0.24635499040752246556E-14
    0.42757288823823822455E+01   -0.76263178898242889314E+00   -0.18324358559522543210E-14
    0.42845166791891893254E+01   -0.63608301117656240731E+00   -0.12012624023274612112E-14
    0.42933044759959964054E+01   -0.49410513984049692082E+00   -0.11410966151355493402E-14
    0.43020922728028034854E+01   -0.34064693837354381722E+00   -0.20753676480868644592E-14
    0.43108800696096096772E+01   -0.17961696946641048100E+00   -0.39236690487405562395E-14
    0.43196678664164167571E+01   -0.14767749739458688879E-01   -0.62372489581526150844E-14
    0.43284556632232238371E+01    0.15040641109955121824E+00   -0.85677026258862137228E-14
    0.43372434600300300289E+01    0.31275073442476208907E+00   -0.10615755515480307012E-13
    0.43460312568368371089E+01    0.46950478754766195033E+00   -0.12075794433303253013E-13
    0.43548190536436441889E+01    0.61834297767732659956E+00   -0.12521534747709859183E-13
    0.43636068504504503807E+01    0.75738402327144060955E+00   -0.11627598378247722347E-13
    0.43723946472572574606E+01    0.88518312017872624597E+00   -0.95306306331663077150E-14
    0.43811824440640645406E+01    0.10007103108618402576E+01   -0.68634996468062095213E-14
    0.43899702408708707324E+01    0.11033121559690357572E+01   -0.43565054310757959432E-14
    0.43987580376776778124E+01    0.11926675678943809977E+01   -0.24652456321957181772E-14
    0.44075458344844848924E+01    0.12687347957660628506E+01   -0.13626436594238476700E-14
    0.44163336312912919723E+01    0.13316942523959174327E+01   -0.11038619010330100100E-14
    0.44251214280980981641E+01    0.13818945219987510686E+01   -0.16672941689005619527E-14
    0.44339092249049052441E+01    0.14198029266672518300E+01   -0.28252356681101244731E-14
    0.44426970217117123241E+01    0.14459630850856213247E+01   -0.40674210516012716183E-14
    0.44514848185185185159E+01    0.14609727173334725592E+01   -0.48051824860946565853E-14
    0.44602726153253255958E+01    0.14654720543141430689E+01   -0.46952373141893939843E-14
    0.44690604121321326758E+01    0.14601361552041705050E+01   -0.37529152073501187223E-14
    0.44778482089389388676E+01    0.14456714586700138980E+01   -0.21891684083715898564E-14
    0.44866360057457459476E+01    0.14228135362563072430E+01   -0.24473415703828067435E-15
    0.44954238025525530276E+01    0.13923261919577960555E+01    0.18164398836435170011E-14
    0.45042115993593592194E+01    0.13550013026345248957E+01    0.36462604196557104668E-14
    0.45129993961661662993E+01    0.13116593461598482495E+01    0.48675671235896177296E-14
    0.45217871929729733793E+01    0.12631506560443999110E+01    0.52784972346908956895E-14
    0.45305749897797804593E+01    0.12103532849567921748E+01    0.49981099218200806783E-14
    0.45393627865865866511E+01    0.11541594557201049209E+01    0.43326089501073862564E-14
    0.45481505833933937311E+01    0.10954562348071481548E+01    0.35222575064709114462E-14
    0.45569383802002008110E+01    0.10351049539515717601E+01    0.26662445213715353494E-14
    0.45657261770070070028E+01    0.97391952688592264842E+00    0.18767371458922335574E-14
    0.45745139738138140828E+01    0.91264706240754278621E+00    0.13956327252930839763E-14
    0.45833017706206211628E+01    0.85195648643226318253E+00    0.14574976558371462391E-14
    0.45920895674274273546E+01    0.79243137372192151702E+00    0.20519995673417121933E-14
    0.46008773642342344345E+01    0.73456542590786055857E+00    0.29087779705634236632E-14
    0.46096651610410415145E+01    0.67876098992608524529E+00    0.37623267567663837465E-14
    0.46184529578478477063E+01    0.62532953038667371537E+00    0.45551080985499690569E-14
    0.46272407546546547863E+01    0.57449655951642930596E+00    0.52839179367434587825E-14
    0.46360285514614618663E+01    0.52640899384005346295E+00    0.57096696039270833174E-14
    0.46448163482682689462E+01    0.48114494596311668806E+00    0.54036495618462147966E-14
    0.46536041450750751380E+01    0.43872633103511499142E+00    0.42109296706864139389E-14
    0.46623919418818822180E+01    0.39913116764780259826E+00    0.25725960222814661623E-14
    0.46711797386886892980E+01    0.36230333495094396712E+00    0.11696750790298927849E-14
    0.46799675354954954898E+01    0.32816096220531315586E+00    0.29770143388626041152E-15
    0.46887553323023025698E+01    0.29660352627200842202E+00   -0.24285669468937085221E-15
    0.46975431291091096497E+01    0.26751745106613111780E+00   -0.61645616692635115936E-15
    0.47063309259159158415E+01    0.24078105927027096400E+00   -0.54684535344269760711E-15
    0.47151187227227229215E+01    0.21626833301690662203E+00    0.34863553397994732992E-15
    0.47239065195295300015E+01    0.19385200109158148840E+00    0.19348864646920342405E-14
    0.47326943163363361933E+01    0.17340566613187871625E+00    0.34975651291569161912E-14
    0.47414821131431432732E+01    0.15480481093071687959E+00    0.43730313352492490246E-14
    0.47502699099499503532E+01    0.13792748768090964950E+00    0.44657042990075025252E-14
    0.47590577067567574332E+01    0.12265463503166257331E+00    0.40452066353624460168E-14
    0.47678455035635636250E+01    0.10887023821894557807E+00    0.32493580043421495382E-14
    0.47766333003703707050E+01    0.96461647588277146803E-01    0.19940236373910328119E-14
    0.47854210971771777849E+01    0.85320094807830426653E-01    0.38181636799983422392E-15
    0.47942088939839839767E+01    0.75341189181473103287E-01   -0.10204858060006086340E-14
    0.48029966907907910567E+01    0.66425248654100307877E-01   -0.15689663954589996949E-14
    0.48117844875975981367E+01    0.58477550052690251137E-01   -0.11740481384985722375E-14
    0.48205722844044043285E+01    0.51408549629853271534E-01   -0.35246861570954778374E-15
    0.48293600812112114085E+01    0.45134072677478258295E-01    0.41493827285550673334E-15
    0.48381478780180184884E+01    0.39575479040993719049E-01    0.11758937612148733812E-14
    0.48469356748248246802E+01    0.34659771780597127544E-01    0.21876571435450346645E-14
    0.48557234716316317602E+01    0.30319666092993444867E-01    0.32895648925314097381E-14
    0.48645112684384388402E+01    0.26493542165821271778E-01    0.38598165126100759842E-14
    0.48732990652452459202E+01    0.23125263225863560562E-01    0.34688149939409462907E-14
    0.48820868620520521119E+01    0.20163946414840420995E-01    0.23750957037973956144E-14
    0.48908746588588591919E+01    0.17563660881200718333E-01    0.11965818403012429787E-14
    0.48996624556656662719E+01    0.15283092325880400647E-01    0.26114568804945138346E-15
    0.49084502524724724637E+01    0.13285205425537367080E-01   -0.54938563709579115874E-15
    0.49172380492792795437E+01    0.11536905720705184844E-01   -0.13676520138154759280E-14
    0.49260258460860866236E+01    0.10008701979466284177E-01   -0.19901691543833051355E-14
    0.49348136428928928154E+01    0.86743702448835949964E-02   -0.20589490230527440264E-14
    0.49436014396996998954E+01    0.75106219713173740654E-02   -0.14519971415766659688E-14
    0.49523892365065069754E+01    0.64968002003295112837E-02   -0.39408000252098822174E-15
    0.49611770333133140554E+01    0.56146081529372983410E-02    0.76500741362961041145E-15
    0.49699648301201202472E+01    0.48478526540790909533E-02    0.17636325889344305046E-14
    0.49787526269269273271E+01    0.41822153200332719963E-02    0.24544618535753922573E-14
    0.49875404237337344071E+01    0.36050403644984009739E-02    0.27508224664422167550E-14
    0.49963282205405405989E+01    0.31051569624063915347E-02    0.26110064726367482928E-14
    0.50051160173473476789E+01    0.26727399219172442990E-02    0.20696092253293997772E-14
    0.50139038141541547589E+01    0.22991671436679182380E-02    0.12541213124394889597E-14
    0.50226916109609609506E+01    0.19768494762987419075E-02    0.33621399189774923536E-15
    0.50314794077677680306E+01    0.16990561677784562795E-02   -0.53952183108547566687E-15
    0.50402672045745751106E+01    0.14598055640131191949E-02   -0.12725980020902636497E-14
    0.50490550013813813024E+01    0.12538296814944621324E-02   -0.17619269214800095336E-14
    0.50578427981881883824E+01    0.10765419577891046244E-02   -0.18802520764901276376E-14
    0.50666305949949954623E+01    0.92397961090744703660E-03   -0.15325101441696275591E-14
    0.50754183918018025423E+01    0.79273416930198173889E-03   -0.74450229415566269759E-15
    0.50842061886086087341E+01    0.67987722071369521403E-03    0.30359678334603155857E-15
    0.50929939854154158141E+01    0.58288173254031632083E-03    0.13083188708595177308E-14
    0.51017817822222228941E+01    0.49955267572395433383E-03    0.19181373597662338174E-14
    0.51105695790290290859E+01    0.42798620591832242394E-03    0.19049498905272331560E-14
    0.51193573758358361658E+01    0.36654097778713299639E-03    0.13484266876238849917E-14
    0.51281451726426432458E+01    0.31380659153298521647E-03    0.58522946488254575393E-15
    0.51369329694494494376E+01    0.26856836030836545373E-03   -0.99510573378093519634E-16
    0.51457207662562565176E+01    0.22977538426392839048E-03   -0.68595222833232332196E-15
    0.51545085630630635976E+01    0.19651961364228415566E-03   -0.12501527144110921765E-14
    0.51632963598698697893E+01    0.16801966947304310183E-03   -0.16667719412140937238E-14
    0.51720841566766768693E+01    0.14360463535855808579E-03   -0.16156044086520933471E-14
    0.51808719534834839493E+01    0.12269763490558235355E-03   -0.92435639753994471554E-15
    0.51896597502902910293E+01    0.10480098726658533721E-03    0.18473671191205560275E-15
    0.51984475470970972211E+01    0.89485870854452164206E-04    0.12649582737879261291E-14
    0.52072353439039043010E+01    0.76383964492409499292E-04    0.19701440777053323655E-14
    0.52160231407107113810E+01    0.65179428687519287244E-04    0.21915175788505762192E-14
    0.52248109375175184610E+01    0.55601186233280287482E-04    0.19820183405009200803E-14
    0.52335987343243246528E+01    0.47415950704732595850E-04    0.14632166402660766239E-14
    0.52423865311311317328E+01    0.40423197849088358718E-04    0.77549174011558507075E-15
    0.52511743279379388127E+01    0.34450998411435737893E-04    0.48459449998578956303E-16
    0.52599621247447450045E+01    0.29352130235699082795E-04   -0.61471401140618612817E-15
    0.52687499215515520845E+01    0.25000462465113399362E-04   -0.11388413936103743100E-14
    0.52775377183583591645E+01    0.21287691673474153043E-04   -0.14734849783218851119E-14
    0.52863255151651653563E+01    0.18120928787064286345E-04   -0.15826518901423868741E-14
    0.52951133119719724363E+01    0.15420666702285062299E-04   -0.14343457542891253922E-14
    0.53039011087787795162E+01    0.13118922296629971722E-04   -0.10118884462391869302E-14
    0.53126889055855857080E+01    0.11157552666429874878E-04   -0.34801071947895946981E-15
    0.53214767023923927880E+01    0.94867360812706669074E-05    0.45418646637547980067E-15
    0.53302644991991998680E+01    0.80638285421822799784E-05    0.12453392584512674205E-14
    0.53390522960060069479E+01    0.68523896739600355561E-05    0.18697585956670237956E-14
    0.53478400928128131397E+01    0.58213059065056741145E-05    0.21827900837683610339E-14
    0.53566278896196202197E+01    0.49440115778197368619E-05    0.20448442649830410030E-14
    0.53654156864264272997E+01    0.41977866832839821310E-05    0.13505470082741730762E-14
    0.53742034832332334915E+01    0.35632212736810331431E-05    0.16170699298359795753E-15
    0.53829912800400405715E+01    0.30237554171686736053E-05   -0.11534305555775404395E-14
    0.53917790768468476514E+01    0.25652701031594064099E-05   -0.20561614853035189624E-14
    0.54005668736536538432E+01    0.21757294490600090826E-05   -0.22556766981176179439E-14
    0.54093546704604609232E+01    0.18448583465611159166E-05   -0.19576453661847971119E-14
    0.54181424672672680032E+01    0.15638942365204249013E-05   -0.15486415694330714721E-14
    0.54269302640740750832E+01    0.13253726324888731992E-05   -0.11131363367528298492E-14
    0.54357180608808812750E+01    0.11229382393954269420E-05   -0.42209253415050784582E-15
    0.54445058576876883549E+01    0.95118177770969106664E-06    0.58853529496320195949E-15
    0.54532936544944954349E+01    0.80549308481313973000E-06    0.15186485003113139075E-14
    0.54620814513013016267E+01    0.68194720805960043965E-06    0.18681785064833134916E-14
    0.54708692481081087067E+01    0.57720555541410063130E-06    0.15951405168740653257E-14
    0.54796570449149157866E+01    0.48842953212200062688E-06    0.11221345074057284894E-14
    0.54884448417217219784E+01    0.41320665958594248853E-06    0.77453556102191563075E-15
    0.54972326385285290584E+01    0.34948411922672344566E-06    0.40150805028612517163E-15
    0.55060204353353361384E+01    0.29551696421414664498E-06   -0.30916109391660814192E-15
    0.55148082321421423302E+01    0.24982303310929794224E-06   -0.13047295122672614712E-14
    0.55235960289489494102E+01    0.21114381873657003346E-06   -0.21288930966025208387E-14
    0.55323838257557564901E+01    0.17841125650920015354E-06   -0.23841620570138452352E-14
    0.55411716225625635701E+01    0.15071787642555497774E-06   -0.20768645334180364452E-14
    0.55499594193693697619E+01    0.12729346148054776289E-06   -0.14717517848862596452E-14
    0.55587472161761768419E+01    0.10748467871764480913E-06   -0.78156847406964562627E-15
    0.55675350129829839219E+01    0.90737499900494183524E-07   -0.72405384842429984139E-16
    0.55763228097897901137E+01    0.76582377274218891225E-07    0.60776884061358047419E-15
    0.55851106065965971936E+01    0.64620932652740925119E-07    0.11307899605107862404E-14
    0.55938984034034042736E+01    0.54515523230420516768E-07    0.13488385828130313491E-14
    0.56026862002102104654E+01    0.45980120320882924740E-07    0.12059874466256012949E-14
    0.56114739970170175454E+01    0.38772475398859265694E-07    0.76737422741409838354E-15
    0.56202617938238246253E+01    0.32687548766924087737E-07    0.16394835400002942178E-15
    0.56290495906306308171E+01    0.27551614429356941347E-07   -0.46470639594991600002E-15
    0.56378373874374378971E+01    0.23217631817301992884E-07   -0.10022537306087714398E-14
    0.56466251842442449771E+01    0.19561194645533197169E-07   -0.13738367706136235853E-14
    0.56554129810510520571E+01    0.16477066386149215236E-07   -0.15378291289591634543E-14
    0.56642007778578582489E+01    0.13876286972460856335E-07   -0.14528723705839892384E-14
    0.56729885746646653288E+01    0.11683579612819127908E-07   -0.10705383262614370462E-14
    0.56817763714714724088E+01    0.98353129104044420635E-08   -0.40104134917828743417E-15
    0.56905641682782786006E+01    0.82777153660768764143E-08    0.40788124920953219019E-15
    0.56993519650850856806E+01    0.69653543918884041789E-08    0.10967051768714799124E-14
    0.57081397618918927606E+01    0.58598709847659547196E-08    0.14223149319009671627E-14
    0.57169275586986989524E+01    0.49288466385972413898E-08    0.12678079852276007224E-14
    0.57257153555055060323E+01    0.41449122348588296747E-08    0.67131728459023007438E-15
    0.57345031523123131123E+01    0.34849666191412567085E-08   -0.18332275563384023244E-15
    0.57432909491191193041E+01    0.29295132901359174828E-08   -0.10251282578994453134E-14
    0.57520787459259263841E+01    0.24621103898094851782E-08   -0.16004847705635983754E-14
    0.57608665427327334640E+01    0.20688786768470388722E-08   -0.17644133175827000394E-14
    0.57696543395395405440E+01    0.17381146168840855052E-08   -0.15236254826351796923E-14
    0.57784421363463467358E+01    0.14599509264142817658E-08   -0.10467295761551469982E-14
    0.57872299331531538158E+01    0.12260691470195417193E-08   -0.57534259898851379314E-15
    0.57960177299599608958E+01    0.10294617502054601037E-08   -0.24427043795094202546E-15
    0.58048055267667670876E+01    0.86421965269741036782E-09    0.15082114018989352000E-16
    0.58135933235735741675E+01    0.72536558579154859513E-09    0.33806923713520145878E-15
    0.58223811203803812475E+01    0.60870799393263666251E-09    0.72929922920212239351E-15
    0.58311689171871874393E+01    0.51071734526398479920E-09    0.10444277268485057199E-14
    0.58399567139939945193E+01    0.42842360807217008105E-09    0.11436201672168772323E-14
    0.58487445108008015993E+01    0.35932484266478044630E-09    0.10055200964033853257E-14
    0.58575323076076077911E+01    0.30131590144778608717E-09    0.69037161734892319616E-15
    0.58663201044144148710E+01    0.25262602051069705875E-09    0.25824991711722385370E-15
    0.58751079012212219510E+01    0.21176587148998321184E-09   -0.23826311621685066578E-15
    0.58838956980280290310E+01    0.17748347664232196035E-09   -0.69146706503856998182E-15
    0.58926834948348352228E+01    0.14872502656284664449E-09   -0.92328424422271475242E-15
    0.59014712916416423027E+01    0.12460466508489847013E-09   -0.80547692511437959203E-15
    0.59102590884484493827E+01    0.10437814618863519927E-09   -0.40177685364784499503E-15
    0.59190468852552555745E+01    0.87420259983856034060E-10    0.73881064876228830844E-16
    0.59278346820620626545E+01    0.73205764337801726800E-10    0.46846074037666065917E-15
    0.59366224788688697345E+01    0.61292587451914233258E-10    0.81266785125285364728E-15
    0.59454102756756759263E+01    0.51309344019625206822E-10    0.11820150860775604527E-14
    0.59541980724824830062E+01    0.42944604816029459463E-10    0.14958902790787856740E-14
    0.59629858692892900862E+01    0.35937347600646184336E-10    0.15342180410100169437E-14
    0.59717736660960962780E+01    0.30068499588281247378E-10    0.11552130068434560571E-14
    0.59805614629029033580E+01    0.25153618875649234357E-10    0.44386780726267933451E-15
    0.59893492597097104380E+01    0.21037925900634150927E-10   -0.36330105718699652306E-15
    0.59981370565165175179E+01    0.17592178338896098432E-10   -0.10247355519704311411E-14
    0.60069248533233237097E+01    0.14708515173466659233E-10   -0.13787170936869110249E-14
    0.60157126501301307897E+01    0.12296279569765065460E-10   -0.13683574257362634891E-14
    0.60245004469369378697E+01    0.10278592396873595649E-10   -0.10445456727187785154E-14
    0.60332882437437440615E+01    0.85906811319474683030E-11   -0.53524294477569820742E-15
    0.60420760405505511415E+01    0.71787459153300942044E-11   -0.17943012767042065189E-17
    0.60508638373573582214E+01    0.59982499137590175244E-11    0.41086135344499638481E-15
    0.60596516341641644132E+01    0.50116924214253327330E-11    0.62789425181144034934E-15
    0.60684394309709714932E+01    0.41869157899415521052E-11    0.67029829426981503931E-15
    0.60772272277777785732E+01    0.34967940175062901104E-11    0.61488287553246495866E-15
    0.60860150245845856531E+01    0.29192760399935805786E-11    0.53607819478871273318E-15
    0.60948028213913918449E+01    0.24365817987020844848E-11    0.47975316023088724004E-15
    0.61035906181981989249E+01    0.20336449319383382916E-11    0.46627502308246133087E-15
    0.61123784150050060049E+01    0.16970527209864648202E-11    0.48865847401501645559E-15
    0.61211662118118121967E+01    0.14153361406063454202E-11    0.49127774290526928301E-15
    0.61299540086186192767E+01    0.11795751776483903366E-11    0.35719140176226200079E-15
    0.61387418054254263566E+01    0.98301871744488171303E-12   -0.84515423028040546739E-17
    0.61475296022322325484E+01    0.81983347306621271912E-12   -0.51501576756260992549E-15
    0.61563173990390396284E+01    0.68429475878565353005E-12   -0.84800688806192368423E-15
    0.61651051958458467084E+01    0.57121946361970856930E-12   -0.73576258826770106829E-15
    0.61738929926526529002E+01    0.47669707335972286390E-12   -0.26118646494031409911E-15
    0.61826807894594599802E+01    0.39799876577896784168E-12    0.20165461930557709922E-15
    0.61914685862662670601E+01    0.33276221684988960082E-12    0.37774503663300412895E-15
    0.62002563830730741401E+01    0.27845890431909542497E-12    0.32657812266725031174E-15
    0.62090441798798803319E+01    0.23269201602176082940E-12    0.24171478185431716555E-15
    0.62178319766866874119E+01    0.19370972623084463268E-12    0.15004980286618230867E-15
    0.62266197734934944918E+01    0.16048966680331970608E-12   -0.86357617067464801809E-16
    0.62354075703003006836E+01    0.13244082281010242276E-12   -0.50559811541463960552E-15
    0.62441953671071077636E+01    0.10911091112638333785E-12   -0.90406320958842163981E-15
    0.62529831639139148436E+01    0.90008134587874388505E-13   -0.10373662257963387365E-14
    0.62617709607207210354E+01    0.74492954380036749563E-13   -0.88994194031612069098E-15
    0.62705587575275281154E+01    0.61856801343584179466E-13   -0.65478299972139080979E-15
    0.62793465543343351953E+01    0.51555329641901279400E-13   -0.46463653713402023493E-15
    0.62881343511411413871E+01    0.43308982038278946068E-13   -0.24228610964446270621E-15
    0.62969221479479484671E+01    0.36871508655513837683E-13    0.12243715823113324023E-15
    0.63057099447547555471E+01    0.31748478348026246182E-13    0.53305741680072460408E-15
    0.63144977415615626271E+01    0.27285466845741227301E-13    0.73091005745871019983E-15
    0.63232855383683688189E+01    0.23067098305026222493E-13    0.58022357164652402761E-15
    0.63320733351751758988E+01    0.19122920129574521074E-13    0.22808910323402298155E-15
    0.63408611319819829788E+01    0.15633079232811533149E-13   -0.69668351008822154106E-16
    0.63496489287887891706E+01    0.12540587460939078346E-13   -0.19828464949420237080E-15
    0.63584367255955962506E+01    0.95982648014512908912E-14   -0.22177821747210992340E-15
    0.63672245224024033305E+01    0.67786372241624471943E-14   -0.23928310607124968813E-15
    0.63760123192092095223E+01    0.44609229162054293452E-14   -0.27894831628412231077E-15
    0.63848001160160166023E+01    0.30463275489685126854E-14   -0.31832324112120753321E-15
    0.63935879128228236823E+01    0.24794727346694755020E-14   -0.33902145183904654954E-15
    0.64023757096296298741E+01    0.23257204178529128776E-14   -0.33716345033631152979E-15
    0.64111635064364369541E+01    0.23081992726506996971E-14   -0.29647981616028454647E-15
    0.64199513032432440340E+01    0.25756330273207039982E-14   -0.18063039159450669221E-15
    0.64287391000500511140E+01    0.32823697860418661169E-14    0.24292970327717093769E-16
    0.64375268968568573058E+01    0.40637692768925793670E-14    0.26230277311371823993E-15
    0.64463146936636643858E+01    0.42083174011431495699E-14    0.42632268037009705578E-15
    0.64551024904704714658E+01    0.33981257537923989410E-14    0.43181005977298929886E-15
    0.64638902872772776576E+01    0.20782773633311892104E-14    0.27208650777053613723E-15
    0.64726780840840847375E+01    0.90408174404899521576E-15    0.21679593738317953910E-16
    0.64814658808908918175E+01    0.23650924672386296763E-16   -0.18550523824698277013E-15
    0.64902536776976980093E+01   -0.87151542274047689614E-15   -0.22540506742849276557E-15
    0.64990414745045050893E+01   -0.18704922639047574861E-14   -0.87951649581146724918E-16
    0.65078292713113121692E+01   -0.24981087054500401335E-14    0.93786264428025392112E-16
    0.65166170681181183610E+01   -0.22115908431600828695E-14    0.17991689962095266920E-15
    0.65254048649249254410E+01   -0.10490424250801008773E-14    0.17982445090859462631E-15
    0.65341926617317325210E+01    0.39168230888915438810E-15    0.21974691224925522162E-15
    0.65429804585385396010E+01    0.15199099314656922152E-14    0.35892770132494416880E-15
    0.65517682553453457928E+01    0.21385895437403875235E-14    0.48912817453547654967E-15
    0.65605560521521528727E+01    0.23300171782373984392E-14    0.44220863136434340719E-15
    0.65693438489589599527E+01    0.22077955731434167567E-14    0.14537233914613437393E-15
    0.65781316457657661445E+01    0.18116700041987426498E-14   -0.32720877248848521445E-15
    0.65869194425725732245E+01    0.11243415174352620970E-14   -0.79031990332386188392E-15
    0.65957072393793803045E+01    0.13203217748526052854E-15   -0.10187711291649830205E-14
    0.66044950361861864963E+01   -0.10526200835981619449E-14   -0.87095255396671854601E-15
    0.66132828329929935762E+01   -0.20935968010171968168E-14   -0.40165077188698007339E-15
    0.66220706297998006562E+01   -0.25864612220836652492E-14    0.17592235605618506173E-15
    0.66308584266066068480E+01   -0.24049623635917242331E-14    0.64728803819909481638E-15
    0.66396462234134139280E+01   -0.18332165006376379227E-14    0.90622424731500401799E-15
    0.66484340202202210079E+01   -0.12187350069209773488E-14    0.94083266306884529097E-15
    0.66572218170270280879E+01   -0.56690187696066414035E-15    0.78577005189405901464E-15
    0.66660096138338342797E+01    0.36703381171464289357E-15    0.50010538161209553569E-15
    0.66747974106406413597E+01    0.15998494741942729030E-14    0.16573501620359606302E-15
    0.66835852074474484397E+01    0.26959327647991523679E-14   -0.12685332511387224250E-15
    0.66923730042542546315E+01    0.31383926089855185910E-14   -0.32271079323405728582E-15
    0.67011608010610617114E+01    0.27974870523109326847E-14   -0.44192667707147317564E-15
    0.67099485978678687914E+01    0.19299073400547894687E-14   -0.54406353050350177806E-15
    0.67187363946746749832E+01    0.81246387066304171833E-15   -0.63609380268042467074E-15
    0.67275241914814820632E+01   -0.46225571080276953349E-15   -0.63465894939830229467E-15
    0.67363119882882891432E+01   -0.17892611291870973779E-14   -0.44892347117208901243E-15
    0.67450997850950962231E+01   -0.28074847024679935044E-14   -0.83120777595708429280E-16
    0.67538875819019024149E+01   -0.30611299088619668961E-14    0.35302150235545286596E-15
    0.67626753787087094949E+01   -0.24640451078599974313E-14    0.70665667932863729881E-15
    0.67714631755155165749E+01   -0.14694647100027217269E-14    0.84258079879038842689E-15
    0.67802509723223227667E+01   -0.59361062799884455673E-15    0.68571645268580235706E-15
    0.67890387691291298466E+01    0.12908996522842202102E-15    0.25448916220094901610E-15
    0.67978265659359369266E+01    0.10159232548486376637E-14   -0.32470597922466982321E-15
    0.68066143627427431184E+01    0.20991453855201147737E-14   -0.82128387837049301833E-15
    0.68154021595495501984E+01    0.28536708605353607748E-14   -0.96835926394982355134E-15
    0.68241899563563572784E+01    0.27422881311370847938E-14   -0.65240789605532714326E-15
    0.68329777531631634702E+01    0.18581731965453112581E-14   -0.79178675999370980588E-16
    0.68417655499699705501E+01    0.79172874432517562216E-15    0.37645546426281528775E-15
    0.68505533467767776301E+01   -0.81974070216543019241E-16    0.55140693868130824014E-15
    0.68593411435835847101E+01   -0.94216663999329300333E-15    0.65206436154022487823E-15
    0.68681289403903909019E+01   -0.20205581240044056530E-14    0.93241210555800896020E-15
    0.68769167371971979819E+01   -0.30032865419047919908E-14    0.13166087095014727893E-14
    0.68857045340040050618E+01   -0.32293531490665035488E-14    0.14724318661214722783E-14
    0.68944923308108112536E+01   -0.24738346827919552051E-14    0.12188633060806763766E-14
    0.69032801276176183336E+01   -0.12783533719605969697E-14    0.72986728574294433040E-15
    0.69120679244244254136E+01   -0.29659152830749259142E-15    0.28088119359001533293E-15
    0.69208557212312316054E+01    0.46324553529994858105E-15   -0.71286625147908411697E-16
    0.69296435180380386853E+01    0.14378246237221584533E-14   -0.45997856722132945537E-15
    0.69384313148448457653E+01    0.26132018572008327879E-14   -0.92341506202710434016E-15
    0.69472191116516519571E+01    0.31926234128937180870E-14   -0.12662644555657309839E-14
    0.69560069084584590371E+01    0.24701773108928117975E-14   -0.12501114413694117006E-14
    0.69647947052652661171E+01    0.80508210299948224572E-15   -0.83352323989933532538E-15
    0.69735825020720731970E+01   -0.67674696714547610337E-15   -0.17750686963480593618E-15
    0.69823702988788793888E+01   -0.13014634477168612363E-14    0.52242395127076143401E-15
    0.69911580956856864688E+01   -0.14416733425408762130E-14    0.11419020103585180629E-14
    0.69999458924924935488E+01   -0.17598032462402101639E-14    0.15834807682159310160E-14
    0.70087336892992997406E+01   -0.22616417353244228815E-14    0.17115011487370970890E-14
    0.70175214861061068206E+01   -0.23539269618424892934E-14    0.13991189146435720754E-14
    0.70263092829129139005E+01   -0.16320510342942656827E-14    0.65483368807040536193E-15
    0.70350970797197200923E+01   -0.33141931024420017170E-15   -0.32199102415550437855E-15
    0.70438848765265271723E+01    0.98409227859968981850E-15   -0.12331867254205090359E-14
    0.70526726733333342523E+01    0.18884722143219623111E-14   -0.18096307914733318846E-14
    0.70614604701401404441E+01    0.22464538134910271731E-14   -0.19075698087414122505E-14
    0.70702482669469475240E+01    0.21309700714620483562E-14   -0.15755924017182490894E-14
    0.70790360637537546040E+01    0.17141787468938073398E-14   -0.10331927993137221927E-14
    0.70878238605605616840E+01    0.11515388540949067326E-14   -0.49079971603945278735E-15
    0.70966116573673678758E+01    0.49176819092254761691E-15    0.25912738235872688553E-16
    0.71053994541741749558E+01   -0.27612147404188885821E-15    0.61000673222257637759E-15
    0.71141872509809820357E+01   -0.10812489121000094252E-14    0.12399915665891987247E-14
    0.71229750477877882275E+01   -0.17122536879674632865E-14    0.16942959872168962338E-14
    0.71317628445945953075E+01   -0.19277201251997692342E-14    0.17661753416253481905E-14
    0.71405506414014023875E+01   -0.15995840159846953470E-14    0.15002313203753335924E-14
    0.71493384382082085793E+01   -0.78675551019231887382E-15    0.11245548590294670058E-14
    0.71581262350150156593E+01    0.24847989621924035653E-15    0.77184831591810315935E-15
    0.71669140318218227392E+01    0.11205950108185084844E-14    0.35273706749362597840E-15
    0.71757018286286289310E+01    0.15664025714287528272E-14   -0.25795402017451254578E-15
    0.71844896254354360110E+01    0.16609278155908078604E-14   -0.99557533086758010298E-15
    0.71932774222422430910E+01    0.16689595617504859842E-14   -0.16084498364400760008E-14
    0.72020652190490501710E+01    0.16523432680526741240E-14   -0.18237827259462253716E-14
    0.72108530158558563627E+01    0.13347194123096721505E-14   -0.14923940174880933726E-14
    0.72196408126626634427E+01    0.47088004498083133409E-15   -0.66760699411194344901E-15
    0.72284286094694705227E+01   -0.75257281722153634554E-15    0.36720156169358032872E-15
    0.72372164062762767145E+01   -0.18278427248492053322E-14    0.12298487111193093071E-14
    0.72460042030830837945E+01   -0.23857568604599537441E-14    0.16743061805186767178E-14
    0.72547919998898908744E+01   -0.24317256170175651854E-14    0.16975593574542563573E-14
    0.72635797966966970662E+01   -0.21248375204875338713E-14    0.14007174901459943580E-14
    0.72723675935035041462E+01   -0.15000446144222364707E-14    0.82314070792939865597E-15
    0.72811553903103112262E+01   -0.50764807117758535715E-15   -0.35624788552472391559E-16
    0.72899431871171174180E+01    0.73442796090058457042E-15   -0.10676489939289859202E-14
    0.72987309839239244980E+01    0.18611483719066462170E-14   -0.20045284578118411886E-14
    0.73075187807307315779E+01    0.25203613140594963200E-14   -0.25555632697222908461E-14
    0.73163065775375386579E+01    0.26512431058398101754E-14   -0.25706939217359555266E-14
    0.73250943743443448497E+01    0.24222565531999443195E-14   -0.20800113572378348993E-14
    0.73338821711511519297E+01    0.19432689910825592488E-14   -0.12452082649129202976E-14
    0.73426699679579590097E+01    0.11556970399736109905E-14   -0.28751061701153929873E-15
    0.73514577647647652014E+01    0.69574622455866937966E-16    0.61157848425580168429E-15
    0.73602455615715722814E+01   -0.99610110390399270211E-15    0.13864223893632698536E-14
    0.73690333583783793614E+01   -0.15851656754247103552E-14    0.20229835183448323082E-14
    0.73778211551851855532E+01   -0.15415734280448324003E-14    0.24067618360522534258E-14
    0.73866089519919926332E+01   -0.11615203118311774273E-14    0.23019298583951590652E-14
    0.73953967487987997131E+01   -0.81009366419562559893E-15    0.15713489332648311951E-14
    0.74041845456056067931E+01   -0.50986974101798889549E-15    0.39058167384868819795E-15
    0.74129723424124129849E+01   -0.47316325295857124113E-16   -0.85630321378568022215E-15
    0.74217601392192200649E+01    0.58596370025671149479E-15   -0.18860711379273205196E-14
    0.74305479360260271449E+01    0.10437759293211135185E-14   -0.26417272045375118989E-14
    0.74393357328328333367E+01    0.10273796556498529690E-14   -0.30712994371733951513E-14
    0.74481235296396404166E+01    0.69984915196545303722E-15   -0.29098039329279907176E-14
    0.74569113264464474966E+01    0.50404711258400373034E-15   -0.18855446519169645584E-14
    0.74656991232532536884E+01    0.60050714698346451952E-15   -0.18744533249705323095E-15
    0.74744869200600607684E+01    0.65870248515314430968E-15    0.14509021578619662381E-14
    0.74832747168668678484E+01    0.30591470996989067321E-15    0.23577980679095845954E-14
    0.74920625136736740401E+01   -0.38411250021710471440E-15    0.25300455828354786491E-14
    0.75008503104804811201E+01   -0.98607693654563331642E-15    0.24395243627918697114E-14
    0.75096381072872882001E+01   -0.11940265765965432660E-14    0.23308207241816105961E-14
    0.75184259040940952801E+01   -0.10552471639316293633E-14    0.19263798772294329160E-14
    0.75272137009009014719E+01   -0.75008381112275758061E-15    0.89243392180556443562E-15
    0.75360014977077085518E+01   -0.32389299065910554067E-15   -0.63505638860099153940E-15
    0.75447892945145156318E+01    0.27795886489472946222E-15   -0.21218461621843844986E-14
    0.75535770913213218236E+01    0.98403697070395212303E-15   -0.30917475633881712390E-14
    0.75623648881281289036E+01    0.15288945427064729536E-14   -0.33917698129194688233E-14
    0.75711526849349359836E+01    0.16760615258737212218E-14   -0.30831757101653406333E-14
    0.75799404817417421754E+01    0.14458816789832947973E-14   -0.22698100149840489318E-14
    0.75887282785485492553E+01    0.10409593706201854564E-14   -0.10669814445000114491E-14
    0.75975160753553563353E+01    0.58421668647991850065E-15    0.33986150328801952605E-15
    0.76063038721621625271E+01    0.24654991689308147270E-16    0.16871881194797632449E-14
    0.76150916689689696071E+01   -0.65377363762930249390E-15    0.27217032182883882226E-14
    0.76238794657757766871E+01   -0.12295931399305738849E-14    0.32899645255919232519E-14
    0.76326672625825837670E+01   -0.13990833746333418205E-14    0.33287069199588366163E-14
    0.76414550593893899588E+01   -0.11445754896446057147E-14    0.27954654390384500240E-14
    0.76502428561961970388E+01   -0.82002724916150903231E-15    0.16700507713280154342E-14
    0.76590306530030041188E+01   -0.74466066672100442481E-15    0.79841250506793843514E-16
    0.76678184498098103106E+01   -0.80883017486414763917E-15   -0.15989448226998415652E-14
    0.76766062466166173905E+01   -0.65807826998671425336E-15   -0.28756673816175763689E-14
    0.76853940434234244705E+01   -0.22406121802067779348E-15   -0.34217769005942721172E-14
    0.76941818402302306623E+01    0.11240990003738195351E-15   -0.32094708132783930345E-14
    0.77029696370370377423E+01    0.14310760365847048411E-17   -0.24071895770472593659E-14
    0.77117574338438448223E+01   -0.39245103560429196541E-15   -0.12348594225440807767E-14
    0.77205452306506510141E+01   -0.56505287461821178928E-15    0.97880462705705394060E-16
    0.77293330274574580940E+01   -0.24599575040638724670E-15    0.13988926848474540696E-14
    0.77381208242642651740E+01    0.34353992372915737887E-15    0.24893334201287085127E-14
    0.77469086210710722540E+01    0.79319884019076220879E-15    0.31882543034791516120E-14
    0.77556964178778784458E+01    0.87294855791675667419E-15    0.33119666096714925571E-14
    0.77644842146846855258E+01    0.61115034951841650728E-15    0.27471578108014714915E-14
    0.77732720114914926057E+01    0.18576188396397311306E-15    0.15639562585221664780E-14
    0.77820598082982987975E+01   -0.19569087086591427158E-15    0.40584071160043465578E-16
    0.77908476051051058775E+01   -0.41004061211139695276E-15   -0.14582340958924743183E-14
    0.77996354019119129575E+01   -0.49054489721472382193E-15   -0.26188550934931993638E-14
    0.78084231987187191493E+01   -0.53028156464718139279E-15   -0.32360977921835120322E-14
    0.78172109955255262292E+01   -0.49312380338017995613E-15   -0.32193324133039393427E-14
    0.78259987923323333092E+01   -0.19703199151881557525E-15   -0.25908050341419663412E-14
    0.78347865891391395010E+01    0.41976218705131277087E-15   -0.14778396406570351825E-14
    0.78435743859459465810E+01    0.10736860850900214676E-14   -0.97454660970892898586E-16
    0.78523621827527536610E+01    0.13593220881827421400E-14    0.12843492123678821656E-14
    0.78611499795595607409E+01    0.12225763898848051050E-14    0.24088487435605930317E-14
    0.78699377763663669327E+01    0.10548523885805691810E-14    0.30784933948770586272E-14
    0.78787255731731740127E+01    0.11648206200921675003E-14    0.32048727944248105908E-14
    0.78875133699799810927E+01    0.12928459142025074187E-14    0.28343822535353717615E-14
    0.78963011667867872845E+01    0.90062076484312582810E-15    0.20883495990933820572E-14
    0.79050889635935943645E+01   -0.10141373109951699119E-15    0.10579006090851960526E-14
    0.79138767604004014444E+01   -0.11417513498817245247E-14   -0.20829320455235221980E-15
    0.79226645572072076362E+01   -0.16254518375484485630E-14   -0.15674138020034495989E-14
    0.79314523540140147162E+01   -0.15668454483204814490E-14   -0.26746800871554112502E-14
    0.79402401508208217962E+01   -0.13985360473609573134E-14   -0.31328906097215338763E-14
    0.79490279476276279880E+01   -0.13102624644694741453E-14   -0.27841842418408442333E-14
    0.79578157444344350679E+01   -0.10130249260173486901E-14   -0.18142393576652653635E-14
    0.79666035412412421479E+01   -0.21056333109030800815E-15   -0.55171398449343387486E-15
    0.79753913380480492279E+01    0.91845914170432145876E-15    0.75054742703388073570E-15
    0.79841791348548554197E+01    0.18507893712646682371E-14    0.19250306907980001726E-14
    0.79929669316616624997E+01    0.22011829210954215928E-14    0.27800160193383552280E-14
    0.80017547284684695796E+01    0.19662284854217718586E-14    0.30891386934606438279E-14
    0.80105425252752748833E+01    0.13642957383123309768E-14    0.27447670653883329171E-14
    0.80193303220820819632E+01    0.61787160148444436045E-15    0.18916833965794140993E-14
    0.80281181188888890432E+01   -0.12609619680002538986E-15    0.83383028619294763702E-15
    0.80369059156956961232E+01   -0.79024066421130256332E-15   -0.18471760917055780541E-15
    0.80456937125025032032E+01   -0.13350146026056745575E-14   -0.10722349721473272714E-14
    0.80544815093093102831E+01   -0.16977646569582114649E-14   -0.17771617639515604176E-14
    0.80632693061161173631E+01   -0.17533954433534195916E-14   -0.21726785834053534683E-14
    0.80720571029229226667E+01   -0.13858267749393122084E-14   -0.21106365487949050659E-14
    0.80808448997297297467E+01   -0.61749183116250247422E-15   -0.15685793068404697506E-14
    0.80896326965365368267E+01    0.35367901325595750752E-15   -0.70378458348752589296E-15
    0.80984204933433439066E+01    0.12619854552799478538E-14    0.24187504402566887592E-15
    0.81072082901501509866E+01    0.18964009777680139463E-14    0.10531384764622144981E-14
    0.81159960869569580666E+01    0.21541110489182555702E-14    0.15850163171973485238E-14
    0.81247838837637633702E+01    0.20495022783346411240E-14    0.17654836834716811680E-14
    0.81335716805705704502E+01    0.16788582481870597362E-14    0.15866817390230624877E-14
    0.81423594773773775302E+01    0.11246558319196906250E-14    0.10835311139427507409E-14
    0.81511472741841846101E+01    0.38740927507479934772E-15    0.31981659629469750942E-15
    0.81599350709909916901E+01   -0.52479136196782777253E-15   -0.58620203836417302972E-15
    0.81687228677977987701E+01   -0.14302770190500258762E-14   -0.14206140230414761858E-14
    0.81775106646046058501E+01   -0.19878244977809867361E-14   -0.19195548140006762539E-14
    0.81862984614114111537E+01   -0.19815936682609001748E-14   -0.19431468441629903845E-14
    0.81950862582182182337E+01   -0.15557894559969725519E-14   -0.16091294161029706107E-14
    0.82038740550250253136E+01   -0.10308568160584491230E-14   -0.11654344985674901916E-14
    0.82126618518318323936E+01   -0.50559627671349507851E-15   -0.72850187869616582616E-15
    0.82214496486386394736E+01    0.22089254392874593315E-15   -0.21218465646280270198E-15
    0.82302374454454465535E+01    0.12422036206929443816E-14    0.45330590647620666473E-15
    0.82390252422522518572E+01    0.21944409745955739300E-14    0.11201059784311245803E-14
    0.82478130390590589371E+01    0.25183897220889931508E-14    0.15259232839479862923E-14
    0.82566008358658660171E+01    0.20360839461222361111E-14    0.15566290211954985783E-14
    0.82653886326726730971E+01    0.11137721311568601420E-14    0.13364884389851813611E-14
    0.82741764294794801771E+01    0.19905205025223667287E-15    0.10545236776853848309E-14
    0.82829642262862872570E+01   -0.62263895764138969630E-15    0.78411604216095984177E-15
    0.82917520230930943370E+01   -0.14962325551368022777E-14    0.48940670627642230465E-15
    0.83005398198998996406E+01   -0.23666778842157369885E-14    0.13391116506839407084E-15
    0.83093276167067067206E+01   -0.28651494277851563837E-14   -0.25573468293105880388E-15
    0.83181154135135138006E+01   -0.26748861505830110716E-14   -0.60017280909571605850E-15
    0.83269032103203208806E+01   -0.18741900501260779008E-14   -0.79620948793512637481E-15
    0.83356910071271279605E+01   -0.81720501664289486642E-15   -0.75572556604617664865E-15
    0.83444788039339350405E+01    0.22501480680303449177E-15   -0.44880091690877700081E-15
    0.83532666007407403441E+01    0.11980231146119054032E-14    0.67543282290817319542E-16
    0.83620543975475474241E+01    0.20568805995318156847E-14    0.64185893289124950511E-15
    0.83708421943543545041E+01    0.25763251457384951768E-14    0.10469742235741711475E-14
    0.83796299911611615840E+01    0.24870378457729135623E-14    0.10782357618280180259E-14
    0.83884177879679686640E+01    0.17724422000178145125E-14    0.68815934613189228112E-15
    0.83972055847747757440E+01    0.73354498079526968477E-15    0.36136831878578757467E-16
    0.84059933815815828240E+01   -0.28527397067406534767E-15   -0.58507108922254016641E-15
    0.84147811783883881276E+01   -0.11507453028899630058E-14   -0.86813481179483387338E-15
    0.84235689751951952076E+01   -0.18672986159928300073E-14   -0.68106071200564684095E-15
    0.84323567720020022875E+01   -0.23406322960075034808E-14   -0.26661117560373738115E-15
    0.84411445688088093675E+01   -0.23358803111781806711E-14   -0.12396299097612445477E-15
    0.84499323656156164475E+01   -0.17195909237044194533E-14   -0.45220890426589876771E-15
    0.84587201624224235275E+01   -0.66800112605447352985E-15   -0.75965923399312125335E-15
    0.84675079592292288311E+01    0.45598284227817403614E-15   -0.39313265649695281302E-15
    0.84762957560360359111E+01    0.13895221661638734977E-14    0.51337180046378805898E-15
    0.84850835528428429910E+01    0.20709179938478296983E-14    0.97605662882483838983E-15
    0.84938713496496500710E+01    0.24716142880473865987E-14    0.34846446620124753890E-15
    0.85026591464564571510E+01    0.24478881252296018779E-14   -0.71134896121947966366E-15
    0.85114469432632642309E+01    0.18578491111730852407E-14   -0.96292611169735016087E-15
    0.85202347400700713109E+01    0.80127664531399305598E-15   -0.10922056555621476755E-15
    0.85290225368768766145E+01   -0.36063431211093046600E-15    0.84613097467586970263E-15
    0.85378103336836836945E+01   -0.12947526895943372476E-14    0.89880906226923459482E-15
    0.85465981304904907745E+01   -0.19404824723311903507E-14    0.22057327521315700057E-15
    0.85553859272972978545E+01   -0.23758543053895384847E-14   -0.27657163556525150435E-15
    0.85641737241041049344E+01   -0.25080763162454959935E-14   -0.16247007249098119197E-15
    0.85729615209109120144E+01   -0.20495807454314859419E-14    0.11387636942484725926E-15
    0.85817493177177173180E+01   -0.89221336462311592625E-15    0.44787464615485940406E-17
    0.85905371145245243980E+01    0.59536779382776832571E-15   -0.40296824906173735704E-15
    0.85993249113313314780E+01    0.18154258207225559247E-14   -0.62959173318616119895E-15
    0.86081127081381385580E+01    0.24448003293235534966E-14   -0.51900039917506535280E-15
    0.86169005049449456379E+01    0.25919477292067895689E-14   -0.42006168224927200852E-15
    0.86256883017517527179E+01    0.24700894998365866366E-14   -0.62348405150796548992E-15
    0.86344760985585597979E+01    0.20863618511385324816E-14   -0.87691941390956759457E-15
    0.86432638953653651015E+01    0.13166134677772328166E-14   -0.68058247385850954855E-15
    0.86520516921721721815E+01    0.16771337053869479813E-15    0.56299102869682997683E-16
    0.86608394889789792614E+01   -0.11196191062669906846E-14    0.86855687145383014851E-15
    0.86696272857857863414E+01   -0.21948949388699038534E-14    0.12902518731301046891E-14
    0.86784150825925934214E+01   -0.27528502559525035003E-14    0.13425757704359823089E-14
    0.86872028793994005014E+01   -0.26422578899336327874E-14    0.13221406023101648764E-14
    0.86959906762062058050E+01   -0.19397195147047009453E-14    0.12676160816890996938E-14
    0.87047784730130128850E+01   -0.91593258345081227798E-15    0.86100580402008874580E-15
    0.87135662698198199649E+01    0.13585404639579943188E-15   -0.77840263979150621247E-16
    0.87223540666266270449E+01    0.10471581202057569956E-14   -0.11909963609836354855E-14
    0.87311418634334341249E+01    0.17492648939026172277E-14   -0.18901316391802065863E-14
    0.87399296602402412049E+01    0.21673571118865733851E-14   -0.19793188839492993856E-14
    0.87487174570470482848E+01    0.21953961689140998682E-14   -0.17766997215449256174E-14
    0.87575052538538535885E+01    0.17819006963825898639E-14   -0.15629638563658063148E-14
    0.87662930506606606684E+01    0.10048707575467261629E-14   -0.11313349860175795627E-14
    0.87750808474674677484E+01    0.39114240220406168399E-16   -0.11001045294683795029E-15
    0.87838686442742748284E+01   -0.92733198495378582717E-15    0.13790048321921101938E-14
    0.87926564410810819084E+01   -0.17358312428116821184E-14    0.26380587563718874341E-14
    0.88014442378878889883E+01   -0.22434466959737864703E-14    0.30776207665012803642E-14
    0.88102320346946942919E+01   -0.23180243612636476387E-14    0.27863798657120579526E-14
    0.88190198315015013719E+01   -0.18978555498040312242E-14    0.22424360251094616830E-14
    0.88278076283083084519E+01   -0.10742976084815253507E-14    0.16426433432339597306E-14
    0.88365954251151155319E+01   -0.79829828645428858501E-16    0.75063235872429772922E-15
    0.88453832219219226118E+01    0.84576077243249038820E-15   -0.56768807119295215596E-15
    0.88541710187287296918E+01    0.15687449756301561117E-14   -0.19039162875318587986E-14
    0.88629588155355367718E+01    0.20325009974177770387E-14   -0.26038472509891033857E-14
    0.88717466123423420754E+01    0.21664680817543223553E-14   -0.23881367904538265273E-14
    0.88805344091491491554E+01    0.18846989997634180706E-14   -0.15319006960402854469E-14
    0.88893222059559562354E+01    0.12012743127174691375E-14   -0.46401792178781881413E-15
    0.88981100027627633153E+01    0.31148085975191135854E-15    0.61097762101223175631E-15
    0.89068977995695703953E+01   -0.50896895661003065013E-15    0.16669587121953997109E-14
    0.89156855963763774753E+01   -0.10827698369346364749E-14    0.26168340796944939119E-14
    0.89244733931831827789E+01   -0.13924290986672402002E-14    0.32404166899961544121E-14
    0.89332611899899898589E+01   -0.14890356198670982696E-14    0.33351283019913848214E-14
    0.89420489867967969388E+01   -0.13986349052780909366E-14    0.28600884684975948582E-14
    0.89508367836036040188E+01   -0.11112455559333678711E-14    0.19269936725251393305E-14
    0.89596245804104110988E+01   -0.61240671572927057487E-15    0.71845874459125731548E-15
    0.89684123772172181788E+01    0.69088773650381119837E-16   -0.56526098491650110348E-15
    0.89772001740240252587E+01    0.79760471211209690109E-15   -0.17194019919214390878E-14
    0.89859879708308305624E+01    0.13183355561093593653E-14   -0.25483785773767433096E-14
    0.89947757676376376423E+01    0.14176595226634814953E-14   -0.29045108153088230582E-14
    0.90035635644444447223E+01    0.11417848838438045305E-14   -0.27351101145917395973E-14
    0.90123513612512518023E+01    0.77671434532703191229E-15   -0.20938020003248669804E-14
    0.90211391580580588823E+01    0.53299894799186175126E-15   -0.11072689282872979157E-14
    0.90299269548648659622E+01    0.31564974465269847243E-15    0.59089709940196694078E-16
    0.90387147516716712659E+01   -0.69288039759634447698E-16    0.12135927073902666577E-14
    0.90475025484784783458E+01   -0.53788527187658473583E-15    0.21429122107556939812E-14
    0.90562903452852854258E+01   -0.72324456685264650241E-15    0.26423075011587946556E-14
    0.90650781420920925058E+01   -0.43115458570738259577E-15    0.25773526030735459424E-14
    0.90738659388988995858E+01    0.30377339422480285236E-16    0.19378194036821764115E-14
    0.90826537357057066657E+01    0.17248926720602213578E-15    0.84948014329024863422E-15
    0.90914415325125137457E+01   -0.95592129382276553984E-16   -0.43991431241095830726E-15
    0.91002293293193190493E+01   -0.37483668821170182619E-15   -0.16256632747086281849E-14
    0.91090171261261261293E+01   -0.28711039668145314726E-15   -0.24700530095199136734E-14
    0.91178049229329332093E+01    0.98021499810415242192E-16   -0.28881316946702872478E-14
    0.91265927197397402892E+01    0.42486885851790163804E-15   -0.28831761503321237988E-14
    0.91353805165465473692E+01    0.46481127801018200537E-15   -0.24257604733201649879E-14
    0.91441683133533544492E+01    0.28377527580178758535E-15   -0.14651186280244781980E-14
    0.91529561101601597528E+01    0.99133250107429754922E-16   -0.10039045908519481974E-15
    0.91617439069669668328E+01    0.10187634334391949762E-15    0.13157676632418019080E-14
    0.91705317037737739128E+01    0.33825732594642313738E-15    0.23664118007514166372E-14
    0.91793195005805809927E+01    0.63815612698667184718E-15    0.28679291862692872455E-14
    0.91881072973873880727E+01    0.70696234704686244510E-15    0.29110967832599713387E-14
    0.91968950941941951527E+01    0.40567300004033972886E-15    0.25934962857279643105E-14
    0.92056828910010004563E+01   -0.67776317855646437820E-16    0.18249092793743848245E-14
    0.92144706878078075363E+01   -0.39564779722545370746E-15    0.51588888658462413711E-15
    0.92232584846146146162E+01   -0.50571084091330542300E-15   -0.10941597456977670551E-14
    0.92320462814214216962E+01   -0.61298123409940742726E-15   -0.24465820710795041143E-14
    0.92408340782282287762E+01   -0.87493024567830269530E-15   -0.30755633120947179972E-14
    0.92496218750350358562E+01   -0.11266944019717639158E-14   -0.29363778887055705507E-14
    0.92584096718418411598E+01   -0.10551109783892279962E-14   -0.22750737834128081287E-14
    0.92671974686486482398E+01   -0.54604255181788146924E-15   -0.13124981816837751471E-14
    0.92759852654554553197E+01    0.21805109062815146389E-15   -0.15003111695405531636E-15
    0.92847730622622623997E+01    0.96092813662523525528E-15    0.10575853662680173266E-14
    0.92935608590690694797E+01    0.15047631723014409900E-14    0.19856930750692091006E-14
    0.93023486558758765597E+01    0.17798061776928779912E-14    0.23249270393421111411E-14
    0.93111364526826818633E+01    0.17560962698462182319E-14    0.20705842080186944300E-14
    0.93199242494894889433E+01    0.14220058967405036098E-14    0.15260921554419359725E-14
    0.93287120462962960232E+01    0.82082002223512810832E-15    0.97318556676130054335E-15
    0.93374998431031031032E+01    0.75322987734347119853E-16    0.41849223579482988451E-15
    0.93462876399099101832E+01   -0.65155131236752744324E-15   -0.27047115831784160747E-15
    0.93550754367167172632E+01   -0.12214773633800516108E-14   -0.10792570742703407815E-14
    0.93638632335235243431E+01   -0.15559401832235029536E-14   -0.17798146343148963691E-14
    0.93726510303303296467E+01   -0.16359423691959532084E-14   -0.21222513672966950362E-14
    0.93814388271371367267E+01   -0.14912139970912957971E-14   -0.20102667633846933214E-14
    0.93902266239439438067E+01   -0.11758760366610273098E-14   -0.15042671016187867696E-14
    0.93990144207507508867E+01   -0.74059925810951375290E-15   -0.74876395223369450251E-15
    0.94078022175575579666E+01   -0.22585191481993521334E-15    0.87202584921925186332E-16
    0.94165900143643650466E+01    0.32080479969129321800E-15    0.85029257608718294242E-15
    0.94253778111711703502E+01    0.82803414359341112053E-15    0.14259468754541533354E-14
    0.94341656079779774302E+01    0.11971859995220865322E-14    0.17210137910515946212E-14
    0.94429534047847845102E+01    0.13090232805995095574E-14    0.16369042890298058580E-14
    0.94517412015915915902E+01    0.10666918467474987258E-14    0.11120984498155208828E-14
    0.94605289983983986701E+01    0.47769892131078631690E-15    0.24072816471943516419E-15
    0.94693167952052057501E+01   -0.29919708422609041761E-15   -0.67885933673426846867E-15
    0.94781045920120128301E+01   -0.10256785576728108255E-14   -0.13312920855848245992E-14
    0.94868923888188181337E+01   -0.15023280198206773816E-14   -0.16430810310333871571E-14
    0.94956801856256252137E+01   -0.16437526059273453005E-14   -0.17831373197093348410E-14
    0.95044679824324322936E+01   -0.15014125759253336498E-14   -0.18751080143539889621E-14
    0.95132557792392393736E+01   -0.12329382859239172315E-14   -0.17940271043352168710E-14
    0.95220435760460464536E+01   -0.94339963658229717682E-15   -0.13327892920042792529E-14
    0.95308313728528535336E+01   -0.50613047545613142100E-15   -0.49858901488361467863E-15
    0.95396191696596588372E+01    0.33408537222205488480E-15    0.43972040549798944995E-15
    0.95484069664664659172E+01    0.15516626146093381095E-14    0.11839095121983295638E-14
    0.95571947632732729971E+01    0.26093429064977508236E-14    0.16020684837927553687E-14
    0.95659825600800800771E+01    0.28646973051547093092E-14    0.16973279290527804843E-14
    0.95747703568868871571E+01    0.21844341731028328280E-14    0.14902792539034389348E-14
    0.95835581536936942371E+01    0.10276796402280094300E-14    0.99367455805661611357E-15
    0.95923459505005013170E+01   -0.57658720731271747161E-16    0.29074511447632980770E-15
    0.96011337473073066207E+01   -0.85576430441281891870E-15   -0.42548113285345968613E-15
    0.96099215441141137006E+01   -0.14181571580168495093E-14   -0.96641914193078083791E-15
    0.96187093409209207806E+01   -0.18093964307877017023E-14   -0.13038731531620746368E-14
    0.96274971377277278606E+01   -0.19939840483970387535E-14   -0.15389182610711676832E-14
    0.96362849345345349406E+01   -0.18857097165552559199E-14   -0.16702157996916511519E-14
    0.96450727313413420205E+01   -0.14183098950979092595E-14   -0.14715216414680802001E-14
    0.96538605281481491005E+01   -0.60563339800630110698E-15   -0.75548141366137723922E-15
    0.96626483249549544041E+01    0.41134496206395865154E-15    0.25652261333356219962E-15
    0.96714361217617614841E+01    0.13844795131599058679E-14    0.10086720620335383654E-14
    0.96802239185685685641E+01    0.20495977049264048331E-14    0.11592075538397719796E-14
    0.96890117153753756440E+01    0.22189998649799333420E-14    0.93690199407663726001E-15
    0.96977995121821827240E+01    0.18478989870531383965E-14    0.77559960991324580309E-15
    0.97065873089889898040E+01    0.10761170949840300549E-14    0.72064118444481221307E-15
    0.97153751057957951076E+01    0.16419737264085110532E-15    0.40515883923557866861E-15
    0.97241629026026021876E+01   -0.67919245235792274945E-15   -0.36502104598297918420E-15
    0.97329506994094092676E+01   -0.14053338121078187910E-14   -0.12189543418218800039E-14
    0.97417384962162163475E+01   -0.20147075196358586574E-14   -0.15971974442535074990E-14
    0.97505262930230234275E+01   -0.23814666061219493777E-14   -0.13746062393800201654E-14
    0.97593140898298305075E+01   -0.22750178529317010042E-14   -0.92996077646850449846E-15
    0.97681018866366375875E+01   -0.15892306237771134222E-14   -0.62752734969001340634E-15
    0.97768896834434428911E+01   -0.49902547650920753650E-15   -0.43173925194918702080E-15
    0.97856774802502499710E+01    0.66060649029680323671E-15   -0.11372210637914995798E-15
    0.97944652770570570510E+01    0.16123439524939561065E-14    0.34504008353827354576E-15
    0.98032530738638641310E+01    0.22242367445612318402E-14    0.69526104804143210844E-15
    0.98120408706706712110E+01    0.24574640561801362688E-14    0.72878363565702175506E-15
    0.98208286674774782909E+01    0.23079632873981501056E-14    0.50421712569286418685E-15
    0.98296164642842835946E+01    0.17867206431023204004E-14    0.20804379485626518594E-15
    0.98384042610910906745E+01    0.92119700917376681551E-15   -0.10075164162279356148E-15
    0.98471920578978977545E+01   -0.20365125321991728447E-15   -0.50920066604461695655E-15
    0.98559798547047048345E+01   -0.13670704320830257434E-14   -0.10223928957922688881E-14
    0.98647676515115119145E+01   -0.22082214489504473396E-14   -0.14184353835271224116E-14
    0.98735554483183189944E+01   -0.24304999014531326394E-14   -0.14158282959205133934E-14
    0.98823432451251260744E+01   -0.20520352542618200331E-14   -0.93832655245997047019E-15
    0.98911310419319313780E+01   -0.13787438280816442017E-14   -0.17101043494357067183E-15
    0.98999188387387384580E+01   -0.69472255960763765348E-15    0.60124527689034425204E-15
    0.99087066355455455380E+01   -0.36994944982502555001E-16    0.11535704181373598245E-14
    0.99174944323523526180E+01    0.70393794335658533550E-15    0.13944356243832212457E-14
    0.99262822291591596979E+01    0.15645430504960505489E-14    0.13893107023302556319E-14
    0.99350700259659667779E+01    0.23696181916734508376E-14    0.12752419110242702539E-14
    0.99438578227727720815E+01    0.26878900048465850708E-14    0.10717687998610294100E-14
    0.99526456195795791615E+01    0.19832218839984495384E-14    0.62225202121992875530E-15
    0.99614334163863862415E+01    0.23391012233513099570E-15   -0.91061650134274707451E-16
    0.99702212131931933214E+01   -0.15633860726420760834E-14   -0.61309550218180236768E-15
    0.99790090100000004014E+01   -0.30379775207527324238E-14   -0.60411186421261794125E-15
