    0.11999999999999999556E+01    0.00000000000000000000E+00    0.00000000000000000000E+00
    0.12087877968068068135E+01    0.14236154822315053196E-09   -0.24747639570487487735E-10
    0.12175755936136136715E+01   -0.21938253801066297929E-09    0.38177100518950708693E-10
    0.12263633904204203073E+01   -0.20147962037604400850E-09    0.35015968681148426149E-10
    0.12351511872272271653E+01    0.47382399251976111160E-09   -0.82473651027646736287E-10
    0.12439389840340340232E+01    0.45820014618150177815E-09   -0.79685168757381975780E-10
    0.12527267808408408811E+01   -0.88256258431690570683E-09    0.15366827871426035068E-09
    0.12615145776476475170E+01   -0.20089526185308807687E-08    0.34963946912515027247E-09
    0.12703023744544543749E+01   -0.11603477365626932469E-08    0.20187241254732025306E-09
    0.12790901712612612329E+01    0.85228992051720141527E-09   -0.14841313941112917625E-09
    0.12878779680680680908E+01    0.12428455865569985340E-08   -0.21628809173077121300E-09
    0.12966657648748749487E+01   -0.85483789556503265048E-09    0.14891535194799907746E-09
    0.13054535616816815846E+01   -0.23924967834481911884E-08    0.41650055628043681424E-09
    0.13142413584884884425E+01   -0.30986081788568591133E-09    0.53793984642951122671E-10
    0.13230291552952953005E+01    0.32834632270235331177E-08   -0.57177633476941345170E-09
    0.13318169521021021584E+01    0.27540667532609668124E-08   -0.47938277531949490148E-09
    0.13406047489089087943E+01   -0.28665302263699493316E-08    0.49940116686145744230E-09
    0.13493925457157156522E+01   -0.60806207762196094437E-08    0.10588386133443528903E-08
    0.13581803425225225102E+01   -0.21180385264882864194E-09    0.36470819556421933849E-10
    0.13669681393293293681E+01    0.87397563995792422868E-08   -0.15223775987493958989E-08
    0.13757559361361360040E+01    0.67596681947417980624E-08   -0.11768775193783097551E-08
    0.13845437329429428619E+01   -0.78957827938041908407E-08    0.13761481620457474413E-08
    0.13933315297497497198E+01   -0.15737210103717673633E-07    0.27414970118370703390E-08
    0.14021193265565565778E+01   -0.51028290146467344797E-10    0.84028143389884092230E-11
    0.14109071233633634357E+01    0.22983493489085171375E-07   -0.40027167336772981249E-08
    0.14196949201701700716E+01    0.16947079562792835409E-07   -0.29446024171191271799E-08
    0.14284827169769769295E+01   -0.22175188370951222337E-07    0.38856831936431301791E-08
    0.14372705137837837874E+01   -0.43601061345288313053E-07    0.76513734762091574082E-08
    0.14460583105905906454E+01   -0.58891102927725195693E-08    0.11689173935027813871E-08
    0.14548461073973975033E+01    0.43012693122657657396E-07   -0.71144944108028568557E-08
    0.14636339042042041392E+01   -0.45652363186172563406E-08    0.17942574230335153764E-08
    0.14724217010110109971E+01   -0.18553294972111787136E-06    0.34844948445037160791E-07
    0.14812094978178178550E+01   -0.43114514586962205562E-06    0.81240566899550240654E-07
    0.14899972946246244909E+01   -0.79447826073511955847E-06    0.15298869258783431619E-06
    0.14987850914314313489E+01   -0.17558261966794482580E-05    0.33955268445339570813E-06
    0.15075728882382382068E+01   -0.44015726932037540611E-05    0.84259976132828378619E-06
    0.15163606850450450647E+01   -0.10511165733766798116E-04    0.19969243098615242822E-05
    0.15251484818518519226E+01   -0.23342134161673491386E-04    0.44173673496797781200E-05
    0.15339362786586585585E+01   -0.50112095782736082819E-04    0.94511786847460018231E-05
    0.15427240754654654165E+01   -0.10548558316662796767E-03    0.19811224266565222423E-04
    0.15515118722722722744E+01   -0.21756743199366544803E-03    0.40660271751156340958E-04
    0.15602996690790791323E+01   -0.43643879701407440599E-03    0.81150975442686741190E-04
    0.15690874658858859902E+01   -0.84811995315067984554E-03    0.15689941269839488428E-03
    0.15778752626926926261E+01   -0.16005940179771871185E-02    0.29452760798800536705E-03
    0.15866630594994994841E+01   -0.29354378628521091490E-02    0.53712902575097580104E-03
    0.15954508563063063420E+01   -0.52274252103120481122E-02    0.95084992506621831849E-03
    0.16042386531131129779E+01   -0.90311582808460574151E-02    0.16324254122182487500E-02
    0.16130264499199198358E+01   -0.15123887759962671706E-01    0.27156201486211875920E-02
    0.16218142467267266937E+01   -0.24537188364151845538E-01    0.43747976214169549333E-02
    0.16306020435335335517E+01   -0.38564705503279242405E-01    0.68238874836314186018E-02
    0.16393898403403404096E+01   -0.58642418695736116263E-01    0.10292509290773362018E-01
    0.16481776371471470455E+01   -0.86107275277085754128E-01    0.14980423787731247942E-01
    0.16569654339539539034E+01   -0.12183168056180411487E+00    0.20992258819810500486E-01
    0.16657532307607607613E+01   -0.16560577811027329953E+00    0.28232861233547214275E-01
    0.16745410275675676193E+01   -0.21545289262263150887E+00    0.36294385400823941934E-01
    0.16833288243743744772E+01   -0.26708981034058354442E+00    0.44379730731215032147E-01
    0.16921166211811811131E+01   -0.31354755553430885273E+00    0.51263963546175947417E-01
    0.17009044179879879710E+01   -0.34538740226861447402E+00    0.55360145863116994036E-01
    0.17096922147947948289E+01   -0.35223928018270161955E+00    0.55014251425337119816E-01
    0.17184800116016014648E+01   -0.32492191066201547844E+00    0.48893692292603208038E-01
    0.17272678084084085448E+01   -0.25828760688337942808E+00    0.36456529615008129164E-01
    0.17360556052152151807E+01   -0.15464371898046044840E+00    0.18479295088077066223E-01
    0.17448434020220220386E+01   -0.25907173488565974490E-01   -0.26595153070050007310E-02
    0.17536311988288288966E+01    0.10729007631262078848E+00   -0.23269026051008029343E-01
    0.17624189956356355324E+01    0.21811666977051974436E+00   -0.38915571785416970541E-01
    0.17712067924424426124E+01    0.27950594019201241425E+00   -0.45487670769135665760E-01
    0.17799945892492492483E+01    0.27307158213642007683E+00   -0.40677203777450196553E-01
    0.17887823860560561062E+01    0.19639198286539966132E+00   -0.25087985259895057011E-01
    0.17975701828628629642E+01    0.65795865764697480937E-01   -0.23884403348555672403E-02
    0.18063579796696696000E+01   -0.83754842776759749756E-01    0.21070582271492770132E-01
    0.18151457764764764580E+01   -0.20703650523801156447E+00    0.37890247457488784866E-01
    0.18239335732832833159E+01   -0.26406445335107120442E+00    0.42325588607722820778E-01
    0.18327213700900899518E+01   -0.23389541351917189638E+00    0.32486579437206390686E-01
    0.18415091668968970318E+01   -0.12270086445438330158E+00    0.11130855829449282091E-01
    0.18502969637037036676E+01    0.32512627141314948132E-01   -0.14389724804131321864E-01
    0.18590847605105105256E+01    0.17467214275617978791E+00   -0.34388023178685521442E-01
    0.18678725573173173835E+01    0.24984173576645288262E+00   -0.40968134566701480681E-01
    0.18766603541241240194E+01    0.22778526904142279430E+00   -0.31328895740340562126E-01
    0.18854481509309310994E+01    0.11338469533357480035E+00   -0.87507542372063616687E-02
    0.18942359477377377353E+01   -0.48472080886846222181E-01    0.17697127500462886407E-01
    0.19030237445445445932E+01   -0.18855864184994344801E+00    0.36412576502057571182E-01
    0.19118115413513514511E+01   -0.24632147893739173017E+00    0.38973533936433171765E-01
    0.19205993381581580870E+01   -0.19660315339402775758E+00    0.24255467359053553555E-01
    0.19293871349649649449E+01   -0.58079926711520166172E-01   -0.15858258543087978745E-02
    0.19381749317717718029E+01    0.10823188345118565923E+00   -0.26980293884188589343E-01
    0.19469627285785784387E+01    0.22295043088915569851E+00   -0.39541533399962594530E-01
    0.19557505253853855187E+01    0.23070705043754555219E+00   -0.32826715090028567301E-01
    0.19645383221921921546E+01    0.12929539583326432606E+00   -0.10317145696810869210E-01
    0.19733261189989990125E+01   -0.34568153410314904350E-01    0.17181718498441904408E-01
    0.19821139158058058705E+01   -0.18308282087245209002E+00    0.36438112719106970083E-01
    0.19909017126126125063E+01   -0.23985292881266481735E+00    0.37337704303104318759E-01
    0.19996895094194195863E+01   -0.17345593475993451027E+00    0.18730670522563209329E-01
    0.20084773062262262222E+01   -0.20023059802840578042E-01   -0.94895424260574082198E-02
    0.20172651030330328581E+01    0.14204297320471598320E+00   -0.32481007281343426962E-01
    0.20260528998398399381E+01    0.23212576165906012582E+00   -0.38667675044972392440E-01
    0.20348406966466465740E+01    0.20175568512572170099E+00   -0.24639268540697211590E-01
    0.20436284934534532098E+01    0.62583414002708767643E-01    0.29770446244501312313E-02
    0.20524162902602602898E+01   -0.10966360175928469012E+00    0.29206224744636646862E-01
    0.20612040870670673698E+01   -0.22078873247626590315E+00    0.39256325343702207220E-01
    0.20699918838738740057E+01   -0.21419939911466998050E+00    0.27973933891465848495E-01
    0.20787796806806806416E+01   -0.94304644904338541522E-01    0.18044988925303188324E-02
    0.20875674774874877215E+01    0.78527029114315860525E-01   -0.25611989252517227550E-01
    0.20963552742942943574E+01    0.21017508357927755513E+00   -0.39383626666319962450E-01
    0.21051430711011009933E+01    0.22437161161210650295E+00   -0.31031999928347323708E-01
    0.21139308679079080733E+01    0.11467408034938887662E+00   -0.51065358408759996267E-02
    0.21227186647147147092E+01   -0.55360452129183404524E-01    0.23326753734562069575E-01
    0.21315064615215213450E+01   -0.19493450376585794159E+00    0.38637658537159356997E-01
    0.21402942583283284250E+01   -0.22946742452630580766E+00    0.32856656509338395822E-01
    0.21490820551351350609E+01   -0.13546677689316027893E+00    0.85512579608176403356E-02
    0.21578698519419421409E+01    0.36102678248977122799E-01   -0.21141211499881067126E-01
    0.21666576487487487768E+01    0.18564289214583085119E+00   -0.38848235140383775843E-01
    0.21754454455555558567E+01    0.22987943378575070863E+00   -0.34214473803971079402E-01
    0.21842332423623624926E+01    0.14864038378509158989E+00   -0.10596718754701223153E-01
    0.21930210391691691285E+01   -0.14936035659039477788E-01    0.18795746027634320507E-01
    0.22018088359759762085E+01   -0.17300759154040981636E+00    0.38110490001793499715E-01
    0.22105966327827828444E+01   -0.23424969377564383577E+00    0.36106225350602094704E-01
    0.22193844295895894803E+01   -0.16146152831935681182E+00    0.13087348467012600850E-01
    0.22281722263963965602E+01    0.28602303324888053238E-03   -0.17414795634888052128E-01
    0.22369600232032031961E+01    0.15954641627598403764E+00   -0.37653922533000219741E-01
    0.22457478200100098320E+01    0.23161748140946344932E+00   -0.36827833662583478458E-01
    0.22545356168168169120E+01    0.17596413614750464061E+00   -0.15608590641833305565E-01
    0.22633234136236239920E+01    0.19162231702333949734E-01    0.14891320555527571418E-01
    0.22721112104304301837E+01   -0.14905802032593015727E+00    0.37438687335638203002E-01
    0.22808990072372372637E+01   -0.23119434432272636948E+00    0.38446546071531063904E-01
    0.22896868040440443437E+01   -0.18473341748946106589E+00    0.17573781771177101468E-01
    0.22984746008508509796E+01   -0.38194511609783113326E-01   -0.12787084943925058553E-01
    0.23072623976576576155E+01    0.13090541830242222177E+00   -0.36067232337331792125E-01
    0.23160501944644646954E+01    0.22974387246599550783E+00   -0.39709384824438961892E-01
    0.23248379912712713313E+01    0.19913146342827886537E+00   -0.20881106489512673424E-01
    0.23336257880780779672E+01    0.56854762552963900024E-01    0.10170946866644684989E-01
    0.23424135848848850472E+01   -0.11433836826317700375E+00    0.35371446174196373435E-01
    0.23512013816916916831E+01   -0.22194336029850744718E+00    0.40610425689170191743E-01
    0.23599891784984983190E+01   -0.21061591620703412620E+00    0.23762756771983521709E-01
    0.23687769753053053989E+01   -0.83475825422974991863E-01   -0.61907231064005216123E-02
    0.23775647721121124789E+01    0.91764168617923080884E-01   -0.33350324545173094803E-01
    0.23863525689189186707E+01    0.21597254050371320067E+00   -0.42278470296517579874E-01
    0.23951403657257257507E+01    0.22094826416681198622E+00   -0.27516984247362118177E-01
    0.24039281625325328307E+01    0.10866652629775414018E+00    0.21740951676048583981E-02
    0.24127159593393394665E+01   -0.61092741895224025872E-01    0.30435303482468076264E-01
    0.24215037561461461024E+01   -0.20050893463367674974E+00    0.42621962584237921279E-01
    0.24302915529529531824E+01   -0.23315364868811913612E+00    0.32075848159424373562E-01
    0.24390793497597598183E+01   -0.13900123084608484447E+00    0.37216378546706808776E-02
    0.24478671465665664542E+01    0.28167466169791675890E-01   -0.26874875333245808878E-01
    0.24566549433733735341E+01    0.17846194468720075199E+00   -0.42779714955237954643E-01
    0.24654427401801801700E+01    0.23633596276595614238E+00   -0.36025542613256036906E-01
    0.24742305369869868059E+01    0.17180574389860039930E+00   -0.10516286794804556928E-01
    0.24830183337937938859E+01    0.15323603544551063840E-01    0.20935349071668912790E-01
    0.24918061306006009659E+01   -0.14979046723592137624E+00    0.41845676658651839719E-01
    0.25005939274074071577E+01   -0.23514610672921992807E+00    0.40542250639753800445E-01
    0.25093817242142142376E+01   -0.19960752353761176958E+00    0.17894974171132352336E-01
    0.25181695210210213176E+01   -0.63628431008768346344E-01   -0.13777838655428344128E-01
    0.25269573178278279535E+01    0.10612082256167239269E+00   -0.38488649106734523775E-01
    0.25357451146346345894E+01    0.22355912734386951257E+00   -0.43929809548465280356E-01
    0.25445329114414416694E+01    0.22617451594576334917E+00   -0.26700303390576982099E-01
    0.25533207082482483052E+01    0.11427461870588581649E+00    0.45451367863568060274E-02
    0.25621085050550549411E+01   -0.52980408325149275228E-01    0.33385881004365985936E-01
    0.25708963018618620211E+01   -0.19407347537484995192E+00    0.45348070995113405612E-01
    0.25796840986686686570E+01   -0.24107799051479150698E+00    0.35014314783329357483E-01
    0.25884718954754752929E+01   -0.16838155757475989360E+00    0.71545983912238474492E-02
    0.25972596922822823728E+01   -0.11913256183383529388E-01   -0.24761569864952651804E-01
    0.26060474890890894528E+01    0.14904520971404325302E+00   -0.44533400191748180597E-01
    0.26148352858958960887E+01    0.23727229770308100321E+00   -0.42272671512502579816E-01
    0.26236230827027027246E+01    0.21317345786913913241E+00   -0.19663676310612155512E-01
    0.26324108795095098046E+01    0.86735618864156274754E-01    0.12475915574354300847E-01
    0.26411986763163164404E+01   -0.82548774713001232817E-01    0.39102835981130790177E-01
    0.26499864731231230763E+01   -0.21204780474801626644E+00    0.47156237610817566819E-01
    0.26587742699299301563E+01   -0.24068539110526995795E+00    0.32436248383538729412E-01
    0.26675620667367367922E+01   -0.15820816116100661075E+00    0.24086408630503695384E-02
    0.26763498635435434281E+01   -0.23196620751543975750E-02   -0.28714379616130242256E-01
    0.26851376603503505081E+01    0.15620002556318662856E+00   -0.46810446870671498787E-01
    0.26939254571571571439E+01    0.24266644393976247174E+00   -0.43313195538965072739E-01
    0.27027132539639637798E+01    0.21684688694530460107E+00   -0.19405983458294487343E-01
    0.27115010507707708598E+01    0.93521245766230193253E-01    0.13538177716902143749E-01
    0.27202888475775779398E+01   -0.71497144150456909406E-01    0.40228794478358462228E-01
    0.27290766443843845757E+01   -0.20580384374557902927E+00    0.48949148022531092928E-01
    0.27378644411911912115E+01   -0.24851648118376531982E+00    0.35772948169936841234E-01
    0.27466522379979982915E+01   -0.17977034193555641028E+00    0.61835830252440571533E-02
    0.27554400348048049274E+01   -0.32535352018752621006E-01   -0.26389121872207255831E-01
    0.27642278316116115633E+01    0.12819085942538968603E+00   -0.47223375857430562041E-01
    0.27730156284184186433E+01    0.23442200314611497114E+00   -0.47513193946541742996E-01
    0.27818034252252252791E+01    0.24009275032214405510E+00   -0.27251575787325461875E-01
    0.27905912220320319150E+01    0.14182975801039587882E+00    0.51624442909770492868E-02
    0.27993790188388389950E+01   -0.16363419114484873546E-01    0.35652788833488449627E-01
    0.28081668156456460750E+01   -0.16690623952057515034E+00    0.50872882970474167519E-01
    0.28169546124524522668E+01   -0.24849905495140742206E+00    0.44652574501110667282E-01
    0.28257424092592593468E+01   -0.22737067368607372098E+00    0.19775206395078220173E-01
    0.28345302060660664267E+01   -0.11136263865533121975E+00   -0.13693747508677958299E-01
    0.28433180028728730626E+01    0.50141915639304437957E-01   -0.41806407685420342302E-01
    0.28521057996796796985E+01    0.19054082423253695944E+00   -0.52660502784872852133E-01
    0.28608935964864867785E+01    0.25473550933959926423E+00   -0.42042262852293572906E-01
    0.28696813932932934144E+01    0.21731700540919149378E+00   -0.14439408339534840278E-01
    0.28784691901001000502E+01    0.92405457428614598547E-01    0.19304714525410823084E-01
    0.28872569869069071302E+01   -0.69019645063265813723E-01    0.45652102563593408013E-01
    0.28960447837137137661E+01   -0.20270337839076368880E+00    0.53820893743166696443E-01
    0.29048325805205204020E+01   -0.25803106262769687218E+00    0.40778764956473020908E-01
    0.29136203773273274820E+01   -0.21404299622557876326E+00    0.11814536701910505895E-01
    0.29224081741341345619E+01   -0.87009146207516999127E-01   -0.22055178990167709913E-01
    0.29311959709409407537E+01    0.73202328682110157088E-01   -0.47746482618347442506E-01
    0.29399837677477478337E+01    0.20517860548541078103E+00   -0.55141776086490665310E-01
    0.29487715645545549137E+01    0.26077014435090056788E+00   -0.41609473388865746146E-01
    0.29575593613613615496E+01    0.21978713461070040203E+00   -0.12425658155195286325E-01
    0.29663471581681681855E+01    0.96943317325174901966E-01    0.21709470669738752113E-01
    0.29751349549749752654E+01   -0.61385540485254186382E-01    0.48124771075153026378E-01
    0.29839227517817819013E+01   -0.19699526496929434249E+00    0.56868025994818466318E-01
    0.29927105485885885372E+01   -0.26228194530856191458E+00    0.44925168189461683887E-01
    0.30014983453953956172E+01   -0.23438644178602749402E+00    0.16765658449860779827E-01
    0.30102861422022022531E+01   -0.12295510281237988226E+00   -0.17703887853265397323E-01
    0.30190739390090088889E+01    0.31522360222758574744E-01   -0.46200784335267433556E-01
    0.30278617358158159689E+01    0.17472010627214684675E+00   -0.58484577508769432230E-01
    0.30366495326226230489E+01    0.25826539547987265033E+00   -0.50434095277347053277E-01
    0.30454373294294292407E+01    0.25386959114483470534E+00   -0.24948634916275011508E-01
    0.30542251262362363207E+01    0.16295272901413448974E+00    0.93927630810224753410E-02
    0.30630129230430434006E+01    0.17481305979502367171E-01    0.40834109234293813895E-01
    0.30718007198498500365E+01   -0.13360296950759040224E+00    0.58600719376440180142E-01
    0.30805885166566566724E+01   -0.24113335718218020798E+00    0.56910949198204503763E-01
    0.30893763134634637524E+01   -0.26993458105447015738E+00    0.36389510506995223493E-01
    0.30981641102702703883E+01   -0.21072140547384446418E+00    0.36323714691297030906E-02
    0.31069519070770770242E+01   -0.83978809990009034570E-01   -0.30573522221699782342E-01
    0.31157397038838841041E+01    0.69461417996021110333E-01   -0.55044874904758039902E-01
    0.31245275006906907400E+01    0.20144639088961313611E+00   -0.62087549241602958683E-01
    0.31333152974974973759E+01    0.27034433349002895408E+00   -0.49477183044659769906E-01
    0.31421030943043044559E+01    0.25489864925138244756E+00   -0.21057087452331542388E-01
    0.31508908911111115358E+01    0.16122756625885267812E+00    0.14155400906914542003E-01
    0.31596786879179177276E+01    0.18260324273041628890E-01    0.45176469456521366197E-01
    0.31684664847247248076E+01   -0.13068415917004072568E+00    0.62607525346209544348E-01
    0.31772542815315318876E+01   -0.24036118124006025654E+00    0.61106365334385952248E-01
    0.31860420783383385235E+01   -0.27832650255382429538E+00    0.41027218348529119474E-01
    0.31948298751451451594E+01   -0.23452775937569675380E+00    0.85356734045973457758E-02
    0.32036176719519522393E+01   -0.12198931088552301960E+00   -0.26706574501631916846E-01
    0.32124054687587593193E+01    0.26260030439348425874E-01   -0.54430712589573937432E-01
    0.32211932655655655111E+01    0.16687677544677803620E+00   -0.66481818762953615032E-01
    0.32299810623723725911E+01    0.25998584495140114603E+00   -0.59321854856375283438E-01
    0.32387688591791796711E+01    0.28009686859585924967E+00   -0.35157037151158296306E-01
    0.32475566559859858629E+01    0.22169778862090383509E+00   -0.81727132285513493567E-03
    0.32563444527927929428E+01    0.10168933208757749420E+00    0.34090604944482211236E-01
    0.32651322495996000228E+01   -0.46107961686375903421E-01    0.59746372587154622513E-01
    0.32739200464064062146E+01   -0.18154759374638967939E+00    0.69063468324434468260E-01
    0.32827078432132132946E+01   -0.26843816789900615261E+00    0.59629468298291320172E-01
    0.32914956400200203745E+01   -0.28360967428154343350E+00    0.33941616357477277788E-01
    0.33002834368268265663E+01   -0.22393810380060782950E+00   -0.11023872583543271094E-02
    0.33090712336336336463E+01   -0.10590882710636781439E+00   -0.36100893335732076039E-01
    0.33178590304404407263E+01    0.39759081160269736654E-01   -0.61897265920675070827E-01
    0.33266468272472478063E+01    0.17548019281223789512E+00   -0.71877845041620661015E-01
    0.33354346240540539981E+01    0.26674434817622200145E+00   -0.63421331593289734241E-01
    0.33442224208608610780E+01    0.29147894745996599797E+00   -0.38755842548987187723E-01
    0.33530102176676681580E+01    0.24428733084927145569E+00   -0.41836435617585892091E-02
    0.33617980144744743498E+01    0.13716374898905911439E+00    0.31743267043207422373E-01
    0.33705858112812814298E+01   -0.31465004521451524731E-02    0.60212710783059300579E-01
    0.33793736080880885098E+01   -0.14273018576487739306E+00    0.74269465407799037382E-01
    0.33881614048948947016E+01   -0.24892481078504430370E+00    0.70647802250513064282E-01
    0.33969492017017017815E+01   -0.29722524744833000998E+00    0.50279937493930587644E-01
    0.34057369985085088615E+01   -0.27697243624450851307E+00    0.17920079721306780146E-01
    0.34145247953153150533E+01   -0.19377904973408399680E+00   -0.18868731391889187465E-01
    0.34233125921221221333E+01   -0.66898901287872694632E-01   -0.51631346903299193962E-01
    0.34321003889289292133E+01    0.75095330800555221140E-01   -0.73021959997880317439E-01
    0.34408881857357362932E+01    0.20063248707451999953E+00   -0.78258619511791263634E-01
    0.34496759825425424850E+01    0.28256275185278584283E+00   -0.66174329792916417037E-01
    0.34584637793493495650E+01    0.30383331845109912139E+00   -0.39507161975214227789E-01
    0.34672515761561566450E+01    0.26026180068435228465E+00   -0.40364690188248453229E-02
    0.34760393729629628368E+01    0.16169379129397792871E+00    0.32640881828411988375E-01
    0.34848271697697699167E+01    0.29344002463220334592E-01    0.62689901045934373625E-01
    0.34936149665765769967E+01   -0.10924886779295049644E+00    0.79796889984304258947E-01
    0.35024027633833831885E+01   -0.22565812051379721681E+00    0.80457157192740991203E-01
    0.35111905601901902685E+01   -0.29632057255862409573E+00    0.64499830447821634993E-01
    0.35199783569969973485E+01   -0.30760774094821302649E+00    0.35211955012575991975E-01
    0.35287661538038035403E+01   -0.25782563988401446808E+00   -0.14400899071628364689E-02
    0.35375539506106106202E+01   -0.15717986680528847621E+00   -0.38145424574021952191E-01
    0.35463417474174177002E+01   -0.25864501068228254455E-01   -0.67638757491534612365E-01
    0.35551295442242247802E+01    0.11051839506681770953E+00   -0.84108230715713300230E-01
    0.35639173410310309720E+01    0.22603848970532749996E+00   -0.84413847863378993486E-01
    0.35727051378378380520E+01    0.29903014991483040097E+00   -0.68525833777498795785E-01
    0.35814929346446451319E+01    0.31623901109201202342E+00   -0.39451740182313586869E-01
    0.35902807314514513237E+01    0.27518600888488070622E+00   -0.27048046658194732292E-02
    0.35990685282582584037E+01    0.18383674367464231114E+00    0.34873503682877025900E-01
    0.36078563250650654837E+01    0.59174674542102456698E-01    0.66408651653440967100E-01
    0.36166441218718716755E+01   -0.76127655032234148313E-01    0.86165495376537878935E-01
    0.36254319186786787554E+01   -0.19814711338429358278E+00    0.90608816424482846452E-01
    0.36342197154854858354E+01   -0.28579002434135880595E+00    0.79017964710440646847E-01
    0.36430075122922929154E+01   -0.32419367565895251815E+00    0.53433321295647429050E-01
    0.36517953090990991072E+01   -0.30741135343700876081E+00    0.18323561574513747702E-01
    0.36605831059059061872E+01   -0.23887721511992193735E+00   -0.20249332214683151560E-01
    0.36693709027127132671E+01   -0.13046166236186493292E+00   -0.55757999314874587271E-01
    0.36781586995195194589E+01   -0.48491981062197779670E-03   -0.82274763861445401880E-01
    0.36869464963263265389E+01    0.12968431466898905358E+00   -0.95407562094074360726E-01
    0.36957342931331336189E+01    0.23922156597662649902E+00   -0.93065150341384794697E-01
    0.37045220899399398107E+01    0.31094132304148530688E+00   -0.75668470740437213107E-01
    0.37133098867467468907E+01    0.33399891665772574179E+00   -0.46009836318192859350E-01
    0.37220976835535539706E+01    0.30545607428618254398E+00   -0.88136248894165793860E-02
    0.37308854803603601624E+01    0.23018513798763509670E+00    0.30111125584408961198E-01
    0.37396732771671672424E+01    0.12007579524692572892E+00    0.64794313442197881692E-01
    0.37484610739739743224E+01   -0.80245669716535027866E-02    0.89971127486284316332E-01
    0.37572488707807814023E+01   -0.13510436477295606483E+00    0.10189049107994022081E+00
    0.37660366675875875941E+01   -0.24273029038835111648E+00    0.98846891105180925696E-01
    0.37748244643943946741E+01   -0.31563211619845221723E+00    0.81307036905240978597E-01
    0.37836122612012017541E+01   -0.34393722802854798104E+00    0.51847193117562001552E-01
    0.37924000580080079459E+01   -0.32419604940961682660E+00    0.14707541663551437078E-01
    0.38011878548148150259E+01   -0.25963715424047939528E+00   -0.24878968641679169438E-01
    0.38099756516216221058E+01   -0.15962087812638417472E+00   -0.61405514198898121514E-01
    0.38187634484284282976E+01   -0.37994917731228497471E-01   -0.89856014241793666364E-01
    0.38275512452352353776E+01    0.88852028528039722621E-01   -0.10640876059767187534E+00
    0.38363390420420424576E+01    0.20417249047172475462E+00   -0.10887074706294137816E+00
    0.38451268388488486494E+01    0.29313693136810242690E+00   -0.96936423842626573411E-01
    0.38539146356556557294E+01    0.34466353361808249600E+00   -0.72209529846939027320E-01
    0.38627024324624628093E+01    0.35258428300813082767E+00   -0.37897379016356966264E-01
    0.38714902292692698893E+01    0.31640547797070550651E+00    0.16082711635014544389E-02
    0.38802780260760760811E+01    0.24108358236777330252E+00    0.41310451888666700759E-01
    0.38890658228828831611E+01    0.13620578535874205972E+00    0.76270714908972025992E-01
    0.38978536196896902410E+01    0.14766241199320753741E-01    0.10220416611874508228E+00
    0.39066414164964964328E+01   -0.10858077295934429052E+00    0.11596596583289317528E+00
    0.39154292133033035128E+01   -0.21932866469560649558E+00    0.11594169276822331727E+00
    0.39242170101101105928E+01   -0.30473689345987120536E+00    0.10216651209578152260E+00
    0.39330048069169167846E+01   -0.35529918635429375007E+00    0.76277248794364885254E-01
    0.39417926037237238646E+01   -0.36573887408688432465E+00    0.41305036573244177656E-01
    0.39505804005305309445E+01   -0.33534052363048183487E+00    0.12563185080500499213E-02
    0.39593681973373371363E+01   -0.26796230062698006558E+00   -0.39359597451569985904E-01
    0.39681559941441442163E+01   -0.17139013817505768800E+00   -0.76034775881105479134E-01
    0.39769437909509512963E+01   -0.56310120570216525004E-01   -0.10477545039231470070E+00
    0.39857315877577583763E+01    0.64884566255318659733E-01   -0.12251717108640131082E+00
    0.39945193845645645681E+01    0.17948343063799504504E+00   -0.12740002492569435510E+00
    0.40033071813713716480E+01    0.27581492225524978368E+00   -0.11895834480973671576E+00
    0.40120949781781787280E+01    0.34433007221187367231E+00   -0.98105562939716547954E-01
    0.40208827749849849198E+01    0.37850294809117540629E+00   -0.66996957415711086425E-01
    0.40296705717917919998E+01    0.37538359853495267826E+00   -0.28795565476289804868E-01
    0.40384583685985990797E+01    0.33567868417492208177E+00    0.12686402572086030727E-01
    0.40472461654054052715E+01    0.26361795070802096497E+00    0.53373088184404428314E-01
    0.40560339622122123515E+01    0.16640122422224745691E+00    0.89314554579197277806E-01
    0.40648217590190194315E+01    0.53405687099205526036E-01    0.11707155619844532290E+00
    0.40736095558258256233E+01   -0.64717816675023701056E-01    0.13402690152314492011E+00
    0.40823973526326327033E+01   -0.17708009868248161811E+00    0.13859450918833046695E+00
    0.40911851494394397832E+01   -0.27356816402201011851E+00    0.13036504732127324191E+00
    0.40999729462462468632E+01   -0.34568894636989033753E+00    0.11009996733812436875E+00
    0.41087607430530530550E+01   -0.38729674591246576743E+00    0.79635720045924465738E-01
    0.41175485398598601350E+01   -0.39507353834044522944E+00    0.41707543482491407638E-01
    0.41263363366666672150E+01   -0.36867764494504151607E+00   -0.32959309703781635402E-03
    0.41351241334734734068E+01   -0.31072969314701887056E+00   -0.42805522373422624782E-01
    0.41439119302802804867E+01   -0.22646116447583305997E+00   -0.82055651778738886160E-01
    0.41526997270870875667E+01   -0.12317123200644107539E+00   -0.11474541232221585618E+00
    0.41614875238938937585E+01   -0.95733065552961547212E-02   -0.13814309927688392388E+00
    0.41702753207007008385E+01    0.10499179977259040508E+00   -0.15032138752258930592E+00
    0.41790631175075079184E+01    0.21134511148707854633E+00   -0.15031147711614833984E+00
    0.41878509143143141102E+01    0.30117321337454389107E+00   -0.13814149991570634501E+00
    0.41966387111211211902E+01    0.36767033078202332463E+00   -0.11480672496511934444E+00
    0.42054265079279282702E+01    0.40601621230172713073E+00   -0.82171762425017266795E-01
    0.42142143047347353502E+01    0.41363594489238053598E+00   -0.42786464338921158246E-01
    0.42230021015415415420E+01    0.39034440130019570914E+00    0.32446322263437039858E-03
    0.42317898983483486219E+01    0.33824093278046163391E+00    0.43903496287016015309E-01
    0.42405776951551557019E+01    0.26146125792987945369E+00    0.84716797414616948347E-01
    0.42493654919619618937E+01    0.16581562616525502563E+00    0.11978879432724680310E+00
    0.42581532887687689737E+01    0.58286433054682409982E-01    0.14660577759394605168E+00
    0.42669410855755760537E+01   -0.53505521666327320041E-01    0.16329195327728590614E+00
    0.42757288823823822455E+01   -0.16184746330858951202E+00    0.16871182548946292434E+00
    0.42845166791891893254E+01   -0.25948003964967558677E+00    0.16252853304084752262E+00
    0.42933044759959964054E+01   -0.34006693317020703082E+00    0.14520639297397167078E+00
    0.43020922728028034854E+01   -0.39856302184809255795E+00    0.11794268930089533975E+00
    0.43108800696096096772E+01   -0.43151411063201361440E+00    0.82571270050140921359E-01
    0.43196678664164167571E+01   -0.43719112883532212921E+00    0.41417131179806609964E-01
    0.43284556632232238371E+01   -0.41562771444551921407E+00   -0.28748570572044479694E-02
    0.43372434600300300289E+01   -0.36854905796357301240E+00   -0.47516464874570313315E-01
    0.43460312568368371089E+01   -0.29916499583251954242E+00   -0.89757255172035754764E-01
    0.43548190536436441889E+01   -0.21191560090091465796E+00   -0.12705665965893234159E+00
    0.43636068504504503807E+01   -0.11214490668382058602E+00   -0.15722247875596398470E+00
    0.43723946472572574606E+01   -0.57385633691070369461E-02   -0.17852854628277001203E+00
    0.43811824440640645406E+01    0.10123162681549587039E+00   -0.18979706716627015028E+00
    0.43899702408708707324E+01    0.20285099690975974540E+00   -0.19043626853866926774E+00
    0.43987580376776778124E+01    0.29368243984195524510E+00   -0.18045633238124839104E+00
    0.44075458344844848924E+01    0.36901833647369897129E+00   -0.16044132232911248459E+00
    0.44163336312912919723E+01    0.42509138047496081159E+00   -0.13149679383983792214E+00
    0.44251214280980981641E+01    0.45922442047774258977E+00   -0.95178209677425643087E-01
    0.44339092249049052441E+01    0.46990424064018432304E+00   -0.53396353280510386319E-01
    0.44426970217117123241E+01    0.45681995651691487126E+00   -0.83156952777833567647E-02
    0.44514848185185185159E+01    0.42083196195286592944E+00    0.37756176000120308944E-01
    0.44602726153253255958E+01    0.36390128360954804299E+00    0.82483322237742434657E-01
    0.44690604121321326758E+01    0.28897412640043435017E+00    0.12361349461651437165E+00
    0.44778482089389388676E+01    0.19981181662177682767E+00    0.15908622078755052520E+00
    0.44866360057457459476E+01    0.10080048928602118596E+00    0.18713361340342868355E+00
    0.44954238025525530276E+01   -0.32721183825346555028E-02    0.20635979237010323994E+00
    0.45042115993593592194E+01   -0.10745612034054803641E+00    0.21580716287906764883E+00
    0.45129993961661662993E+01   -0.20687773614827725810E+00    0.21499923168805831764E+00
    0.45217871929729733793E+01   -0.29697449436324779848E+00    0.20395438113558272963E+00
    0.45305749897797804593E+01   -0.37371488676614056379E+00    0.18318300983499741230E+00
    0.45393627865865866511E+01   -0.43376950133951064359E+00    0.15364819201466167753E+00
    0.45481505833933937311E+01   -0.47465243214660463034E+00    0.11670666485886918573E+00
    0.45569383802002008110E+01   -0.49480893389559454931E+00    0.74034288045933691058E-01
    0.45657261770070070028E+01   -0.49363727361381265490E+00    0.27533405400150475634E-01
    0.45745139738138140828E+01   -0.47148045895008122708E+00   -0.20762805181457733017E-01
    0.45833017706206211628E+01   -0.42955995257212620242E+00   -0.68785030622250747934E-01
    0.45920895674274273546E+01   -0.36987850320994514197E+00   -0.11452088500870521992E+00
    0.46008773642342344345E+01   -0.29509966206242749243E+00   -0.15609725386572309569E+00
    0.46096651610410415145E+01   -0.20840043136991395767E+00   -0.19184926372981922493E+00
    0.46184529578478477063E+01   -0.11331927209072165108E+00   -0.22038033630321784972E+00
    0.46272407546546547863E+01   -0.13604805231818206321E-01   -0.24060161743937544254E+00
    0.46360285514614618663E+01    0.86933940563527850598E-01   -0.25176007376581477359E+00
    0.46448163482682689462E+01    0.18456638571935146675E+00   -0.25345437570329032440E+00
    0.46536041450750751380E+01    0.27576576975252881097E+00   -0.24563636445347100667E+00
    0.46623919418818822180E+01    0.35732547610331150123E+00   -0.22860507020715378768E+00
    0.46711797386886892980E+01    0.42645450530939210676E+00   -0.20298542204009509260E+00
    0.46799675354954954898E+01    0.48086061555646247845E+00   -0.16969866216986703722E+00
    0.46887553323023025698E+01    0.51881247887774450955E+00   -0.12992418927063076328E+00
    0.46975431291091096497E+01    0.53917678786301703742E+00   -0.85051434537386380597E-01
    0.47063309259159158415E+01    0.54144166672157267861E+00   -0.36628154758038253269E-01
    0.47151187227227229215E+01    0.52571124921914180739E+00    0.13696935255323798922E-01
    0.47239065195295300015E+01    0.49268424652302300615E+00    0.64234075059839801369E-01
    0.47326943163363361933E+01    0.44361197065472168788E+00    0.11331108312255604165E+00
    0.47414821131431432732E+01    0.38023241344091235350E+00    0.15933017093214024706E+00
    0.47502699099499503532E+01    0.30469551378486964266E+00    0.20082108644478380288E+00
    0.47590577067567574332E+01    0.21947418955484218617E+00    0.23648391793610853973E+00
    0.47678455035635636250E+01    0.12726880153991074196E+00    0.26522593663588550639E+00
    0.47766333003703707050E+01    0.30912781275737537257E-01    0.28618884778815389947E+00
    0.47854210971771777849E+01   -0.66719841292276690914E-01    0.29876481614059574587E+00
    0.47942088939839839767E+01   -0.16280297901626961110E+00    0.30260672515010444972E+00
    0.48029966907907910567E+01   -0.25463603073881618810E+00    0.29762677002614501554E+00
    0.48117844875975981367E+01   -0.33971488157328455504E+00    0.28398889726296239200E+00
    0.48205722844044043285E+01   -0.41579062849404069269E+00    0.26209504910803782529E+00
    0.48293600812112114085E+01   -0.48091401531032290650E+00    0.23256439363139488896E+00
    0.48381478780180184884E+01   -0.53347318341850569201E+00    0.19621014392391109005E+00
    0.48469356748248246802E+01   -0.57221861909942417501E+00    0.15401272346782357570E+00
    0.48557234716316317602E+01   -0.59628106539947223208E+00    0.10709100443396493696E+00
    0.48645112684384388402E+01   -0.60517978563191521246E+00    0.56671474400611036859E-01
    0.48732990652452459202E+01   -0.59881979342044389103E+00    0.40550821235331713233E-02
    0.48820868620520521119E+01   -0.57748364046545197503E+00   -0.49416281233340957069E-01
    0.48908746588588591919E+01   -0.54181251127881591145E+00   -0.10239321359536930622E+00
    0.48996624556656662719E+01   -0.49278154117760891717E+00   -0.15355202427748509963E+00
    0.49084502524724724637E+01   -0.43166762386313239919E+00   -0.20162652340704398379E+00
    0.49172380492792795437E+01   -0.36000876267474812842E+00   -0.24543810014751218929E+00
    0.49260258460860866236E+01   -0.27956065539581559376E+00   -0.28392370701220237539E+00
    0.49348136428928928154E+01   -0.19224928239722616219E+00   -0.31615848627842946250E+00
    0.49436014396996998954E+01   -0.10012139284404955597E+00   -0.34137539672280065028E+00
    0.49523892365065069754E+01   -0.52925345570622251215E-02   -0.35898005650954167844E+00
    0.49611770333133140554E+01    0.90107525121659745593E-01   -0.36856015492107185860E+00
    0.49699648301201202472E+01    0.18398629429343091313E+00   -0.36989139648464425258E+00
    0.49787526269269273271E+01    0.27432972612106493182E+00   -0.36293590998538804993E+00
    0.49875404237337344071E+01    0.35923891209528796553E+00   -0.34783699951006435969E+00
    0.49963282205405405989E+01    0.43696819602203829103E+00   -0.32491163881502632682E+00
    0.50051160173473476789E+01    0.50596484420549614480E+00   -0.29464049314791063150E+00
    0.50139038141541547589E+01    0.56489895071219387024E+00   -0.25765458409010477681E+00
    0.50226916109609609506E+01    0.61266421242794666391E+00   -0.21471337642939219981E+00
    0.50314794077677680306E+01    0.64836718049243491357E+00   -0.16667992693255020975E+00
    0.50402672045745751106E+01    0.67132853895614275075E+00   -0.11450331563495985687E+00
    0.50490550013813813024E+01    0.68109859438201370008E+00   -0.59209386700842851770E-01
    0.50578427981881883824E+01    0.67747415690165757596E+00   -0.18897653905565231676E-02
    0.50666305949949954623E+01    0.66051277738128588712E+00    0.56317973863677019131E-01
    0.50754183918018025423E+01    0.63054355605866907464E+00    0.11425404691931310974E+00
    0.50842061886086087341E+01    0.58815957868294832522E+00    0.17076017852080274673E+00
    0.50929939854154158141E+01    0.53419000065307842284E+00    0.22470307122703178648E+00
    0.51017817822222228941E+01    0.46967176494406864817E+00    0.27499712600467668411E+00
    0.51105695790290290859E+01    0.39582959456341731963E+00    0.32062514252670798465E+00
    0.51193573758358361658E+01    0.31405861160512427155E+00    0.36065788898084161218E+00
    0.51281451726426432458E+01    0.22589889808047922126E+00    0.39427168094165432333E+00
    0.51369329694494494376E+01    0.13300099519250954683E+00    0.42076375760625750466E+00
    0.51457207662562565176E+01    0.37091033340851065070E-01    0.43956591600322147961E+00
    0.51545085630630635976E+01   -0.60061115377726591313E-01    0.45025421270113175076E+00
    0.51632963598698697893E+01   -0.15667250385447983874E+00    0.45255658677775384424E+00
    0.51720841566766768693E+01   -0.25097882829571316332E+00    0.44635748605960512414E+00
    0.51808719534834839493E+01   -0.34126731434172685731E+00    0.43169924459312025711E+00
    0.51896597502902910293E+01   -0.42590828893928411869E+00    0.40878147271702786059E+00
    0.51984475470970972211E+01   -0.50338256210043719197E+00    0.37795631546691438318E+00
    0.52072353439039043010E+01   -0.57230667780098609665E+00    0.33972160972849019256E+00
    0.52160231407107113810E+01   -0.63145554584693308620E+00    0.29471144437563223661E+00
    0.52248109375175184610E+01   -0.67978224879933057956E+00    0.24368395445083629314E+00
    0.52335987343243246528E+01   -0.71643539773033082518E+00    0.18750774848577542175E+00
    0.52423865311311317328E+01   -0.74077091292219876539E+00    0.12714574006277937213E+00
    0.52511743279379388127E+01   -0.75236092913344909672E+00    0.63637737852869982746E-01
    0.52599621247447450045E+01   -0.75099875304196050951E+00   -0.19180495969607466895E-02
    0.52687499215515520845E+01   -0.73669961936916150691E+00   -0.68384627283687077215E-01
    0.52775377183583591645E+01   -0.70969889570403721368E+00   -0.13460607534056956425E+00
    0.52863255151651653563E+01   -0.67044505868343950983E+00   -0.19942761952363655120E+00
    0.52951133119719724363E+01   -0.61959004484075408392E+00   -0.26171568855463595016E+00
    0.53039011087787795162E+01   -0.55797632451211187643E+00   -0.32037719686610077741E+00
    0.53126889055855857080E+01   -0.48662054293093420787E+00   -0.37437797180491882987E+00
    0.53214767023923927880E+01   -0.40669547827334512347E+00   -0.42276031709907779810E+00
    0.53302644991991998680E+01   -0.31950884441229232547E+00   -0.46465858200829057711E+00
    0.53390522960060069479E+01   -0.22648060403946085328E+00   -0.49931361321719536228E+00
    0.53478400928128131397E+01   -0.12911894883403243761E+00   -0.52608503085941404898E+00
    0.53566278896196202197E+01   -0.28994927293660807677E-01   -0.54446120119555785344E+00
    0.53654156864264272997E+01    0.72283226029253272449E-01   -0.55406767719388516635E+00
    0.53742034832332334915E+01    0.17309601711761374299E+00   -0.55467244718764552314E+00
    0.53829912800400405715E+01    0.27183860336012527492E+00   -0.54618951817588801134E+00
    0.53917790768468476514E+01    0.36694579485803474617E+00   -0.52867988254174291818E+00
    0.54005668736536538432E+01    0.45691606734276563051E+00   -0.50234976226977479108E+00
    0.54093546704604609232E+01    0.54033455200186331080E+00   -0.46754730165957852916E+00
    0.54181424672672680032E+01    0.61589368913115172255E+00   -0.42475620320147045028E+00
    0.54269302640740750832E+01    0.68241258069467047864E+00   -0.37458784002689471393E+00
    0.54357180608808812750E+01    0.73885377156151854638E+00   -0.31777133191383943878E+00
    0.54445058576876883549E+01    0.78433735235767809701E+00   -0.25514153754883622804E+00
    0.54532936544944954349E+01    0.81815324334740158196E+00   -0.18762605709536550602E+00
    0.54620814513013016267E+01    0.83976971521083476624E+00   -0.11623043098163786391E+00
    0.54708692481081087067E+01    0.84883995878444495897E+00   -0.42022504600730925528E-01
    0.54796570449149157866E+01    0.84520551401799259850E+00    0.33883970734326390728E-01
    0.54884448417217219784E+01    0.82889648180148334244E+00    0.11034649154320165521E+00
    0.54972326385285290584E+01    0.80012984895148231423E+00    0.18621107416683893576E+00
    0.55060204353353361384E+01    0.75930410238390910749E+00    0.26032954849856404511E+00
    0.55148082321421423302E+01    0.70699200102183812344E+00    0.33157676831175836307E+00
    0.55235960289489494102E+01    0.64393077403074661103E+00    0.39886715327778160534E+00
    0.55323838257557564901E+01    0.57100972345911027439E+00    0.46117052666022306795E+00
    0.55411716225625635701E+01    0.48925652012399289958E+00    0.51752723465155814342E+00
    0.55499594193693697619E+01    0.39982108197021937190E+00    0.56706166699125026831E+00
    0.55587472161761768419E+01    0.30395832291927254998E+00    0.60899489976053200468E+00
    0.55675350129829839219E+01    0.20300968478249634130E+00    0.64265559443284003827E+00
    0.55763228097897901137E+01    0.98383472058602830512E-01    0.66748912478610711307E+00
    0.55851106065965971936E+01   -0.84651747263497726520E-02    0.68306546861735017995E+00
    0.55938984034034042736E+01   -0.11605479571355686863E+00    0.68908457691284474844E+00
    0.56026862002102104654E+01   -0.22289826760813002959E+00    0.68538044950893250995E+00
    0.56114739970170175454E+01   -0.32752307979797701254E+00    0.67192307197892264803E+00
    0.56202617938238246253E+01   -0.42849120228802417554E+00    0.64881821370365511115E+00
    0.56290495906306308171E+01   -0.52441835991338892065E+00    0.61630593133731725874E+00
    0.56378373874374378971E+01   -0.61399194323982175803E+00    0.57475654694466338235E+00
    0.56466251842442449771E+01   -0.69598814918442086785E+00    0.52466538596248601944E+00
    0.56554129810510520571E+01   -0.76928744303817242489E+00    0.46664571565969970024E+00
    0.56642007778578582489E+01   -0.83288833690675312393E+00    0.40141991094592111011E+00
    0.56729885746646653288E+01   -0.88591991074897202818E+00    0.32980969197259940584E+00
    0.56817763714714724088E+01   -0.92765175761396001519E+00    0.25272464623362744796E+00
    0.56905641682782786006E+01   -0.95750260078742055470E+00    0.17114995670566349184E+00
    0.56993519650850856806E+01   -0.97504659123587056335E+00    0.86133213583929738033E-01
    0.57081397618918927606E+01   -0.98001731807217762338E+00   -0.12296563598813668727E-02
    0.57169275586986989524E+01   -0.97231035323443204543E+00   -0.89808760127888534464E-01
    0.57257153555055060323E+01   -0.95198292592821276425E+00   -0.17845505313690254723E+00
    0.57345031523123131123E+01   -0.91925217984317997288E+00   -0.26601529816583857624E+00
    0.57432909491191193041E+01   -0.87449123171771447893E+00   -0.35134684931483844972E+00
    0.57520787459259263841E+01   -0.81822309273805937657E+00   -0.43333224563159550291E+00
    0.57608665427327334640E+01   -0.75111337270853872905E+00   -0.51089343713653112555E+00
    0.57696543395395405440E+01   -0.67396069626163102040E+00   -0.58300516663887380631E+00
    0.57784421363463467358E+01   -0.58768603921751683128E+00   -0.64870786692967197240E+00
    0.57872299331531538158E+01   -0.49332061349766531677E+00   -0.70711943730063497870E+00
    0.57960177299599608958E+01   -0.39199236444580609628E+00   -0.75744592112219177871E+00
    0.58048055267667670876E+01   -0.28491182449462565396E+00   -0.79899131478252749528E+00
    0.58135933235735741675E+01   -0.17335684919480670585E+00   -0.83116561312197922984E+00
    0.58223811203803812475E+01   -0.58656878771719413168E-01   -0.85349194686003271304E+00
    0.58311689171871874393E+01    0.57823172643471899834E-01   -0.86561206250556554931E+00
    0.58399567139939945193E+01    0.17469936498432375727E+00   -0.86729020543687274092E+00
    0.58487445108008015993E+01    0.29058512923307033837E+00   -0.85841592819098488931E+00
    0.58575323076076077911E+01    0.40410743183848124582E+00   -0.83900480902056973065E+00
    0.58663201044144148710E+01    0.51392274783542690741E+00   -0.80919814211338247922E+00
    0.58751079012212219510E+01    0.61873233697824669974E+00   -0.76926095183572973379E+00
    0.58838956980280290310E+01    0.71729683868876048525E+00   -0.71957841465743233034E+00
    0.58926834948348352228E+01    0.80845020670089695614E+00   -0.66065132182532948502E+00
    0.59014712916416423027E+01    0.89111227359619182842E+00   -0.59308974239440559462E+00
    0.59102590884484493827E+01    0.96430058777258120806E+00   -0.51760583755578803977E+00
    0.59190468852552555745E+01    0.10271407811061492588E+01   -0.43500544770421373242E+00
    0.59278346820620626545E+01    0.10788755382054131537E+01   -0.34617853109023261071E+00
    0.59366224788688697345E+01    0.11188725336714104852E+01   -0.25208901376524600613E+00
    0.59454102756756759263E+01    0.11466303479663393361E+01   -0.15376359514188026045E+00
    0.59541980724824830062E+01    0.11617833731434326072E+01   -0.52280098622150168730E-01
    0.59629858692892900862E+01    0.11641049393560214398E+01    0.51244661831649059025E-01
    0.59717736660960962780E+01    0.11535087724647958840E+01    0.15566745433162576528E+00
    0.59805614629029033580E+01    0.11300493528378090513E+01    0.25983129217261535793E+00
    0.59893492597097104380E+01    0.10939201917260628072E+01    0.36257817674655568041E+00
    0.59981370565165175179E+01    0.10454511066114031692E+01    0.46276181868277294074E+00
    0.60069248533233237097E+01    0.98510389140004850361E+00    0.55926003395600110135E+00
    0.60157126501301307897E+01    0.91346650094511971929E+00    0.65098682412116559703E+00
    0.60245004469369378697E+01    0.83124635424670445527E+00    0.73690406559234844508E+00
    0.60332882437437440615E+01    0.73926202238241889297E+00    0.81603238029629865391E+00
    0.60420760405505511415E+01    0.63843417408309743877E+00    0.88746155899536294243E+00
    0.60508638373573582214E+01    0.52977547107033851059E+00    0.95036000027318001671E+00
    0.60596516341641644132E+01    0.41437950684266250390E+00    0.10039832321692510053E+01
    0.60684394309709714932E+01    0.29340927756679019422E+00    0.10476816995853279746E+01
    0.60772272277777785732E+01    0.16808484978645901742E+00    0.10809071212402552309E+01
    0.60860150245845856531E+01    0.39670696882448307219E-01    0.11032181266431757560E+01
    0.60948028213913918449E+01   -0.90537260118023044075E-01    0.11142845486921786335E+01
    0.61035906181981989249E+01   -0.22122486832326287987E+00    0.11138904828455251650E+01
    0.61123784150050060049E+01   -0.35107294039063230429E+00    0.11019364778844931152E+01
    0.61211662118118121967E+01   -0.47877033662539569825E+00    0.10784400895658408093E+01
    0.61299540086186192767E+01   -0.60302693335088075610E+00    0.10435356436560956350E+01
    0.61387418054254263566E+01   -0.72258613517607350740E+00    0.99747265000813434277E+00
    0.61475296022322325484E+01   -0.83623696102572775413E+00    0.94061299512176488324E+00
    0.61563173990390396284E+01   -0.94282567540203809919E+00    0.87342735187945008679E+00
    0.61651051958458467084E+01   -0.10412665068989259698E+01    0.79649015449623283835E+00
    0.61738929926526529002E+01   -0.11305518821623523618E+01    0.71047390732746529274E+00
    0.61826807894594599802E+01   -0.12097616276279998804E+01    0.61614245912475029687E+00
    0.61914685862662670601E+01   -0.12780712338266897454E+01    0.51434335355586169314E+00
    0.62002563830730741401E+01   -0.13347593722313528808E+01    0.40599965924026104602E+00
    0.62090441798798803319E+01   -0.13792139886665477633E+01    0.29210088280336299338E+00
    0.62178319766866874119E+01   -0.14109376898712857606E+01    0.17369348333648193528E+00
    0.62266197734934944918E+01   -0.14295518058644776094E+01    0.51870879357565541357E-01
    0.62354075703003006836E+01   -0.14347992670084437350E+01   -0.72236987128966215210E-01
    0.62441953671071077636E+01   -0.14265466331017795376E+01   -0.19747424643507557884E+00
    0.62529831639139148436E+01   -0.14047845521829720461E+01   -0.32266993415671635370E+00
    0.62617709607207210354E+01   -0.13696274686322045255E+01   -0.44664888975463257204E+00
    0.62705587575275281154E+01   -0.13213120298684377651E+01   -0.56824256399732830936E+00
    0.62793465543343351953E+01   -0.12601943427884623183E+01   -0.68629973518255626974E+00
    0.62881343511411413871E+01   -0.11867464736751407450E+01   -0.79969701699689710317E+00
    0.62969221479479484671E+01   -0.11015515814725584942E+01   -0.90734893070123423531E+00
    0.63057099447547555471E+01   -0.10052984215788569600E+01   -0.10082177259378850565E+01
    0.63144977415615626271E+01   -0.89877484454911726885E+00   -0.11013225790217489042E+01
    0.63232855383683688189E+01   -0.78286041839976661105E+00   -0.11857482357503310588E+01
    0.63320733351751758988E+01   -0.65851853674689331264E+00   -0.12606531509090599386E+01
    0.63408611319819829788E+01   -0.52678762888304420109E+00   -0.13252766708458985079E+01
    0.63496489287887891706E+01   -0.38877198039849514277E+00   -0.13789457302416607831E+01
    0.63584367255955962506E+01   -0.24563202578073151106E+00   -0.14210805688044156891E+01
    0.63672245224024033305E+01   -0.98574189966464928481E-01   -0.14511995887391877513E+01
    0.63760123192092095223E+01    0.51159457697551799504E-01   -0.14689235423002648950E+01
    0.63848001160160166023E+01    0.20230184190084082863E+00   -0.14739784856218940412E+01
    0.63935879128228236823E+01    0.35357161429273709086E+00   -0.14661981346799852766E+01
    0.64023757096296298741E+01    0.50368387347878640359E+00   -0.14455251138718985260E+01
    0.64111635064364369541E+01    0.65136086423324879302E+00   -0.14120112463056189167E+01
    0.64199513032432440340E+01    0.79534252825337747872E+00   -0.13658171573298125701E+01
    0.64287391000500511140E+01    0.93439674163230335147E+00   -0.13072106417753199814E+01
    0.64375268968568573058E+01    0.10673293623599886537E+01   -0.12365644526087928856E+01
    0.64463146936636643858E+01    0.11929937737132894071E+01   -0.11543530872998923886E+01
    0.64551024904704714658E+01    0.13102999870729288290E+01   -0.10611487176210598893E+01
    0.64638902872772776576E+01    0.14182233174033724854E+01   -0.95761655401506573515E+00
    0.64726780840840847375E+01    0.15158122572959782381E+01   -0.84450921573970072487E+00
    0.64814658808908918175E+01    0.16021959409938013597E+01   -0.72266065432024384485E+00
    0.64902536776976980093E+01    0.16765907516117670717E+01   -0.59297936773069959138E+00
    0.64990414745045050893E+01    0.17383061939065562740E+01   -0.45644101715919765949E+00
    0.65078292713113121692E+01    0.17867501648871928488E+01   -0.31408070032964441332E+00
    0.65166170681181183610E+01    0.18214331308850857383E+01   -0.16698464342664748328E+00
    0.65254048649249254410E+01    0.18419717727566806698E+01   -0.16281652499834552844E-01
    0.65341926617317325210E+01    0.18480916107934839410E+01    0.13686573896421441732E+00
    0.65429804585385396010E+01    0.18396287664462538380E+01    0.29127037126913257747E+00
    0.65517682553453457928E+01    0.18165310723674252813E+01    0.44572963285524036525E+00
    0.65605560521521528727E+01    0.17788580237372322301E+01    0.59903472937989687974E+00
    0.65693438489589599527E+01    0.17267801846907417929E+01    0.74997996026345314924E+00
    0.65781316457657661445E+01    0.16605776091998956101E+01    0.89737186861060558307E+00
    0.65869194425725732245E+01    0.15806374381644823224E+01    0.10400382773660832303E+01
    0.65957072393793803045E+01    0.14874509160673887731E+01    0.11768371348829667067E+01
    0.66044950361861864963E+01    0.13816093956814305965E+01    0.13066649925746722793E+01
    0.66132828329929935762E+01    0.12637998828720367062E+01    0.14284652760353460099E+01
    0.66220706297998006562E+01    0.11347998008016872973E+01    0.15412360549700341306E+01
    0.66308584266066068480E+01    0.99547111000385701818E+00    0.16440373903102474262E+01
    0.66396462234134139280E+01    0.84675401448739195942E+00    0.17359982804375637677E+01
    0.66484340202202210079E+01    0.68965996392428130513E+00    0.18163228809595206581E+01
    0.66572218170270280879E+01    0.52526435226028433956E+00    0.18842963590467582957E+01
    0.66660096138338342797E+01    0.35469875660706928766E+00    0.19392899881156133723E+01
    0.66747974106406413597E+01    0.17914280345703170738E+00    0.19807656122116588104E+01
    0.66835852074474484397E+01   -0.18415608401462757438E-03    0.20082795837392208860E+01
    0.66923730042542546315E+01   -0.18203167706401368608E+00    0.20214857706440194640E+01
    0.67011608010610617114E+01   -0.36512696246807724298E+00    0.20201381154130579887E+01
    0.67099485978678687914E+01   -0.54818369438421654660E+00    0.20040923237855068351E+01
    0.67187363946746749832E+01   -0.72991093134584750235E+00    0.19733068403576257133E+01
    0.67275241914814820632E+01   -0.90902195996526236055E+00    0.19278432687033799642E+01
    0.67363119882882891432E+01   -0.10842430405757337297E+01    0.18678658277964570456E+01
    0.67450997850950962231E+01   -0.12543220708987623535E+01    0.17936403585981361974E+01
    0.67538875819019024149E+01   -0.14180369843032005761E+01    0.17055324999356971105E+01
    0.67626753787087094949E+01   -0.15742039262653730880E+01    0.16040051916875337490E+01
    0.67714631755155165749E+01   -0.17216851735938052403E+01    0.14896156852705761953E+01
    0.67802509723223227667E+01   -0.18593965880103990873E+01    0.13630117141655482271E+01
    0.67890387691291298466E+01   -0.19863148245864583608E+01    0.12249272849745869163E+01
    0.67978265659359369266E+01   -0.21014839883659068853E+01    0.10761778055420780920E+01
    0.68066143627427431184E+01   -0.22040218416864969520E+01    0.91765468300050279105E+00
    0.68154021595495501984E+01   -0.22931255972029687129E+01    0.75031956462425575261E+00
    0.68241899563563572784E+01   -0.23680769859326860072E+01    0.57519798291700618975E+00
    0.68329777531631634702E+01   -0.24282469677075235737E+01    0.39337274477577133247E+00
    0.68417655499699705501E+01   -0.24730997064958413212E+01    0.20597691546054230916E+00
    0.68505533467767776301E+01   -0.25021959554392210201E+01    0.14186484106235460606E-01
    0.68593411435835847101E+01   -0.25151959420659939504E+01   -0.18078714669578085927E+00
    0.68681289403903909019E+01   -0.25118613953883186518E+01   -0.37770495110829033214E+00
    0.68769167371971979819E+01   -0.24920571639866606617E+01   -0.57530817318622495815E+00
    0.68857045340040050618E+01   -0.24557520339291523115E+01   -0.77232632301675419040E+00
    0.68944923308108112536E+01   -0.24030189116778615244E+01   -0.96748524854912043569E+00
    0.69032801276176183336E+01   -0.23340344981812064518E+01   -0.11595151859084162904E+01
    0.69120679244244254136E+01   -0.22490781028351967130E+01   -0.13471587531395798898E+01
    0.69208557212312316054E+01   -0.21485300586469615602E+01   -0.15291788886897754729E+01
    0.69296435180380386853E+01   -0.20328693882436397189E+01   -0.17043665915608854355E+01
    0.69384313148448457653E+01   -0.19026708821207640732E+01   -0.18715484996390909789E+01
    0.69472191116516519571E+01   -0.17586017303918601851E+01   -0.20295942607939188029E+01
    0.69560069084584590371E+01   -0.16014174113642618558E+01   -0.21774235376364092787E+01
    0.69647947052652661171E+01   -0.14319572460931844216E+01   -0.23140128152754488866E+01
    0.69735825020720731970E+01   -0.12511393550865352875E+01   -0.24384017500241084164E+01
    0.69823702988788793888E+01   -0.10599551518182279697E+01   -0.25496991548931386973E+01
    0.69911580956856864688E+01   -0.85946351058504932841E+00   -0.26470886273658167376E+01
    0.69999458924924935488E+01   -0.65078440291667027928E+00   -0.27298335658723233976E+01
    0.70087336892992997406E+01   -0.43509230692734751633E+00   -0.27972818811568158637E+01
    0.70175214861061068206E+01   -0.21360924528003133460E+00   -0.28488700595824867356E+01
    0.70263092829129139005E+01    0.12402459607021380436E-01   -0.28841267211104510970E+01
    0.70350970797197200923E+01    0.24164759447822736771E+00   -0.29026757218781757963E+01
    0.70438848765265271723E+01    0.47280572088647299100E+00   -0.29042384926810713708E+01
    0.70526726733333342523E+01    0.70453893433911640720E+00   -0.28886360097607552966E+01
    0.70614604701401404441E+01    0.93549972408789483502E+00   -0.28557900212184050837E+01
    0.70702482669469475240E+01    0.11643389045536938209E+01   -0.28057236998905352721E+01
    0.70790360637537546040E+01    0.13897135295448415082E+01   -0.27385618068664530078E+01
    0.70878238605605616840E+01    0.16102947613552811568E+01   -0.26545300458948966060E+01
    0.70966116573673678758E+01    0.18247756904483813933E+01   -0.25539540393103434823E+01
    0.71053994541741749558E+01    0.20318789746242718053E+01   -0.24372575662383519912E+01
    0.71141872509809820357E+01    0.22303643346719570495E+01   -0.23049602389017751491E+01
    0.71229750477877882275E+01    0.24190358540423639866E+01   -0.21576747231978008479E+01
    0.71317628445945953075E+01    0.25967489416582378858E+01   -0.19961032165453549414E+01
    0.71405506414014023875E+01    0.27624171106830979205E+01   -0.18210335888184454589E+01
    0.71493384382082085793E+01    0.29150183197975891858E+01   -0.16333348942319840802E+01
    0.71581262350150156593E+01    0.30536009781508623995E+01   -0.14339524100403913121E+01
    0.71669140318218227392E+01    0.31772896004781729928E+01   -0.12239023171951655122E+01
    0.71757018286286289310E+01    0.32852898798751071219E+01   -0.10042658074937049761E+01
    0.71844896254354360110E+01    0.33768934670666808096E+01   -0.77618294250465791340E+00
    0.71932774222422430910E+01    0.34514821122933918573E+01   -0.54084608166205616619E+00
    0.72020652190490501710E+01    0.35085313246315301683E+01   -0.29949299155455588739E+00
    0.72108530158558563627E+01    0.35476135731829065989E+01   -0.53399747769506303308E-01
    0.72196408126626634427E+01    0.35684007389751859485E+01    0.19612668540055938626E+00
    0.72284286094694705227E+01    0.35706662037739378412E+01    0.44775599859756426424E+00
    0.72372164062762767145E+01    0.35542861869246284989E+01    0.70014224801571878221E+00
    0.72460042030830837945E+01    0.35192405198636342867E+01    0.95193168438179676105E+00
    0.72547919998898908744E+01    0.34656129163974744856E+01    0.12017706044383809072E+01
    0.72635797966966970662E+01    0.33935904300583370485E+01    0.14483132230785897843E+01
    0.72723675935035041462E+01    0.33034625294701398524E+01    0.16902295239224922607E+01
    0.72811553903103112262E+01    0.31956194122172587591E+01    0.19262129815835895563E+01
    0.72899431871171174180E+01    0.30705497560195378348E+01    0.21549881824258805274E+01
    0.72987309839239244980E+01    0.29288379917738995850E+01    0.23753182733430930895E+01
    0.73075187807307315779E+01    0.27711608166467134318E+01    0.25860121206251993620E+01
    0.73163065775375386579E+01    0.25982833619228640210E+01    0.27859313024493039812E+01
    0.73250943743443448497E+01    0.24110547021375432486E+01    0.29739966880163204443E+01
    0.73338821711511519297E+01    0.22104028837769011950E+01    0.31491947071276342740E+01
    0.73426699679579590097E+01    0.19973295748740258482E+01    0.33105832724056312166E+01
    0.73514577647647652014E+01    0.17729041222670232081E+01    0.34572971377515866465E+01
    0.73602455615715722814E+01    0.15382573534180765673E+01    0.35885529675445790865E+01
    0.73690333583783793614E+01    0.12945749259382797192E+01    0.37036537618902451996E+01
    0.73778211551851855532E+01    0.10430903529936297325E+01    0.38019928081087508431E+01
    0.73866089519919926332E+01    0.78507781116331765148E+00    0.38830571572657959223E+01
    0.73953967487987997131E+01    0.52184461864554188004E+00    0.39464303440868389039E+01
    0.74041845456056067931E+01    0.25472358983948462097E+00    0.39917947370864101941E+01
    0.74129723424124129849E+01   -0.14934778333813054571E-01    0.40189331085101276386E+01
    0.74217601392192200649E+01   -0.28577023479935320660E+00    0.40277296379491698275E+01
    0.74305479360260271449E+01   -0.55642071795751568697E+00    0.40181703850321914828E+01
    0.74393357328328333367E+01   -0.82553030804187188529E+00    0.39903429288186842427E+01
    0.74481235296396404166E+01   -0.10917571483010883870E+01    0.39444356145602976760E+01
    0.74569113264464474966E+01   -0.13537812145696106469E+01    0.38807360063835760755E+01
    0.74656991232532536884E+01   -0.16103119685522522264E+01    0.37996287708972875663E+01
    0.74744869200600607684E+01   -0.18600958145587878079E+01    0.37015930594198374060E+01
    0.74832747168668678484E+01   -0.21019232360386195246E+01    0.35871991147318835758E+01
    0.74920625136736740401E+01   -0.23346357479515607025E+01    0.34571045267010407365E+01
    0.75008503104804811201E+01   -0.25571323940449923739E+01    0.33120498113832179676E+01
    0.75096381072872882001E+01   -0.27683759132748657628E+01    0.31528535121177996281E+01
    0.75184259040940952801E+01   -0.29673985244449139209E+01    0.29804069141012177191E+01
    0.75272137009009014719E+01   -0.31533071097674914007E+01    0.27956681716922338055E+01
    0.75360014977077085518E+01   -0.33252880897102752300E+01    0.25996561860250571030E+01
    0.75447892945145156318E+01   -0.34826116096374502007E+01    0.23934440407889217006E+01
    0.75535770913213218236E+01   -0.36246352352710129452E+01    0.21781521320950272269E+01
    0.75623648881281289036E+01   -0.37508071422172766241E+01    0.19549410958112976022E+01
    0.75711526849349359836E+01   -0.38606685231593775853E+01    0.17250044376532251977E+01
    0.75799404817417421754E+01   -0.39538556136198543811E+01    0.14895610589927035239E+01
    0.75887282785485492553E+01   -0.40301009118635438000E+01    0.12498476550841970401E+01
    0.75975160753553563353E+01   -0.40892338317372152190E+01    0.10071110317452349747E+01
    0.76063038721621625271E+01   -0.41311808120208972639E+01    0.76260044173367125264E+00
    0.76150916689689696071E+01   -0.41559645978032113689E+01    0.51755996572759843666E+00
    0.76238794657757766871E+01   -0.41637031345080153244E+01    0.27322095289227510406E+00
    0.76326672625825837670E+01   -0.41546076796331856684E+01    0.30794672017371932382E-01
    0.76414550593893899588E+01   -0.41289803715554009855E+01   -0.20853488262079530879E+00
    0.76502428561961970388E+01   -0.40872113139800205772E+01   -0.44361794581645519475E+00
    0.76590306530030041188E+01   -0.40297749336789712160E+01   -0.67334556057538874629E+00
    0.76678184498098103106E+01   -0.39572260142882131895E+01   -0.89665594589876229659E+00
    0.76766062466166173905E+01   -0.38701951116307955481E+01   -0.11125403555683146539E+01
    0.76853940434234244705E+01   -0.37693835466686258506E+01   -0.13200485784559048419E+01
    0.76941818402302306623E+01   -0.36555580609111402168E+01   -0.15182940240757722972E+01
    0.77029696370370377423E+01   -0.35295449754525769492E+01   -0.17064581761543691218E+01
    0.77117574338438448223E+01   -0.33922241473179779447E+01   -0.18837947245324209167E+01
    0.77205452306506510141E+01   -0.32445225815265366087E+01   -0.20496329876639598488E+01
    0.77293330274574580940E+01   -0.30874078144441394755E+01   -0.22033808445291453992E+01
    0.77381208242642651740E+01   -0.29218811664767065928E+01   -0.23445271562046197111E+01
    0.77469086210710722540E+01   -0.27489708129152150562E+01   -0.24726434228610338906E+01
    0.77556964178778784458E+01   -0.25697248073243734723E+01   -0.25873850718194302267E+01
    0.77644842146846855258E+01   -0.23852040912466079270E+01   -0.26884919733559775601E+01
    0.77732720114914926057E+01   -0.21964755030053693119E+01   -0.27757884303022519745E+01
    0.77820598082982987975E+01   -0.20046048815922894448E+01   -0.28491826603642507187E+01
    0.77908476051051058775E+01   -0.18106503240533837751E+01   -0.29086655297208907633E+01
    0.77996354019119129575E+01   -0.16156555531796794600E+01   -0.29543089419816550567E+01
    0.78084231987187191493E+01   -0.14206435915601822728E+01   -0.29862635404167816588E+01
    0.78172109955255262292E+01   -0.12266106503844982356E+01   -0.30047559493182514068E+01
    0.78259987923323333092E+01   -0.10345203119320027785E+01   -0.30100856078135884708E+01
    0.78347865891391395010E+01   -0.84529815369634753175E+00   -0.30026210119459064707E+01
    0.78435743859459465810E+01   -0.65982661101734996212E+00   -0.29827957010851484654E+01
    0.78523621827527536610E+01   -0.47894039072778177291E+00   -0.29511037702093703139E+01
    0.78611499795595607409E+01   -0.30342225987913951091E+00   -0.29080950702960430831E+01
    0.78699377763663669327E+01   -0.13399925947370427970E+00   -0.28543701743981362284E+01
    0.78787255731731740127E+01    0.28660456207793238298E-01   -0.27905750121863390767E+01
    0.78875133699799810927E+01    0.18395046835568912291E+00   -0.27173953814476550228E+01
    0.78963011667867872845E+01    0.33132826966743483821E+00   -0.26355512760154775620E+01
    0.79050889635935943645E+01    0.47031699029858053951E+00   -0.25457910992220034174E+01
    0.79138767604004014444E+01    0.60050665940977854262E+00   -0.24488858505563331214E+01
    0.79226645572072076362E+01    0.72155479375824638222E+00   -0.23456232845414883847E+01
    0.79314523540140147162E+01    0.83318666809174979360E+00   -0.22368020926971712292E+01
    0.79402401508208217962E+01    0.93519493291061672746E+00   -0.21232262052953125853E+01
    0.79490279476276279880E+01    0.10274388023144667148E+01   -0.20056991799685648381E+01
    0.79578157444344350679E+01    0.11098428331957772563E+01   -0.18850187594848579753E+01
    0.79666035412412421479E+01    0.11823951212262888699E+01   -0.17619716821023425624E+01
    0.79753913380480492279E+01    0.12451452362089878712E+01   -0.16373286427179778446E+01
    0.79841791348548554197E+01    0.12982016526409829726E+01   -0.15118396246886278700E+01
    0.79929669316616624997E+01    0.13417288536114480024E+01   -0.13862294808524473488E+01
    0.80017547284684695796E+01    0.13759441583082621108E+01   -0.12611938269427527270E+01
    0.80105425252752748833E+01    0.14011141625664564891E+01   -0.11373953867802735207E+01
    0.80193303220820819632E+01    0.14175510224854928065E+01   -0.10154605716595339615E+01
    0.80281181188888890432E+01    0.14256084663913186628E+01   -0.89597657926906315584E+00
    0.80369059156956961232E+01    0.14256776362958669679E+01   -0.77948883417344161373E+00
    0.80456937125025032032E+01    0.14181828265385791887E+01   -0.66649880466467559259E+00
    0.80544815093093102831E+01    0.14035770853975058081E+01   -0.55746235452796266685E+00
    0.80632693061161173631E+01    0.13823377825471303559E+01   -0.45278835435624881223E+00
    0.80720571029229226667E+01    0.13549621642101927765E+01   -0.35283783700534437910E+00
    0.80808448997297297467E+01    0.13219629071354157546E+01   -0.25792350481857800881E+00
    0.80896326965365368267E+01    0.12838637424453174241E+01   -0.16830959193459946177E+00
    0.80984204933433439066E+01    0.12411951854433851405E+01   -0.84212223700672092508E-01
    0.81072082901501509866E+01    0.11944903439805378831E+01   -0.58000039848996693889E-02
    0.81159960869569580666E+01    0.11442809401040776596E+01    0.66804944192775619904E-01
    0.81247838837637633702E+01    0.10910934742442444101E+01    0.13352564998567204024E+00
    0.81335716805705704502E+01    0.10354455929695254301E+01    0.19432870283280925805E+00
    0.81423594773773775302E+01    0.97784274612756683087E+00    0.24922229817803814855E+00
    0.81511472741841846101E+01    0.91877500147648294426E+00    0.29825412953451957421E+00
    0.81599350709909916901E+01    0.85871421873754039122E+00    0.34150899827520936336E+00
    0.81687228677977987701E+01    0.79811145609155753622E+00    0.37910624835838580005E+00
    0.81775106646046058501E+01    0.73739465022770045444E+00    0.41119707038421005052E+00
    0.81862984614114111537E+01    0.67696667744533545186E+00    0.43796163076887167920E+00
    0.81950862582182182337E+01    0.61720360459033496436E+00    0.45960614125722554224E+00
    0.82038740550250253136E+01    0.55845334493692111444E+00    0.47635984731507402534E+00
    0.82126618518318323936E+01    0.50103457100221315823E+00    0.48847197056711050278E+00
    0.82214496486386394736E+01    0.44523590084309594417E+00    0.49620865779089723402E+00
    0.82302374454454465535E+01    0.39131545947405821373E+00    0.49984994460550191686E+00
    0.82390252422522518572E+01    0.33950061604001385840E+00    0.49968674874669805064E+00
    0.82478130390590589371E+01    0.28998807684463145939E+00    0.49601796299266021073E+00
    0.82566008358658660171E+01    0.24294420023458723756E+00    0.48914761532365802488E+00
    0.82653886326726730971E+01    0.19850552639647062181E+00    0.47938214545404156386E+00
    0.82741764294794801771E+01    0.15677959737875166168E+00    0.46702784419950649220E+00
    0.82829642262862872570E+01    0.11784590379962060769E+00    0.45238838732382796737E+00
    0.82917520230930943370E+01    0.81757071818508400551E-01    0.43576259165817371466E+00
    0.83005398198998996406E+01    0.48540196669531326945E-01    0.41744231283872756944E+00
    0.83093276167067067206E+01    0.18198298115194293245E-01    0.39771052146371166369E+00
    0.83181154135135138006E+01   -0.92880629770256926958E-02    0.37683962272467946830E+00
    0.83269032103203208806E+01   -0.33959107331279859976E-01    0.35508990072591783971E+00
    0.83356910071271279605E+01   -0.55874062125488274666E-01    0.33270823248336928168E+00
    0.83444788039339350405E+01   -0.75109329107684044691E-01    0.30992696990490253839E+00
    0.83532666007407403441E+01   -0.91756629776978446134E-01    0.28696300943600105970E+00
    0.83620543975475474241E+01   -0.10592112351910974721E+00    0.26401711369616426284E+00
    0.83708421943543545041E+01   -0.11771952891654839657E+00    0.24127335350195533437E+00
    0.83796299911611615840E+01   -0.12727827756277851345E+00    0.21889879651523763693E+00
    0.83884177879679686640E+01   -0.13473169125684131275E+00    0.19704334670200945867E+00
    0.83972055847747757440E+01   -0.14022021669047257664E+00    0.17583973698924459939E+00
    0.84059933815815828240E+01   -0.14388873955467376686E+00    0.15540372454259934742E+00
    0.84147811783883881276E+01   -0.14588494903276774672E+00    0.13583437639124959495E+00
    0.84235689751951952076E+01   -0.14635782502248509407E+00    0.11721452958047084980E+00
    0.84323567720020022875E+01   -0.14545620255287736167E+00    0.99611355837496404209E-01
    0.84411445688088093675E+01   -0.14332744072746197994E+00    0.83077019477135707892E-01
    0.84499323656156164475E+01   -0.14011623135143178032E+00    0.67649456345818273495E-01
    0.84587201624224235275E+01   -0.13596348121992860025E+00    0.53353200704742836935E-01
    0.84675079592292288311E+01   -0.13100535547725541963E+00    0.40200294612472056710E-01
    0.84762957560360359111E+01   -0.12537241950404609536E+00    0.28191244843205013476E-01
    0.84850835528428429910E+01   -0.11918889590033768244E+00    0.17316008251815825925E-01
    0.84938713496496500710E+01   -0.11257207266291884007E+00    0.75550122314671803309E-02
    0.85026591464564571510E+01   -0.10563178490014563105E+00   -0.11198182568799351470E-02
    0.85114469432632642309E+01   -0.98470048289992659352E-01   -0.87440357627666387419E-02
    0.85202347400700713109E+01   -0.91180783534769535570E-01   -0.15359648909002902514E-01
    0.85290225368768766145E+01   -0.83849637021412543048E-01   -0.21014125155751600671E-01
    0.85378103336836836945E+01   -0.76553925980329909362E-01   -0.25759426755279191817E-01
    0.85465981304904907745E+01   -0.69362640082429413702E-01   -0.29651070656724187041E-01
    0.85553859272972978545E+01   -0.62336553191695710796E-01   -0.32747249129721017757E-01
    0.85641737241041049344E+01   -0.55528399810250136936E-01   -0.35107988180361843211E-01
    0.85729615209109120144E+01   -0.48983112221426351740E-01   -0.36794361147922498290E-01
    0.85817493177177173180E+01   -0.42738134844811009883E-01   -0.37867774487746169720E-01
    0.85905371145245243980E+01   -0.36823770084412156545E-01   -0.38389292789375820125E-01
    0.85993249113313314780E+01   -0.31263580151682894559E-01   -0.38419050265174184422E-01
    0.86081127081381385580E+01   -0.26074820671392946736E-01   -0.38015714195340964687E-01
    0.86169005049449456379E+01   -0.21268896568028324706E-01   -0.37236011572938571002E-01
    0.86256883017517527179E+01   -0.16851845314673423448E-01   -0.36134336922853234342E-01
    0.86344760985585597979E+01   -0.12824827506874207986E-01   -0.34762400242349195123E-01
    0.86432638953653651015E+01   -0.91846240334589098614E-02   -0.33168958000049805768E-01
    0.86520516921721721815E+01   -0.59241358469504399806E-02   -0.31399592971175248335E-01
    0.86608394889789792614E+01   -0.30328752348870208384E-02   -0.29496547463766238650E-01
    0.86696272857857863414E+01   -0.49744538782650778424E-03   -0.27498624096821543128E-01
    0.86784150825925934214E+01    0.16979902416099556996E-02   -0.25441117591103651341E-01
    0.86872028793994005014E+01    0.35712656426009270136E-02   -0.23355807355279738918E-01
    0.86959906762062058050E+01    0.51417866576641216986E-02   -0.21270985062092975793E-01
    0.87047784730130128850E+01    0.64301317129586048685E-02   -0.19211516306188027720E-01
    0.87135662698198199649E+01    0.74576862357580335841E-02   -0.17198944683081491408E-01
    0.87223540666266270449E+01    0.82462959307822158994E-02   -0.15251613479345366153E-01
    0.87311418634334341249E+01    0.88179617943977342542E-02   -0.13384819150656399739E-01
    0.87399296602402412049E+01    0.91945597627826770176E-02   -0.11610982520459925751E-01
    0.87487174570470482848E+01    0.93975914006486499508E-02   -0.99398334837574823381E-02
    0.87575052538538535885E+01    0.94479735492852649770E-02   -0.83786120413936720358E-02
    0.87662930506606606684E+01    0.93658474931495993426E-02   -0.69322742434908971379E-02
    0.87750808474674677484E+01    0.91704285071419044256E-02   -0.56037040923255267144E-02
    0.87838686442742748284E+01    0.88798786760578337501E-02   -0.43939282181649497172E-02
    0.87926564410810819084E+01    0.85112058521470308758E-02   -0.33023280417313807117E-02
    0.88014442378878889883E+01    0.80801949248425868066E-02   -0.23268483933869149073E-02
    0.88102320346946942919E+01    0.76013540525429520306E-02   -0.14642021217180555080E-02
    0.88190198315015013719E+01    0.70878902034270897456E-02   -0.71006362372315085397E-03
    0.88278076283083084519E+01    0.65517012146947568169E-02   -0.59255585346107617875E-04
    0.88365954251151155319E+01    0.60033843714167294675E-02    0.49407572073187811142E-03
    0.88453832219219226118E+01    0.54522650826428877349E-02    0.95629945655843144169E-03
    0.88541710187287296918E+01    0.49064339688238292961E-02    0.13341474619442657626E-02
    0.88629588155355367718E+01    0.43727991919889448377E-02    0.16345796808289257251E-02
    0.88717466123423420754E+01    0.38571471057739668484E-02    0.18646601246878982162E-02
    0.88805344091491491554E+01    0.33642095188548193016E-02    0.20314464893896118543E-02
    0.88893222059559562354E+01    0.28977387939552474300E-02    0.21418965079770179924E-02
    0.88981100027627633153E+01    0.24605853866410194904E-02    0.22027827691635634873E-02
    0.89068977995695703953E+01    0.20547785872207253305E-02    0.22206249673025080932E-02
    0.89156855963763774753E+01    0.16816087671443278977E-02    0.22016319936850291261E-02
    0.89244733931831827789E+01    0.13417088670894493363E-02    0.21516552995282356951E-02
    0.89332611899899898589E+01    0.10351347900971205954E-02    0.20761558650628517478E-02
    0.89420489867967969388E+01    0.76144424698414917962E-03    0.19801774917210992338E-02
    0.89508367836036040188E+01    0.51977126324663936591E-03    0.18683324108907265002E-02
    0.89596245804104110988E+01    0.30889805627904793261E-03    0.17447936833455228705E-02
    0.89684123772172181788E+01    0.12732229555624286236E-03    0.16132944936740254132E-02
    0.89772001740240252587E+01   -0.26681278376735309457E-04    0.14771356355540836165E-02
    0.89859879708308305624E+01   -0.15500252232002984269E-03    0.13391964183475518757E-02
    0.89947757676376376423E+01   -0.25964477485739407810E-03    0.12019517377197142406E-02
    0.90035635644444447223E+01   -0.34267784155802096836E-03    0.10674924309681400447E-02
    0.90123513612512518023E+01   -0.40619638627722222954E-03    0.93754826355876461855E-03
    0.90211391580580588823E+01   -0.45228478971809122234E-03    0.81351395984696729061E-03
    0.90299269548648659622E+01   -0.48298529139922409797E-03    0.69647615998243812222E-03
    0.90387147516716712659E+01   -0.50027282943942844636E-03    0.58724157268351233081E-03
    0.90475025484784783458E+01   -0.50603358110782432032E-03    0.48636566565164100848E-03
    0.90562903452852854258E+01   -0.50204778713642790947E-03    0.39418101243576060457E-03
    0.90650781420920925058E+01   -0.48997762198722924661E-03    0.31082516863719766419E-03
    0.90738659388988995858E+01   -0.47135740231280816954E-03    0.23626792413325523740E-03
    0.90826537357057066657E+01   -0.44758830086565840750E-03    0.17033686510954882060E-03
    0.90914415325125137457E+01   -0.41993548697287963380E-03    0.11274193245978882290E-03
    0.91002293293193190493E+01   -0.38952773625459112018E-03    0.63098223082720845956E-04
    0.91090171261261261293E+01   -0.35735990181704570040E-03    0.20946698651501132642E-04
    0.91178049229329332093E+01   -0.32429656304275284286E-03   -0.14226323131288457714E-04
    0.91265927197397402892E+01   -0.29107776162389344728E-03   -0.42972307795336643719E-04
    0.91353805165465473692E+01   -0.25832581910021035166E-03   -0.65865106390996307575E-04
    0.91441683133533544492E+01   -0.22655299153952161294E-03   -0.83487493343940375064E-04
    0.91529561101601597528E+01   -0.19617006643228045355E-03   -0.96419962415535896390E-04
    0.91617439069669668328E+01   -0.16749521682457503991E-03   -0.10523066398417963037E-03
    0.91705317037737739128E+01   -0.14076314101465900929E-03   -0.11046763703472818868E-03
    0.91793195005805809927E+01   -0.11613431243734556369E-03   -0.11265228021054152902E-03
    0.91881072973873880727E+01   -0.93704024888546284420E-04   -0.11227425653724971153E-03
    0.91968950941941951527E+01   -0.73511180964020293358E-04   -0.10978804492941176695E-03
    0.92056828910010004563E+01   -0.55546821032107480758E-04   -0.10561024590424430069E-03
    0.92144706878078075363E+01   -0.39761998304584683542E-04   -0.10011831643603857878E-03
    0.92232584846146146162E+01   -0.26075277324856591229E-04   -0.93650055074087596796E-04
    0.92320462814214216962E+01   -0.14379601657554393984E-04   -0.86503839223325335777E-04
    0.92408340782282287762E+01   -0.45484305048162569060E-05   -0.78939711705936139487E-04
    0.92496218750350358562E+01    0.35585419569361103684E-05   -0.71180804955762140627E-04
    0.92584096718418411598E+01    0.10090547721975191562E-04   -0.63415345367806444724E-04
    0.92671974686486482398E+01    0.15201384172729876879E-04   -0.55798947824758590198E-04
    0.92759852654554553197E+01    0.19045678781185781042E-04   -0.48457111021405468575E-04
    0.92847730622622623997E+01    0.21775864900424267266E-04   -0.41487931023416149039E-04
    0.92935608590690694797E+01    0.23539511876720439624E-04   -0.34964855686089766848E-04
    0.93023486558758765597E+01    0.24477353530771893755E-04   -0.28939451116789447187E-04
    0.93111364526826818633E+01    0.24721684416206935435E-04   -0.23444160460724017579E-04
    0.93199242494894889433E+01    0.24395175795837145731E-04   -0.18494951921134239828E-04
    0.93287120462962960232E+01    0.23610161365229483300E-04   -0.14093836332454330403E-04
    0.93374998431031031032E+01    0.22468132996581899693E-04   -0.10231281440244835082E-04
    0.93462876399099101832E+01    0.21059624916631929878E-04   -0.68883855953515952549E-05
    0.93550754367167172632E+01    0.19464295946779861164E-04   -0.40389177634341591743E-05
    0.93638632335235243431E+01    0.17751202268802845511E-04   -0.16511478825997897524E-05
    0.93726510303303296467E+01    0.15979279416328149378E-04    0.31055903406280700272E-06
    0.93814388271371367267E+01    0.14197901645015314334E-04    0.18842792777535059052E-05
    0.93902266239439438067E+01    0.12447566494414569110E-04    0.31093341758009920621E-05
    0.93990144207507508867E+01    0.10760638725697531333E-04    0.40252351828959634500E-05
    0.94078022175575579666E+01    0.91621226223552608881E-05    0.46708093853747729895E-05
    0.94165900143643650466E+01    0.76704630684215690877E-05    0.50835247364890527453E-05
    0.94253778111711703502E+01    0.62983417914642629820E-05    0.52989123120925959236E-05
    0.94341656079779774302E+01    0.50534460054466223591E-05    0.53501749690954912943E-05
    0.94429534047847845102E+01    0.39392188497386656620E-05    0.52678914764798178980E-05
    0.94517412015915915902E+01    0.29555610807552077768E-05    0.50798262638535188136E-05
    0.94605289983983986701E+01    0.20994778569999271671E-05    0.48108542270834514295E-05
    0.94693167952052057501E+01    0.13656887388260944219E-05    0.44829347785347332191E-05
    0.94781045920120128301E+01    0.74715766870242026877E-06    0.41151737746973282925E-05
    0.94868923888188181337E+01    0.23558008249933923888E-06    0.37239286740465530122E-05
    0.94956801856256252137E+01   -0.17819265391478118161E-06    0.33229515457586553091E-05
    0.95044679824324322936E+01   -0.50379746103240996816E-06    0.29235723459513948207E-05
    0.95132557792392393736E+01   -0.75104011989926591098E-06    0.25348946758708505881E-05
    0.95220435760460464536E+01   -0.92964791737344002228E-06    0.21640087062738609761E-05
    0.95308313728528535336E+01   -0.10490593057033197442E-05    0.18162112223065220806E-05
    0.95396191696596588372E+01   -0.11182590360902625900E-05    0.14952230009077068648E-05
    0.95484069664664659172E+01   -0.11456622814195519018E-05    0.12034026825579806021E-05
    0.95571947632732729971E+01   -0.11390216328937602960E-05    0.94195419824288703733E-06
    0.95659825600800800771E+01   -0.11053766364051047190E-05    0.71111763375425983159E-06
    0.95747703568868871571E+01   -0.10510244270157865392E-05    0.51035076547778728697E-06
    0.95835581536936942371E+01   -0.98151237227620561942E-06    0.33849325697656415163E-06
    0.95923459505005013170E+01   -0.90165401209485162189E-06    0.19391201155580095388E-06
    0.96011337473073066207E+01   -0.81555417731845101496E-06    0.74635266034047804577E-07
    0.96099215441141137006E+01   -0.72664952409038024748E-06   -0.21536462474875403288E-07
    0.96187093409209207806E+01   -0.63775626022587499400E-06   -0.96931393648194721465E-07
    0.96274971377277278606E+01   -0.55112271265079480775E-06   -0.15392383942825580236E-06
    0.96362849345345349406E+01   -0.46848680648338401049E-06   -0.19486895450269982803E-06
    0.96450727313413420205E+01   -0.39113411364937397083E-06   -0.22204624910818048561E-06
    0.96538605281481491005E+01   -0.31995537711689613159E-06   -0.23761984800710563774E-06
    0.96626483249549544041E+01   -0.25550337707774523609E-06   -0.24360707712454564033E-06
    0.96714361217617614841E+01   -0.19804643516803091704E-06   -0.24185673261876389459E-06
    0.96802239185685685641E+01   -0.14761825083695359832E-06   -0.23403749014532692231E-06
    0.96890117153753756440E+01   -0.10406494474130615693E-06   -0.22163075903827287312E-06
    0.96977995121821827240E+01   -0.67086005713752406568E-07   -0.20593144066006718033E-06
    0.97065873089889898040E+01   -0.36272030406431433728E-07   -0.18805244938784871980E-06
    0.97153751057957951076E+01   -0.11137455002044861798E-07   -0.16893271326377891005E-06
    0.97241629026026021876E+01    0.88519851478626015465E-08   -0.14934873795992821992E-06
    0.97329506994094092676E+01    0.24254682068547893903E-07   -0.12992731284338534831E-06
    0.97417384962162163475E+01    0.35634231817392337045E-07   -0.11115984822005598528E-06
    0.97505262930230234275E+01    0.43543328601178908131E-07   -0.93417374441263510019E-07
    0.97593140898298305075E+01    0.48511249157808749692E-07   -0.76965436415443688473E-07
    0.97681018866366375875E+01    0.51035051331933107236E-07   -0.61978831890553087531E-07
    0.97768896834434428911E+01    0.51572526846570807159E-07   -0.48555875499054280943E-07
    0.97856774802502499710E+01    0.50538365069554196018E-07   -0.36731454734826233611E-07
    0.97944652770570570510E+01    0.48301854762688620244E-07   -0.26489415036620893525E-07
    0.98032530738638641310E+01    0.45186226559528237573E-07   -0.17773640507860896305E-07
    0.98120408706706712110E+01    0.41469662429619754531E-07   -0.10497774014596577841E-07
    0.98208286674774782909E+01    0.37386953171699789652E-07   -0.45541035113992607327E-08
    0.98296164642842835946E+01    0.33132220904494840977E-07    0.17922990673804334068E-09
    0.98384042610910906745E+01    0.28862115954867266749E-07    0.38318653271010930212E-08
    0.98471920578978977545E+01    0.24699319356984653603E-07    0.65360277368276255387E-08
    0.98559798547047048345E+01    0.20736341353676946846E-07    0.84225312173807387175E-08
    0.98647676515115119145E+01    0.17039331263036252424E-07    0.96173877031828624823E-08
    0.98735554483183189944E+01    0.13651803326730490970E-07    0.10239546726897847688E-07
    0.98823432451251260744E+01    0.10598293534619862057E-07    0.10399177164014332563E-07
    0.98911310419319313780E+01    0.78877600933486412069E-08    0.10196579905760234663E-07
    0.98999188387387384580E+01    0.55166771530622544131E-08    0.97216912661638446820E-08
    0.99087066355455455380E+01    0.34708610715274354845E-08    0.90527136941583212669E-08
    0.99174944323523526180E+01    0.17241204627303987317E-08    0.82522595504419138583E-08
    0.99262822291591596979E+01    0.23714086672314408135E-09    0.73639910932634140654E-08
    0.99350700259659667779E+01   -0.10327640958945848737E-08    0.64200296356783786114E-08
    0.99438578227727720815E+01   -0.21112351066109423616E-08    0.54590445538205582415E-08
    0.99526456195795791615E+01   -0.29954691344179164876E-08    0.45385590829691736251E-08
    0.99614334163863862415E+01   -0.36699793912589045264E-08    0.37284288108476041052E-08
    0.99702212131931933214E+01   -0.41290221142113067449E-08    0.30998967617038643226E-08
    0.99790090100000004014E+01   -0.43698643411437595299E-08    0.27362870838089021142E-08
