    0.11999999999999999556E+01    0.00000000000000000000E+00    0.00000000000000000000E+00
    0.12087877968068068135E+01    0.15259621865152161960E-09   -0.30087281837270823776E-10
    0.12175755936136136715E+01   -0.23530128579560536080E-09    0.46494657223160843205E-10
    0.12263633904204203073E+01   -0.21593402775354900351E-09    0.42554243913561369327E-10
    0.12351511872272271653E+01    0.50827170989294588258E-09   -0.10047862750565752536E-09
    0.12439389840340340232E+01    0.49126249136084636420E-09   -0.96944330893853317075E-10
    0.12527267808408408811E+01   -0.94690583033695907935E-09    0.18731509274566647677E-09
    0.12615145776476475170E+01   -0.21548681576645486985E-08    0.42589488435935136663E-09
    0.12703023744544543749E+01   -0.12443546444220249811E-08    0.24575061814767928113E-09
    0.12790901712612612329E+01    0.91448326578375600486E-09   -0.18094066145012396379E-09
    0.12878779680680680908E+01    0.13330529217252239716E-08   -0.26342500575236152568E-09
    0.12966657648748749487E+01   -0.91742912078108319535E-09    0.18166905193025104507E-09
    0.13054535616816815846E+01   -0.25666635044740273915E-08    0.50755417400307257555E-09
    0.13142413584884884425E+01   -0.33188018967300181834E-09    0.65259027406606229673E-10
    0.13230291552952953005E+01    0.35231083307576693705E-08   -0.69711535019407501184E-09
    0.13318169521021021584E+01    0.29543297367673671564E-08   -0.58405966739575194204E-09
    0.13406047489089087943E+01   -0.30765740261844497387E-08    0.60933032586325365319E-09
    0.13493925457157156522E+01   -0.65243104464503553255E-08    0.12908882271665528340E-08
    0.13581803425225225102E+01   -0.22576879836705558423E-09    0.43646069308731474629E-10
    0.13669681393293293681E+01    0.93792698552239896446E-08   -0.18569957068142563686E-08
    0.13757559361361360040E+01    0.72521581280038440762E-08   -0.14343775491996353506E-08
    0.13845437329429428619E+01   -0.84763829112747667827E-08    0.16802084482347778099E-08
    0.13933315297497497198E+01   -0.16889617360940645458E-07    0.33446197282001664626E-08
    0.14021193265565565778E+01   -0.53070567755055602321E-10    0.95057528219043811431E-11
    0.14109071233633634357E+01    0.24662249360115583758E-07   -0.48803222783697487941E-08
    0.14196949201701700716E+01    0.18159715790642172455E-07   -0.35751912217321451466E-08
    0.14284827169769769295E+01   -0.23882760214018096672E-07    0.47908089104169840492E-08
    0.14372705137837837874E+01   -0.47000718923985031473E-07    0.94600061026843171892E-08
    0.14460583105905906454E+01   -0.68505463380787910511E-08    0.17491359514674336802E-08
    0.14548461073973975033E+01    0.44759770561488801456E-07   -0.78269184594104525174E-08
    0.14636339042042041392E+01   -0.85979948914179055148E-08    0.44282258326392789292E-08
    0.14724217010110109971E+01   -0.20845927600764772419E-06    0.48150957003201971515E-07
    0.14812094978178178550E+01   -0.48540267874358239690E-06    0.11278960971216914614E-06
    0.14899972946246244909E+01   -0.90659245838873697304E-06    0.21910500166436307177E-06
    0.14987850914314313489E+01   -0.20088844404666527238E-05    0.48902225529582979881E-06
    0.15075728882382382068E+01   -0.50040247536475297691E-05    0.11958736167000188007E-05
    0.15163606850450450647E+01   -0.11893272106225217960E-04    0.28025444430120696081E-05
    0.15251484818518519226E+01   -0.26347344631192517821E-04    0.61628242981379667827E-05
    0.15339362786586585585E+01   -0.56443746271523569189E-04    0.13116588032579443079E-04
    0.15427240754654654165E+01   -0.11850383530227199906E-03    0.27318114440782068157E-04
    0.15515118722722722744E+01   -0.24367308082037664597E-03    0.55645760528761041357E-04
    0.15602996690790791323E+01   -0.48727712771225308941E-03    0.11019511810760964125E-03
    0.15690874658858859902E+01   -0.94395919836374477495E-03    0.21138716960459398748E-03
    0.15778752626926926261E+01   -0.17756451076609714584E-02    0.39353513070675480564E-03
    0.15866630594994994841E+01   -0.32453303881165461095E-02    0.71142771241766451090E-03
    0.15954508563063063420E+01   -0.57584309589588265552E-02    0.12477183928535542489E-02
    0.16042386531131129779E+01   -0.99106967060185579416E-02    0.21209318932261514087E-02
    0.16130264499199198358E+01   -0.16530474703808761133E-01    0.34912851995346143134E-02
    0.16218142467267266937E+01   -0.26705650861115509676E-01    0.55611796662755601933E-02
    0.16306020435335335517E+01   -0.41783353160327933729E-01    0.85692558825044978787E-02
    0.16393898403403404096E+01   -0.63230597907251481771E-01    0.12755510691980848775E-01
    0.16481776371471470455E+01   -0.92362707185381906494E-01    0.18299198190873004061E-01
    0.16569654339539539034E+01   -0.12994544818345576953E+00    0.25236655821747350920E-01
    0.16657532307607607613E+01   -0.17554316393598348722E+00    0.33340597328987919834E-01
    0.16745410275675676193E+01   -0.22680742257747493751E+00    0.41996058927384796733E-01
    0.16833288243743744772E+01   -0.27896109917194789052E+00    0.50141912178645997589E-01
    0.16921166211811811131E+01   -0.32449073176262016593E+00    0.56277751350964876076E-01
    0.17009044179879879710E+01   -0.35347957544766256399E+00    0.58597453741244670544E-01
    0.17096922147947948289E+01   -0.35535369711478898003E+00    0.55395060458884225196E-01
    0.17184800116016014648E+01   -0.32122383872098980717E+00    0.45567873732203813264E-01
    0.17272678084084085448E+01   -0.24683990238666322914E+00    0.29127464703310831928E-01
    0.17360556052152151807E+01   -0.13601280298340978625E+00    0.76994827041601196504E-02
    0.17448434020220220386E+01   -0.25939222373665580743E-02   -0.15312940642583275364E-01
    0.17536311988288288966E+01    0.13096312227476211709E+00   -0.35328713204959762140E-01
    0.17624189956356355324E+01    0.23676882921081815470E+00   -0.47516429743074808933E-01
    0.17712067924424426124E+01    0.28797908568983043853E+00   -0.48105173118352058392E-01
    0.17799945892492492483E+01    0.26808572420054133101E+00   -0.35999142665443815969E-01
    0.17887823860560561062E+01    0.17814334568734507824E+00   -0.13784619169388070969E-01
    0.17975701828628629642E+01    0.38561822806217380122E-01    0.12717843146841364965E-01
    0.18063579796696696000E+01   -0.11231322802867665933E+00    0.35585160931829680486E-01
    0.18151457764764764580E+01   -0.22778798590506654786E+00    0.47032787823311029973E-01
    0.18239335732832833159E+01   -0.26941198922186571085E+00    0.42570601535548938110E-01
    0.18327213700900899518E+01   -0.22101992318480734312E+00    0.23188591242432873840E-01
    0.18415091668968970318E+01   -0.95176537133583108408E-01   -0.48727330213187737551E-02
    0.18502969637037036676E+01    0.65348001892793633472E-01   -0.31498316034570220112E-01
    0.18590847605105105256E+01    0.20045401239956023298E+00   -0.46010973783548451965E-01
    0.18678725573173173835E+01    0.25781456952147674411E+00   -0.42069284432105669147E-01
    0.18766603541241240194E+01    0.21386045649575854966E+00   -0.20940310206046273966E-01
    0.18854481509309310994E+01    0.82409380274439544833E-01    0.92435475848372406632E-02
    0.18942359477377377353E+01   -0.84188547286082687782E-01    0.35954168358001338535E-01
    0.19030237445445445932E+01   -0.21365068201645906476E+00    0.46925533456454657233E-01
    0.19118115413513514511E+01   -0.24887081436821908986E+00    0.36530143260191341725E-01
    0.19205993381581580870E+01   -0.17453401824635558781E+00    0.94223583669554075021E-02
    0.19293871349649649449E+01   -0.20831096141075044342E-01   -0.22252085493692480567E-01
    0.19381749317717718029E+01    0.14384768775303680144E+00   -0.43941059630215544007E-01
    0.19469627285785784387E+01    0.23997465925375255358E+00   -0.44569253886996618164E-01
    0.19557505253853855187E+01    0.21985524628149116788E+00   -0.22852752924289048558E-01
    0.19645383221921921546E+01    0.94807481501162929605E-01    0.10340456341025492173E-01
    0.19733261189989990125E+01   -0.75968963130792405147E-01    0.38318403979745445376E-01
    0.19821139158058058705E+01   -0.21076355351343287192E+00    0.47285004820332293685E-01
    0.19909017126126125063E+01   -0.23954165689276066264E+00    0.32148547289060587506E-01
    0.19996895094194195863E+01   -0.14413907974462927819E+00   -0.42201940344124453611E-03
    0.20084773062262262222E+01    0.24280991845089503617E-01   -0.33211626685839767958E-01
    0.20172651030330328581E+01    0.17813078289022821199E+00   -0.48165261794053358668E-01
    0.20260528998398399381E+01    0.24041088453848782902E+00   -0.37518274420379721379E-01
    0.20348406966466465740E+01    0.17739751409195494980E+00   -0.69705840396407561105E-02
    0.20436284934534532098E+01    0.17717904561240900574E-01    0.28014115201203400318E-01
    0.20524162902602602898E+01   -0.15188430224950016934E+00    0.48467859434738885804E-01
    0.20612040870670673698E+01   -0.23707934360511145888E+00    0.41946526384964592793E-01
    0.20699918838738740057E+01   -0.19441062836156758342E+00    0.11826264294274409922E-01
    0.20787796806806806416E+01   -0.48636289324602802187E-01   -0.24650345181399739569E-01
    0.20875674774874877215E+01    0.12515106577125900689E+00   -0.47649453064126531809E-01
    0.20963552742942943574E+01    0.23245416776641797396E+00   -0.44807437539152922268E-01
    0.21051430711011009933E+01    0.20940005175309556185E+00   -0.16506596842638096567E-01
    0.21139308679079080733E+01    0.69198592738929809443E-01    0.22055483514254087957E-01
    0.21227186647147147092E+01   -0.10668157023050206522E+00    0.48228167160031781835E-01
    0.21315064615215213450E+01   -0.22272210203689057906E+00    0.46727163294463948395E-01
    0.21402942583283284250E+01   -0.21772623144749866930E+00    0.19144137985274888025E-01
    0.21490820551351350609E+01   -0.90380949004142521752E-01   -0.19376977683080717080E-01
    0.21578698519419421409E+01    0.90346594234921515087E-01   -0.47914375052024137103E-01
    0.21666576487487487768E+01    0.21903964639285730676E+00   -0.49495457173551068997E-01
    0.21754454455555558567E+01    0.22232092306446651908E+00   -0.21946951488423849241E-01
    0.21842332423623624926E+01    0.10317292083886844822E+00    0.18389103774780850981E-01
    0.21930210391691691285E+01   -0.72680314499771650483E-01    0.47954451935342451430E-01
    0.22018088359759762085E+01   -0.21053874719747545097E+00    0.50650402485479965875E-01
    0.22105966327827828444E+01   -0.23051694851291162913E+00    0.24859679608202105844E-01
    0.22193844295895894803E+01   -0.11734471008278163362E+00   -0.16104866565499458692E-01
    0.22281722263963965602E+01    0.61353377643783901796E-01   -0.48707828374211149802E-01
    0.22369600232032031961E+01    0.20272057228175785482E+00   -0.52989585779016148970E-01
    0.22457478200100098320E+01    0.23147247813967614105E+00   -0.26690412826548961384E-01
    0.22545356168168169120E+01    0.13228172679247754417E+00    0.14506690052628341825E-01
    0.22633234136236239920E+01   -0.43934924495035498904E-01    0.47928373824360798183E-01
    0.22721112104304301837E+01   -0.19707559264615168160E+00    0.55019481164145497831E-01
    0.22808990072372372637E+01   -0.23656866337303034120E+00    0.30307977875574161619E-01
    0.22896868040440443437E+01   -0.14269423421452614997E+00   -0.12675036510989279304E-01
    0.22984746008508509796E+01    0.28277953971166135128E-01   -0.48421640364048716687E-01
    0.23072623976576576155E+01    0.18404327235621778525E+00   -0.56453373494698234902E-01
    0.23160501944644646954E+01    0.23991924913420101251E+00   -0.33132024506073866343E-01
    0.23248379912712713313E+01    0.16024272645895085154E+00    0.91248804208353649636E-02
    0.23336257880780779672E+01   -0.11034548218776842055E-01    0.47462538843757937079E-01
    0.23424135848848850472E+01   -0.17416075436188008241E+00    0.59386252832709811311E-01
    0.23512013816916916831E+01   -0.23924567404064045473E+00    0.37110387288152253682E-01
    0.23599891784984983190E+01   -0.17492744178274891031E+00   -0.60237469175387506684E-02
    0.23687769753053053989E+01   -0.14364299886290649022E-01   -0.45677011877730495926E-01
    0.23775647721121124789E+01    0.15704555351052332246E+00   -0.60739790678537172730E-01
    0.23863525689189186707E+01    0.24207834668638922304E+00   -0.42558926984348197098E-01
    0.23951403657257257507E+01    0.19214883596183826575E+00    0.22001063834563164626E-03
    0.24039281625325328307E+01    0.39139538833223068426E-01    0.43602797223143530125E-01
    0.24127159593393394665E+01   -0.13341786318241849463E+00    0.62694701397278673749E-01
    0.24215037561461461024E+01   -0.23615725832153558472E+00    0.47579669066260509014E-01
    0.24302915529529531824E+01   -0.21292449272394303739E+00    0.68861125889638948039E-02
    0.24390793497597598183E+01   -0.72637775176154523171E-01   -0.38395298504990092725E-01
    0.24478671465665664542E+01    0.10668455634167030299E+00   -0.63919872566049223961E-01
    0.24566549433733735341E+01    0.22685610408921919046E+00   -0.54550056351364950569E-01
    0.24654427401801801700E+01    0.22762521873919444593E+00   -0.15265042340303573015E-01
    0.24742305369869868059E+01    0.11016956791287078887E+00    0.32074237762663340701E-01
    0.24830183337937938859E+01   -0.67220571354955988008E-01    0.62695128021023741050E-01
    0.24918061306006009659E+01   -0.21097097152040097945E+00    0.60969771967547686797E-01
    0.25005939274074071577E+01   -0.24246011952224336139E+00    0.26638864082028850672E-01
    0.25093817242142142376E+01   -0.14747583589224486089E+00   -0.22786693492392883637E-01
    0.25181695210210213176E+01    0.21682114198875012540E-01   -0.60454004583701086151E-01
    0.25269573178278279535E+01    0.18035773120295128802E+00   -0.66447703428758497779E-01
    0.25357451146346345894E+01    0.24890018319374637712E+00   -0.38485955312122274719E-01
    0.25445329114414416694E+01    0.18914151320073696594E+00    0.96201955562981236736E-02
    0.25533207082482483052E+01    0.31914075253453334791E-01    0.53975341810678693910E-01
    0.25621085050550549411E+01   -0.13987267313444670669E+00    0.71139476119199560045E-01
    0.25708963018618620211E+01   -0.24097433852472344151E+00    0.51578273887628971195E-01
    0.25796840986686686570E+01   -0.22401964538196841858E+00    0.59411185996998050127E-02
    0.25884718954754752929E+01   -0.95357602481433767494E-01   -0.42847720393418511908E-01
    0.25972596922822823728E+01    0.82353295375983737170E-01   -0.71220001044191336148E-01
    0.26060474890890894528E+01    0.21888904588288488062E+00   -0.64632058070547185324E-01
    0.26148352858958960887E+01    0.24734338686418957942E+00   -0.25286520165264701060E-01
    0.26236230827027027246E+01    0.15745905066378945714E+00    0.26951385003431103937E-01
    0.26324108795095098046E+01   -0.82194978075331472100E-02    0.66091466664056477964E-01
    0.26411986763163164404E+01   -0.17191723788245483195E+00    0.73764192507518866471E-01
    0.26499864731231230763E+01   -0.25349556140368428858E+00    0.46140992536454018824E-01
    0.26587742699299301563E+01   -0.21313944413700722236E+00   -0.45657356179995729761E-02
    0.26675620667367367922E+01   -0.73234536066314664948E-01   -0.53860362207907956644E-01
    0.26763498635435434281E+01    0.10037729487998249545E+00   -0.77542930009378799316E-01
    0.26851376603503505081E+01    0.22884325976834571370E+00   -0.64840279703753556095E-01
    0.26939254571571571439E+01    0.25155019995364302776E+00   -0.21869511725363402488E-01
    0.27027132539639637798E+01    0.15648858738402765534E+00    0.32208167371711553251E-01
    0.27115010507707708598E+01   -0.99329310046473752449E-02    0.72253313784291200994E-01
    0.27202888475775779398E+01   -0.17090397727516751236E+00    0.78859403215386703057E-01
    0.27290766443843845757E+01   -0.25576416716049255040E+00    0.49188278916227796966E-01
    0.27378644411911912115E+01   -0.22624971058753115538E+00   -0.28822331302160984247E-02
    0.27466522379979982915E+01   -0.93963176674025719604E-01   -0.54448946279245784285E-01
    0.27554400348048049274E+01    0.80179603442499691734E-01   -0.82476996498976953842E-01
    0.27642278316116115633E+01    0.21797766129394519075E+00   -0.73524397007132952231E-01
    0.27730156284184186433E+01    0.26119736606622023789E+00   -0.31573105550250703255E-01
    0.27818034252252252791E+01    0.19166692314430566757E+00    0.24439436967507839615E-01
    0.27905912220320319150E+01    0.37980098424022591674E-01    0.70459106487684552977E-01
    0.27993790188388389950E+01   -0.13244424035963450748E+00    0.86770927877688960872E-01
    0.28081668156456460750E+01   -0.24558281271059453910E+00    0.65495418628349677537E-01
    0.28169546124524522668E+01   -0.25552708476139818217E+00    0.15621896522680695299E-01
    0.28257424092592593468E+01   -0.15907744196710568718E+00   -0.41182179120874448652E-01
    0.28345302060660664267E+01    0.48321200547665832739E-02   -0.81221220081921188805E-01
    0.28433180028728730626E+01    0.16734998006599235976E+00   -0.88021554150071137923E-01
    0.28521057996796796985E+01    0.26030583918822502998E+00   -0.57978154257714610564E-01
    0.28608935964864867785E+01    0.24747017930589115808E+00   -0.33091359601846908126E-02
    0.28696813932932934144E+01    0.13512802437174778469E+00    0.53101923176703515195E-01
    0.28784691901001000502E+01   -0.32619025595428834119E-01    0.88434762626097881966E-01
    0.28872569869069071302E+01   -0.18800772675113722188E+00    0.88697571768723060259E-01
    0.28960447837137137661E+01   -0.26810253551721213716E+00    0.53075670177839789909E-01
    0.29048325805205204020E+01   -0.24289566141892873774E+00   -0.44454674062370299475E-02
    0.29136203773273274820E+01   -0.12337687764871607676E+00   -0.60656257246250434856E-01
    0.29224081741341345619E+01    0.44970075903261380601E-01   -0.93560521974711555182E-01
    0.29311959709409407537E+01    0.19668017357022529734E+00   -0.90619497945892760193E-01
    0.29399837677477478337E+01    0.27260717728191308229E+00   -0.52338724274180035978E-01
    0.29487715645545549137E+01    0.24539393052498240100E+00    0.67879350689969428570E-02
    0.29575593613613615496E+01    0.12641827955428536212E+00    0.63830075351841375486E-01
    0.29663471581681681855E+01   -0.40606364135519004699E-01    0.97304244103089118645E-01
    0.29751349549749752654E+01   -0.19324822865197932575E+00    0.94938359719782094981E-01
    0.29839227517817819013E+01   -0.27449031655846806155E+00    0.57044186757172397895E-01
    0.29927105485885885372E+01   -0.25611071171897936694E+00   -0.25839383714985984103E-02
    0.30014983453953956172E+01   -0.14577765747803492213E+00   -0.61801521617781518536E-01
    0.30102861422022022531E+01    0.17536863588202014630E-01   -0.99242271867566081434E-01
    0.30190739390090088889E+01    0.17518706989564908350E+00   -0.10168074914729567648E+00
    0.30278617358158159689E+01    0.27088253596177169769E+00   -0.67714965766624710120E-01
    0.30366495326226230489E+01    0.27247777462410477378E+00   -0.92102277589576602573E-02
    0.30454373294294292407E+01    0.18024765024144609460E+00    0.53059162141998995887E-01
    0.30542251262362363207E+01    0.25443503562410641622E-01    0.97612056621036655257E-01
    0.30630129230430434006E+01   -0.13844249077051054564E+00    0.10927101503491819245E+00
    0.30718007198498500365E+01   -0.25546161054199323370E+00    0.83541998910379972054E-01
    0.30805885166566566724E+01   -0.28757404446520445918E+00    0.29050809397138992185E-01
    0.30893763134634637524E+01   -0.22470166233721947102E+00   -0.35702491479159437215E-01
    0.30981641102702703883E+01   -0.87268082711202052404E-01   -0.89370955237139129701E-01
    0.31069519070770770242E+01    0.78893664654753462018E-01   -0.11433557186103697478E+00
    0.31157397038838841041E+01    0.21950594673686760205E+00   -0.10194642612943433102E+00
    0.31245275006906907400E+01    0.29037185099169610103E+00   -0.56196259682473909125E-01
    0.31333152974974973759E+01    0.26924678192211937144E+00    0.80718299788581585746E-02
    0.31421030943043044559E+01    0.16268553880146308099E+00    0.70624167108798860393E-01
    0.31508908911111115358E+01    0.51709714189131896281E-02    0.11169559764110680022E+00
    0.31596786879179177276E+01   -0.15404243420688351618E+00    0.11798644264939606163E+00
    0.31684664847247248076E+01   -0.26662086074383278822E+00    0.87572447224563587653E-01
    0.31772542815315318876E+01   -0.29823723084729208965E+00    0.29858400455943092527E-01
    0.31860420783383385235E+01   -0.23937474218615523158E+00   -0.37833742671477141317E-01
    0.31948298751451451594E+01   -0.10889912138008349396E+00   -0.94946129060573092318E-01
    0.32036176719519522393E+01    0.54128981435988154924E-01   -0.12400599688409404131E+00
    0.32124054687587593193E+01    0.20194848620426089636E+00   -0.11644609922411151837E+00
    0.32211932655655655111E+01    0.29109907126116285614E+00   -0.74430763290672524723E-01
    0.32299810623723725911E+01    0.29593830852544700249E+00   -0.99164069744325806371E-02
    0.32387688591791796711E+01    0.21622729984549993176E+00    0.58293327571248783336E-01
    0.32475566559859858629E+01    0.74819469369892796506E-01    0.11042570488150912911E+00
    0.32563444527927929428E+01   -0.88293884671613032111E-01    0.13176450345168061462E+00
    0.32651322495996000228E+01   -0.22702427456858992327E+00    0.11614837700850406954E+00
    0.32739200464064062146E+01   -0.30321491725935845185E+00    0.67643469385848836728E-01
    0.32827078432132132946E+01   -0.29688890345815066585E+00   -0.19279124670925363032E-03
    0.32914956400200203745E+01   -0.20988078593070585987E+00   -0.68750392366241946940E-01
    0.33002834368268265663E+01   -0.66123767368986965942E-01   -0.11955854856198538938E+00
    0.33090712336336336463E+01    0.95392639622434466373E-01   -0.13878836200472099982E+00
    0.33178590304404407263E+01    0.23227441397896206321E+00   -0.12113015882914017485E+00
    0.33266468272472478063E+01    0.30930871594629910648E+00   -0.71379019608840341138E-01
    0.33354346240540539981E+01    0.30669412380910732185E+00   -0.23768178393303862617E-02
    0.33442224208608610780E+01    0.22593017951125124454E+00    0.68204961347307788144E-01
    0.33530102176676681580E+01    0.88222582836809712581E-01    0.12222240885901643204E+00
    0.33617980144744743498E+01   -0.71987425679074720786E-01    0.14601243296643953706E+00
    0.33705858112812814298E+01   -0.21505503841929543563E+00    0.13377459192952137479E+00
    0.33793736080880885098E+01   -0.30603685406508296385E+00    0.88340922547780142970E-01
    0.33881614048948947016E+01   -0.32378595808109184029E+00    0.20739382701755359334E-01
    0.33969492017017017815E+01   -0.26474590729924935006E+00   -0.52654164700033076474E-01
    0.34057369985085088615E+01   -0.14314736334467406675E+00   -0.11444649661455133516E+00
    0.34145247953153150533E+01    0.12034050238399783550E-01   -0.15015211532726535637E+00
    0.34233125921221221333E+01    0.16482882094038139864E+00   -0.15127826931668639232E+00
    0.34321003889289292133E+01    0.28079281844905290555E+00   -0.11758245715402838860E+00
    0.34408881857357362932E+01    0.33403327810185395874E+00   -0.56727517996368305442E-01
    0.34496759825425424850E+01    0.31303479994201177661E+00    0.17747593800163469213E-01
    0.34584637793493495650E+01    0.22321774456324322555E+00    0.89232054813999081566E-01
    0.34672515761561566450E+01    0.84474352483768805344E-01    0.14186032396867520600E+00
    0.34760393729629628368E+01   -0.73039190522306535192E-01    0.16418501807146620997E+00
    0.34848271697697699167E+01   -0.21538753209177718961E+00    0.15126888871580099205E+00
    0.34936149665765769967E+01   -0.31260718985028751460E+00    0.10568483887773931496E+00
    0.35024027633833831885E+01   -0.34480227722881801045E+00    0.37113759771288244715E-01
    0.35111905601901902685E+01   -0.30548392241951816128E+00   -0.40121921382142960999E-01
    0.35199783569969973485E+01   -0.20326001604027246761E+00   -0.11004476964577446230E+00
    0.35287661538038035403E+01   -0.59441507520508085616E-01   -0.15815429941174174999E+00
    0.35375539506106106202E+01    0.96900187500433013210E-01   -0.17455280496607733509E+00
    0.35463417474174177002E+01    0.23451225310751319664E+00   -0.15594179112018205502E+00
    0.35551295442242247802E+01    0.32621725855665817395E+00   -0.10586234209421183095E+00
    0.35639173410310309720E+01    0.35457878754811300581E+00   -0.34149085967175113465E-01
    0.35727051378378380520E+01    0.31454999925698745589E+00    0.45141589147476152144E-01
    0.35814929346446451319E+01    0.21411750530539680470E+00    0.11671390746102421054E+00
    0.35902807314514513237E+01    0.72851206427663905973E-01    0.16686056069678548153E+00
    0.35990685282582584037E+01   -0.82533315815463317855E-01    0.18594278736916650119E+00
    0.36078563250650654837E+01   -0.22328188800328233055E+00    0.17038103268606985541E+00
    0.36166441218718716755E+01   -0.32363975162455538293E+00    0.12301183241436235150E+00
    0.36254319186786787554E+01   -0.36569843799239210025E+00    0.52397810816442069726E-01
    0.36342197154854858354E+01   -0.34250160859656242351E+00   -0.28642201776373936439E-01
    0.36430075122922929154E+01   -0.25851308387156191060E+00   -0.10557116598051637102E+00
    0.36517953090990991072E+01   -0.12890175923860236473E+00   -0.16479735557260230538E+00
    0.36605831059059061872E+01    0.23475796674106697709E-01   -0.19587364976792920324E+00
    0.36693709027127132671E+01    0.17245628724713821245E+00   -0.19334130528576465302E+00
    0.36781586995195194589E+01    0.29290057922538448310E+00   -0.15765569997055117746E+00
    0.36869464963263265389E+01    0.36479100612059223163E+00   -0.94762850775353957289E-01
    0.36957342931331336189E+01    0.37672072928565347727E+00   -0.15146747106398877891E-01
    0.37045220899399398107E+01    0.32721154104232152982E+00    0.68004306352744806063E-01
    0.37133098867467468907E+01    0.22463868115190188668E+00    0.14113212126372734478E+00
    0.37220976835535539706E+01    0.85847895037269722485E-01    0.19243995423119036881E+00
    0.37308854803603601624E+01   -0.67032472054218444901E-01    0.21366197940109760145E+00
    0.37396732771671672424E+01   -0.21017437813177997086E+00    0.20146246391575112211E+00
    0.37484610739739743224E+01   -0.32160439032771898082E+00    0.15771371729598748779E+00
    0.37572488707807814023E+01   -0.38464766563475522032E+00    0.89069655202330511035E-01
    0.37660366675875875941E+01   -0.39031627224759524175E+00    0.59693283771945363295E-02
    0.37748244643943946741E+01   -0.33813902189471678472E+00   -0.79129145450210380819E-01
    0.37836122612012017541E+01   -0.23622760928449110240E+00   -0.15364653125838981240E+00
    0.37924000580080079459E+01   -0.99733791642608732309E-01   -0.20663505163575651702E+00
    0.38011878548148150259E+01    0.51647517165215303669E-01   -0.23039682116909079856E+00
    0.38099756516216221058E+01    0.19644960255040766484E+00   -0.22154243328041309247E+00
    0.38187634484284282976E+01    0.31450568121253025256E+00   -0.18123846525781045491E+00
    0.38275512452352353776E+01    0.38982145400455670003E+00   -0.11507309846645408236E+00
    0.38363390420420424576E+01    0.41244299502624914844E+00   -0.32144835678541185120E-01
    0.38451268388488486494E+01    0.37966385745061259627E+00    0.56304063567257790768E-01
    0.38539146356556557294E+01    0.29628492575751358418E+00    0.13837153203634447451E+00
    0.38627024324624628093E+01    0.17356033483162189301E+00    0.20310218186354797587E+00
    0.38714902292692698893E+01    0.27675723257580189113E-01    0.24197949866922735529E+00
    0.38802780260760760811E+01   -0.12246344329370048576E+00    0.24988918916130903325E+00
    0.38890658228828831611E+01   -0.25781298066024932458E+00    0.22573671829138289291E+00
    0.38978536196896902410E+01   -0.36153289156471041244E+00    0.17256262005848738150E+00
    0.39066414164964964328E+01   -0.42094590754065569493E+00    0.96966537346550668586E-01
    0.39154292133033035128E+01   -0.42913020298502535521E+00    0.82813452625955519260E-02
    0.39242170101101105928E+01   -0.38545734076536686263E+00   -0.82632211217707141060E-01
    0.39330048069169167846E+01   -0.29547912281224264497E+00   -0.16479324795326491526E+00
    0.39417926037237238646E+01   -0.17018157366385228135E+00   -0.22839106571245371136E+00
    0.39505804005305309445E+01   -0.24397520167109436329E-01   -0.26588575882008408380E+00
    0.39593681973373371363E+01    0.12499637316222046712E+00   -0.27291728835126533026E+00
    0.39681559941441442163E+01    0.26102028091186874059E+00   -0.24865718289942748132E+00
    0.39769437909509512963E+01    0.36857316449694932370E+00   -0.19581729902829198009E+00
    0.39857315877577583763E+01    0.43603662715262619942E+00   -0.12030882432397675685E+00
    0.39945193845645645681E+01    0.45633620518103312769E+00   -0.30438219539865623425E-01
    0.40033071813713716480E+01    0.42767054385413610929E+00    0.64029008878229043411E-01
    0.40120949781781787280E+01    0.35344425523623451690E+00    0.15293264571054010492E+00
    0.40208827749849849198E+01    0.24172673045873427355E+00    0.22683726007198448671E+00
    0.40296705717917919998E+01    0.10434117105744047937E+00    0.27798795381349022948E+00
    0.40384583685985990797E+01   -0.44520991879040121286E-01    0.30102939743932261019E+00
    0.40472461654054052715E+01   -0.18978298635390519755E+00    0.29355849669882150277E+00
    0.40560339622122123515E+01   -0.31696156327280960996E+00    0.25625372240029115067E+00
    0.40648217590190194315E+01   -0.41361534404553862432E+00    0.19274927552712980972E+00
    0.40736095558258256233E+01   -0.47049668123978372059E+00    0.10925885353504112552E+00
    0.40823973526326327033E+01   -0.48229146310826898070E+00    0.13874203685099572442E-01
    0.40911851494394397832E+01   -0.44811089876545273647E+00   -0.84228013451465605366E-01
    0.40999729462462468632E+01   -0.37139914140078195137E+00   -0.17566851593454754776E+00
    0.41087607430530530550E+01   -0.25949652462883027182E+00   -0.25178361811436117401E+00
    0.41175485398598601350E+01   -0.12291060012782650812E+00   -0.30541555840124645638E+00
    0.41263363366666672150E+01    0.25784664330426448897E-01   -0.33152180959973232000E+00
    0.41351241334734734068E+01    0.17313150491835666012E+00   -0.32765013155320033000E+00
    0.41439119302802804867E+01    0.30599326305434276785E+00   -0.29406864057664727774E+00
    0.41526997270870875667E+01    0.41274969849473025496E+00   -0.23369039753634004986E+00
    0.41614875238938937585E+01    0.48427149174172351431E+00   -0.15178826298764930280E+00
    0.41702753207007008385E+01    0.51459202411485316375E+00   -0.55441002883637340026E-01
    0.41790631175075079184E+01    0.50139055678012589556E+00    0.47100502320587177285E-01
    0.41878509143143141102E+01    0.44602779871772918474E+00    0.14713772287022658380E+00
    0.41966387111211211902E+01    0.35331982162876868214E+00    0.23628889141233927473E+00
    0.42054265079279282702E+01    0.23107044623014699747E+00    0.30717000645675346382E+00
    0.42142143047347353502E+01    0.89298952137176562660E-01    0.35395835735228703411E+00
    0.42230021015415415420E+01   -0.60614360706098859011E-01    0.37286102175613378140E+00
    0.42317898983483486219E+01   -0.20685736347827296533E+00    0.36233476394264296783E+00
    0.42405776951551557019E+01   -0.33814314515972837549E+00    0.32315796086306669554E+00
    0.42493654919619618937E+01   -0.44455195854816537127E+00    0.25833099807555148786E+00
    0.42581532887687689737E+01   -0.51821500161687039654E+00    0.17275851025891619805E+00
    0.42669410855755760537E+01   -0.55387925113159086621E+00    0.72852633415593365251E-01
    0.42757288823823822455E+01   -0.54917065013513954863E+00   -0.33987570257310570354E-01
    0.42845166791891893254E+01   -0.50467931002753885217E+00   -0.13995960503003787578E+00
    0.42933044759959964054E+01   -0.42383974233124815933E+00   -0.23742456426351901677E+00
    0.43020922728028034854E+01   -0.31255265845963708937E+00   -0.31944633801144306506E+00
    0.43108800696096096772E+01   -0.17871294217909902691E+00   -0.38028236539510695824E+00
    0.43196678664164167571E+01   -0.31589698518209530231E-01   -0.41572800755131023021E+00
    0.43284556632232238371E+01    0.11886856828794802043E+00   -0.42337148625984860617E+00
    0.43372434600300300289E+01    0.26271350504216289812E+00   -0.40271345723469381683E+00
    0.43460312568368371089E+01    0.39064945180029031491E+00   -0.35511485154336647208E+00
    0.43548190536436441889E+01    0.49463214851918496651E+00   -0.28367022319438545130E+00
    0.43636068504504503807E+01    0.56830366658564857030E+00   -0.19294168677504824894E+00
    0.43723946472572574606E+01    0.60732866360987658449E+00   -0.88617796452426844667E-01
    0.43811824440640645406E+01    0.60958688327274646035E+00    0.22863441089145050689E-01
    0.43899702408708707324E+01    0.57518503919493191301E+00    0.13473221488618047914E+00
    0.43987580376776778124E+01    0.50638769573177344618E+00    0.24029999764035825383E+00
    0.44075458344844848924E+01    0.40739289199913336637E+00    0.33333156656603618595E+00
    0.44163336312912919723E+01    0.28402344482321389973E+00    0.40838943688494727668E+00
    0.44251214280980981641E+01    0.14336461511219364406E+00    0.46111355120267927266E+00
    0.44339092249049052441E+01   -0.66611101051196382888E-02    0.48841884665902568496E+00
    0.44426970217117123241E+01   -0.15773139591558035799E+00    0.48864767286529481316E+00
    0.44514848185185185159E+01   -0.30156240567734360347E+00    0.46162429375638652784E+00
    0.44602726153253255958E+01   -0.43034344548769803973E+00    0.40865247429252976596E+00
    0.44690604121321326758E+01   -0.53713190910006924916E+00    0.33243959931133348906E+00
    0.44778482089389388676E+01   -0.61619692817410698371E+00    0.23693056214320012964E+00
    0.44866360057457459476E+01   -0.66331886283342755828E+00    0.12710327830359280377E+00
    0.44954238025525530276E+01   -0.67597571594857708277E+00    0.86938128318977906522E-02
    0.45042115993593592194E+01   -0.65346274006325510975E+00   -0.11211512878681929861E+00
    0.45129993961661662993E+01   -0.59691328231277129834E+00   -0.22902068841091682838E+00
    0.45217871929729733793E+01   -0.50919847596245926269E+00   -0.33594227823018041335E+00
    0.45305749897797804593E+01   -0.39476831642257775856E+00   -0.42735045382865116670E+00
    0.45393627865865866511E+01   -0.25937543035183618922E+00   -0.49854238061501188195E+00
    0.45481505833933937311E+01   -0.10973807642744329294E+00   -0.54588297843240607410E+00
    0.45569383802002008110E+01    0.46823667186561911124E-01   -0.56697198416858785031E+00
    0.45657261770070070028E+01    0.20278075410577781068E+00   -0.56071976541112267256E+00
    0.45745139738138140828E+01    0.35077897802053770171E+00   -0.52737749793632326956E+00
    0.45833017706206211628E+01    0.48397676717581716854E+00   -0.46847450645987137596E+00
    0.45920895674274273546E+01    0.59635357902818342257E+00   -0.38670545110917453613E+00
    0.46008773642342344345E+01    0.68295493485083558216E+00   -0.28577351102675335737E+00
    0.46096651610410415145E+01    0.74005999789944254541E+00   -0.17018220184675278417E+00
    0.46184529578478477063E+01    0.76530715765783330351E+00   -0.45014245002261601969E-01
    0.46272407546546547863E+01    0.75773076587833010365E+00    0.84301176241021888447E-01
    0.46360285514614618663E+01    0.71774969931199472661E+00    0.21222555785474031542E+00
    0.46448163482682689462E+01    0.64710907007897677801E+00    0.33333722355110462221E+00
    0.46536041450750751380E+01    0.54876703791211256522E+00    0.44254336388051335183E+00
    0.46623919418818822180E+01    0.42675654598050682953E+00    0.53527880161769203493E+00
    0.46711797386886892980E+01    0.28599910429734121120E+00    0.60767096048034785483E+00
    0.46799675354954954898E+01    0.13209384325949824479E+00    0.65668442618443245706E+00
    0.46887553323023025698E+01   -0.28908978295356782540E-01    0.68022775536554014320E+00
    0.46975431291091096497E+01   -0.19075174538011394065E+00    0.67721507474139541749E+00
    0.47063309259159158415E+01   -0.34721331484565270964E+00    0.64760194368711576640E+00
    0.47151187227227229215E+01   -0.49234348846430525670E+00    0.59236600796397687052E+00
    0.47239065195295300015E+01   -0.62068960992232991014E+00    0.51345717738700513699E+00
    0.47326943163363361933E+01   -0.72749266465791684322E+00    0.41371008868814584947E+00
    0.47414821131431432732E+01   -0.80884646401927784432E+00    0.29671269821347179274E+00
    0.47502699099499503532E+01   -0.86183029959733037373E+00    0.16665936089760208239E+00
    0.47590577067567574332E+01   -0.88457973906028386502E+00    0.28179772079688806402E-01
    0.47678455035635636250E+01   -0.87632360417685084553E+00   -0.11384307426022854948E+00
    0.47766333003703707050E+01   -0.83737973728800452200E+00   -0.25445162136824717170E+00
    0.47854210971771777849E+01   -0.76910315027319486880E+00   -0.38878763059884580144E+00
    0.47942088939839839767E+01   -0.67381337365956939234E+00   -0.51225744155567665139E+00
    0.48029966907907910567E+01   -0.55468349498093272310E+00   -0.62067347884556922644E+00
    0.48117844875975981367E+01   -0.41560993905593096587E+00   -0.71038175160233840710E+00
    0.48205722844044043285E+01   -0.26107014236827202902E+00   -0.77836392224871686629E+00
    0.48293600812112114085E+01   -0.95967026034985053462E-01   -0.82230976569371905249E+00
    0.48381478780180184884E+01    0.74528697141790667402E-01   -0.84067477621583641678E+00
    0.48469356748248246802E+01    0.24513592080392448969E+00   -0.83270821368911518423E+00
    0.48557234716316317602E+01    0.41061954574016884534E+00   -0.79846479287866867214E+00
    0.48645112684384388402E+01    0.56593951293519029200E+00   -0.73879313320809902876E+00
    0.48732990652452459202E+01    0.70639103053349050487E+00   -0.65529760706816064797E+00
    0.48820868620520521119E+01    0.82773638613354028060E+00   -0.55028736951375456510E+00
    0.48908746588588591919E+01    0.92631603324638944752E+00   -0.42670051412499998555E+00
    0.48996624556656662719E+01    0.99914751499354825803E+00   -0.28801513515048871028E+00
    0.49084502524724724637E+01    0.10440016463858217133E+01   -0.13814585041269686339E+00
    0.49172380492792795437E+01    0.10594525791673963244E+01    0.18675888919959034162E-01
    0.49260258460860866236E+01    0.10449125482902335005E+01    0.17802522901049455673E+00
    0.49348136428928928154E+01    0.10006341868221875213E+01    0.33541036886825448260E+00
    0.49436014396996998954E+01    0.92769496968040299212E+00    0.48639990214294825943E+00
    0.49523892365065069754E+01    0.82795504266559616369E+00    0.62674611836764082540E+00
    0.49611770333133140554E+01    0.70398520461440439178E+00    0.75250330800589149138E+00
    0.49699648301201202472E+01    0.55898553553440066821E+00    0.86013597245288586635E+00
    0.49787526269269273271E+01    0.39669109939325586378E+00    0.94659982783651119842E+00
    0.49875404237337344071E+01    0.22127017502253976122E+00    0.10094095394683391120E+01
    0.49963282205405405989E+01    0.37208546806652829930E-01    0.10466978535315811794E+01
    0.50051160173473476789E+01   -0.15082145251198919578E+00    0.10572650340568037208E+01
    0.50139038141541547589E+01   -0.33808533395359607887E+00    0.10406080152142336281E+01
    0.50226916109609609506E+01   -0.51988447989860941956E+00    0.99689520938085285362E+00
    0.50314794077677680306E+01   -0.69164265860109874762E+00    0.92691942084163447824E+00
    0.50402672045745751106E+01   -0.84899454781339245280E+00    0.83206988039607487906E+00
    0.50490550013813813024E+01   -0.98787726061140690437E+00    0.71432676345620038649E+00
    0.50578427981881883824E+01   -0.11046259010696073410E+01    0.57624845260025481242E+00
    0.50666305949949954623E+01   -0.11960793071266389020E+01    0.42092738890556991027E+00
    0.50754183918018025423E+01   -0.12596856230865529636E+01    0.25192927067863518653E+00
    0.50842061886086087341E+01   -0.12935698537901025862E+01    0.73209633842946555959E-01
    0.50929939854154158141E+01   -0.12965587196679355664E+01   -0.11099401634107633474E+00
    0.51017817822222228941E+01   -0.12681977065002147942E+01   -0.29627168499767803089E+00
    0.51105695790290290859E+01   -0.12087654052877581101E+01   -0.47814376565542660025E+00
    0.51193573758358361658E+01   -0.11192833601875413763E+01   -0.65216141378793679451E+00
    0.51281451726426432458E+01   -0.10014991307768847939E+01   -0.81401008486209247561E+00
    0.51369329694494494376E+01   -0.85783963429227994002E+00   -0.95961654421769493339E+00
    0.51457207662562565176E+01   -0.69135503798650888019E+00   -0.10852510760196083517E+01
    0.51545085630630635976E+01   -0.50564929396153168728E+00   -0.11876145718709738563E+01
    0.51632963598698697893E+01   -0.30480326341920133126E+00   -0.12639176207659152951E+01
    0.51720841566766768693E+01   -0.93284803965901955114E-01   -0.13119480684890005850E+01
    0.51808719534834839493E+01    0.12415518242903952895E+00   -0.13301259934432119181E+01
    0.51896597502902910293E+01    0.34259007293096516156E+00   -0.13175485216710780545E+01
    0.51984475470970972211E+01    0.55702810575706540597E+00   -0.12740117474067707004E+01
    0.52072353439039043010E+01    0.76252415453380062438E+00   -0.12000207370509099469E+01
    0.52160231407107113810E+01    0.95428992833420156483E+00   -0.10967830096410455809E+01
    0.52248109375175184610E+01    0.11278022480175384779E+01   -0.96618429970472896606E+00
    0.52335987343243246528E+01    0.12789066888891524876E+01   -0.81075416207516648459E+00
    0.52423865311311317328E+01    0.14039092109032063060E+01   -0.63361106256395627323E+00
    0.52511743279379388127E+01    0.14996609680229340267E+01   -0.43839726775664872305E+00
    0.52599621247447450045E+01    0.15636297579243210176E+01   -0.22920214147812592587E+00
    0.52687499215515520845E+01    0.15939570668911799967E+01   -0.10473273470636106433E-01
    0.52775377183583591645E+01    0.15895050086983661952E+01    0.21307733202099823910E+00
    0.52863255151651653563E+01    0.15498816067672211982E+01    0.43657548853654137844E+00
    0.52951133119719724363E+01    0.14754546926203602197E+01    0.65509064484394796679E+00
    0.53039011087787795162E+01    0.13673483177775407338E+01    0.86374204748130589682E+00
    0.53126889055855857080E+01    0.12274206790716408744E+01    0.10578050146176756208E+01
    0.53214767023923927880E+01    0.10582316924495496213E+01    0.12328145621009045652E+01
    0.53302644991991998680E+01    0.86299007314721376538E+00    0.13846617844442745682E+01
    0.53390522960060069479E+01    0.64549022039479353463E+00    0.15096857694781002923E+01
    0.53478400928128131397E+01    0.41003649648194223643E+00    0.16047545168476915478E+01
    0.53566278896196202197E+01    0.16135444848895411085E+00    0.16673341288846503794E+01
    0.53654156864264272997E+01   -0.95503451105129102960E-01    0.16955492865555348292E+01
    0.53742034832332334915E+01   -0.35526153008153699142E+00    0.16882250120065207533E+01
    0.53829912800400405715E+01   -0.61252876478471773858E+00    0.16449184844806368222E+01
    0.53917790768468476514E+01   -0.86190826407271770027E+00    0.15659341432252680271E+01
    0.54005668736536538432E+01   -0.10981082166360016661E+01    0.14523213549004756473E+01
    0.54093546704604609232E+01   -0.13160509202348353863E+01    0.13058617327427395338E+01
    0.54181424672672680032E+01   -0.15109761140638571231E+01    0.11290357802534083387E+01
    0.54269302640740750832E+01   -0.16785406515688212625E+01    0.92497917023435094475E+00
    0.54357180608808812750E+01   -0.18149082919438486172E+01    0.69742480085534963585E+00
    0.54445058576876883549E+01   -0.19168290964457939118E+01    0.45063028563800588966E+00
    0.54532936544944954349E+01   -0.19817105950770781408E+01    0.18929850349870366855E+00
    0.54620814513013016267E+01   -0.20076712576749216055E+01   -0.81514517208507039636E-01
    0.54708692481081087067E+01   -0.19935845504052482902E+01   -0.35649752276297552722E+00
    0.54796570449149157866E+01   -0.19391064626790417424E+01   -0.63018696228849568897E+00
    0.54884448417217219784E+01   -0.18446860435387510968E+01   -0.89707482861840281974E+00
    0.54972326385285290584E+01   -0.17115653713059024721E+01   -0.11517167883955650165E+01
    0.55060204353353361384E+01   -0.15417583510376517975E+01   -0.13888391966388768939E+01
    0.55148082321421423302E+01   -0.13380188947313860215E+01   -0.16034447787805301555E+01
    0.55235960289489494102E+01   -0.11037936483948145305E+01   -0.17909118891720356981E+01
    0.55323838257557564901E+01   -0.84315910977700314621E+00   -0.19470870400000803713E+01
    0.55411716225625635701E+01   -0.56075072714613927172E+00   -0.20683710174627729650E+01
    0.55499594193693697619E+01   -0.26167704416741882634E+00   -0.21517908914009105104E+01
    0.55587472161761768419E+01    0.48573126943010039303E-01   -0.21950643633846227409E+01
    0.55675350129829839219E+01    0.36423095112101266935E+00   -0.21966493320094131469E+01
    0.55763228097897901137E+01    0.67935509923878767413E+00   -0.21557784566438598084E+01
    0.55851106065965971936E+01    0.98794117820608773339E+00   -0.20724835962403544976E+01
    0.55938984034034042736E+01    0.12840333779074017961E+01   -0.19475997448560753433E+01
    0.56026862002102104654E+01    0.15618364550557797266E+01   -0.17827585868302762151E+01
    0.56114739970170175454E+01    0.18158239206983348701E+01   -0.15803656147192841619E+01
    0.56202617938238246253E+01    0.20408422251408411263E+01   -0.13435608523845785633E+01
    0.56290495906306308171E+01    0.22322099587886743421E+01   -0.10761702915736992558E+01
    0.56378373874374378971E+01    0.23858058147941871852E+01   -0.78263959111281455883E+00
    0.56466251842442449771E+01    0.24981502865374398681E+01   -0.46795931954494657257E+00
    0.56554129810510520571E+01    0.25664741207431633896E+01   -0.13757934305933863794E+00
    0.56642007778578582489E+01    0.25887735046958009200E+01    0.20268739472752611563E+00
    0.56729885746646653288E+01    0.25638556039795004082E+01    0.54676547997172242344E+00
    0.56817763714714724088E+01    0.24913644547569662180E+01    0.88842496090665457054E+00
    0.56905641682782786006E+01    0.23717968311028672090E+01    0.12213921960111235876E+01
    0.56993519650850856806E+01    0.22065011446423445918E+01    0.15394613225621784913E+01
    0.57081397618918927606E+01    0.19976596488052957845E+01    0.18366061315791724073E+01
    0.57169275586986989524E+01    0.17482604593828514616E+01    0.21070895629870238785E+01
    0.57257153555055060323E+01    0.14620499113795313306E+01    0.23455671245999765162E+01
    0.57345031523123131123E+01    0.11434754246927356647E+01    0.25471865542893041834E+01
    0.57432909491191193041E+01    0.79761480494252934292E+00    0.27076776337569121722E+01
    0.57520787459259263841E+01    0.43009242806590036734E+00    0.28234322271321330433E+01
    0.57608665427327334640E+01    0.46988959198484885060E-01    0.28915761825527144246E+01
    0.57696543395395405440E+01   -0.34526048735015407720E+00    0.29100244199750018304E+01
    0.57784421363463467358E+01   -0.73997324021083077383E+00    0.28775272644754794626E+01
    0.57872299331531538158E+01   -0.11303305565030652424E+01    0.27937005536149603913E+01
    0.57960177299599608958E+01   -0.15094933616065444593E+01    0.26590399785107532438E+01
    0.58048055267667670876E+01   -0.18707180901272586482E+01    0.24749248863357427020E+01
    0.58135933235735741675E+01   -0.22074713710449729298E+01    0.22436014905901564553E+01
    0.58223811203803812475E+01   -0.25135433518271685926E+01    0.19681559769026819584E+01
    0.58311689171871874393E+01   -0.27831547925641455521E+01    0.16524716004581336826E+01
    0.58399567139939945193E+01   -0.30110579928021237173E+01    0.13011704782314066353E+01
    0.58487445108008015993E+01   -0.31926314031894351686E+01    0.91954670710629726749E+00
    0.58575323076076077911E+01   -0.33239609195399442143E+01    0.51348339845880264232E+00
    0.58663201044144148710E+01   -0.34019140325773102873E+01    0.89362325920558691172E-01
    0.58751079012212219510E+01   -0.34241993724692929568E+01   -0.34603582012792311051E+00
    0.58838956980280290310E+01   -0.33894122356903726434E+01   -0.78563996200362806732E+00
    0.58926834948348352228E+01   -0.32970698491170602473E+01   -0.12222005088585081722E+01
    0.59014712916416423027E+01   -0.31476264252404111410E+01   -0.16484064825176281133E+01
    0.59102590884484493827E+01   -0.29424781471443264280E+01   -0.20570044308350028395E+01
    0.59190468852552555745E+01   -0.26839508260429587594E+01   -0.24409163944741294472E+01
    0.59278346820620626545E+01   -0.23752711987037411490E+01   -0.27933567841687483302E+01
    0.59366224788688697345E+01   -0.20205279733621179794E+01   -0.31079459212630009546E+01
    0.59454102756756759263E+01   -0.16246135616301105031E+01   -0.33788159784207656422E+01
    0.59541980724824830062E+01   -0.11931567073272446589E+01   -0.36007124581514298178E+01
    0.59629858692892900862E+01   -0.73244168068365866908E+00   -0.37690846647146454274E+01
    0.59717736660960962780E+01   -0.24931500391975502939E+00   -0.38801657071580528680E+01
    0.59805614629029033580E+01    0.24891415066682717749E+00   -0.39310436939534771916E+01
    0.59893492597097104380E+01    0.75458468579918358543E+00   -0.39197153507971735920E+01
    0.59981370565165175179E+01    0.12597990098926885594E+01   -0.38451306510878309197E+01
    0.60069248533233237097E+01    0.17565429185639445109E+01   -0.37072204395654191345E+01
    0.60157126501301307897E+01    0.22368094266668823167E+01   -0.35069081898290117572E+01
    0.60245004469369378697E+01    0.26927225832011933981E+01   -0.32461107324125055840E+01
    0.60332882437437440615E+01    0.31166600707707039497E+01   -0.29277179576753984414E+01
    0.60420760405505511415E+01    0.35013743824166425611E+01   -0.25555623696290759028E+01
    0.60508638373573582214E+01    0.38401077144387585349E+01   -0.21343718785165175511E+01
    0.60596516341641644132E+01    0.41267008802721507621E+01   -0.16697071980886366571E+01
    0.60684394309709714932E+01    0.43556957767491066846E+01   -0.11678900449496791847E+01
    0.60772272277777785732E+01    0.45224246837563528700E+01   -0.63591455610049318903E+00
    0.60860150245845856531E+01    0.46230925375693665558E+01   -0.81351115420109573750E-01
    0.60948028213913918449E+01    0.46548443189507491269E+01    0.48776021002247033076E+00
    0.61035906181981989249E+01    0.46158187092905880178E+01    0.10630255820506964159E+01
    0.61123784150050060049E+01    0.45051910963821999445E+01    0.16358172883025461353E+01
    0.61211662118118121967E+01    0.43231961044287539053E+01    0.21974000980269670080E+01
    0.61299540086186192767E+01    0.40711400048908572558E+01    0.27390599107922692923E+01
    0.61387418054254263566E+01    0.37513948206017775355E+01    0.32522325861355776411E+01
    0.61475296022322325484E+01    0.33673758112514446950E+01    0.37286327414475586295E+01
    0.61563173990390396284E+01    0.29235078200086990208E+01    0.41603797907607393824E+01
    0.61651051958458467084E+01    0.24251709918666923826E+01    0.45401177315573644222E+01
    0.61738929926526529002E+01    0.18786368361405958449E+01    0.48611310896760056011E+01
    0.61826807894594599802E+01    0.12909889318514418122E+01    0.51174505757509223258E+01
    0.61914685862662670601E+01    0.67002991412189927267E+00    0.53039493123007064312E+01
    0.62002563830730741401E+01    0.24180727172842347156E-01    0.54164303772070834242E+01
    0.62090441798798803319E+01   -0.63763374834101160804E+00    0.54516974103906035154E+01
    0.62178319766866874119E+01   -0.13061049078977919891E+01    0.54076165379031939651E+01
    0.62266197734934944918E+01   -0.19716676716377563583E+01    0.52831608832534104891E+01
    0.62354075703003006836E+01   -0.26246338342418829015E+01    0.50784394470350520123E+01
    0.62441953671071077636E+01   -0.32553269931137021054E+01    0.47947142357677137170E+01
    0.62529831639139148436E+01   -0.38542193539363136523E+01    0.44343954180094220519E+01
    0.62617709607207210354E+01   -0.44120685325443309566E+01    0.40010258840088566146E+01
    0.62705587575275281154E+01   -0.49200504848233750366E+01    0.34992470409698763767E+01
    0.62793465543343351953E+01   -0.53698888084593976444E+01    0.29347480174454130264E+01
    0.62881343511411413871E+01   -0.57539787674580420429E+01    0.23142039648057757262E+01
    0.62969221479479484671E+01   -0.60655006285216801487E+01    0.16451946674452129216E+01
    0.63057099447547555471E+01   -0.62985270837876594641E+01    0.93611418842029592291E+00
    0.63144977415615626271E+01   -0.64481169108185323324E+01    0.19606666139247624914E+00
    0.63232855383683688189E+01   -0.65103963884044100396E+01   -0.56524995513232534350E+00
    0.63320733351751758988E+01   -0.64826301408680553351E+01   -0.13376665043089361884E+01
    0.63408611319819829788E+01   -0.63632720316727162668E+01   -0.21106761026239060364E+01
    0.63496489287887891706E+01   -0.61520061046074170363E+01   -0.28735719508578241310E+01
    0.63584367255955962506E+01   -0.58497681289124896509E+01   -0.36155893766013473822E+01
    0.63672245224024033305E+01   -0.54587501833577221078E+01   -0.43260513664887723095E+01
    0.63760123192092095223E+01   -0.49823926802128388758E+01   -0.49945137118236786478E+01
    0.63848001160160166023E+01   -0.44253534739151660915E+01   -0.56109084369417141502E+01
    0.63935879128228236823E+01   -0.37934661489537182533E+01   -0.61656854497603417187E+01
    0.64023757096296298741E+01   -0.30936793961214288373E+01   -0.66499471364631546066E+01
    0.64111635064364369541E+01   -0.23339800976515734376E+01   -0.70555766544839508825E+01
    0.64199513032432440340E+01   -0.15233058577390297117E+01   -0.73753589658794656003E+01
    0.64287391000500511140E+01   -0.67143891981772618749E+00   -0.76030878566688082643E+01
    0.64375268968568573058E+01    0.21110815703036664437E+00   -0.77336655150888988786E+01
    0.64463146936636643858E+01    0.11132191988553687967E+01   -0.77631856572090081059E+01
    0.64551024904704714658E+01    0.20233115733447175622E+01   -0.76890023997414882473E+01
    0.64638902872772776576E+01    0.29294784624763474667E+01   -0.75097870656270941936E+01
    0.64726780840840847375E+01    0.38196394759117104911E+01   -0.72255627973862273095E+01
    0.64814658808908918175E+01    0.46816942723545063032E+01   -0.68377282950576505627E+01
    0.64902536776976980093E+01    0.55036779103812198954E+01   -0.63490605585239832109E+01
    0.64990414745045050893E+01    0.62739174565266271344E+01   -0.57636997289902094366E+01
    0.65078292713113121692E+01    0.69811864574631599112E+01   -0.50871206587255972664E+01
    0.65166170681181183610E+01    0.76148546176352978065E+01   -0.43260807858436480799E+01
    0.65254048649249254410E+01    0.81650341941984603267E+01   -0.34885569993700236147E+01
    0.65341926617317325210E+01    0.86227165492971806771E+01   -0.25836633041925947119E+01
    0.65429804585385396010E+01    0.89799001887636649144E+01   -0.16215523622209895294E+01
    0.65517682553453457928E+01    0.92297097755745483028E+01   -0.61330661036073974568E+00
    0.65605560521521528727E+01    0.93664982974953954198E+01    0.42918861530437557583E+00
    0.65693438489589599527E+01    0.93859405007410376953E+01    0.14933797324754862768E+01
    0.65781316457657661445E+01    0.92851074582578281280E+01    0.25661910447184248518E+01
    0.65869194425725732245E+01    0.90625252051322267022E+01    0.36341803042113340894E+01
    0.65957072393793803045E+01    0.87182199041832859621E+01    0.46836985543008360366E+01
    0.66044950361861864963E+01    0.82537388044915260821E+01    0.57010566695196081000E+01
    0.66132828329929935762E+01    0.76721594878501395698E+01    0.66726940040264528520E+01
    0.66220706297998006562E+01    0.69780765141409863972E+01    0.75853470351311118591E+01
    0.66308584266066068480E+01    0.61775692682395284550E+01    0.84262177714451578225E+01
    0.66396462234134139280E+01    0.52781557195426289653E+01    0.91831387346606234701E+01
    0.66484340202202210079E+01    0.42887215330268277924E+01    0.98447309795674264876E+01
    0.66572218170270280879E+01    0.32194378684640811983E+01    0.10400557751514048377E+02
    0.66660096138338342797E+01    0.20816593532914478004E+01    0.10841266157357077660E+02
    0.66747974106406413597E+01    0.88780581639951061668E+00    0.11158718741263699670E+02
    0.66835852074474484397E+01   -0.34876656228210650701E+00    0.11346114565283890840E+02
    0.66923730042542546315E+01   -0.16139120228164904880E+01    0.11398091208127317131E+02
    0.67011608010610617114E+01   -0.28928495923527055567E+01    0.11310816984610806202E+02
    0.67099485978678687914E+01   -0.41703286101100101035E+01    0.11082062131865276555E+02
    0.67187363946746749832E+01   -0.54308031734140671531E+01    0.10711252658455274300E+02
    0.67275241914814820632E+01   -0.66586104117097608679E+01    0.10199509314219490363E+02
    0.67363119882882891432E+01   -0.78381545441541486952E+01    0.95496603701044779910E+01
    0.67450997850950962231E+01   -0.89540924934580434780E+01    0.87662418146485450166E+01
    0.67538875819019024149E+01   -0.99915183620270902054E+01    0.78554730554519327512E+01
    0.67626753787087094949E+01   -0.10936146732986905761E+02    0.68252127310119377057E+01
    0.67714631755155165749E+01   -0.11774491574264255078E+02    0.56848992791423693660E+01
    0.67802509723223227667E+01   -0.12494036635160160387E+02    0.44454653262028891447E+01
    0.67890387691291298466E+01   -0.13083400668419363555E+02    0.31192401457191336611E+01
    0.67978265659359369266E+01   -0.13532488884579281674E+02    0.17198309058396943350E+01
    0.68066143627427431184E+01   -0.13832633090138866550E+02    0.26198695879899275285E+00
    0.68154021595495501984E+01   -0.13976719957583194187E+02   -0.12385471895426112265E+01
    0.68241899563563572784E+01   -0.13959298208900635885E+02   -0.27651977567692607174E+01
    0.68329777531631634702E+01   -0.13776675035914626832E+02   -0.43007354648497786442E+01
    0.68417655499699705501E+01   -0.13426989239237542506E+02   -0.58274611319329290282E+01
    0.68505533467767776301E+01   -0.12910265623233765808E+02   -0.73274004717414342736E+01
    0.68593411435835847101E+01   -0.12228452887451789266E+02   -0.87825028754352292282E+01
    0.68681289403903909019E+01   -0.11385433035342506614E+02   -0.10174846124165155103E+02
    0.68769167371971979819E+01   -0.10387017130523513941E+02   -0.11486842584847723359E+02
    0.68857045340040050618E+01   -0.92409140973033547795E+01   -0.12701443965114638246E+02
    0.68944923308108112536E+01   -0.79566781412405154228E+01   -0.13802344645484849295E+02
    0.69032801276176183336E+01   -0.65456392748082370403E+01   -0.14774180048727817649E+02
    0.69120679244244254136E+01   -0.50208053426776908523E+01   -0.15602715679805106319E+02
    0.69208557212312316054E+01   -0.33967510917874412790E+01   -0.16275030464310209055E+02
    0.69296435180380386853E+01   -0.16894837476648862928E+01   -0.16779684897037054014E+02
    0.69384313148448457653E+01    0.83709754497613489410E-01   -0.17106876982114645358E+02
    0.69472191116516519571E+01    0.19044282175359681375E+01   -0.17248584964255179841E+02
    0.69560069084584590371E+01    0.37533424119235054839E+01   -0.17198687075660348711E+02
    0.69647947052652661171E+01    0.56103899901372304981E+01   -0.16953069513869081675E+02
    0.69735825020720731970E+01    0.74549837875341813387E+01   -0.16509708620698710035E+02
    0.69823702988788793888E+01    0.92662303145955888795E+01   -0.15868732757543359213E+02
    0.69911580956856864688E+01    0.11023152916006177193E+02   -0.15032465677863847020E+02
    0.69999458924924935488E+01    0.12704921872420431583E+02   -0.14005438568950896894E+02
    0.70087336892992997406E+01    0.14291086278188769754E+02   -0.12794387048739721990E+02
    0.70175214861061068206E+01    0.15761804786602173323E+02   -0.11408217927165729577E+02
    0.70263092829129139005E+01    0.17098075156870663704E+02   -0.98579525303731596608E+01
    0.70350970797197200923E+01    0.18281958508968060073E+02   -0.81566508172256941833E+01
    0.70438848765265271723E+01    0.19296793832667237467E+02   -0.63193036637788617682E+01
    0.70526726733333342523E+01    0.20127406390612240017E+02   -0.43627106645645978844E+01
    0.70614604701401404441E+01    0.20760299581424355608E+02   -0.23053310768846557721E+01
    0.70702482669469475240E+01    0.21183833786600217763E+02   -0.16711427263114966846E+00
    0.70790360637537546040E+01    0.21388390516488264836E+02    0.20306845634109942367E+01
    0.70878238605605616840E+01    0.21366511485414104499E+02    0.42657125454838835665E+01
    0.70966116573673678758E+01    0.21113024751196586948E+02    0.65147371610906708028E+01
    0.71053994541741749558E+01    0.20625142047567578629E+02    0.87538802670111870441E+01
    0.71141872509809820357E+01    0.19902533944177736913E+02    0.10958863933552549952E+02
    0.71229750477877882275E+01    0.18947384018644417125E+02    0.13105262159676071221E+02
    0.71317628445945953075E+01    0.17764408165911440562E+02    0.15168761334488262804E+02
    0.71405506414014023875E+01    0.16360857098393548625E+02    0.17125423082380670792E+02
    0.71493384382082085793E+01    0.14746484471732076216E+02    0.18951946798422486751E+02
    0.71581262350150156593E+01    0.12933488962376495479E+02    0.20625931572657055568E+02
    0.71669140318218227392E+01    0.10936434186490494369E+02    0.22126132646635753076E+02
    0.71757018286286289310E+01    0.87721325632687676688E+01    0.23432707957763696527E+02
    0.71844896254354360110E+01    0.64595127369468796630E+01    0.24527458213872350257E+02
    0.71932774222422430910E+01    0.40194558824570840727E+01    0.25394049011133990490E+02
    0.72020652190490501710E+01    0.14746088077724623933E+01    0.26018219101571506968E+02
    0.72108530158558563627E+01   -0.11508203249462796158E+01    0.26387972234710847630E+02
    0.72196408126626634427E+01   -0.38312938664119435828E+01    0.26493741545471799270E+02
    0.72284286094694705227E+01   -0.65401881084654247545E+01    0.26328539631339598515E+02
    0.72372164062762767145E+01   -0.92500557736528694619E+01    0.25888076270621844799E+02
    0.72460042030830837945E+01   -0.11932902367552363998E+02    0.25170851774641036513E+02
    0.72547919998898908744E+01   -0.14560469880797777265E+02    0.24178226382511375903E+02
    0.72635797966966970662E+01   -0.17104531389289167720E+02    0.22914450640296337269E+02
    0.72723675935035041462E+01   -0.19537188749935747722E+02    0.21386676876655840829E+02
    0.72811553903103112262E+01   -0.21831170938587028729E+02    0.19604931437837596064E+02
    0.72899431871171174180E+01   -0.23960132415849148657E+02    0.17582057850444098079E+02
    0.72987309839239244980E+01   -0.25898945782523234982E+02    0.15333634370073511377E+02
    0.73075187807307315779E+01   -0.27623984250560344123E+02    0.12877850645867370716E+02
    0.73163065775375386579E+01   -0.29113397167174326796E+02    0.10235365704382200391E+02
    0.73250943743443448497E+01   -0.30347365866101682741E+02    0.74291299948043940660E+01
    0.73338821711511519297E+01   -0.31308344642125142343E+02    0.44841812455181226937E+01
    0.73426699679579590097E+01   -0.31981283262776997844E+02    0.14274200097683735766E+01
    0.73514577647647652014E+01   -0.32353819262464377005E+02   -0.17126464484515004916E+01
    0.73602455615715722814E+01   -0.32416454329212641028E+02   -0.49061735296600375023E+01
    0.73690333583783793614E+01   -0.32162694310673906273E+02   -0.81222710361874224105E+01
    0.73778211551851855532E+01   -0.31589162418896034268E+02   -0.11329310793502344268E+02
    0.73866089519919926332E+01   -0.30695685167772523982E+02   -0.14495243092013186725E+02
    0.73953967487987997131E+01   -0.29485334813466391068E+02   -0.17587926060001315420E+02
    0.74041845456056067931E+01   -0.27964450635369747289E+02   -0.20575458739398278851E+02
    0.74129723424124129849E+01   -0.26142615818612174650E+02   -0.23426515512149236997E+02
    0.74217601392192200649E+01   -0.24032602179744138482E+02   -0.26110680973415821171E+02
    0.74305479360260271449E+01   -0.21650285688172456133E+02   -0.28598778601611041239E+02
    0.74393357328328333367E+01   -0.19014516309950760586E+02   -0.30863188599558149861E+02
    0.74481235296396404166E+01   -0.16146966972337871482E+02   -0.32878158102845567612E+02
    0.74569113264464474966E+01   -0.13071941915058966188E+02   -0.34620089600791708051E+02
    0.74656991232532536884E+01   -0.98161561288377363610E+01   -0.36067813211317563571E+02
    0.74744869200600607684E+01   -0.64084917520299260474E+01   -0.37202838186997915670E+02
    0.74832747168668678484E+01   -0.28797192508032170011E+01   -0.38009571173898358154E+02
    0.74920625136736740401E+01    0.73779608428734255732E+00   -0.38475516840202665492E+02
    0.75008503104804811201E+01    0.44104127031698361350E+01   -0.38591437944130994708E+02
    0.75096381072872882001E+01    0.81035487283883451681E+01   -0.38351486173437791649E+02
    0.75184259040940952801E+01    0.11782027713238166555E+02   -0.37753302395233752975E+02
    0.75272137009009014719E+01    0.15410438551579526134E+02   -0.36798069153375166707E+02
    0.75360014977077085518E+01    0.18953499297642569132E+02   -0.35490539887566669108E+02
    0.75447892945145156318E+01    0.22376422278266545618E+02   -0.33839019016603465673E+02
    0.75535770913213218236E+01    0.25645279502825559348E+02   -0.31855307237928123243E+02
    0.75623648881281289036E+01    0.28727360907807234724E+02   -0.29554614456266996569E+02
    0.75711526849349359836E+01    0.31591520463932155849E+02   -0.26955423150500411822E+02
    0.75799404817417421754E+01    0.34208513672834982344E+02   -0.24079329132008897574E+02
    0.75887282785485492553E+01    0.36551310727628084862E+02   -0.20950838086806147231E+02
    0.75975160753553563353E+01    0.38595392019909958492E+02   -0.17597131378505608268E+02
    0.76063038721621625271E+01    0.40319020454106656359E+02   -0.14047806895253522441E+02
    0.76150916689689696071E+01    0.41703477495699182498E+02   -0.10334582553432303698E+02
    0.76238794657757766871E+01    0.42733279932167974380E+02   -0.64909843865073053593E+01
    0.76326672625825837670E+01    0.43396352272767472869E+02   -0.25520082914629695914E+01
    0.76414550593893899588E+01    0.43684167890671041334E+02    0.14462360078630731586E+01
    0.76502428561961970388E+01    0.43591856760359100065E+02    0.54668909172341697555E+01
    0.76590306530030041188E+01    0.43118262212407692857E+02    0.94727308753742711644E+01
    0.76678184498098103106E+01    0.42265972850543711559E+02    0.13426545737663227342E+02
    0.76766062466166173905E+01    0.41041301987574165366E+02    0.17291524246291256617E+02
    0.76853940434234244705E+01    0.39454230781331560252E+02    0.21031636868323488443E+02
    0.76941818402302306623E+01    0.37518316985756769100E+02    0.24612009959364726797E+02
    0.77029696370370377423E+01    0.35250552217991788950E+02    0.27999285766056679847E+02
    0.77117574338438448223E+01    0.32671195862345463468E+02    0.31161972597911599792E+02
    0.77205452306506510141E+01    0.29803563292771574567E+02    0.34070767924536504268E+02
    0.77293330274574580940E+01    0.26673783100434928173E+02    0.36698862275532000865E+02
    0.77381208242642651740E+01    0.23310528939791691272E+02    0.39022217761642494338E+02
    0.77469086210710722540E+01    0.19744714242745533994E+02    0.41019807876313862494E+02
    0.77556964178778784458E+01    0.16009171870747127997E+02    0.42673836749476656394E+02
    0.77644842146846855258E+01    0.12138308309981587385E+02    0.43969911429848245632E+02
    0.77732720114914926057E+01    0.81677411630595848635E+01    0.44897181819953452475E+02
    0.77820598082982987975E+01    0.41339278871893307965E+01    0.45448445570015799433E+02
    0.77908476051051058775E+01    0.73782623040391182023E-01    0.45620200728556525860E+02
    0.77996354019119129575E+01   -0.39757092685157795486E+01    0.45412673038245905843E+02
    0.78084231987187191493E+01   -0.79778742719155184560E+01    0.44829789856722094044E+02
    0.78172109955255262292E+01   -0.11896731422487727414E+02    0.43879118020702136960E+02
    0.78259987923323333092E+01   -0.15697362397632817377E+02    0.42571767184942395090E+02
    0.78347865891391395010E+01   -0.19346264946150828479E+02    0.40922242650838313693E+02
    0.78435743859459465810E+01   -0.22811695215390219715E+02    0.38948275481809851328E+02
    0.78523621827527536610E+01   -0.26063980592701586403E+02    0.36670608470546682156E+02
    0.78611499795595607409E+01   -0.29075812138780364080E+02    0.34112752893786165487E+02
    0.78699377763663669327E+01   -0.31822510210024482546E+02    0.31300721414154210720E+02
    0.78787255731731740127E+01   -0.34282250205054694447E+02    0.28262726914001415679E+02
    0.78875133699799810927E+01   -0.36436267299243112916E+02    0.25028867892159670561E+02
    0.78963011667867872845E+01   -0.38269013676473711882E+02    0.21630791751238714227E+02
    0.79050889635935943645E+01   -0.39768283805657667074E+02    0.18101344037386752461E+02
    0.79138767604004014444E+01   -0.40925304877044602847E+02    0.14474211367091607272E+02
    0.79226645572072076362E+01   -0.41734776531371302610E+02    0.10783556197941747357E+02
    0.79314523540140147162E+01   -0.42194886158065692427E+02    0.70636511258100611599E+01
    0.79402401508208217962E+01   -0.42307273175372671403E+02    0.33485189765113752003E+01
    0.79490279476276279880E+01   -0.42076959667996021608E+02   -0.32842253169355523079E+00
    0.79578157444344350679E+01   -0.41512248699576787203E+02   -0.39347035530148981586E+01
    0.79666035412412421479E+01   -0.40624576453228229411E+02   -0.74391258768170827054E+01
    0.79753913380480492279E+01   -0.39428343896158366988E+02   -0.10812074622714252570E+02
    0.79841791348548554197E+01   -0.37940709115386333394E+02   -0.14025799149602768523E+02
    0.79929669316616624997E+01   -0.36181354302159320468E+02   -0.17054673185299641602E+02
    0.80017547284684695796E+01   -0.34172232400722705847E+02   -0.19875428057356987921E+02
    0.80105425252752748833E+01   -0.31937285448923287134E+02   -0.22467346944732103253E+02
    0.80193303220820819632E+01   -0.29502152243102287343E+02   -0.24812438820437861864E+02
    0.80281181188888890432E+01   -0.26893859324546028233E+02   -0.26895567160686017161E+02
    0.80369059156956961232E+01   -0.24140501781242651447E+02   -0.28704548946453300573E+02
    0.80456937125025032032E+01   -0.21270921045156224949E+02   -0.30230221275091491151E+02
    0.80544815093093102831E+01   -0.18314379300596591804E+02   -0.31466461979461737286E+02
    0.80632693061161173631E+01   -0.15300235486993564393E+02   -0.32410188328562398397E+02
    0.80720571029229226667E+01   -0.12257630583357324028E+02   -0.33061310505728556564E+02
    0.80808448997297297467E+01   -0.92151795796423758844E+01   -0.33422655996259557298E+02
    0.80896326965365368267E+01   -0.62006773951546012569E+01   -0.33499866147744633338E+02
    0.80984204933433439066E+01   -0.32408251464999047187E+01   -0.33301253954228755561E+02
    0.81072082901501509866E+01   -0.36096874147118107601E+00   -0.32837644986893351984E+02
    0.81159960869569580666E+01    0.24151323103700428341E+01   -0.32122186557402947926E+02
    0.81247838837637633702E+01    0.50655162100762076705E+01   -0.31170136965630867110E+02
    0.81335716805705704502E+01    0.75702049522443362051E+01   -0.29998639388206768785E+02
    0.81423594773773775302E+01    0.99113547970304356483E+01   -0.28626474977085148765E+02
    0.81511472741841846101E+01    0.12073388460176259329E+02   -0.27073808693141195647E+02
    0.81599350709909916901E+01    0.14043087304447766428E+02   -0.25361924916656793272E+02
    0.81687228677977987701E+01    0.15809657898254966923E+02   -0.23512957173706219294E+02
    0.81775106646046058501E+01    0.17364770789906188497E+02   -0.21549618270951125254E+02
    0.81862984614114111537E+01    0.18702560808894407529E+02   -0.19494931695346480183E+02
    0.81950862582182182337E+01    0.19819609305154870071E+02   -0.17371966394762520025E+02
    0.82038740550250253136E+01    0.20714889715467808884E+02   -0.15203583392936874219E+02
    0.82126618518318323936E+01    0.21389690135999106957E+02   -0.13012190468120374831E+02
    0.82214496486386394736E+01    0.21847514199789443978E+02   -0.10819510997151304821E+02
    0.82302374454454465535E+01    0.22093952486494877974E+02   -0.86463728022698820297E+01
    0.82390252422522518572E+01    0.22136541490331161697E+02   -0.65125086007061270266E+01
    0.82478130390590589371E+01    0.21984599786114856101E+02   -0.44363838525306791283E+01
    0.82566008358658660171E+01    0.21649050329941598392E+02   -0.24350421676325368914E+01
    0.82653886326726730971E+01    0.21142232857150741410E+02   -0.52397250870351463892E+00
    0.82741764294794801771E+01    0.20477703301703982675E+02    0.12829936440094136252E+01
    0.82829642262862872570E+01    0.19670029314502414763E+02    0.29737700163293814271E+01
    0.82917520230930943370E+01    0.18734581631848328698E+02    0.45380708605228798902E+01
    0.83005398198998996406E+01    0.17687323389579677979E+02    0.59674460258248052114E+01
    0.83093276167067067206E+01    0.16544602529882727282E+02    0.72552943345428735356E+01
    0.83181154135135138006E+01    0.15322948904965759453E+02    0.83968476771096245415E+01
    0.83269032103203208806E+01    0.14038875804385369861E+02    0.93891416303575248037E+01
    0.83356910071271279605E+01    0.12708694154001552334E+02    0.10230959263397460646E+02
    0.83444788039339350405E+01    0.11348334994493036731E+02    0.10922758577005900804E+02
    0.83532666007407403441E+01    0.99731849371531406945E+01    0.11466584899634698402E+02
    0.83620543975475474241E+01    0.85979393895500848544E+01    0.11865963387712573862E+02
    0.83708421943543545041E+01    0.72364656956028907686E+01    0.12125783480654567015E+02
    0.83796299911611615840E+01    0.59016888883683389366E+01    0.12252169232302399848E+02
    0.83884177879679686640E+01    0.46054915586033651209E+01    0.12252341355422689873E+02
    0.83972055847747757440E+01    0.33586308315883512954E+01    0.12134474222724538350E+02
    0.84059933815815828240E+01    0.21706782461368545611E+01    0.11907546537464877900E+02
    0.84147811783883881276E+01    0.10499709486668558078E+01    0.11581190781488334807E+02
    0.84235689751951952076E+01    0.35866159600995558762E-02    0.11165543015315249065E+02
    0.84323567720020022875E+01   -0.96266717201979012941E+00    0.10671093298210740485E+02
    0.84411445688088093675E+01   -0.18442483584304862898E+01    0.10108540607509056031E+02
    0.84499323656156164475E+01   -0.26378558473505688831E+01    0.94886540410220003849E+01
    0.84587201624224235275E+01   -0.33413959808867081946E+01    0.88221385550548259147E+01
    0.84675079592292288311E+01   -0.39539316425960855383E+01    0.81195123376694020578E+01
    0.84762957560360359111E+01   -0.44756210554945488056E+01    0.73909915197509805651E+01
    0.84850835528428429910E+01   -0.49076475270554720254E+01    0.66463854945994311763E+01
    0.84938713496496500710E+01   -0.52521375552686304644E+01    0.58950063432652948237E+01
    0.85026591464564571510E+01   -0.55120745463454250412E+01    0.51455858556759341838E+01
    0.85114469432632642309E+01   -0.56912053768161969813E+01    0.44062093228249183952E+01
    0.85202347400700713109E+01   -0.57939429545252076892E+01    0.36842595234239112756E+01
    0.85290225368768766145E+01   -0.58252672330959747171E+01    0.29863727529867118982E+01
    0.85378103336836836945E+01   -0.57906244712424124188E+01    0.23184105501503102786E+01
    0.85465981304904907745E+01   -0.56958269210862590981E+01    0.16854389933773199495E+01
    0.85553859272972978545E+01   -0.55469552757351126004E+01    0.10917234866278007210E+01
    0.85641737241041049344E+01   -0.53502630375118434003E+01    0.54073272710097519678E+00
    0.85729615209109120144E+01   -0.51120854649045979201E+01    0.35152075295809145916E-01
    0.85817493177177173180E+01   -0.48387546244884021007E+01   -0.42309103721316632107E+00
    0.85905371145245243980E+01   -0.45365183117242535715E+01   -0.83279649600917493579E+00
    0.85993249113313314780E+01   -0.42114682045844507030E+01   -0.11934511401236260753E+01
    0.86081127081381385580E+01   -0.38694736562137812541E+01   -0.15051827954345524674E+01
    0.86169005049449456379E+01   -0.35161231553456500087E+01   -0.17687097687902761933E+01
    0.86256883017517527179E+01   -0.31566756960514243957E+01   -0.19852846878463594749E+01
    0.86344760985585597979E+01   -0.27960173069980061022E+01   -0.21566364774367778878E+01
    0.86432638953653651015E+01   -0.24386286233164504722E+01   -0.22849097651892575911E+01
    0.86520516921721721815E+01   -0.20885589917371687463E+01   -0.23726029796476004741E+01
    0.86608394889789792614E+01   -0.17494080748501998901E+01   -0.24225068300690844048E+01
    0.86696272857857863414E+01   -0.14243169718545400926E+01   -0.24376434215374498393E+01
    0.86784150825925934214E+01   -0.11159637968105464711E+01   -0.24212064637341708107E+01
    0.86872028793994005014E+01   -0.82656812416293357071E+00   -0.23765047927745115430E+01
    0.86959906762062058050E+01   -0.55790054336813121871E+00   -0.23069079898801323480E+01
    0.87047784730130128850E+01   -0.31129723759802840899E+00   -0.22157957292684793416E+01
    0.87135662698198199649E+01   -0.87680818871251786639E-01   -0.21065119234932399017E+01
    0.87223540666266270449E+01    0.11241627458218568514E+00   -0.19823216711678852686E+01
    0.87311418634334341249E+01    0.28882381169009607724E+00   -0.18463745434865683759E+01
    0.87399296602402412049E+01    0.44170327624693678237E+00   -0.17016716265573548217E+01
    0.87487174570470482848E+01    0.57151564502624019326E+00   -0.15510374193985505542E+01
    0.87575052538538535885E+01    0.67898709803743206859E+00   -0.13970978342066657785E+01
    0.87662930506606606684E+01    0.76507426862139304991E+00   -0.12422612681755240693E+01
    0.87750808474674677484E+01    0.83092928004673727305E+00   -0.10887060482140180628E+01
    0.87838686442742748284E+01    0.87786478131241763023E+00   -0.93837154254980514878E+00
    0.87926564410810819084E+01    0.90732002286845692129E+00   -0.79295333895137265490E+00
    0.88014442378878889883E+01    0.92082829885710426598E+00   -0.65390344517785492506E+00
    0.88102320346946942919E+01    0.91998547200629698928E+00   -0.52243275518698018001E+00
    0.88190198315015013719E+01    0.90642123098206939247E+00   -0.39951787244325659421E+00
    0.88278076283083084519E+01    0.88177199147140372659E+00   -0.28591036643927331129E+00
    0.88365954251151155319E+01    0.84765632515570321637E+00   -0.18214827026363800133E+00
    0.88453832219219226118E+01    0.80565353951142482103E+00   -0.88570287308264397663E-01
    0.88541710187287296918E+01    0.75728399101067234156E+00   -0.53310088583843747920E-02
    0.88629588155355367718E+01    0.70399315070240342518E+00    0.67582217673128219815E-01
    0.88717466123423420754E+01    0.64713782810104925058E+00    0.13033155924088959954E+00
    0.88805344091491491554E+01    0.58797506003380928252E+00    0.18321062599074214305E+00
    0.88893222059559562354E+01    0.52765425704471524693E+00    0.22662603204891812458E+00
    0.88981100027627633153E+01    0.46721093025733750892E+00    0.26107907007445829706E+00
    0.89068977995695703953E+01    0.40756359203557124271E+00    0.28714797841475725448E+00
    0.89156855963763774753E+01    0.34951242998250420246E+00    0.30547060496547373543E+00
    0.89244733931831827789E+01    0.29373986032392157552E+00    0.31672803307428171182E+00
    0.89332611899899898589E+01    0.24081333840299523619E+00    0.32162940554681973548E+00
    0.89420489867967969388E+01    0.19118913472248219576E+00    0.32089752078521288636E+00
    0.89508367836036040188E+01    0.14521788548284450537E+00    0.31525620733239223537E+00
    0.89596245804104110988E+01    0.10315109806351056843E+00    0.30541872753981941235E+00
    0.89684123772172181788E+01    0.65148433795925705936E-01    0.29207762428436478963E+00
    0.89772001740240252587E+01    0.31285898283472314552E-01    0.27589631374979156631E+00
    0.89859879708308305624E+01    0.15643047162297754431E-02    0.25750159125841004526E+00
    0.89947757676376376423E+01   -0.24081918333448484870E-01    0.23747803728126157252E+00
    0.90035635644444447223E+01   -0.45775767186655338947E-01    0.21636348414805081641E+00
    0.90123513612512518023E+01   -0.63688844620150078524E-01    0.19464573178370606077E+00
    0.90211391580580588823E+01   -0.78032731424377180240E-01    0.17276074826914822324E+00
    0.90299269548648659622E+01   -0.89050585114552729959E-01    0.15109155960768513860E+00
    0.90387147516716712659E+01   -0.97009348344591253555E-01    0.12996847302776595723E+00
    0.90475025484784783458E+01   -0.10219232083071824735E+00    0.10967002172885040312E+00
    0.90562903452852854258E+01   -0.10489236102473796508E+00    0.90424623808065887620E-01
    0.90650781420920925058E+01   -0.10540584385033154036E+00    0.72413073928553464698E-01
    0.90738659388988995858E+01   -0.10402705620145283327E+00    0.55771361022663772100E-01
    0.90826537357057066657E+01   -0.10104354102968554630E+00    0.40594042301636851233E-01
    0.90914415325125137457E+01   -0.96731971767508820315E-01    0.26937901260841126683E-01
    0.91002293293193190493E+01   -0.91354719636336734201E-01    0.14825771318974946891E-01
    0.91090171261261261293E+01   -0.85157235515202434062E-01    0.42505418077013528907E-02
    0.91178049229329332093E+01   -0.78365837219115927481E-01   -0.48208261728006204447E-02
    0.91265927197397402892E+01   -0.71186308414618287843E-01   -0.12443352835017988320E-01
    0.91353805165465473692E+01   -0.63802936598560122672E-01   -0.18690147676247693964E-01
    0.91441683133533544492E+01   -0.56378039476659043416E-01   -0.23648713944598734327E-01
    0.91529561101601597528E+01   -0.49052055630469486303E-01   -0.27417489573209972292E-01
    0.91617439069669668328E+01   -0.41943881595933152351E-01   -0.30102554970585559957E-01
    0.91705317037737739128E+01   -0.35151663329205710962E-01   -0.31814726358069186918E-01
    0.91793195005805809927E+01   -0.28753824141854286006E-01   -0.32666866842348096789E-01
    0.91881072973873880727E+01   -0.22810299100961276692E-01   -0.32771521528571184723E-01
    0.91968950941941951527E+01   -0.17364002095228963513E-01   -0.32238929525944357013E-01
    0.92056828910010004563E+01   -0.12442367289602383057E-01   -0.31175238418181764471E-01
    0.92144706878078075363E+01   -0.80589947451572847142E-02   -0.29681136523383912923E-01
    0.92232584846146146162E+01   -0.42153425038097894206E-02   -0.27850711065367583091E-01
    0.92320462814214216962E+01   -0.90240269211262194495E-03   -0.25770582856603978933E-01
    0.92408340782282287762E+01    0.18976451197772973428E-02   -0.23519356855618286234E-01
    0.92496218750350358562E+01    0.42098225627924370021E-02   -0.21167221327010765641E-01
    0.92584096718418411598E+01    0.60648558363050599981E-02   -0.18775832067234599076E-01
    0.92671974686486482398E+01    0.74977464826858465988E-02   -0.16398345538235166441E-01
    0.92759852654554553197E+01    0.85464672281537184401E-02   -0.14079604475534383476E-01
    0.92847730622622623997E+01    0.92508020830018057590E-02   -0.11856494405094775840E-01
    0.92935608590690694797E+01    0.96512724817008916506E-02   -0.97583674153370429660E-02
    0.93023486558758765597E+01    0.97882472940872111006E-02   -0.78075804228665921652E-02
    0.93111364526826818633E+01    0.97011525036737079886E-02   -0.60200896415423827551E-02
    0.93199242494894889433E+01    0.94278152606966109800E-02   -0.44060793941545451854E-02
    0.93287120462962960232E+01    0.90039596175208614498E-02   -0.29706274335810915928E-02
    0.93374998431031031032E+01    0.84627785264054615488E-02   -0.17143723350914407376E-02
    0.93462876399099101832E+01    0.78346561897681653297E-02   -0.63416901765752124384E-03
    0.93550754367167172632E+01    0.71469689327057061429E-02    0.27626546590383925647E-03
    0.93638632335235243431E+01    0.64239752720481836309E-02    0.10257425894330820474E-02
    0.93726510303303296467E+01    0.56868049269035783611E-02    0.16250350675319517532E-02
    0.93814388271371367267E+01    0.49534908709157662171E-02    0.20863398953064001863E-02
    0.93902266239439438067E+01    0.42390794372140537874E-02    0.24228097275821149428E-02
    0.93990144207507508867E+01    0.35557794260813613968E-02    0.26481216805509764922E-02
    0.94078022175575579666E+01    0.29131452145134237482E-02    0.27761028592317156354E-02
    0.94165900143643650466E+01    0.23182966170247412685E-02    0.28204191765708766342E-02
    0.94253778111711703502E+01    0.17761497435041721620E-02    0.27942983493597270926E-02
    0.94341656079779774302E+01    0.12896623135787035983E-02    0.27103218976366398422E-02
    0.94429534047847845102E+01    0.86008477740358898599E-03    0.25802531617402130366E-02
    0.94517412015915915902E+01    0.48720661399949952890E-03    0.24149099093278688852E-02
    0.94605289983983986701E+01    0.16959665878723713113E-03    0.22240858066570521299E-02
    0.94693167952052057501E+01   -0.95164620500199967172E-04    0.20164947012016373046E-02
    0.94781045920120128301E+01   -0.31027316352132307134E-03    0.17997576641723598244E-02
    0.94868923888188181337E+01   -0.47950083714278781636E-03    0.15804114859508623311E-02
    0.94956801856256252137E+01   -0.60701566988957884104E-03    0.13639389471675731919E-02
    0.95044679824324322936E+01   -0.69722496278576927276E-03    0.11548224820356559756E-02
    0.95132557792392393736E+01   -0.75463191052573398536E-03    0.95660661256509850817E-03
    0.95220435760460464536E+01   -0.78372019910689168405E-03    0.77197466969757943395E-03
    0.95308313728528535336E+01   -0.78885322554141448781E-03    0.60283209981544679228E-03
    0.95396191696596588372E+01   -0.77419299012585960067E-03    0.45039279581910905085E-03
    0.95484069664664659172E+01   -0.74364027339008178814E-03    0.31526840095322868508E-03
    0.95571947632732729971E+01   -0.70078537561898306737E-03    0.19755671229882372834E-03
    0.95659825600800800771E+01   -0.64887909441521446265E-03    0.96926231359004857264E-04
    0.95747703568868871571E+01   -0.59081385368379459033E-03    0.12698248464931327412E-04
    0.95835581536936942371E+01   -0.52911620018430906461E-03   -0.56077438658598836776E-04
    0.95923459505005013170E+01   -0.46595137915842875943E-03   -0.11055379055617911045E-03
    0.96011337473073066207E+01   -0.40313295077884308236E-03   -0.15202249856521550878E-03
    0.96099215441141137006E+01   -0.34214118401972465908E-03   -0.18186002334888437342E-03
    0.96187093409209207806E+01   -0.28414560529423137439E-03   -0.20147892435207009031E-03
    0.96274971377277278606E+01   -0.23003076784317889620E-03   -0.21228698072361644618E-03
    0.96362849345345349406E+01   -0.18042532821536936042E-03   -0.21565463441097386041E-03
    0.96450727313413420205E+01   -0.13573177783515470349E-03   -0.21288682062591096872E-03
    0.96538605281481491005E+01   -0.96156570549056627549E-04   -0.20520334859343292155E-03
    0.96626483249549544041E+01   -0.61740222703591369179E-04   -0.19372356514401611340E-03
    0.96714361217617614841E+01   -0.32385914078586825111E-04   -0.17945619946480742091E-03
    0.96802239185685685641E+01   -0.78864347998554576653E-05   -0.16329464400237161145E-03
    0.96890117153753756440E+01    0.12050290304084731286E-04   -0.14601467127777083862E-03
    0.96977995121821827240E+01    0.27778871952981525707E-04   -0.12827653284499190107E-03
    0.97065873089889898040E+01    0.39695829874028713629E-04   -0.11062914758277613307E-03
    0.97153751057957951076E+01    0.48221762116967039615E-04   -0.93516243848577320589E-04
    0.97241629026026021876E+01    0.53786463358935913178E-04   -0.77284502919689929720E-04
    0.97329506994094092676E+01    0.56815703077726576104E-04   -0.62192326355542772772E-04
    0.97417384962162163475E+01    0.57721287124686526378E-04   -0.48419472058384249280E-04
    0.97505262930230234275E+01    0.56892762004596679633E-04   -0.36077028768466064300E-04
    0.97593140898298305075E+01    0.54691246242002220673E-04   -0.25217228870904876461E-04
    0.97681018866366375875E+01    0.51445463593480796440E-04   -0.15843063393075108598E-04
    0.97768896834434428911E+01    0.47448820069219864654E-04   -0.79175392307590560913E-05
    0.97856774802502499710E+01    0.42958394896600917703E-04   -0.13720570413006952985E-05
    0.97944652770570570510E+01    0.38194844754759565920E-04    0.38856952066349262560E-05
    0.98032530738638641310E+01    0.33343260096625087271E-04    0.79647684727404850362E-05
    0.98120408706706712110E+01    0.28554987126350422059E-04    0.10984937686762761823E-04
    0.98208286674774782909E+01    0.23949804537384129078E-04    0.13071269981521563879E-04
    0.98296164642842835946E+01    0.19618662421739251224E-04    0.14349864024140465563E-04
    0.98384042610910906745E+01    0.15626662277368707604E-04    0.14944175537292878251E-04
    0.98471920578978977545E+01    0.12016129622734724125E-04    0.14972154130676249752E-04
    0.98559798547047048345E+01    0.88097699727951697988E-05    0.14544208435036650920E-04
    0.98647676515115119145E+01    0.60137676737865385616E-05    0.13761584901160675221E-04
    0.98735554483183189944E+01    0.36207024631548410674E-05    0.12715515216500865604E-04
    0.98823432451251260744E+01    0.16123571716079782016E-05    0.11486729783485383552E-04
    0.98911310419319313780E+01   -0.37732936839961251726E-07    0.10145383331471556033E-04
    0.98999188387387384580E+01   -0.13620041541549668754E-05    0.87513431179658394721E-05
    0.99087066355455455380E+01   -0.23969487479643073991E-05    0.73532958291391628333E-05
    0.99174944323523526180E+01   -0.31820330029408768426E-05    0.59846517629637352315E-05
    0.99262822291591596979E+01   -0.37586296271275279085E-05    0.46599797765291090535E-05
    0.99350700259659667779E+01   -0.41666475719475824625E-05    0.33845275040674646766E-05
    0.99438578227727720815E+01   -0.44389558256339968899E-05    0.21766741691916353321E-05
    0.99526456195795791615E+01   -0.45992169279236157792E-05    0.10821141541964827128E-05
    0.99614334163863862415E+01   -0.46693148605611504678E-05    0.16198092066646929344E-06
    0.99702212131931933214E+01   -0.46792631844198654398E-05   -0.52524891054328389987E-06
    0.99790090100000004014E+01   -0.46677082007697364273E-05   -0.91259890644414639249E-06
